anger,disgust,fear,joy,neutral,sadness,surprise
0.11934563517570496,0.7673987150192261,0.09093579649925232,0.0015747430734336376,0.012385688722133636,0.005350425839424133,0.0030089463107287884
0.03172525390982628,0.05146022140979767,0.003599397838115692,0.007079449947923422,0.8840802907943726,0.010767528787255287,0.011287878267467022
0.0218716561794281,0.005848315078765154,0.005367749836295843,0.00835828110575676,0.9423588514328003,0.004903770517557859,0.011291473172605038
0.047470513731241226,0.05073803290724754,0.007441279944032431,0.005717445630580187,0.8557717204093933,0.021882014349102974,0.01097895111888647
0.18940329551696777,0.03138457611203194,0.017948035150766373,0.023364482447504997,0.6920078992843628,0.013597637414932251,0.03229418396949768
0.306761234998703,0.1954832673072815,0.010077247396111488,0.0028308937326073647,0.23062537610530853,0.24748878180980682,0.006733221001923084
0.016923416405916214,0.01134653389453888,0.0066760811023414135,0.01606064848601818,0.8989725708961487,0.013308568857610226,0.03671213611960411
0.009662726894021034,0.006437524687498808,0.0021998349111527205,0.08388818055391312,0.8198679685592651,0.007327914237976074,0.07061581313610077
0.010382287204265594,0.02808719500899315,0.005959255620837212,0.007170884869992733,0.7640591859817505,0.07190752774477005,0.11243370920419693
0.013022360391914845,0.017982857301831245,0.012594434432685375,0.007403003517538309,0.8086423277854919,0.006028563249856234,0.1343265175819397
0.47767573595046997,0.397899329662323,0.033742066472768784,0.002652603667229414,0.053323667496442795,0.03182881325483322,0.002877813531085849
0.0441615916788578,0.08052536845207214,0.027280209586024284,0.02040708251297474,0.7021484971046448,0.0978790819644928,0.027598179876804352
0.05053511634469032,0.5756884813308716,0.011701623909175396,0.008374827913939953,0.32991915941238403,0.0076621584594249725,0.01611863076686859
0.412369042634964,0.35519856214523315,0.036459699273109436,0.002689931308850646,0.17456895112991333,0.012976719066500664,0.0057371631264686584
0.24331702291965485,0.1263050138950348,0.08488483726978302,0.00267032184638083,0.2571237087249756,0.2767964005470276,0.008902698755264282
0.015081397257745266,0.01062964741140604,0.008116169832646847,0.09587369114160538,0.8539509773254395,0.0037676338106393814,0.012580441311001778
0.1870584636926651,0.12012061476707458,0.0293448306620121,0.03650835528969765,0.5366721749305725,0.025121312588453293,0.06517422944307327
0.008824785239994526,0.0037144192028790712,0.00171465624589473,0.4241480231285095,0.4662901759147644,0.01878129132091999,0.0765267014503479
0.04233147203922272,0.058082643896341324,0.003141320077702403,0.0057894703932106495,0.22871476411819458,0.642974317073822,0.01896604709327221
