anger,disgust,fear,joy,neutral,sadness,surprise
0.10880378633737564,0.6118852496147156,0.010648106224834919,0.006716944742947817,0.19773884117603302,0.04964958503842354,0.014557410031557083
0.13218079507350922,0.13864193856716156,0.21537303924560547,0.006194193381816149,0.48736074566841125,0.009832005016505718,0.01041734404861927
0.2849713861942291,0.6617895364761353,0.0255048256367445,0.0005874953931197524,0.0094126733019948,0.008315548300743103,0.00941847451031208
0.058004144579172134,0.16248294711112976,0.004556983709335327,0.029152514412999153,0.13619953393936157,0.6006969809532166,0.008906935341656208
0.006377588026225567,0.014563430100679398,0.004590599797666073,0.009417915716767311,0.21588191390037537,0.7212474346160889,0.02792108803987503
0.05782623216509819,0.14275425672531128,0.02050843834877014,0.0036237367894500494,0.674772322177887,0.0948726013302803,0.005642391741275787
0.006900812033563852,0.028508847579360008,0.5658641457557678,0.00458859046921134,0.18274281919002533,0.20776277780532837,0.003631977364420891
0.19169388711452484,0.0760393738746643,0.07643520087003708,0.0028474729042500257,0.2922004759311676,0.2912958562374115,0.06948774307966232
0.04320381581783295,0.23082835972309113,0.002459869487211108,0.01934942416846752,0.6893916130065918,0.0038006575778126717,0.010966278612613678
0.4040294885635376,0.38213658332824707,0.008081669919192791,0.003556178417056799,0.1365102380514145,0.058603424578905106,0.007082303985953331
