anger,disgust,fear,joy,neutral,sadness,surprise
0.0033240981865674257,0.02987620048224926,0.010730289854109287,0.06579640507698059,0.2633054852485657,0.6182647943496704,0.008702796883881092
0.030272910371422768,0.8947110772132874,0.022866465151309967,0.00198897672817111,0.031711358577013016,0.01651703007519245,0.0019321140134707093
0.007454614154994488,0.0013888851972296834,0.9815436601638794,0.0006023427122272551,0.0010137461358681321,0.0055795456282794476,0.0024170440156012774
0.19288451969623566,0.7445142865180969,0.0037482003681361675,0.0030304635874927044,0.04072246700525284,0.011734677478671074,0.0033652926795184612
0.35128253698349,0.5713297128677368,0.005462790839374065,0.000947985565289855,0.0369606539607048,0.03095737285912037,0.003058935981243849
0.012095926329493523,0.977860689163208,0.0009171828860417008,0.0004662005230784416,0.006302746944129467,0.0014586533652618527,0.0008987926412373781
0.035137273371219635,0.056917253881692886,0.0017629964277148247,0.005291358567774296,0.8837668299674988,0.010945097543299198,0.006179045885801315
0.008769134059548378,0.8843063712120056,0.02474384568631649,0.0007502165390178561,0.02082996629178524,0.057200707495212555,0.0033997525461018085
0.006990611553192139,0.0043069589883089066,0.00457388861104846,0.0021675871685147285,0.007167583331465721,0.0013438898604363203,0.9734494090080261
0.15256667137145996,0.6847673654556274,0.050242092460393906,0.0008267897646874189,0.06140609458088875,0.04745529964566231,0.002735684858635068
0.3395378589630127,0.2609930634498596,0.022385263815522194,0.008806956931948662,0.26300984621047974,0.08780164271593094,0.017465343698859215
0.01608281582593918,0.03297023847699165,0.05468404293060303,0.011664735153317451,0.4986892342567444,0.3801345229148865,0.005774456541985273
0.1845710128545761,0.5393211841583252,0.00605829106643796,0.002393539296463132,0.19750843942165375,0.05018481984734535,0.01996268890798092
0.010765548795461655,0.015511352568864822,0.017261706292629242,0.003938490059226751,0.933506190776825,0.014966890215873718,0.004049883224070072
0.12445526570081711,0.1835443526506424,0.007832306437194347,0.0051725455559790134,0.6477149128913879,0.028912898153066635,0.002367777517065406
0.07539388537406921,0.8946643471717834,0.0074280984699726105,0.000494122039526701,0.010921090841293335,0.005675863474607468,0.005422660149633884
0.024867873638868332,0.8994522094726562,0.0256044939160347,0.0006602281355299056,0.03136385232210159,0.013800879940390587,0.004250271245837212
0.013444649055600166,0.02784697897732258,0.012124037370085716,0.07465849816799164,0.8318778276443481,0.038080066442489624,0.0019679900724440813
0.5329422950744629,0.12767130136489868,0.004848830867558718,0.0029821910429745913,0.09895283728837967,0.22723057866096497,0.005371895153075457
0.035292547196149826,0.237775519490242,0.005469325464218855,0.10561475157737732,0.5455677509307861,0.044742535799741745,0.025537528097629547
0.30259788036346436,0.39326682686805725,0.009153083898127079,0.006963455583900213,0.25462180376052856,0.028077811002731323,0.0053191292099654675
0.022461149841547012,0.17286105453968048,0.01777609996497631,0.0030056945979595184,0.7625122666358948,0.009667468257248402,0.011716270819306374
0.12095312029123306,0.1876872330904007,0.012296309694647789,0.008253160864114761,0.43697571754455566,0.1684531569480896,0.0653812512755394
0.2207813858985901,0.3701717257499695,0.0066740200854837894,0.009070846252143383,0.37004464864730835,0.019371328875422478,0.0038859739433974028
0.024936499074101448,0.014746995642781258,0.004195858258754015,0.6239326596260071,0.30002981424331665,0.004045096691697836,0.02811310440301895
0.050659794360399246,0.32640716433525085,0.017461780458688736,0.14232011139392853,0.19811756908893585,0.020836496725678444,0.24419714510440826
0.006597126368433237,0.9844390749931335,0.0013735652901232243,0.0003986972151324153,0.0047226217575371265,0.001786289969459176,0.0006829396006651223
0.06606639176607132,0.09830495715141296,0.006405936088413,0.010451067239046097,0.19677826762199402,0.5955038070678711,0.026489567011594772
0.01182936318218708,0.23055747151374817,0.552267849445343,0.009369125589728355,0.17602795362472534,0.015296267345547676,0.004651970230042934
0.04306608438491821,0.11713965982198715,0.007925591431558132,0.006295779254287481,0.08964353054761887,0.7337646484375,0.0021646651439368725
0.0375174954533577,0.23421341180801392,0.03984588012099266,0.0038195226807147264,0.1992989331483841,0.4817401170730591,0.0035646487958729267
0.009444206021726131,0.026976652443408966,0.005821370054036379,0.6429054737091064,0.29109105467796326,0.017654158174991608,0.006107103079557419
