anger,disgust,fear,joy,neutral,sadness,surprise
0.1402490735054016,0.43163013458251953,0.005914727691560984,0.00466480478644371,0.3812190294265747,0.032090503722429276,0.00423165550455451
0.5453236103057861,0.38735368847846985,0.006288285832852125,0.0013936086324974895,0.04971515014767647,0.008015576750040054,0.0019100551726296544
0.010832749307155609,0.009242698550224304,0.042049020528793335,0.6085953712463379,0.2669142186641693,0.038208141922950745,0.02415774017572403
0.005810965783894062,0.9878830313682556,0.0013570054434239864,0.00032215125975199044,0.0029666705522686243,0.0011463380651548505,0.0005138383712619543
0.00533292954787612,0.010086226277053356,0.002354508498683572,0.9173083901405334,0.025890512391924858,0.003900424810126424,0.035126879811286926
0.0817815363407135,0.01623247005045414,0.006556259468197823,0.012323387898504734,0.8170773386955261,0.025250278413295746,0.04077862575650215
0.03747788816690445,0.16480565071105957,0.010899646207690239,0.004649322479963303,0.7515629529953003,0.027415690943598747,0.0031887702643871307
0.03041670098900795,0.24631735682487488,0.008469143882393837,0.10794484615325928,0.5723322033882141,0.01915009506046772,0.015369713306427002
0.38801488280296326,0.5651513338088989,0.003243976505473256,0.0008446397841908038,0.02751675806939602,0.014020198956131935,0.0012082718312740326
0.007701747585088015,0.0739610344171524,0.002325464505702257,0.05205512419342995,0.8475013971328735,0.007263523060828447,0.009191595949232578
0.05893300101161003,0.19627873599529266,0.0017408219864591956,0.12375587970018387,0.6073442101478577,0.007549989968538284,0.004397336393594742
0.04762811213731766,0.19829174876213074,0.21946221590042114,0.0041256253607571125,0.32105106115341187,0.1814156323671341,0.02802562154829502
0.23290103673934937,0.5032670497894287,0.005056305322796106,0.0028073808643966913,0.07657968997955322,0.17612123489379883,0.0032673743553459644
0.0024177669547498226,0.002438603201881051,0.010082097724080086,0.003621697658672929,0.010456498712301254,0.0018221756909042597,0.9691610932350159
0.10338152199983597,0.5711292624473572,0.03629368171095848,0.0016061995411291718,0.2247338443994522,0.010499772615730762,0.05235580727458
0.00749994209036231,0.015366547740995884,0.36920833587646484,0.0028172889724373817,0.047271016985177994,0.5437421798706055,0.014094679616391659
0.05748927220702171,0.45498842000961304,0.08189263194799423,0.002055030083283782,0.15998223423957825,0.19937193393707275,0.04422041028738022
0.005500483326613903,0.027072301134467125,0.024538807570934296,0.0023267222568392754,0.041669588536024094,0.8964297771453857,0.002462291857227683
0.017493363469839096,0.8197745680809021,0.004295505583286285,0.0177608635276556,0.10036197304725647,0.03665497153997421,0.0036587659269571304
0.954145610332489,0.017280112951993942,0.0033580558374524117,0.000542367051821202,0.020139161497354507,0.0017610492650419474,0.002773749642074108
0.0039171623066067696,0.004307781346142292,0.008581054396927357,0.6706721186637878,0.2892361581325531,0.006280872039496899,0.017004866153001785
0.06146266311407089,0.07690086215734482,0.01630384661257267,0.004247722681611776,0.758558988571167,0.008893386460840702,0.07363255321979523
0.01160443015396595,0.005287647247314453,0.0013741139555349946,0.2101839780807495,0.6939724683761597,0.009778818115592003,0.06779861450195312
0.031982507556676865,0.08004684001207352,0.00227757659740746,0.06901354342699051,0.8061239719390869,0.004642182029783726,0.005913385655730963
0.006721793208271265,0.015430429950356483,0.0030426173470914364,0.07935931533575058,0.880998969078064,0.007409788202494383,0.0070371138863265514
