anger,disgust,fear,joy,neutral,sadness,surprise
0.030836625024676323,0.01604653336107731,0.5499544739723206,0.2465391308069229,0.04639266058802605,0.05009317398071289,0.060137391090393066
0.17687149345874786,0.5090468525886536,0.01133201364427805,0.0015347881708294153,0.10445535182952881,0.19417747855186462,0.002581951441243291
0.0034857522696256638,0.0032937820069491863,0.004446446895599365,0.5013985633850098,0.3582397997379303,0.0995611622929573,0.029574520885944366
0.010336224921047688,0.011520634405314922,0.3684878945350647,0.014136248268187046,0.020620213821530342,0.5732588768005371,0.0016398924635723233
0.20538507401943207,0.2455420345067978,0.10079386830329895,0.0024882135912775993,0.03139674663543701,0.40891358256340027,0.005480516701936722
0.0031141869258135557,0.024395190179347992,0.059035900980234146,0.0031750428024679422,0.10086806118488312,0.7954574823379517,0.0139541644603014
0.00196004007011652,0.02313878946006298,0.03234091401100159,0.008372589014470577,0.14725086092948914,0.7679483890533447,0.018988508731126785
0.03825049474835396,0.36162951588630676,0.5119041204452515,0.007645690813660622,0.0414452962577343,0.03331762179732323,0.005807281006127596
0.014828133396804333,0.11207913607358932,0.4316276013851166,0.008371524512767792,0.24421821534633636,0.17122699320316315,0.01764846034348011
