anger,disgust,fear,joy,neutral,sadness,surprise
0.010238148272037506,0.004132721573114395,0.03103131800889969,0.3825092911720276,0.38746726512908936,0.04035095497965813,0.14427025616168976
0.008878977037966251,0.0702536478638649,0.11067498475313187,0.006499056238681078,0.3919050991535187,0.40228182077407837,0.009506416507065296
0.008085512556135654,0.006577955558896065,0.0103403739631176,0.0014417145866900682,0.025530077517032623,0.052436452358961105,0.8955878615379333
0.5711554884910583,0.32755976915359497,0.030462320894002914,0.00328658614307642,0.053889185190200806,0.009141506627202034,0.00450510997325182
0.0410148948431015,0.049427278339862823,0.01773116923868656,0.006320698652416468,0.856570839881897,0.007165754213929176,0.021769389510154724
0.009948433376848698,0.0190045777708292,0.005143820308148861,0.38933202624320984,0.4960719347000122,0.011224080808460712,0.06927517056465149
0.02652934566140175,0.06754244863986969,0.06987560540437698,0.01589891128242016,0.6337720155715942,0.1698618084192276,0.01651989296078682
0.05589982122182846,0.048066407442092896,0.28438591957092285,0.003744503017514944,0.5739578604698181,0.010080110281705856,0.023865286260843277
0.24764084815979004,0.3668484687805176,0.011653921566903591,0.001678944332525134,0.3266414701938629,0.029163017868995667,0.016373280435800552
0.031511008739471436,0.0732993558049202,0.0044255806133151054,0.03400380164384842,0.49803435802459717,0.3447541892528534,0.013971756212413311
0.9489373564720154,0.01840989477932453,0.0026494415942579508,0.0012646927498281002,0.016853103414177895,0.00753993121907115,0.004345539957284927
0.013670132495462894,0.0079328129068017,0.0029459530487656593,0.08862414211034775,0.8125803470611572,0.003779604099690914,0.07046706974506378
0.33062660694122314,0.4891657829284668,0.005267115775495768,0.0011534644290804863,0.09760776907205582,0.07078894972801208,0.005390184000134468
0.02850903570652008,0.035350386053323746,0.003596871392801404,0.0038315732963383198,0.09030284732580185,0.8279017210006714,0.01050762552767992
0.021407373249530792,0.09516248106956482,0.07528141885995865,0.005606379359960556,0.27798303961753845,0.5121933817863464,0.012365929782390594
0.015517953783273697,0.6393158435821533,0.042056381702423096,0.03854633867740631,0.11109849810600281,0.10818441212177277,0.0452805832028389
0.7396392822265625,0.04364888742566109,0.008933791890740395,0.002864474430680275,0.10499075800180435,0.09150147438049316,0.008421419188380241
0.016884423792362213,0.008770056068897247,0.055876780301332474,0.01277490146458149,0.7155212759971619,0.011219176463782787,0.1789533942937851
0.014940815977752209,0.00421858998015523,0.8646628856658936,0.0029600951820611954,0.07473020255565643,0.014539506286382675,0.023947879672050476
0.015591824427247047,0.0018126140348613262,0.013764001429080963,0.0026071465108543634,0.00962988380342722,0.0022002144251018763,0.9543943405151367
0.012198577634990215,0.005357097834348679,0.004595284350216389,0.07596109062433243,0.8485822677612305,0.014278771355748177,0.039026860147714615
0.07999014854431152,0.013526391237974167,0.02373817376792431,0.04367104172706604,0.7989309430122375,0.028057020157575607,0.012086239643394947
0.026625141501426697,0.017060765996575356,0.002726358361542225,0.08333955705165863,0.3778687119483948,0.47219449281692505,0.020184999331831932
0.025273947045207024,0.07507386058568954,0.01887308619916439,0.008066526614129543,0.8399988412857056,0.020571229979395866,0.012142450548708439
