anger,disgust,fear,joy,neutral,sadness,surprise
0.11561546474695206,0.7794808149337769,0.03408203646540642,0.0028247565496712923,0.028199421241879463,0.03827483579516411,0.0015226666582748294
0.09197547286748886,0.055177491158246994,0.003770305309444666,0.014909676276147366,0.8230966329574585,0.007435408886522055,0.003635080298408866
0.012078335508704185,0.0046227616257965565,0.0014958278043195605,0.05890827253460884,0.8717743158340454,0.0035196724347770214,0.047600820660591125
0.0835004523396492,0.2176641970872879,0.008640941232442856,0.03814787417650223,0.5991424918174744,0.048916712403297424,0.0039873369969427586
0.9429096579551697,0.019625646993517876,0.0028452989645302296,0.000709754356648773,0.026596873998641968,0.005803513340651989,0.0015093826223164797
0.06281400471925735,0.02436683513224125,0.002152813831344247,0.005457795225083828,0.05441965162754059,0.8369565606117249,0.01383228786289692
0.6440388560295105,0.1251070201396942,0.03245723992586136,0.001966154435649514,0.17958703637123108,0.012229761108756065,0.004613928962498903
0.8140154480934143,0.09477554261684418,0.0109745804220438,0.0017568407347425818,0.023642338812351227,0.048418257385492325,0.006417024880647659
0.4596821367740631,0.3354625403881073,0.004485131707042456,0.0012252164306119084,0.18032455444335938,0.013905240222811699,0.004915169905871153
0.08588147908449173,0.06670332700014114,0.007277251221239567,0.001554928719997406,0.04436562582850456,0.7916630506515503,0.002554406877607107
0.8069721460342407,0.0718521699309349,0.028901413083076477,0.0010203939164057374,0.07388953119516373,0.01207877416163683,0.005285536404699087
0.0061701578088104725,0.011898163706064224,0.0008375004981644452,0.6111874580383301,0.3336895704269409,0.007657203357666731,0.028559934347867966
0.4838729500770569,0.07201109826564789,0.10026199370622635,0.004186017904430628,0.29758620262145996,0.022854255512356758,0.019227515906095505
0.6835700273513794,0.06207013502717018,0.0037489994429051876,0.061641816049814224,0.17136071622371674,0.01515971589833498,0.002448545303195715
