anger,disgust,fear,joy,neutral,sadness,surprise
0.03430936112999916,0.5013303756713867,0.056036386638879776,0.010524557903409004,0.25394198298454285,0.1302437037229538,0.013613615185022354
0.009800557047128677,0.00846713874489069,0.012630518525838852,0.035050153732299805,0.8489285707473755,0.037417568266391754,0.047705426812171936
0.0064399512484669685,0.05084594339132309,0.004522318486124277,0.00291885226033628,0.8833779096603394,0.0046604471281170845,0.04723457247018814
0.02031249925494194,0.06261222064495087,0.007162515539675951,0.013433625921607018,0.7830214500427246,0.10456068068742752,0.008896994404494762
0.06569686532020569,0.13790713250637054,0.039897799491882324,0.0029798136092722416,0.5058374404907227,0.2290181964635849,0.018662750720977783
0.004436381161212921,0.006186706945300102,0.9721961617469788,0.0010982189560309052,0.011141330935060978,0.002710581524297595,0.002230800688266754
0.9509723782539368,0.009619471617043018,0.002647227142006159,0.0009437949047423899,0.02959822304546833,0.0037144559901207685,0.0025046025402843952
0.028627727180719376,0.1831301599740982,0.338405966758728,0.0036129476502537727,0.3516879379749298,0.0881589874625206,0.006376319099217653
0.0076697878539562225,0.05219398811459541,0.002583466935902834,0.11232275515794754,0.7755640149116516,0.009707131423056126,0.03995894268155098
0.351209431886673,0.05497908219695091,0.05869561806321144,0.002793732099235058,0.2688431739807129,0.25324076414108276,0.010238153859972954
0.006422748323529959,0.04018333554267883,0.6649678349494934,0.00912830512970686,0.2538154721260071,0.007624656427651644,0.017857717350125313
0.11004257947206497,0.22047357261180878,0.00757362088188529,0.0031449003145098686,0.5955970287322998,0.059834226965904236,0.0033340922091156244
0.15183380246162415,0.08406056463718414,0.020466724410653114,0.0010671206982806325,0.05397642403841019,0.6858484148979187,0.00274693313986063
0.025602290406823158,0.0758126899600029,0.0015367603627964854,0.1933755874633789,0.6828649640083313,0.01824122853577137,0.0025664642453193665
0.1750412881374359,0.37902453541755676,0.012133168056607246,0.0037663576658815145,0.40673139691352844,0.021638598293066025,0.0016646978911012411
0.015532322227954865,0.04732007905840874,0.001437425147742033,0.32277899980545044,0.5843108892440796,0.012863500975072384,0.015756746754050255
0.03724544495344162,0.007341865450143814,0.0028678621165454388,0.05864453688263893,0.8592332005500793,0.019927743822336197,0.014739221893250942
0.1500161588191986,0.5187411308288574,0.007510368712246418,0.004968060180544853,0.23911207914352417,0.0731782466173172,0.006474031135439873
0.005573269911110401,0.0027808367740362883,0.0011293963762000203,0.0021056735422462225,0.0122291324660182,0.0011445312993600965,0.9750370979309082
0.060547132045030594,0.14567577838897705,0.010571160353720188,0.204643115401268,0.5205838680267334,0.055154602974653244,0.0028242715634405613
0.05132835730910301,0.6309607028961182,0.004660558421164751,0.06516420096158981,0.18327949941158295,0.06168350204825401,0.0029231037478893995
0.039920832961797714,0.5989871621131897,0.0072977798990905285,0.07009673118591309,0.24815712869167328,0.0292400773614645,0.006300332024693489
0.6207181811332703,0.0457286611199379,0.23690487444400787,0.0036928828340023756,0.06777525693178177,0.019107744097709656,0.006072336342185736
0.014734736643731594,0.03644741699099541,0.4052372872829437,0.003149031661450863,0.05990166962146759,0.47343310713768005,0.00709673622623086
0.9379213452339172,0.024172373116016388,0.0024391489569097757,0.0006754362257197499,0.027435993775725365,0.005895194131880999,0.0014604339376091957
0.9587114453315735,0.015293157659471035,0.006212429143488407,0.0006363273714669049,0.01323267724364996,0.0028937766328454018,0.003020242555066943
0.6384298205375671,0.161681666970253,0.03551124781370163,0.0017155954847112298,0.12404821813106537,0.03260360285639763,0.0060097998939454556
0.01019304059445858,0.00598343089222908,0.03475021943449974,0.012539207004010677,0.8543335199356079,0.013919172808527946,0.06828136742115021
0.046896908432245255,0.06269879639148712,0.008804346434772015,0.0010266114259138703,0.010767890140414238,0.8662452101707458,0.0035602913703769445
0.11953689903020859,0.12434519827365875,0.04481828585267067,0.0019558966159820557,0.6038748025894165,0.019648808985948563,0.08582009375095367
0.013096067123115063,0.03682280704379082,0.003753775730729103,0.2310187965631485,0.5383495688438416,0.07892678678035736,0.09803222864866257
0.021942932158708572,0.17235885560512543,0.1302192360162735,0.005349569953978062,0.29309701919555664,0.36021068692207336,0.01682170294225216
0.005476802587509155,0.008734862320125103,0.005879479460418224,0.01571221649646759,0.9491333961486816,0.0043736351653933525,0.010689649730920792
0.05550902709364891,0.15839573740959167,0.09785226732492447,0.0054525756277143955,0.364228218793869,0.3122401535511017,0.0063219922594726086
