anger,disgust,fear,joy,neutral,sadness,surprise
0.05054442957043648,0.09700485318899155,0.13477690517902374,0.1218036636710167,0.5328839421272278,0.014339915476739407,0.0486462265253067
0.009092488326132298,0.0035991009790450335,0.079433374106884,0.003523092018440366,0.021110156551003456,0.8553006052970886,0.02794111892580986
0.007921360433101654,0.018116073682904243,0.12420418113470078,0.06215805560350418,0.7024660110473633,0.022253388538956642,0.06288096308708191
0.8613569736480713,0.10678170621395111,0.005335809197276831,0.0006585961673408747,0.019781863316893578,0.004140220582485199,0.0019447767408564687
0.012822252698242664,0.00819480698555708,0.5201617479324341,0.029637595638632774,0.26656481623649597,0.13124233484268188,0.031376469880342484
0.003621748648583889,0.013128881342709064,0.0015211115824058652,0.7675809264183044,0.1407661736011505,0.06251086294651031,0.010870366357266903
0.006544703617691994,0.08027348667383194,0.017243696376681328,0.03290155529975891,0.8251742124557495,0.019982952624559402,0.017879314720630646
0.009681273251771927,0.03683057799935341,0.005703718401491642,0.7289378046989441,0.17730329930782318,0.019454317167401314,0.02208911068737507
0.0012688137358054519,0.0013754478422924876,0.9888894557952881,0.0008621788583695889,0.0038875292520970106,0.002609848976135254,0.001106744515709579
0.12038049101829529,0.7612242102622986,0.00455089658498764,0.002148267813026905,0.08409886062145233,0.02207176759839058,0.00552559457719326
0.024094169959425926,0.11946604400873184,0.028179766610264778,0.0017092926427721977,0.03636537492275238,0.7822068333625793,0.007978543639183044
0.0041191126219928265,0.03356075659394264,0.012328356504440308,0.0027107864152640104,0.40657106041908264,0.017329823225736618,0.5233801007270813
0.954511284828186,0.014157239347696304,0.0032163781579583883,0.0006869570934213698,0.020448248833417892,0.004135642200708389,0.002844188129529357
0.015361997298896313,0.012612138874828815,0.0008268699748441577,0.8608655333518982,0.09688333421945572,0.00209864997304976,0.011351499706506729
0.01881224475800991,0.027321510016918182,0.060925308614969254,0.015713252127170563,0.7357069849967957,0.007620356976985931,0.13390032947063446
0.0574362613260746,0.009026273153722286,0.9124749898910522,0.0006571242120116949,0.006551022175699472,0.00905340351164341,0.004801057744771242
0.18123814463615417,0.28730306029319763,0.014743173494935036,0.0021561169996857643,0.15389396250247955,0.3569052219390869,0.0037603257223963737
0.1905583143234253,0.08331149071455002,0.4533645212650299,0.0021457187831401825,0.11534485220909119,0.14767108857631683,0.007604012731462717
0.06904124468564987,0.02322407253086567,0.7121739387512207,0.0065013025887310505,0.14140258729457855,0.012049397453665733,0.03560745716094971
0.13060659170150757,0.013556040823459625,0.0370810329914093,0.0030548188369721174,0.09859296679496765,0.6443523168563843,0.07275619357824326
0.021307213231921196,0.009114768356084824,0.040587373077869415,0.0012923618778586388,0.03308373689651489,0.8806485533714294,0.013965990394353867
0.13905543088912964,0.2102653831243515,0.5642547607421875,0.0014424414839595556,0.031242871657013893,0.03964576870203018,0.014093277975916862
0.1983453333377838,0.24412323534488678,0.30822405219078064,0.0021190978586673737,0.12808312475681305,0.09674810618162155,0.022357072681188583
0.20827904343605042,0.4455548822879791,0.042120128870010376,0.002359919250011444,0.1554451286792755,0.13303327560424805,0.013207555748522282
0.0028114409651607275,0.012687496840953827,0.0025608143769204617,0.4645542502403259,0.49394285678863525,0.013604138977825642,0.0098390718922019
