anger,disgust,fear,joy,neutral,sadness,surprise
0.07687293738126755,0.1323692798614502,0.11204266548156738,0.0635792538523674,0.5631266236305237,0.027241136878728867,0.02476808987557888
0.0020677794236689806,0.0009745353017933667,0.00031905717332847416,0.9758667349815369,0.009541397914290428,0.0066247922368347645,0.004605682101100683
0.2209537774324417,0.7427168488502502,0.009699249640107155,0.0006002587033435702,0.012955663725733757,0.010995643213391304,0.0020785664673894644
0.012060149572789669,0.003341926960274577,0.050138216465711594,0.003939132671803236,0.0055860732682049274,0.9109927415847778,0.0139418113976717
0.004380902741104364,0.0010497571201995015,0.9898868203163147,0.0006309676682576537,0.001411226810887456,0.002194426255300641,0.0004459695192053914
0.07952998578548431,0.07727266103029251,0.5516124367713928,0.05653844401240349,0.09303164482116699,0.1319543868303299,0.010060444474220276
0.14485196769237518,0.044629890471696854,0.0047121006064116955,0.009895852766931057,0.7520819902420044,0.007605616468936205,0.036222632974386215
0.005008150357753038,0.011757414788007736,0.029378732666373253,0.0033077048137784004,0.09343671053647995,0.849871039390564,0.007240200415253639
0.14113163948059082,0.8144127726554871,0.012940652668476105,0.000993087305687368,0.014607347548007965,0.012331962585449219,0.0035825823433697224
