anger,disgust,fear,joy,neutral,sadness,surprise
0.11432616412639618,0.33823639154434204,0.04013450816273689,0.010166898369789124,0.45859992504119873,0.024004310369491577,0.01453173253685236
0.008312324061989784,0.012023634277284145,0.004948240239173174,0.08865693211555481,0.8664140701293945,0.008951283991336823,0.010693531483411789
0.004571419209241867,0.010397827252745628,0.010891509242355824,0.8232810497283936,0.0822402760386467,0.011279605329036713,0.05733831226825714
0.022296788170933723,0.8970207571983337,0.013762032613158226,0.0007349829538725317,0.022810297086834908,0.04142943024635315,0.001945829950273037
0.0854637399315834,0.3918152153491974,0.07197830080986023,0.0019492518622428179,0.31615129113197327,0.125743567943573,0.0068986183032393456
0.5315505862236023,0.17762373387813568,0.012619497254490852,0.0010393235133960843,0.08745067566633224,0.18120209872722626,0.008514052256941795
0.054788582026958466,0.15889742970466614,0.019393417984247208,0.00729484623298049,0.722425103187561,0.009758086875081062,0.027442574501037598
0.14593955874443054,0.01795322261750698,0.7801022529602051,0.0015074029797688127,0.007069554179906845,0.005810716189444065,0.04161738231778145
0.21413211524486542,0.3547690808773041,0.07555051892995834,0.0022360850125551224,0.31027427315711975,0.03573419526219368,0.007303727325052023
0.09470298886299133,0.12207724899053574,0.45695897936820984,0.0014015532797202468,0.10998475551605225,0.20656153559684753,0.00831295270472765
0.016440266743302345,0.031171424314379692,0.13255520164966583,0.002397148869931698,0.1142619401216507,0.6950242519378662,0.008149749599397182
0.07066952437162399,0.0513470433652401,0.12330515682697296,0.0067313420586287975,0.6293741464614868,0.10864091664552689,0.009931887499988079
