anger,disgust,fear,joy,neutral,sadness,surprise
0.0047654323279857635,0.018517624586820602,0.004014178644865751,0.6481699347496033,0.297624409198761,0.012322727590799332,0.014585651457309723
0.19631806015968323,0.1352507472038269,0.004910442978143692,0.10907112807035446,0.4219319224357605,0.12679587304592133,0.0057219634763896465
0.5683109164237976,0.1032584086060524,0.0028141262009739876,0.017213527113199234,0.23717279732227325,0.0679038017988205,0.0033264076337218285
0.03785018250346184,0.07234245538711548,0.0029819216579198837,0.008342975750565529,0.8408530950546265,0.014635815285146236,0.022993629798293114
0.5206844210624695,0.0946410670876503,0.024288831278681755,0.002134204376488924,0.18544059991836548,0.1681220382452011,0.0046887993812561035
0.01632670871913433,0.06554115563631058,0.00754200667142868,0.020189417526125908,0.5704702138900757,0.3105991780757904,0.009331299923360348
0.3174712061882019,0.1673935204744339,0.011254063807427883,0.009868203662335873,0.27616217732429504,0.21471557021141052,0.003135249949991703
0.9620315432548523,0.01020657829940319,0.007395563181489706,0.0007120126392692327,0.009131113067269325,0.007933543063700199,0.0025896765291690826
0.029078764840960503,0.45659366250038147,0.01627449505031109,0.0045919958502054214,0.1501016467809677,0.3406285047531128,0.002730902750045061
0.0903334990143776,0.061397433280944824,0.037439506500959396,0.004892134573310614,0.7101408839225769,0.08969905972480774,0.0060974471271038055
0.3330570459365845,0.5030288100242615,0.033745065331459045,0.0018715837504714727,0.0748436227440834,0.0502387210726738,0.003215174423530698
0.29182687401771545,0.1339772790670395,0.023549888283014297,0.004618988838046789,0.4480503797531128,0.0948420912027359,0.003134439466521144
0.5452218055725098,0.09998887032270432,0.2795674800872803,0.0019241564441472292,0.04693169891834259,0.017678601667284966,0.008687450550496578
0.007331263739615679,0.020327569916844368,0.004304287023842335,0.016186589375138283,0.9353814125061035,0.011468295007944107,0.005000658333301544
0.43621939420700073,0.018518298864364624,0.28223711252212524,0.005754395853728056,0.12014581263065338,0.0659293606877327,0.07119563221931458
0.006046324502676725,0.07138413935899734,0.07062575966119766,0.002321229549124837,0.19011540710926056,0.6448512077331543,0.014655913226306438
0.038836926221847534,0.508802592754364,0.0038648454938083887,0.007985861040651798,0.11399342864751816,0.32009726762771606,0.006419035140424967
