anger,disgust,fear,joy,neutral,sadness,surprise
0.0017813369631767273,0.01690630242228508,0.009517109021544456,0.0019658664241433144,0.019099589437246323,0.9445189237594604,0.006210912950336933
0.010544830933213234,0.07429274171590805,0.0775432214140892,0.004327903036028147,0.6501198410987854,0.09008929878473282,0.09308218210935593
0.025251545011997223,0.04411080479621887,0.005393326282501221,0.7399346828460693,0.15365436673164368,0.016092034056782722,0.015563195571303368
0.02094349078834057,0.026835214346647263,0.7187910079956055,0.0029123227577656507,0.09546435624361038,0.13040432333946228,0.0046492996625602245
0.45086270570755005,0.07624354958534241,0.20213395357131958,0.0016022156924009323,0.04978027194738388,0.18322789669036865,0.0361495278775692
0.0014716396108269691,0.002291147829964757,0.0032869179267436266,0.0012864478630945086,0.006301720626652241,0.9817657470703125,0.00359642063267529
0.2027275264263153,0.7277504205703735,0.00450269365683198,0.0029050526209175587,0.020745938643813133,0.03940130025148392,0.001967046409845352
0.026977453380823135,0.38933852314949036,0.007182912901043892,0.0035423964727669954,0.4945683479309082,0.005407269112765789,0.07298314571380615
0.037517741322517395,0.4485796093940735,0.013957975432276726,0.006168892607092857,0.1518610417842865,0.28194573521614075,0.0599689744412899
0.46301236748695374,0.03682180121541023,0.3138887584209442,0.0034436548594385386,0.12625251710414886,0.043305300176143646,0.013275634497404099
0.02890590950846672,0.17470934987068176,0.6403582692146301,0.002455458976328373,0.012793881818652153,0.13819441199302673,0.00258274981752038
