anger,disgust,fear,joy,neutral,sadness,surprise
0.011087962426245213,0.015229876153171062,0.0036248615942895412,0.7200708389282227,0.1364651620388031,0.013536647893488407,0.09998463839292526
0.01400421280413866,0.018276149407029152,0.0011107303434982896,0.2974688410758972,0.5907813906669617,0.02748938463628292,0.05086929351091385
0.09419287741184235,0.10064566135406494,0.6808757781982422,0.00466109300032258,0.09904805570840836,0.009803484193980694,0.01077298168092966
0.35733649134635925,0.028720207512378693,0.46725013852119446,0.0048851389437913895,0.10621771961450577,0.01785537414252758,0.017734941095113754
0.49648749828338623,0.29613107442855835,0.02958078496158123,0.0017291927943006158,0.16138610243797302,0.009573392570018768,0.005111962556838989
0.3595934510231018,0.3146795928478241,0.025699744001030922,0.0061945742927491665,0.27657946944236755,0.011268175207078457,0.0059850867837667465
0.34415966272354126,0.42359116673469543,0.067508764564991,0.00909035187214613,0.1324707269668579,0.018109938129782677,0.005069403443485498
0.007016249932348728,0.7700741291046143,0.07598768174648285,0.011454964056611061,0.07602794468402863,0.04810027778148651,0.0113386744633317
0.03652219846844673,0.133541539311409,0.02736395224928856,0.0288157369941473,0.5993985533714294,0.17090509831905365,0.003452931996434927
0.42460763454437256,0.261365681886673,0.08200748264789581,0.0050087436102330685,0.21320606768131256,0.0049867476336658,0.008817759342491627
0.6415051817893982,0.10275710374116898,0.09883899241685867,0.005408416967839003,0.13362866640090942,0.005975882522761822,0.011885707266628742
0.19194665551185608,0.1347956359386444,0.02974371425807476,0.004326129797846079,0.17216284573078156,0.45805075764656067,0.008974263444542885
0.4770500361919403,0.23910081386566162,0.005199082661420107,0.011452514678239822,0.24554748833179474,0.018618633970618248,0.003031444037333131
0.20339979231357574,0.04765155538916588,0.003454910358414054,0.00912551861256361,0.7043166160583496,0.026073182001709938,0.005978414788842201
0.6678682565689087,0.14107389748096466,0.013796418905258179,0.0024394297506660223,0.12642593681812286,0.03930402547121048,0.009092072024941444
0.1909874528646469,0.02924230694770813,0.5198084712028503,0.004206105601042509,0.20496802031993866,0.025467991828918457,0.025319702923297882
0.07819725573062897,0.07133561372756958,0.006486796773970127,0.02205195277929306,0.6831663846969604,0.07080363482236862,0.0679582953453064
0.3351742923259735,0.4033094048500061,0.0909079983830452,0.003376077162101865,0.13994662463665009,0.02201918512582779,0.005266443360596895
0.03363192826509476,0.8475031852722168,0.03021717071533203,0.0012852054787799716,0.056470129638910294,0.02738579735159874,0.0035065957345068455
0.0359918512403965,0.9387097358703613,0.0037084559444338083,0.00038395918090827763,0.011257695965468884,0.007480253931134939,0.0024679868947714567
