anger,disgust,fear,joy,neutral,sadness,surprise
0.002772117732092738,0.006922720931470394,0.0061108386144042015,0.09318173676729202,0.13724923133850098,0.7466036677360535,0.007159677799791098
0.004855950828641653,0.0027934396639466286,0.0033589003141969442,0.2868043780326843,0.027598846703767776,0.07226419448852539,0.6023242473602295
0.0057070511393249035,0.0013673064531758428,0.004696314688771963,0.4110231399536133,0.3832021951675415,0.05756638944149017,0.13643760979175568
0.04653557017445564,0.1940803974866867,0.05725926160812378,0.0020417491905391216,0.020668722689151764,0.6772955656051636,0.002118689240887761
0.010458618402481079,0.008425724692642689,0.0012605268275365233,0.8087033629417419,0.14500346779823303,0.020752402022480965,0.005395879037678242
0.4188796579837799,0.5214583277702332,0.0035870724823325872,0.0007941331132315099,0.02422415278851986,0.012000068090856075,0.019056543707847595
0.8381000757217407,0.06053490936756134,0.004001076798886061,0.0018901512958109379,0.0576222762465477,0.0343635231256485,0.003487934358417988
0.017730912193655968,0.012470663525164127,0.005782489199191332,0.0489593930542469,0.882192850112915,0.029251163825392723,0.0036124654579907656
0.09082609415054321,0.019937166944146156,0.013377529568970203,0.11132046580314636,0.6929780840873718,0.06479273736476898,0.00676795793697238
0.7283332347869873,0.16556937992572784,0.004887401591986418,0.0009044595062732697,0.038223184645175934,0.06038675457239151,0.0016955721657723188
0.003189036389812827,0.989611029624939,0.0012413051445037127,0.00046288251178339124,0.0035576659720391035,0.0014740385813638568,0.0004641273117158562
0.01735077239573002,0.04503341391682625,0.0013811124954372644,0.024369310587644577,0.8762161731719971,0.016944434493780136,0.018704883754253387
0.01927848532795906,0.0047491854056715965,0.8328827023506165,0.00547998258844018,0.09688185900449753,0.025440638884902,0.015287321992218494
0.04512476921081543,0.06222166493535042,0.006530650891363621,0.016952693462371826,0.8437761068344116,0.019332248717546463,0.006061926018446684
