anger,disgust,fear,joy,neutral,sadness,surprise
0.0057937693782150745,0.0005947219324298203,0.00455093989148736,0.8492842316627502,0.06950598210096359,0.03018254227936268,0.04008784890174866
0.04045185446739197,0.04236037656664848,0.013626087456941605,0.013254368677735329,0.8646668791770935,0.014277130365371704,0.011363336816430092
0.02630559168756008,0.8323869705200195,0.0438092015683651,0.020181842148303986,0.06661467999219894,0.005822158418595791,0.004879556596279144
0.08636055886745453,0.016087356954813004,0.02310458943247795,0.18170294165611267,0.6062787771224976,0.08153800666332245,0.004927760921418667
0.17395155131816864,0.1246810257434845,0.0746895968914032,0.0036536308471113443,0.442166805267334,0.07442229241132736,0.1064351424574852
0.1678052544593811,0.022659944370388985,0.31110283732414246,0.002216893248260021,0.056095488369464874,0.33494529128074646,0.10517431795597076
0.010409303940832615,0.0036546860355883837,0.0036663892678916454,0.09366930276155472,0.7255727648735046,0.006535477936267853,0.15649208426475525
0.024906698614358902,0.009714205749332905,0.8573688864707947,0.0023174991365522146,0.08290597796440125,0.003633434884250164,0.01915327087044716
0.42418569326400757,0.28678637742996216,0.03462774679064751,0.0033215333241969347,0.19561505317687988,0.050926774740219116,0.004536743275821209
0.213582843542099,0.43396592140197754,0.11555234342813492,0.002075046766549349,0.13300202786922455,0.007145202253013849,0.09467651695013046
0.05754370614886284,0.04576018452644348,0.007501139771193266,0.045644886791706085,0.7855603694915771,0.04025693237781525,0.017732705920934677
0.03562656044960022,0.1189727857708931,0.5656574964523315,0.0024932273663580418,0.11314690858125687,0.1395721584558487,0.024530908092856407
0.009392613545060158,0.010713803581893444,0.37240561842918396,0.0040556397289037704,0.02981039509177208,0.0053305597975850105,0.5682913661003113
0.7133445143699646,0.18472254276275635,0.0843285545706749,0.0008235127897933125,0.00802514050155878,0.006698081735521555,0.002057668985798955
0.32658588886260986,0.4290146231651306,0.021927181631326675,0.0036886788439005613,0.16544115543365479,0.050528768450021744,0.0028137892950326204
0.03278954699635506,0.02076871320605278,0.1113559901714325,0.003611946478486061,0.797065019607544,0.006812575273215771,0.02759627439081669
0.006274263374507427,0.03967888280749321,0.029456784948706627,0.006814364343881607,0.8599979877471924,0.00648488849401474,0.051292818039655685
0.09822437912225723,0.8543567061424255,0.012590930797159672,0.0003207467379979789,0.018179522827267647,0.011848701164126396,0.0044790152460336685
