anger,disgust,fear,joy,neutral,sadness,surprise
0.89631187915802,0.06407680362462997,0.020877620205283165,0.0009786795126274228,0.009128066711127758,0.007574738934636116,0.0010522723896428943
0.011254886165261269,0.010644901543855667,0.00457871425896883,0.008422689512372017,0.9101225733757019,0.015143205411732197,0.039832953363657
0.029947157949209213,0.10444308817386627,0.04526960849761963,0.05604304373264313,0.738975465297699,0.014430534094572067,0.010891113430261612
0.034670256078243256,0.06529338657855988,0.003379623871296644,0.20401927828788757,0.6820394396781921,0.00556236831471324,0.005035699810832739
0.024878086522221565,0.007914633490145206,0.003743833629414439,0.31589874625205994,0.6367950439453125,0.004627867601811886,0.006141690071672201
0.013397273607552052,0.03293713554739952,0.005671527236700058,0.01022421196103096,0.9255940318107605,0.010465303435921669,0.001710538170300424
0.038272153586149216,0.9003402590751648,0.005138968583196402,0.0009696689085103571,0.03967677056789398,0.014167027547955513,0.0014350101118907332
0.21422919631004333,0.49396196007728577,0.027417346835136414,0.001048095989972353,0.019654501229524612,0.23857031762599945,0.005118485074490309
0.03082340769469738,0.1429491639137268,0.03211115673184395,0.006234999280422926,0.36044588685035706,0.412729948759079,0.014705452136695385
0.03939219191670418,0.0282716266810894,0.004204812925308943,0.004489924293011427,0.041487209498882294,0.8767227530479431,0.0054314155131578445
0.4699043929576874,0.08633659034967422,0.005351976025849581,0.001512062386609614,0.07054240256547928,0.3624790608882904,0.003873612266033888
0.04528351500630379,0.9326304793357849,0.016292748972773552,0.000755616114474833,0.0020101817790418863,0.0020275916904211044,0.0009999467292800546
0.04535786807537079,0.01802537590265274,0.08104708790779114,0.05139874666929245,0.6720021963119507,0.035649754106998444,0.09651897847652435
0.4585376977920532,0.44857293367385864,0.050349682569503784,0.0016482549253851175,0.027960103005170822,0.011516076512634754,0.0014151628129184246
0.565233588218689,0.41059669852256775,0.0014664515620097518,0.0008818708010949194,0.013443266041576862,0.006620777305215597,0.0017573002260178328
0.7485093474388123,0.1151956245303154,0.026951726526021957,0.0011972379870712757,0.05310932174324989,0.05293945223093033,0.0020972220227122307
0.2908117175102234,0.1506853550672531,0.11772225052118301,0.0049372706562280655,0.2530538737773895,0.1536654829978943,0.029123997315764427
0.8966513276100159,0.054095469415187836,0.014705373905599117,0.0012182530481368303,0.02447197213768959,0.007702151779085398,0.0011556058889254928
0.024006059393286705,0.005731386598199606,0.047388724982738495,0.04879751801490784,0.30119433999061584,0.5674508810043335,0.00543103227391839
0.6007394790649414,0.11942265927791595,0.07151219993829727,0.0037009459920227528,0.1833248734474182,0.01772424392402172,0.003575634676963091
0.08861774206161499,0.03151010349392891,0.32011377811431885,0.01771947182714939,0.49423784017562866,0.02623114176094532,0.021569928154349327
0.7471884489059448,0.020313380286097527,0.17092156410217285,0.002066023414954543,0.04062517732381821,0.015058405697345734,0.0038269965443760157
0.07698476314544678,0.1695074886083603,0.007891313172876835,0.0018009403720498085,0.08587995916604996,0.6531609296798706,0.004774566274136305
0.040152356028556824,0.14367543160915375,0.03488534688949585,0.010767900384962559,0.4804707467556,0.25020474195480347,0.03984348103404045
