anger,disgust,fear,joy,neutral,sadness,surprise
0.02330864407122135,0.10214506834745407,0.003928370773792267,0.0023405086249113083,0.012898334302008152,0.8539193272590637,0.0014597048284485936
0.013697757385671139,0.08948364853858948,0.006183289922773838,0.027683813124895096,0.8303970694541931,0.016565943136811256,0.0159884225577116
0.02070923149585724,0.09577875584363937,0.003467043861746788,0.039039433002471924,0.7381104826927185,0.009042634628713131,0.09385250508785248
0.006250638980418444,0.0061009712517261505,0.0025974914897233248,0.896214485168457,0.05182993412017822,0.032987166196107864,0.004019459243863821
0.059608880430459976,0.02502589114010334,0.8340396285057068,0.004285166505724192,0.031443215906620026,0.028245501220226288,0.017351660877466202
0.756450891494751,0.13755981624126434,0.08698135614395142,0.001695231068879366,0.008048267103731632,0.004237293265759945,0.00502704456448555
0.03891691192984581,0.37288954854011536,0.059094030410051346,0.00295554893091321,0.31061887741088867,0.2051452398300171,0.01037980429828167
0.9346153140068054,0.03033909946680069,0.00219644233584404,0.0012553178239613771,0.02350693754851818,0.006300424691289663,0.0017864248948171735
0.2354137897491455,0.0926658883690834,0.14803898334503174,0.07767393440008163,0.2867095172405243,0.14688485860824585,0.012613022699952126
0.00879858247935772,0.01586814597249031,0.0052622174844145775,0.0032076521310955286,0.4209308326244354,0.012187071144580841,0.533745527267456
0.04112076014280319,0.001611637882888317,0.9478113055229187,0.0015721784438937902,0.0037425935734063387,0.0027840815018862486,0.0013573144096881151
0.04926009103655815,0.004256245214492083,0.9330637454986572,0.0010309646604582667,0.007526627741754055,0.002409794833511114,0.0024525406770408154
0.5594573616981506,0.09868781268596649,0.1218816488981247,0.0016180244274437428,0.10280333459377289,0.10446689277887344,0.011084944009780884
0.8840904235839844,0.05144428834319115,0.012360353022813797,0.0016489714616909623,0.036459993571043015,0.009192274883389473,0.004803769290447235
0.5115796327590942,0.3192503750324249,0.023024672642350197,0.0054188985377550125,0.11692677438259125,0.01767216995358467,0.0061274683102965355
0.1928369402885437,0.18665103614330292,0.09917452186346054,0.006621607579290867,0.46701377630233765,0.04199477657675743,0.005707283969968557
0.02470078505575657,0.02786836214363575,0.014232473447918892,0.0045341202057898045,0.882636308670044,0.03022935427725315,0.0157985370606184
0.18283367156982422,0.6903224587440491,0.0056547243148088455,0.0023819098714739084,0.07090127468109131,0.04279962554574013,0.00510638440027833
0.6522259712219238,0.05238925293087959,0.00848266202956438,0.0013287495821714401,0.047282155603170395,0.2286357581615448,0.009655412286520004
0.5878308415412903,0.2836909890174866,0.03907022997736931,0.003747017588466406,0.040856119245290756,0.025300582870841026,0.01950417272746563
