anger,disgust,fear,joy,neutral,sadness,surprise
0.01449880376458168,0.002807363634929061,0.015540054067969322,0.5687715411186218,0.24033331871032715,0.0622730627655983,0.09577585011720657
0.0037155505269765854,0.03412090241909027,0.9313713908195496,0.0026047159917652607,0.018939679488539696,0.007695910986512899,0.001551749766804278
0.4739743173122406,0.20325452089309692,0.012194182723760605,0.0017335779266431928,0.08144497871398926,0.22360247373580933,0.003795896889641881
0.005957258865237236,0.007176542188972235,0.0018589849350973964,0.5159045457839966,0.04835101589560509,0.4099646806716919,0.010786955244839191
0.048219144344329834,0.11424446105957031,0.006305500864982605,0.0028062115889042616,0.16401441395282745,0.6589949131011963,0.005415339022874832
0.0053613558411598206,0.004241820424795151,0.0013422825140878558,0.4078364074230194,0.5394652485847473,0.01607421226799488,0.02567867375910282
0.0072730183601379395,0.007208547089248896,0.002949948189780116,0.44891947507858276,0.12592148780822754,0.3802017271518707,0.027525709941983223
0.009983365423977375,0.9215492010116577,0.030268030241131783,0.020312318578362465,0.007070490624755621,0.0081159807741642,0.0027005283627659082
0.010992814786732197,0.11732377111911774,0.7686718106269836,0.0012585943331941962,0.04313436523079872,0.05550922453403473,0.0031093955039978027
0.09902000427246094,0.5478218793869019,0.015415633097290993,0.008502193726599216,0.2400662899017334,0.08714893460273743,0.0020251034293323755
0.008414902724325657,0.005787969566881657,0.018694503232836723,0.011225558817386627,0.931317925453186,0.010205156169831753,0.014354047365486622
0.016118472442030907,0.19871364533901215,0.02133779413998127,0.00406710896641016,0.12500515580177307,0.6306318640708923,0.0041259401477873325
0.8540043234825134,0.08226978778839111,0.013601571321487427,0.0015680212527513504,0.010319389402866364,0.037274766713380814,0.0009622036013752222
0.055723950266838074,0.08909913897514343,0.004200585652142763,0.013555997982621193,0.6415693163871765,0.19052572548389435,0.005325287580490112
0.02675401046872139,0.01540360040962696,0.006913033779710531,0.003429989330470562,0.008729526773095131,0.9337533116340637,0.0050164866261184216
0.010131900198757648,0.6481195092201233,0.015586993657052517,0.011894723400473595,0.08084417134523392,0.23106983304023743,0.0023529306054115295
0.021217219531536102,0.15425534546375275,0.014612591825425625,0.26564523577690125,0.3623823821544647,0.15788017213344574,0.02400709129869938
0.19140413403511047,0.46079733967781067,0.034675776958465576,0.02158684842288494,0.2452934831380844,0.04181066155433655,0.0044317995198071
0.09348820894956589,0.6307966113090515,0.02639245241880417,0.0026831526774913073,0.2123316079378128,0.02779359556734562,0.006514424458146095
0.8690617680549622,0.024314653128385544,0.005535406526178122,0.0016743848100304604,0.04432564601302147,0.05045401677489281,0.004634106997400522
0.005366262048482895,0.027856023982167244,0.01715426705777645,0.01183211337774992,0.6555691957473755,0.25300243496894836,0.029219718649983406
0.004566703457385302,0.01001705601811409,0.0015203303191810846,0.0012533118715509772,0.02248878963291645,0.9532417058944702,0.006912108510732651
0.09402307122945786,0.16369913518428802,0.1118881031870842,0.002325571607798338,0.055121276527643204,0.5246748328208923,0.04826809838414192
0.09636202454566956,0.06610512733459473,0.5705907940864563,0.0025001438334584236,0.2271316796541214,0.030492028221488,0.006818242371082306
0.12281085550785065,0.5176893472671509,0.014324966818094254,0.0022563841193914413,0.0797925740480423,0.2527238130569458,0.010402091778814793
0.00399596756324172,0.05512687936425209,0.005376279819756746,0.002136352239176631,0.05549101531505585,0.8753478527069092,0.0025257058441638947
0.06127393618226051,0.07234805822372437,0.0030561306048184633,0.019326994195580482,0.8078907132148743,0.031224077567458153,0.004880079068243504
0.00710274139419198,0.00334257073700428,0.004490845836699009,0.6400792002677917,0.22218355536460876,0.01669929549098015,0.10610175877809525
0.18171870708465576,0.15694962441921234,0.0046538240276277065,0.06740467995405197,0.46824342012405396,0.08677439391613007,0.034255266189575195
0.020192256197333336,0.526843249797821,0.025071697309613228,0.005375919863581657,0.34459173679351807,0.05892954021692276,0.018995540216565132
0.17415232956409454,0.22129103541374207,0.015054509975016117,0.002601461485028267,0.4829700291156769,0.04232940822839737,0.061601247638463974
0.05672913044691086,0.1739737093448639,0.01797642558813095,0.003415264654904604,0.44409650564193726,0.03013681247830391,0.2736721336841583
