anger,disgust,fear,joy,neutral,sadness,surprise
0.001974693965166807,0.000602204876486212,0.0009043244644999504,0.95915287733078,0.01184293907135725,0.0024874662049114704,0.023035462945699692
0.038760919123888016,0.028525132685899734,0.01056920550763607,0.08740651607513428,0.7186830639839172,0.10179948806762695,0.014255673624575138
0.007041938602924347,0.007935203611850739,0.020535873249173164,0.7737960815429688,0.10815712064504623,0.028259212151169777,0.05427463725209236
0.030064169317483902,0.7597124576568604,0.014567743986845016,0.0020430597942322493,0.027879029512405396,0.15024220943450928,0.01549146044999361
0.06667471677064896,0.17266777157783508,0.004032876808196306,0.001609024708159268,0.06542795151472092,0.6857918500900269,0.0037958717439323664
0.06784225255250931,0.15443575382232666,0.007706604432314634,0.0033546609338372946,0.1951528638601303,0.5655413866043091,0.005966495256870985
0.31746670603752136,0.23138192296028137,0.01462687086313963,0.003034178400412202,0.39149704575538635,0.034896060824394226,0.007097192108631134
0.582234263420105,0.07993796467781067,0.021968381479382515,0.005385615862905979,0.2501380443572998,0.05901496484875679,0.0013207367155700922
0.028577789664268494,0.025010420009493828,0.008594616316258907,0.030758382752537727,0.8367623090744019,0.06300442665815353,0.007292129099369049
0.06132601574063301,0.03021887131035328,0.16214706003665924,0.025566434487700462,0.6921497583389282,0.0170969869941473,0.011494921520352364
0.004177796188741922,0.006347893737256527,0.0027687945403158665,0.0028282117564231157,0.014258099719882011,0.9634899497032166,0.006129280664026737
0.016675610095262527,0.014986414462327957,0.002037069760262966,0.022033877670764923,0.900446355342865,0.037317220121622086,0.006503509357571602
0.04376481473445892,0.041725266724824905,0.01687169261276722,0.022219788283109665,0.7800173759460449,0.023628680035471916,0.07177242636680603
0.5200366973876953,0.03867059573531151,0.010743211954832077,0.005532565992325544,0.1586781144142151,0.25790587067604065,0.008432853035628796
0.9781612157821655,0.004844029434025288,0.00845265481621027,0.00042014213977381587,0.004430999513715506,0.0027147235814481974,0.000976228853687644
0.0033382815308868885,0.00224682642146945,0.0028357442934066057,0.0014541035052388906,0.005455364007502794,0.0012382401619106531,0.9834313988685608
