anger,disgust,fear,joy,neutral,sadness,surprise
0.028400428593158722,0.16118943691253662,0.38171592354774475,0.06579258292913437,0.24739553034305573,0.06235736608505249,0.053148750215768814
0.0018111674580723047,0.0038451687432825565,0.0008794920286163688,0.063692606985569,0.0244990736246109,0.8953118324279785,0.009960590861737728
0.021232852712273598,0.3497009873390198,0.027905622497200966,0.004841411020606756,0.5106142163276672,0.03661763668060303,0.049087248742580414
0.025379637256264687,0.024755533784627914,0.057519495487213135,0.009728783741593361,0.15971463918685913,0.03428788110613823,0.688614010810852
0.03127194941043854,0.039069764316082,0.02590452879667282,0.007101830560714006,0.7942985892295837,0.019584931433200836,0.08276833593845367
0.009743870235979557,0.00779590243473649,0.0008815650944598019,0.6661028861999512,0.25982940196990967,0.008870418183505535,0.04677595943212509
0.004318595863878727,0.008979041129350662,0.9601558446884155,0.0004248067270964384,0.005828367080539465,0.005718962289392948,0.014574364759027958
0.042516157031059265,0.05278095602989197,0.05153482034802437,0.008067784830927849,0.6938515305519104,0.004436766728758812,0.14681203663349152
0.010504667647182941,0.00876540970057249,0.003065585158765316,0.0024971875827759504,0.9548700451850891,0.005447543691843748,0.01484955009073019
0.08297909796237946,0.24501872062683105,0.005351146683096886,0.002009950578212738,0.513617992401123,0.10496191680431366,0.04606112092733383
0.005692430771887302,0.01714789867401123,0.01773509383201599,0.05242851376533508,0.6974066495895386,0.1962047517299652,0.013384709134697914
0.013042946346104145,0.02675331011414528,0.01108579058200121,0.0011451394530013204,0.020658990368247032,0.9194291830062866,0.00788465328514576
0.009166923351585865,0.00272769364528358,0.0076464139856398106,0.018364230170845985,0.9300694465637207,0.0047288211062550545,0.0272965170443058
0.008846518583595753,0.011426146142184734,0.0017903679981827736,0.052689578384160995,0.8726518154144287,0.005880624521523714,0.04671500623226166
0.007753696758300066,0.007424198091030121,0.007040528114885092,0.0016820768360048532,0.06797421723604202,0.8942405581474304,0.013884712010622025
0.014968249015510082,0.9476767182350159,0.014106128364801407,0.0005260094767436385,0.01364150084555149,0.005531960632652044,0.0035494964104145765
0.04912668466567993,0.043306998908519745,0.016751112416386604,0.028367092832922935,0.8339297771453857,0.01603771187365055,0.012480710633099079
0.010329166427254677,0.007502594962716103,0.007925301790237427,0.01612536609172821,0.8583739399909973,0.001765754772350192,0.0979778841137886
0.03466316685080528,0.008093140088021755,0.012415848672389984,0.036378730088472366,0.8754827976226807,0.02538544125854969,0.007580939680337906
0.1333301067352295,0.11044981330633163,0.13976003229618073,0.003441515378654003,0.5669107437133789,0.025509320199489594,0.0205983966588974
0.3448939919471741,0.08997371047735214,0.03918446972966194,0.004678700584918261,0.14291536808013916,0.3756474256515503,0.0027063563466072083
0.05302586778998375,0.8588203191757202,0.028704222291707993,0.004662467632442713,0.0376463308930397,0.002088833600282669,0.015052043832838535
0.018116459250450134,0.011263186112046242,0.00939818937331438,0.02462594211101532,0.8712053298950195,0.003344734199345112,0.062046118080616
0.008020499721169472,0.00622270442545414,0.10863460600376129,0.004747746977955103,0.07040183991193771,0.7602660059928894,0.04170651361346245
0.006001001689583063,0.055319614708423615,0.26791730523109436,0.002036091173067689,0.020152335986495018,0.6347833275794983,0.01379023864865303
0.004944283049553633,0.016852686181664467,0.03163549676537514,0.0025835074484348297,0.09732963144779205,0.8240084052085876,0.022646021097898483
0.005889010149985552,0.007120818831026554,0.002175150206312537,0.01089648436754942,0.9224129915237427,0.018489649519324303,0.03301593288779259
0.0130747240036726,0.020983994007110596,0.01400055643171072,0.0047791930846869946,0.9169083833694458,0.017111925408244133,0.013141215778887272
0.005889010149985552,0.007120818831026554,0.002175150206312537,0.01089648436754942,0.9224129915237427,0.018489649519324303,0.03301593288779259
0.08125976473093033,0.03472461551427841,0.015099894255399704,0.0013504672097042203,0.11605449765920639,0.7418678998947144,0.009642861783504486
0.014375773258507252,0.028767090290784836,0.008135017938911915,0.004211724735796452,0.9164144992828369,0.014879251830279827,0.013216530904173851
0.005889010149985552,0.007120818831026554,0.002175150206312537,0.01089648436754942,0.9224129915237427,0.018489649519324303,0.03301593288779259
0.4016847312450409,0.16454783082008362,0.02272806689143181,0.004122615326195955,0.22609291970729828,0.14705562591552734,0.03376815840601921
0.008695924654603004,0.03540259972214699,0.058205537497997284,0.007894608192145824,0.32831043004989624,0.5239827632904053,0.037508126348257065
0.004096799064427614,0.00684110214933753,0.0030497827101498842,0.034177642315626144,0.8740575313568115,0.014715403318405151,0.06306180357933044
0.07970213145017624,0.008093788288533688,0.26077112555503845,0.014055757783353329,0.6136741638183594,0.014056922867894173,0.009646092541515827
0.004096799064427614,0.00684110214933753,0.0030497827101498842,0.034177642315626144,0.8740575313568115,0.014715403318405151,0.06306180357933044
0.10304932296276093,0.015835339203476906,0.004114557523280382,0.0024215991143137217,0.11900060623884201,0.7317208051681519,0.023857837542891502
0.005889010149985552,0.007120818831026554,0.002175150206312537,0.01089648436754942,0.9224129915237427,0.018489649519324303,0.03301593288779259
0.09179732948541641,0.032633744180202484,0.013823342509567738,0.0011699739843606949,0.06333371251821518,0.7851895093917847,0.012052346020936966
0.23425686359405518,0.04570911452174187,0.040946926921606064,0.004802299197763205,0.32294878363609314,0.3420948088169098,0.009241159074008465
0.004096799064427614,0.00684110214933753,0.0030497827101498842,0.034177642315626144,0.8740575313568115,0.014715403318405151,0.06306180357933044
0.27945879101753235,0.01623515412211418,0.33542996644973755,0.007701070047914982,0.23157499730587006,0.125461146235466,0.004138930235058069
0.04101337492465973,0.025248123332858086,0.23667821288108826,0.042492061853408813,0.10966374725103378,0.5130265355110168,0.031877949833869934
0.6662207245826721,0.21347542107105255,0.03413814678788185,0.0018596294103190303,0.06329123675823212,0.015054809860885143,0.005960145965218544
0.6077359914779663,0.06924483180046082,0.014831713400781155,0.0018949921941384673,0.13245074450969696,0.1688191145658493,0.0050225346349179745
0.0739138200879097,0.06044596806168556,0.0061867195181548595,0.0627911239862442,0.360765278339386,0.4297787845134735,0.006118333898484707
0.4751380681991577,0.07038580626249313,0.01434333622455597,0.007299828343093395,0.4027720093727112,0.023167895153164864,0.006893088575452566
0.33156466484069824,0.38353484869003296,0.025455959141254425,0.003135147737339139,0.1563519388437271,0.09146011620759964,0.008497373200953007
0.008909324184060097,0.016932310536503792,0.0057587032206356525,0.013753626495599747,0.9084335565567017,0.03527263551950455,0.010939808562397957
0.10219438374042511,0.09325149655342102,0.0035088020376861095,0.02324654906988144,0.7512233853340149,0.01925918646156788,0.007316236849874258
0.013978405855596066,0.005842126440256834,0.003178452840074897,0.007914647459983826,0.9291614294052124,0.018699057400226593,0.021225884556770325
0.0034076948650181293,0.003878440009430051,0.0022464203648269176,0.022759482264518738,0.7526900172233582,0.02232172340154648,0.1926961988210678
0.004199429415166378,0.0034914305433630943,0.003848625347018242,0.03157258778810501,0.9215180277824402,0.004246063064783812,0.031123774126172066
0.8416479825973511,0.03526134788990021,0.05291116610169411,0.001175055862404406,0.021448977291584015,0.04074718430638313,0.006808369420468807
0.4053458571434021,0.022293128073215485,0.44227370619773865,0.0019148613791912794,0.06970970332622528,0.0272647887468338,0.031197862699627876
0.005889010149985552,0.007120818831026554,0.002175150206312537,0.01089648436754942,0.9224129915237427,0.018489649519324303,0.03301593288779259
0.03447617590427399,0.04709775745868683,0.006821113172918558,0.002188068348914385,0.7697423100471497,0.09847724437713623,0.04119730740785599
0.5535175800323486,0.15677650272846222,0.07698339968919754,0.004616268444806337,0.1703079640865326,0.020362837240099907,0.017435390502214432
0.5861453413963318,0.0752643421292305,0.05962801352143288,0.0048987772315740585,0.23574073612689972,0.03512352332472801,0.00319928047247231
0.005889010149985552,0.007120818831026554,0.002175150206312537,0.01089648436754942,0.9224129915237427,0.018489649519324303,0.03301593288779259
0.05423973873257637,0.005060380324721336,0.11099172383546829,0.009958948008716106,0.28347620368003845,0.3664283752441406,0.1698445826768875
0.026292860507965088,0.02317638508975506,0.050580546259880066,0.028855886310338974,0.671489953994751,0.009878454729914665,0.18972589075565338
0.01258844044059515,0.253277987241745,0.08358422666788101,0.04084783419966698,0.360053151845932,0.22987809777259827,0.019770201295614243
0.004614752251654863,0.003715910715982318,0.0045542665757238865,0.00606741476804018,0.40849733352661133,0.010408027097582817,0.5621423125267029
0.03204583749175072,0.019261352717876434,0.07863686233758926,0.003924639895558357,0.7649270296096802,0.07619719207286835,0.025007177144289017
