anger,disgust,fear,joy,neutral,sadness,surprise
0.008346007205545902,0.007112025748938322,0.017009509727358818,0.00794178992509842,0.41475820541381836,0.49466684460639954,0.0501655712723732
0.10698656737804413,0.3487769663333893,0.0681244358420372,0.2655467391014099,0.09198557585477829,0.10952969640493393,0.009050121530890465
0.01943526603281498,0.29673317074775696,0.009879050776362419,0.02186165377497673,0.6309143304824829,0.014986122958362103,0.006190377287566662
0.9514105916023254,0.018455015495419502,0.0162698645144701,0.00034387351479381323,0.007535416167229414,0.004004350397735834,0.001980964792892337
0.005736093502491713,0.003874879563227296,0.8646301627159119,0.003945701289921999,0.06321794539690018,0.033121783286333084,0.025473540648818016
0.27817416191101074,0.02777138538658619,0.11155426502227783,0.0038406786043196917,0.3129523992538452,0.03320656716823578,0.23250050842761993
0.1459610015153885,0.17550697922706604,0.2148585468530655,0.001516290009021759,0.15271738171577454,0.297453910112381,0.011985923163592815
0.007802858017385006,0.8378984928131104,0.039970237761735916,0.0032665079925209284,0.0599965825676918,0.04840623587369919,0.0026591545902192593
0.08004828542470932,0.17586755752563477,0.007484177127480507,0.01741953007876873,0.6862364411354065,0.028069594874978065,0.004874370526522398
0.011121541261672974,0.9614543914794922,0.006983847822993994,0.0008800686337053776,0.012189242988824844,0.005851883441209793,0.001519110519438982
0.1885633021593094,0.6214636564254761,0.0037079304456710815,0.002979499753564596,0.15823577344417572,0.0107992272824049,0.01425058115273714
0.054492153227329254,0.4183732867240906,0.14697270095348358,0.014566370286047459,0.2983641028404236,0.04605329781770706,0.02117803879082203
0.00868048332631588,0.005571708083152771,0.00256893178448081,0.014916119165718555,0.8828098773956299,0.0042776083573699,0.08117520809173584
0.0057177976705133915,0.004451689776033163,0.013782138004899025,0.23487718403339386,0.6311530470848083,0.020037410780787468,0.08998073637485504
