anger,disgust,fear,joy,neutral,sadness,surprise
0.00209561618976295,0.002888251328840852,0.0065210554748773575,0.9148973822593689,0.041836198419332504,0.02408858947455883,0.007672836538404226
0.02380463108420372,0.8811354637145996,0.03154347464442253,0.0014937809901311994,0.05017312988638878,0.007906744256615639,0.003942910581827164
0.007014979608356953,0.006718718446791172,0.004788348916918039,0.10016350448131561,0.7520501017570496,0.0072599113918840885,0.12200447916984558
0.1709175556898117,0.17862392961978912,0.1833663284778595,0.016912270337343216,0.4041594862937927,0.03197962045669556,0.014040825888514519
0.022916100919246674,0.33767810463905334,0.21688848733901978,0.0050601717084646225,0.13687781989574432,0.2668558657169342,0.01372340228408575
0.08424431085586548,0.3443470001220703,0.04449732229113579,0.00198581675067544,0.4041562080383301,0.09553105384111404,0.025238338857889175
0.02461482584476471,0.32447439432144165,0.041317883878946304,0.0023361239582300186,0.1245303601026535,0.4776485562324524,0.005077796522527933
0.0664762333035469,0.04776429384946823,0.8570533990859985,0.0015764381969347596,0.01457255333662033,0.0098250862210989,0.0027320135850459337
0.24773156642913818,0.07592064887285233,0.652874767780304,0.0013670375337824225,0.012207540683448315,0.006509958300739527,0.0033885445445775986
0.38932251930236816,0.19939082860946655,0.31490886211395264,0.002848238218575716,0.07122176885604858,0.015343605540692806,0.006964269559830427
0.2640453279018402,0.12247531116008759,0.1084163635969162,0.005211537703871727,0.4322936534881592,0.055700886994600296,0.011856937780976295
0.029211636632680893,0.043844811618328094,0.05378780514001846,0.0017012887401506305,0.09970699995756149,0.7106841206550598,0.06106344237923622
0.010020763613283634,0.061227258294820786,0.4763388931751251,0.004683331120759249,0.26269328594207764,0.1658630520105362,0.019173510372638702
