anger,disgust,fear,joy,neutral,sadness,surprise
0.005820205435156822,0.0030438427347689867,0.01777997799217701,0.6321103572845459,0.2440805733203888,0.020291056483983994,0.07687395066022873
0.4219258427619934,0.026875289157032967,0.1307448297739029,0.007325094658881426,0.05558524653315544,0.295101523399353,0.062442220747470856
0.017240379005670547,0.0935564860701561,0.20911985635757446,0.003470376832410693,0.14008817076683044,0.5278844833374023,0.008640235289931297
0.027463488280773163,0.06638015806674957,0.10657651722431183,0.26207250356674194,0.22468414902687073,0.30031314492225647,0.012510052882134914
0.24156105518341064,0.1692831963300705,0.010857728309929371,0.003183110151439905,0.14701448380947113,0.42520657181739807,0.002893824828788638
0.007953633554279804,0.9579303860664368,0.0016895853914320469,0.0006937982398085296,0.017108138650655746,0.006063651759177446,0.008560781367123127
0.004147135652601719,0.019505366683006287,0.004749523010104895,0.030357731506228447,0.1759335696697235,0.7596291303634644,0.00567750446498394
0.033268317580223083,0.20458461344242096,0.01694878377020359,0.13673391938209534,0.4868968725204468,0.03834475576877594,0.08322270214557648
0.013149509206414223,0.1498095989227295,0.006883007008582354,0.002922598272562027,0.6285664439201355,0.027920130640268326,0.1707487255334854
0.3175792098045349,0.18921418488025665,0.2581307590007782,0.0016638373490422964,0.12241849303245544,0.10604321211576462,0.004950320813804865
0.030551476404070854,0.2539823651313782,0.012172154150903225,0.2729276120662689,0.2567167282104492,0.055255625396966934,0.11839403212070465
