anger,disgust,fear,joy,neutral,sadness,surprise
0.016927389428019524,0.03799102455377579,0.06163463369011879,0.27674221992492676,0.5519133806228638,0.014054408296942711,0.04073690250515938
0.0630611851811409,0.276293009519577,0.4933658540248871,0.0027031057979911566,0.1034805029630661,0.042369768023490906,0.01872658170759678
0.13942669332027435,0.8335224390029907,0.003595631569623947,0.0006322893314063549,0.011400370858609676,0.006753443740308285,0.004669130779802799
0.016422098502516747,0.06411752849817276,0.004710782784968615,0.018156547099351883,0.8426061272621155,0.01651602052152157,0.0374709814786911
0.03194298967719078,0.09986025094985962,0.27234458923339844,0.013002567924559116,0.3163659870624542,0.1778337061405182,0.08864989131689072
0.0302097350358963,0.9587579965591431,0.002128917956724763,0.0006688033463433385,0.0035021076910197735,0.003972664475440979,0.0007595749339088798
0.005882481578737497,0.00871092826128006,0.003426874987781048,0.10255865752696991,0.5602418184280396,0.31063592433929443,0.008543262258172035
0.0070722331292927265,0.0017924269195646048,0.0008746219100430608,0.6989256143569946,0.08686802536249161,0.009344330988824368,0.19512273371219635
0.01786898821592331,0.01851840689778328,0.010699605569243431,0.16512078046798706,0.7383816242218018,0.012705599889159203,0.03670497238636017
0.04211612790822983,0.15876398980617523,0.011418524198234081,0.002673816867172718,0.590751051902771,0.14498674869537354,0.049289725720882416
0.7029991745948792,0.26167306303977966,0.012458527460694313,0.0008671609102748334,0.014575190842151642,0.005396292079240084,0.002030572621151805
0.07199979573488235,0.04881103336811066,0.017300620675086975,0.000752986699808389,0.012444435618817806,0.8459525108337402,0.0027386897709220648
0.6120603084564209,0.27909108996391296,0.028481299057602882,0.001744434586726129,0.04563552513718605,0.02997487038373947,0.0030124722979962826
0.5728213787078857,0.05524113401770592,0.26611873507499695,0.0035092055331915617,0.06706772744655609,0.03283059969544411,0.002411158522590995
0.009174065664410591,0.05267547070980072,0.015015778131783009,0.002555182669311762,0.8742141723632812,0.012109802104532719,0.03425553813576698
0.02502003125846386,0.010400074534118176,0.06722582131624222,0.006424260791391134,0.8360003232955933,0.01518167182803154,0.03974779322743416
0.021826328709721565,0.2337826043367386,0.0075517878867685795,0.007496189326047897,0.6453180313110352,0.0153356259688735,0.06868941336870193
0.006565707270056009,0.004815674386918545,0.005419938825070858,0.003075983840972185,0.94724440574646,0.004019732121378183,0.02885860949754715
0.0013264777371659875,0.004714507609605789,0.003612502245232463,0.002273177495226264,0.022277988493442535,0.9522201418876648,0.013575141318142414
0.028733182698488235,0.017366837710142136,0.6929900050163269,0.0063168201595544815,0.20902155339717865,0.039759695529937744,0.005811905954033136
0.0726805329322815,0.18608638644218445,0.024416115134954453,0.004639327526092529,0.2430746853351593,0.46480250358581543,0.004300516564399004
0.016698578372597694,0.028196481987833977,0.0038795792497694492,0.007642365526407957,0.11715151369571686,0.7836641073226929,0.04276727885007858
0.010467644780874252,0.2670564353466034,0.06326480954885483,0.05766453593969345,0.4939643442630768,0.08657971024513245,0.02100253477692604
0.27551260590553284,0.09865906834602356,0.006910806521773338,0.0022293583024293184,0.0795973464846611,0.5297294855117798,0.007361276540905237
0.022950129583477974,0.09445276856422424,0.008217385970056057,0.0013293280499055982,0.8399313688278198,0.01625918783247471,0.01685982383787632
0.018833881244063377,0.03445671498775482,0.003210335737094283,0.023031102493405342,0.9043949842453003,0.007522348314523697,0.008550558239221573
0.0029617666732519865,0.02604815363883972,0.42184311151504517,0.006229132879525423,0.05624193698167801,0.47349217534065247,0.013183769769966602
0.0223130714148283,0.8281436562538147,0.015237064100801945,0.001881356700323522,0.089889295399189,0.01173405908048153,0.030801622197031975
0.003621193580329418,0.005487287417054176,0.0027058066334575415,0.010151129215955734,0.09524427354335785,0.8681682348251343,0.01462202426046133
0.013341193087399006,0.026194825768470764,0.005233092699199915,0.006249409168958664,0.9069558382034302,0.012858978472650051,0.029166702181100845
0.0013507385738193989,0.003976691514253616,0.002915149088948965,0.0016997259808704257,0.009974103420972824,0.9781275987625122,0.00195601605810225
0.4085703194141388,0.20067504048347473,0.07908643037080765,0.003445761976763606,0.11096766591072083,0.18791258335113525,0.009342242032289505
0.013309166766703129,0.01847507804632187,0.0027259537018835545,0.34428954124450684,0.5824254155158997,0.01542418822646141,0.023350676521658897
0.4411136507987976,0.4387829601764679,0.008107147179543972,0.0023493606131523848,0.08432447165250778,0.022127535194158554,0.0031949819531291723
0.018085718154907227,0.11119873076677322,0.002675314201042056,0.043644413352012634,0.7721710205078125,0.04265645891427994,0.009568290784955025
0.5846399664878845,0.3332083523273468,0.040175117552280426,0.0015573641285300255,0.028761090710759163,0.007049864158034325,0.004608231596648693
0.00787662249058485,0.0016777191776782274,0.9433108568191528,0.0024828326422721148,0.020363105461001396,0.020581183955073357,0.0037076538428664207
0.018984615802764893,0.009171771816909313,0.7013411521911621,0.007417800836265087,0.20142877101898193,0.057420745491981506,0.004235192202031612
0.005457953549921513,0.020456509664654732,0.011722616851329803,0.024991856887936592,0.7098328471183777,0.03302394971251488,0.1945141851902008
0.00855584442615509,0.006116718519479036,0.046907734125852585,0.0029723322950303555,0.03397509455680847,0.0024050227366387844,0.8990672826766968
0.024366632103919983,0.04063569754362106,0.8561343550682068,0.0036997415591031313,0.0138635765761137,0.05218702554702759,0.009112958796322346
0.001794771640561521,0.0045699467882514,0.0008520723204128444,0.05059003084897995,0.023700952529907227,0.9161431789398193,0.0023490386083722115
0.012997644953429699,0.031434714794158936,0.07865247875452042,0.001910279504954815,0.026936054229736328,0.8448837399482727,0.0031851157546043396
0.15032583475112915,0.01877673529088497,0.527649998664856,0.2538868188858032,0.029565811157226562,0.017765432596206665,0.002029366558417678
0.5223330855369568,0.2883988916873932,0.038937512785196304,0.0014863963006064296,0.04301359876990318,0.10148542374372482,0.004345144145190716
0.04086809977889061,0.09604320675134659,0.012162390165030956,0.00983351282775402,0.379415363073349,0.45801204442977905,0.003665390657261014
0.11393295228481293,0.1524285227060318,0.021756455302238464,0.006256725173443556,0.3181270360946655,0.32448509335517883,0.06301327794790268
0.01238937582820654,0.02427535690367222,0.0014541372656822205,0.09509016573429108,0.8338034749031067,0.007760321721434593,0.025227196514606476
0.020960135385394096,0.03290410712361336,0.005825345404446125,0.5753735303878784,0.27593255043029785,0.07508304715156555,0.013921272940933704
0.009188189171254635,0.03767195716500282,0.001016707974486053,0.5011743307113647,0.4273911714553833,0.014900868758559227,0.008656798861920834
0.006125702988356352,0.0047072009183466434,0.0032859821803867817,0.016385409981012344,0.9187017679214478,0.0121140843257308,0.038679804652929306
0.006660155951976776,0.0018081110902130604,0.9756163358688354,0.0012682892847806215,0.00816341582685709,0.0019539438653737307,0.0045297518372535706
0.08092061430215836,0.10536622256040573,0.013218371197581291,0.018126925453543663,0.6208533644676208,0.1573789119720459,0.004135589115321636
0.3373073935508728,0.23070448637008667,0.020988835021853447,0.0032548089511692524,0.3281872570514679,0.06900115311145782,0.01055603101849556
0.020953428000211716,0.061457470059394836,0.005492202937602997,0.032099660485982895,0.826488733291626,0.016352495178580284,0.03715600073337555
0.00916239619255066,0.1379586160182953,0.0024641447234898806,0.035554539412260056,0.7694899439811707,0.006444111000746489,0.03892627730965614
0.03986740857362747,0.25644657015800476,0.09199178963899612,0.006506369449198246,0.4853608012199402,0.08494321256875992,0.034883834421634674
