anger,disgust,fear,joy,neutral,sadness,surprise
0.08252839744091034,0.7210206389427185,0.0714997947216034,0.025985362008213997,0.0670674666762352,0.007030595559626818,0.024867702275514603
0.08218921720981598,0.06086833402514458,0.05395146831870079,0.004191775340586901,0.6246683597564697,0.0325126051902771,0.14161820709705353
0.6254124641418457,0.021754296496510506,0.01383958663791418,0.011055215261876583,0.029110556468367577,0.2932378351688385,0.005589952226728201
0.10273660719394684,0.722285270690918,0.13520216941833496,0.0008728090906515718,0.014341354370117188,0.021124251186847687,0.0034374718088656664
0.027413414791226387,0.2527838349342346,0.28112053871154785,0.016030358150601387,0.15457949042320251,0.006262288428843021,0.2618100345134735
0.10140478610992432,0.4372706413269043,0.002753637498244643,0.0014110695337876678,0.4420369565486908,0.007005178369581699,0.008117791265249252
0.0850505381822586,0.6813614368438721,0.15145006775856018,0.002124904189258814,0.048843275755643845,0.026173237711191177,0.004996516741812229
0.02080167457461357,0.029098311439156532,0.0109200868755579,0.0039374371990561485,0.7409173250198364,0.08143477141857147,0.1128903403878212
0.009468559175729752,0.013291463255882263,0.0040830885991454124,0.00445799482986331,0.9205490350723267,0.006524816155433655,0.041625022888183594
0.03605363890528679,0.19805391132831573,0.010096981190145016,0.05984395369887352,0.5742036700248718,0.010492012836039066,0.11125580221414566
0.024155117571353912,0.03798709809780121,0.0030415740329772234,0.005956677719950676,0.8956840634346008,0.01811962202191353,0.015055835247039795
0.0671938955783844,0.9126850366592407,0.0017993681831285357,0.0025158028583973646,0.008448715321719646,0.0068572708405554295,0.0004999048542231321
0.41618242859840393,0.25181904435157776,0.004670222755521536,0.00437164818868041,0.2621982991695404,0.0550290122628212,0.005729360971599817
0.2721342146396637,0.1443108320236206,0.005063070449978113,0.008609944954514503,0.5123876333236694,0.04767697677016258,0.009817304089665413
0.017440371215343475,0.007897756062448025,0.004891686607152224,0.027686504647135735,0.9106892347335815,0.0013879499165341258,0.030006511136889458
0.1201481744647026,0.05124373733997345,0.047987159341573715,0.004651615396142006,0.7314697504043579,0.03716258332133293,0.007336998358368874
0.0075630610808730125,0.0023353726137429476,0.0030166436918079853,0.010507182218134403,0.9232593774795532,0.006638844031840563,0.0466795340180397
