anger,disgust,fear,joy,neutral,sadness,surprise
0.005811726208776236,0.04883251339197159,0.011850813403725624,0.1288430243730545,0.18465247750282288,0.6142956614494324,0.0057138558477163315
0.01541066076606512,0.812813937664032,0.016898486763238907,0.0011321662459522486,0.0932566225528717,0.013627286069095135,0.04686078429222107
0.010891743935644627,0.9050341844558716,0.026666060090065002,0.0007014452130533755,0.035813234746456146,0.015236022882163525,0.00565722631290555
0.03459173068404198,0.4057253897190094,0.021431386470794678,0.0014051245525479317,0.03469649329781532,0.4777521789073944,0.024397701025009155
0.005524361971765757,0.008165242150425911,0.07018054276704788,0.03320552408695221,0.43465182185173035,0.3944295048713684,0.053842950612306595
0.036152392625808716,0.07165022939443588,0.13603128492832184,0.005350981839001179,0.709537923336029,0.03390912711620331,0.0073680696077644825
0.06398844718933105,0.3781292140483856,0.16051456332206726,0.009132340550422668,0.360586941242218,0.01681726798415184,0.010831237770617008
0.006573221646249294,0.01130510214716196,0.00661411602050066,0.004933788441121578,0.9083138108253479,0.005394905339926481,0.05686498060822487
0.014659739099442959,0.9084523320198059,0.0115717314183712,0.0013643837301060557,0.0532621294260025,0.008500090800225735,0.0021896485704928637
0.49387145042419434,0.27104508876800537,0.023257233202457428,0.0027634405996650457,0.18380452692508698,0.021748561412096024,0.0035095917992293835
0.0018336824141442776,0.0003642451192717999,0.9892919659614563,0.0016411952674388885,0.002723471727222204,0.002650492126122117,0.001495010918006301
0.01134169939905405,0.038755662739276886,0.0019050544360652566,0.06349045783281326,0.8721347451210022,0.005476104561239481,0.006896232720464468
0.04916387423872948,0.11866464465856552,0.036432236433029175,0.0037393076345324516,0.7230526804924011,0.056548770517110825,0.012398525141179562
0.012876077555119991,0.06547223776578903,0.002496774774044752,0.10504565387964249,0.796311616897583,0.007638887502253056,0.010158691555261612
