anger,disgust,fear,joy,neutral,sadness,surprise
0.0694948136806488,0.055069755762815475,0.2290874868631363,0.009853786788880825,0.3723095655441284,0.07778216153383255,0.18640248477458954
0.1705338954925537,0.4437469244003296,0.2953040897846222,0.0033624626230448484,0.06908873468637466,0.009994487278163433,0.007969366386532784
0.051354750990867615,0.14222945272922516,0.07324445992708206,0.003315491136163473,0.25959768891334534,0.3881210684776306,0.08213704079389572
0.016236694529652596,0.08071580529212952,0.47259554266929626,0.004725549835711718,0.17260737717151642,0.005168854724615812,0.24795012176036835
0.007481782231479883,0.006783729884773493,0.005477482452988625,0.014391085132956505,0.9372383952140808,0.008093434385955334,0.02053404226899147
0.015506072901189327,0.012563914991915226,0.03666861355304718,0.038928382098674774,0.868120551109314,0.016512246802449226,0.011700284667313099
0.03878282010555267,0.28879281878471375,0.27470725774765015,0.006276057101786137,0.3384939432144165,0.03193765878677368,0.021009409800171852
0.0200024601072073,0.09034933894872665,0.010072742588818073,0.07735294848680496,0.7622384428977966,0.012299582362174988,0.027684492990374565
0.02805294282734394,0.027616681531071663,0.0113920783624053,0.0024863870348781347,0.90687096118927,0.014149239286780357,0.009431772865355015
0.017474880442023277,0.1452765017747879,0.03717178851366043,0.010172707028687,0.7670422792434692,0.007953386753797531,0.01490847859531641
0.014242083765566349,0.04147016257047653,0.007635694462805986,0.0067976382561028,0.4791419208049774,0.0039875442162156105,0.44672495126724243
0.039067551493644714,0.43173542618751526,0.07390310615301132,0.002007673727348447,0.3769218921661377,0.0453687347471714,0.030995512381196022
0.5957242250442505,0.2615855038166046,0.09553346782922745,0.0014728293754160404,0.029456069692969322,0.010704588145017624,0.005523299798369408
0.002970445668324828,0.021266300231218338,0.002070728922262788,0.05904976278543472,0.8646572232246399,0.015202032402157784,0.034783437848091125
0.019391467794775963,0.15689748525619507,0.014659030362963676,0.003869240637868643,0.7690179944038391,0.020857999101281166,0.01530685368925333
0.0056678722612559795,0.005474325735121965,0.010730952955782413,0.005091510713100433,0.9126117825508118,0.020130205899477005,0.04029328376054764
0.27324458956718445,0.5433723330497742,0.0678786039352417,0.0011549065820872784,0.0907524973154068,0.01759643852710724,0.006000600755214691
0.012500381097197533,0.12919498980045319,0.1591259092092514,0.005689126905053854,0.62690669298172,0.02987145632505417,0.03671136498451233
0.367197722196579,0.08196782320737839,0.42388615012168884,0.0035533360205590725,0.08497267961502075,0.03365056589245796,0.004771769046783447
0.1982084959745407,0.46245378255844116,0.14169245958328247,0.006160148419439793,0.16819752752780914,0.016625091433525085,0.006662573665380478
0.13172776997089386,0.2188999205827713,0.053771212697029114,0.002798517467454076,0.3949509561061859,0.17821204662322998,0.019639648497104645
0.02637655660510063,0.06783165782690048,0.005847602616995573,0.005976704880595207,0.7399792075157166,0.007702183444052935,0.1462860405445099
0.05126570537686348,0.010344572365283966,0.08596695214509964,0.004799685440957546,0.8098849058151245,0.024315323680639267,0.013422862626612186
0.022387303411960602,0.029298683628439903,0.07543239742517471,0.003671216545626521,0.5238428115844727,0.28032639622688293,0.06504116207361221
0.006476907059550285,0.010908870957791805,0.6277106404304504,0.003558690659701824,0.012264493852853775,0.003158516250550747,0.33592185378074646
0.12705419957637787,0.6175248026847839,0.03507300466299057,0.0024305088445544243,0.17684835195541382,0.025478562340140343,0.015590588562190533
0.02635851502418518,0.0161802526563406,0.02227945812046528,0.005614187568426132,0.807426393032074,0.005527403671294451,0.11661375313997269
0.014289021492004395,0.021437868475914,0.02132832631468773,0.002645471366122365,0.9212976694107056,0.008400254882872105,0.010601452551782131
0.020083164796233177,0.1773073822259903,0.005190795753151178,0.004308932460844517,0.7414961457252502,0.008821327239274979,0.04279232770204544
0.0226280614733696,0.04602181538939476,0.015685372054576874,0.002901798114180565,0.8359598517417908,0.03601108118891716,0.04079202562570572
0.011074865236878395,0.06603387743234634,0.0028529157862067223,0.009196823462843895,0.8857206702232361,0.004107117652893066,0.02101377211511135
0.003703450318425894,0.0063306717202067375,0.0010659556137397885,0.005083910655230284,0.9589617252349854,0.003033730434253812,0.021820543333888054
0.0102979876101017,0.09435584396123886,0.005248080473393202,0.0019354642136022449,0.8663402199745178,0.005410757381469011,0.016411712393164635
0.01930461823940277,0.23199467360973358,0.013939892873167992,0.006487200502306223,0.716886043548584,0.004662648309022188,0.006724867969751358
0.10645134747028351,0.15387822687625885,0.0675537958741188,0.005390554200857878,0.6205319166183472,0.010524251498281956,0.0356699600815773
0.05080927163362503,0.02474852278828621,0.015509766526520252,0.0025746615137904882,0.08181903511285782,0.7793891429901123,0.045149628072977066
0.04989943653345108,0.28757166862487793,0.010733400471508503,0.005829530768096447,0.6257323622703552,0.008162886835634708,0.012070734985172749
0.04379456117749214,0.17419473826885223,0.05183166265487671,0.006821117363870144,0.7095022201538086,0.007443724665790796,0.00641193613409996
0.07165001332759857,0.5327788591384888,0.03483938053250313,0.0028151210863143206,0.3334280848503113,0.016382688656449318,0.008105956017971039
0.36423856019973755,0.15073859691619873,0.025049565359950066,0.00412345677614212,0.42931509017944336,0.02127893827855587,0.005255760625004768
0.16492581367492676,0.6389210820198059,0.024600258097052574,0.001275452203117311,0.15048576891422272,0.00968103762716055,0.010110457427799702
0.17759594321250916,0.1240629181265831,0.13234080374240875,0.0018352762563154101,0.41899245977401733,0.08662298321723938,0.05854956805706024
0.10166069120168686,0.15229548513889313,0.03238869458436966,0.0034607246052473783,0.6497318148612976,0.0400552973151207,0.020407335832715034
0.04822251573204994,0.216943621635437,0.013175624422729015,0.005835796240717173,0.656876266002655,0.03735696151852608,0.021589266136288643
0.2552349865436554,0.1296474188566208,0.24932152032852173,0.004040590487420559,0.2275697886943817,0.02719978429377079,0.10698592662811279
0.04309679940342903,0.03265688940882683,0.006092344876378775,0.0035784728825092316,0.8857287764549255,0.01575765199959278,0.013089073821902275
0.11654765903949738,0.25246304273605347,0.0401664637029171,0.002937216544523835,0.04882138967514038,0.524246096611023,0.014818149618804455
0.007272700313478708,0.016242647543549538,0.004349263850599527,0.02077912725508213,0.9123637676239014,0.009515125304460526,0.029477352276444435
0.013425422832369804,0.16419440507888794,0.005315481685101986,0.006467691622674465,0.7769302129745483,0.005574169103056192,0.02809254266321659
0.0528959184885025,0.1890813708305359,0.056622423231601715,0.01001787930727005,0.6119661331176758,0.06643478572368622,0.012981424108147621
0.01958942785859108,0.0862598568201065,0.01750068925321102,0.0031803385354578495,0.8284621238708496,0.010587821714580059,0.03441978245973587
