anger,disgust,fear,joy,neutral,sadness,surprise
0.021564342081546783,0.054376162588596344,0.05909307301044464,0.009515875019133091,0.8227894306182861,0.015013710595667362,0.01764737069606781
0.07044271379709244,0.03413179889321327,0.05856513977050781,0.0034498583991080523,0.7663289904594421,0.036229975521564484,0.0308514554053545
0.010637758299708366,0.018617669120430946,0.00428311200812459,0.0036033624783158302,0.940984845161438,0.006393776275217533,0.015479501336812973
0.7052078247070312,0.12193714082241058,0.02756578102707863,0.0029692279640585184,0.10875165462493896,0.031694985926151276,0.0018733948236331344
0.05516739934682846,0.03865179046988487,0.028803609311580658,0.05008210986852646,0.8019388914108276,0.013517150655388832,0.011839015409350395
0.24259045720100403,0.2736799120903015,0.03847476840019226,0.004374000709503889,0.1279386281967163,0.18461918830871582,0.12832309305667877
0.03442811965942383,0.016369784250855446,0.038142576813697815,0.0111021026968956,0.826482892036438,0.02984001114964485,0.043634526431560516
0.059369444847106934,0.02678159810602665,0.08249813318252563,0.006063986103981733,0.7554854154586792,0.05747446045279503,0.012327009811997414
0.019525323063135147,0.07767235487699509,0.5700551867485046,0.005656244233250618,0.2758633494377136,0.04555333033204079,0.0056741912849247456
0.09092605859041214,0.07994448393583298,0.19983942806720734,0.0017357364995405078,0.047197356820106506,0.5577678680419922,0.02258911356329918
0.3741757869720459,0.24769143760204315,0.01021484937518835,0.001334071857854724,0.24651673436164856,0.09832918643951416,0.02173791453242302
0.07370566576719284,0.03291197121143341,0.022261586040258408,0.0025743956211954355,0.8508049845695496,0.012738636694848537,0.005002740770578384
0.07957466691732407,0.1116999164223671,0.01384451799094677,0.0031491953413933516,0.670410692691803,0.11725446581840515,0.004066637717187405
0.1410636603832245,0.14096704125404358,0.025131557136774063,0.05241753160953522,0.5540819764137268,0.08362611383199692,0.0027121228631585836
0.04780876636505127,0.005932341329753399,0.8777731657028198,0.02099507860839367,0.03534047305583954,0.007898960262537003,0.004251277539879084
0.2652743458747864,0.08017277717590332,0.22601059079170227,0.004179217852652073,0.1635654717683792,0.1863744854927063,0.07442312687635422
0.006216129753738642,0.006204396951943636,0.018195265904068947,0.0010915833991020918,0.020264798775315285,0.9383386969566345,0.009689116850495338
0.36494728922843933,0.5662059187889099,0.022242164239287376,0.000753691652789712,0.02045433036983013,0.023845523595809937,0.0015510550001636147
0.2857227027416229,0.14480136334896088,0.4709983766078949,0.002530724508687854,0.07069326937198639,0.020752625539898872,0.004500937648117542
0.027606379240751266,0.17494702339172363,0.020066382363438606,0.16364571452140808,0.5062549114227295,0.10040714591741562,0.007072479464113712
