anger,disgust,fear,joy,neutral,sadness,surprise
0.02064742147922516,0.007315570022910833,0.04363596811890602,0.004467101767659187,0.011028129607439041,0.9085578918457031,0.004347986076027155
0.12594197690486908,0.34033459424972534,0.018129615113139153,0.0033478413242846727,0.22766393423080444,0.27907794713974,0.005504061467945576
0.054872725158929825,0.011271640658378601,0.043877337127923965,0.07367520034313202,0.4524904787540436,0.28355130553245544,0.08026126027107239
0.2329532504081726,0.18095585703849792,0.009054693393409252,0.053452663123607635,0.3106995224952698,0.17709970474243164,0.03578436002135277
0.8225517272949219,0.09780086576938629,0.006352257449179888,0.0021876455284655094,0.0600353479385376,0.009280816651880741,0.0017913595074787736
0.009617986157536507,0.0202647652477026,0.023235177621245384,0.06667187809944153,0.8043888807296753,0.028135212138295174,0.047686077654361725
0.003453555516898632,0.004638490732759237,0.0032020513899624348,0.00739012798294425,0.9433742165565491,0.022403907030820847,0.015537607483565807
0.008476851508021355,0.10095663368701935,0.057509418576955795,0.007347993087023497,0.7800227999687195,0.020055700093507767,0.0256305243819952
0.019589563831686974,0.030500050634145737,0.0031542619690299034,0.017771229147911072,0.9068797826766968,0.01974356919527054,0.0023615993559360504
0.026489119976758957,0.18919722735881805,0.12325084954500198,0.006639810744673014,0.5306729674339294,0.0468941256403923,0.07685592770576477
0.0853428766131401,0.298666775226593,0.011626235209405422,0.05725906044244766,0.5094409584999084,0.03133315593004227,0.006330959498882294
0.969941258430481,0.0017325999215245247,0.0059688277542591095,0.0007175484206527472,0.005835658870637417,0.01378346886485815,0.0020205501932650805
0.015034972690045834,0.2114405632019043,0.010151529684662819,0.033929113298654556,0.5281593799591064,0.14394846558570862,0.05733594670891762
0.8485540151596069,0.05153400078415871,0.022708017379045486,0.0010430311085656285,0.042290620505809784,0.029899422079324722,0.003970956429839134
0.0256949570029974,0.1096416711807251,0.17434248328208923,0.007983347401022911,0.6552865505218506,0.020016415044665337,0.007034597918391228
0.006263691931962967,0.025624794885516167,0.014131948351860046,0.003857896663248539,0.9104540944099426,0.004727068357169628,0.03494047373533249
0.016731584444642067,0.031024951487779617,0.8055334687232971,0.003029563929885626,0.07548833638429642,0.06379484385251999,0.0043972330167889595
0.0047116330824792385,0.02613419108092785,0.008766449987888336,0.002389599336311221,0.12435118854045868,0.819546639919281,0.01410031970590353
0.31021955609321594,0.2219538390636444,0.020779548212885857,0.002650505630299449,0.055065564811229706,0.3802598714828491,0.009071075357496738
0.028936007991433144,0.6356709003448486,0.010598313994705677,0.1323527842760086,0.17043305933475494,0.014826255850493908,0.007182717323303223
0.6881481409072876,0.18370778858661652,0.010302533395588398,0.004032217897474766,0.04533030465245247,0.06381208449602127,0.00466687697917223
0.29951736330986023,0.3090003728866577,0.029112553223967552,0.002238212851807475,0.16755394637584686,0.1835605651140213,0.00901698786765337
0.004465220496058464,0.004714649636298418,0.0011445858981460333,0.002596047939732671,0.0074500334449112415,0.0016717524267733097,0.9779576659202576
0.016236795112490654,0.03378100320696831,0.007467753253877163,0.021724101155996323,0.8987340331077576,0.01702858693897724,0.005027608014643192
0.03276526927947998,0.04352012649178505,0.09036951512098312,0.00430849427357316,0.8079788088798523,0.009250796400010586,0.011807015165686607
0.0033537845592945814,0.0021246732212603092,0.0009649830753915012,0.930662989616394,0.04167266935110092,0.0031648604199290276,0.018056118860840797
0.0058016087859869,0.005733489990234375,0.003236487042158842,0.7574045062065125,0.19159464538097382,0.007173410151153803,0.02905583754181862
0.15950237214565277,0.012695387937128544,0.508013904094696,0.0053807590156793594,0.0353894904255867,0.20278827846050262,0.07622978836297989
0.007508125156164169,0.007632411550730467,0.000983635662123561,0.13570041954517365,0.8075098991394043,0.02984795533120632,0.010817650705575943
0.002323046326637268,0.0013278977712616324,0.0002359407371841371,0.9769940972328186,0.012030602432787418,0.0015276992926374078,0.005560877732932568
0.02116435579955578,0.09325449913740158,0.016263127326965332,0.0035614371299743652,0.39296475052833557,0.44856002926826477,0.02423185296356678
0.04341063275933266,0.02504168078303337,0.010373789817094803,0.20238064229488373,0.6661995053291321,0.018905840814113617,0.033687882125377655
0.002792238024994731,0.004204677417874336,0.0004672494251281023,0.9677194356918335,0.017682654783129692,0.0038207981269806623,0.00331298029050231
0.0009943416807800531,0.002095990814268589,0.0012648238334804773,0.0009893359383568168,0.005014741327613592,0.9867989420890808,0.0028418393339961767
0.04169911891222,0.01761534996330738,0.011984090320765972,0.0009106079232878983,0.029140530154109,0.8950560092926025,0.0035942858085036278
0.16602839529514313,0.4725337326526642,0.1668149083852768,0.0011113076470792294,0.014051133766770363,0.17421169579029083,0.005248872097581625
0.5484682321548462,0.20568516850471497,0.0015766340075060725,0.003984764683991671,0.2069561928510666,0.029053932055830956,0.004275101702660322
