anger,disgust,fear,joy,neutral,sadness,surprise
0.9782006740570068,0.0068457769230008125,0.0019509551348164678,0.0005337290931493044,0.00837173406034708,0.0021741657983511686,0.0019229324534535408
0.0922500491142273,0.02429245039820671,0.007203263230621815,0.470527321100235,0.32957109808921814,0.010360603220760822,0.06579522043466568
0.0033109327778220177,0.01126048993319273,0.0022022307384759188,0.3983842134475708,0.3934186100959778,0.17939528822898865,0.012028226628899574
0.005006436724215746,0.004660604055970907,0.9545143246650696,0.0020407061092555523,0.02017938904464245,0.005627835635095835,0.007970752194523811
0.00682665454223752,0.7350654602050781,0.07890452444553375,0.003811549162492156,0.12203872203826904,0.0410391204059124,0.01231390330940485
0.009604919701814651,0.017696687951683998,0.6502337455749512,0.019999975338578224,0.1325637698173523,0.006618807557970285,0.16328200697898865
0.9572204351425171,0.010656533762812614,0.005065400619059801,0.0007042420329526067,0.018057074397802353,0.0050091929733753204,0.0032870403956621885
0.008340615779161453,0.29223230481147766,0.004698295146226883,0.013877972960472107,0.6407337784767151,0.009057319723069668,0.031059686094522476
0.012932519428431988,0.1806103140115738,0.0028717981185764074,0.12976014614105225,0.6551988124847412,0.010415530763566494,0.008210908621549606
0.009927873499691486,0.04350099340081215,0.74956214427948,0.0030641539487987757,0.12623265385627747,0.06368210166692734,0.004030114039778709
0.049681589007377625,0.030739737674593925,0.2515409588813782,0.005805223248898983,0.5930531620979309,0.017530525103211403,0.051648836582899094
0.6063036918640137,0.045398224145174026,0.06792744994163513,0.034765444695949554,0.1315908282995224,0.023145385086536407,0.09086891263723373
0.022263605147600174,0.26550301909446716,0.16332383453845978,0.031360216438770294,0.07267321646213531,0.0067736017517745495,0.4381026029586792
0.026443282142281532,0.007568224798887968,0.7463973164558411,0.006788747385144234,0.13655462861061096,0.04502218961715698,0.03122568130493164
0.018970513716340065,0.023665063083171844,0.0010767836356535554,0.05632472038269043,0.8737112283706665,0.019725358113646507,0.0065263123251497746
0.031697604805231094,0.021905552595853806,0.39387235045433044,0.006955842953175306,0.4847334623336792,0.012906261719763279,0.04792892560362816
0.07178285717964172,0.13677339255809784,0.015786893665790558,0.1968279331922531,0.4824279546737671,0.009890913963317871,0.0865100547671318
