anger,disgust,fear,joy,neutral,sadness,surprise
0.22207684814929962,0.011232748627662659,0.7165525555610657,0.0007052607834339142,0.012609557248651981,0.028672441840171814,0.008150571025907993
0.4411841630935669,0.386568158864975,0.08439960330724716,0.0022102533839643,0.061090849339962006,0.01843377947807312,0.0061130099929869175
0.02227688953280449,0.02049419656395912,0.004313638899475336,0.011196807958185673,0.8798098564147949,0.03794993832707405,0.023958692327141762
0.008848811499774456,0.009991960600018501,0.018437905237078667,0.038565851747989655,0.906897246837616,0.007058633491396904,0.010199621319770813
0.03400716930627823,0.8189212083816528,0.015375683084130287,0.006666847970336676,0.09155543893575668,0.029586005955934525,0.0038875718601047993
0.6284629106521606,0.0585416778922081,0.1511126011610031,0.0014799367636442184,0.09394193440675735,0.0446564257144928,0.02180446684360504
0.1871681660413742,0.08314955234527588,0.0395221970975399,0.003422746667638421,0.26153847575187683,0.41253939270973206,0.012659440748393536
0.3250035345554352,0.4623320400714874,0.11942986398935318,0.0025455544237047434,0.056099798530340195,0.014196077361702919,0.020393049344420433
0.04059399664402008,0.015486490912735462,0.019024595618247986,0.00903902854770422,0.31405138969421387,0.2394009828567505,0.3624034523963928
0.7873203158378601,0.12263794988393784,0.014678256586194038,0.0027583797927945852,0.05858050286769867,0.010200746357440948,0.003823901293799281
0.12354257702827454,0.10127517580986023,0.10782924294471741,0.007824658416211605,0.6082963943481445,0.014277614653110504,0.036954365670681
0.03308671712875366,0.028282776474952698,0.006153890863060951,0.012305781245231628,0.8898815512657166,0.004420835990458727,0.025868499651551247
0.00801995862275362,0.0459943450987339,0.02222275547683239,0.004212608095258474,0.2141617238521576,0.6842268705368042,0.021161675453186035
0.01664724014699459,0.019491184502840042,0.0031422884203493595,0.00787698570638895,0.8704315423965454,0.007540097925812006,0.07487069070339203
0.026728114113211632,0.13829146325588226,0.10336008667945862,0.005970812868326902,0.6715573072433472,0.039765384048223495,0.01432676799595356
0.35097551345825195,0.1874246746301651,0.01296192966401577,0.009883050806820393,0.3545832633972168,0.07990856468677521,0.004263000097125769
0.0048910221084952354,0.006761974189430475,0.012595852836966515,0.0034668121952563524,0.13401304185390472,0.7145495414733887,0.12372177839279175
0.6613583564758301,0.06862103193998337,0.16100066900253296,0.0031002326868474483,0.07965441793203354,0.01645105704665184,0.009814276359975338
0.10109525173902512,0.009911597706377506,0.21258501708507538,0.00838217232376337,0.20281291007995605,0.40741437673568726,0.05779870226979256
0.011489972472190857,0.09869835525751114,0.0024705566465854645,0.008703569881618023,0.8227967619895935,0.010166032239794731,0.04567478597164154
0.1548192799091339,0.8243183493614197,0.010118539445102215,0.0006526229553855956,0.00567596172913909,0.0028389673680067062,0.0015763260889798403
0.27727586030960083,0.05097698047757149,0.15450340509414673,0.008888616226613522,0.4653928875923157,0.030352240428328514,0.012610116973519325
0.6443302035331726,0.025220578536391258,0.023678790777921677,0.002587927272543311,0.274943470954895,0.021947259083390236,0.007291721645742655
0.06914220750331879,0.012696337886154652,0.7384821772575378,0.0030443856958299875,0.14337067306041718,0.013096514157950878,0.02016768418252468
0.021707838401198387,0.022805385291576385,0.04449165239930153,0.0035502370446920395,0.2830987274646759,0.5908705592155457,0.03347558528184891
0.8521413207054138,0.08261549472808838,0.0325082503259182,0.0014433535980060697,0.01372209470719099,0.015973422676324844,0.0015960821183398366
0.2624530494213104,0.17980177700519562,0.09788837283849716,0.0012855248060077429,0.024993451312184334,0.4224565327167511,0.011121241375803947
0.1989975869655609,0.011915784329175949,0.7641686201095581,0.0015013456577435136,0.0126517154276371,0.006180766504257917,0.004584178794175386
0.771064043045044,0.07626941055059433,0.06337224692106247,0.003127719508484006,0.05496274679899216,0.026016749441623688,0.005187074188143015
0.003067334648221731,0.013909253291785717,0.0014849529834464192,0.8241212368011475,0.09879254549741745,0.05210413038730621,0.006520603317767382
0.6380483508110046,0.15638139843940735,0.044419337064027786,0.026154758408665657,0.04886234551668167,0.06817041337490082,0.017963413149118423
0.01653183251619339,0.02135033719241619,0.013557794503867626,0.07231920212507248,0.8611680865287781,0.009494984522461891,0.00557783292606473
0.0034131112042814493,0.003682945156469941,0.0005515908123925328,0.8345533609390259,0.10788924992084503,0.021443532779812813,0.02846631221473217
