anger,disgust,fear,joy,neutral,sadness,surprise
0.007886171340942383,0.0021741518285125494,0.0013665097067132592,0.3196747303009033,0.4994070529937744,0.014572210609912872,0.15491926670074463
0.02645210549235344,0.018127691000699997,0.003042668104171753,0.03205482289195061,0.8928237557411194,0.014903459697961807,0.012595510110259056
0.002751714549958706,0.004796331748366356,0.001236195326782763,0.7020670175552368,0.1975788027048111,0.06620869785547256,0.02536119893193245
0.22095321118831635,0.11056642234325409,0.07549846917390823,0.00349161634221673,0.21324235200881958,0.3724396228790283,0.003808271372690797
0.013188597746193409,0.002894599922001362,0.023671846836805344,0.02194191701710224,0.15094727277755737,0.6807805299758911,0.10657522082328796
0.0277116596698761,0.004638065118342638,0.9527011513710022,0.001189323142170906,0.007142744492739439,0.003574647009372711,0.00304248440079391
0.8426508903503418,0.01732972450554371,0.005597857292741537,0.002114180475473404,0.1175369843840599,0.008700700476765633,0.006069614551961422
0.029744107276201248,0.01717831939458847,0.007222258020192385,0.125680074095726,0.7939281463623047,0.016040407121181488,0.010206708684563637
0.0603727325797081,0.014686892740428448,0.1553678959608078,0.004705494269728661,0.7263069152832031,0.023088227957487106,0.015471791848540306
0.008434888906776905,0.01712927035987377,0.019815286621451378,0.004548441618680954,0.2049604207277298,0.6865264177322388,0.05858530476689339
0.006766073405742645,0.007714738603681326,0.004735319875180721,0.07164318859577179,0.8798413276672363,0.006755248177796602,0.022544024512171745
0.034985221922397614,0.07198889553546906,0.0063522011041641235,0.03845129534602165,0.674204409122467,0.16749826073646545,0.006519698072224855
0.07026292383670807,0.0180259570479393,0.06683624535799026,0.00718622887507081,0.730851411819458,0.08714643120765686,0.019690869376063347
0.0071983239613473415,0.015966683626174927,0.0019118841737508774,0.5964434146881104,0.3328303098678589,0.03148685768246651,0.014162530191242695
