anger,disgust,fear,joy,neutral,sadness,surprise
0.02340134233236313,0.29033371806144714,0.28534895181655884,0.04465869441628456,0.32111215591430664,0.02417975664138794,0.010965384542942047
0.4565468728542328,0.15699508786201477,0.0045382981188595295,0.008949040435254574,0.26292333006858826,0.09937353432178497,0.010673852637410164
0.012260173447430134,0.010411130264401436,0.0015815341612324119,0.014648962765932083,0.05849328264594078,0.8964309692382812,0.006173963658511639
0.5263866782188416,0.008601237088441849,0.4374330937862396,0.0017291884869337082,0.013510326854884624,0.009695823304355145,0.0026436748448759317
0.025780735537409782,0.20297177135944366,0.14589037001132965,0.0018548707012087107,0.4124476909637451,0.20139066874980927,0.009663917124271393
0.011019401252269745,0.010513409972190857,0.008084392175078392,0.050032034516334534,0.4456787705421448,0.005195549223572016,0.4694764018058777
0.02055206336081028,0.19195599853992462,0.01925716921687126,0.002300847787410021,0.0773567408323288,0.6359081864356995,0.052668970078229904
0.006659709848463535,0.012890585698187351,0.005179700907319784,0.008335750550031662,0.865111231803894,0.04191548004746437,0.05990757420659065
0.02460648864507675,0.7893827557563782,0.0713295042514801,0.0021539565641433,0.07632061094045639,0.005273523740470409,0.03093315288424492
0.015551705844700336,0.013908588327467442,0.0013807832729071379,0.004371810704469681,0.9560636878013611,0.004545673727989197,0.004177738446742296
0.04593595117330551,0.29336467385292053,0.007893241941928864,0.048548340797424316,0.13182617723941803,0.4678853154182434,0.004546329379081726
0.030996428802609444,0.04171140864491463,0.005604848265647888,0.09927314519882202,0.7743056416511536,0.04244888201355934,0.005659783259034157
0.16565461456775665,0.4297809898853302,0.219643697142601,0.0016944736707955599,0.11220385134220123,0.03711489215493202,0.03390764072537422
0.005500434432178736,0.003854283830150962,0.0027612969279289246,0.004570735152810812,0.924784243106842,0.008852741681039333,0.04967621713876724
0.05498247221112251,0.5742837190628052,0.06455857306718826,0.0012314568739384413,0.1234070360660553,0.06656522303819656,0.1149716004729271
0.012497251853346825,0.15003274381160736,0.006558232009410858,0.012807006947696209,0.7290744185447693,0.02345331571996212,0.06557703763246536
0.32678884267807007,0.21747489273548126,0.0034053418785333633,0.001996055943891406,0.3713756501674652,0.07112489640712738,0.007834239862859249
0.007681015878915787,0.046626485884189606,0.020268389955163002,0.010161388665437698,0.7772743701934814,0.030674569308757782,0.1073138415813446
0.05511956289410591,0.07464081794023514,0.006092961877584457,0.0016580973751842976,0.032980192452669144,0.8249861001968384,0.004522212781012058
0.022539060562849045,0.8375195264816284,0.004514413420110941,0.001943462761119008,0.10372303426265717,0.019618742167949677,0.010141686536371708
0.00819742027670145,0.09401091933250427,0.014761260710656643,0.0033240248449146748,0.7177948951721191,0.016596436500549316,0.14531491696834564
0.00483799958601594,0.004540668800473213,0.0020660131704062223,0.004493779502809048,0.9554314613342285,0.004505530931055546,0.02412457950413227
0.037120696157217026,0.26499053835868835,0.05506236478686333,0.0030408520251512527,0.2770382761955261,0.328518271446228,0.034229010343551636
0.029304150491952896,0.8652157783508301,0.06513509899377823,0.0015794738428667188,0.028968768194317818,0.006335990037769079,0.003460679668933153
0.004892324563115835,0.9236392378807068,0.02539837919175625,0.0006769633619114757,0.03429171070456505,0.00681457482278347,0.004286801442503929
0.008517380803823471,0.03301030769944191,0.4159943759441376,0.0029915038030594587,0.11604949086904526,0.011140982620418072,0.4122959077358246
0.029216362163424492,0.1885351836681366,0.15297093987464905,0.005438863765448332,0.4796314239501953,0.032100215554237366,0.11210692673921585
0.14059574902057648,0.47501859068870544,0.08942250907421112,0.003979578614234924,0.2228880226612091,0.020650263875722885,0.04744519665837288
0.04475491866469383,0.528351366519928,0.26593539118766785,0.001449835253879428,0.0316801443696022,0.1173936128616333,0.010434751398861408
0.11948151886463165,0.29142242670059204,0.02867746539413929,0.00193681416567415,0.4136185646057129,0.12642985582351685,0.018433431163430214
0.15315751731395721,0.022836491465568542,0.21974949538707733,0.004368157126009464,0.1256563663482666,0.46359115839004517,0.010640791617333889
0.009267489425837994,0.011328951455652714,0.0020568931940943003,0.07988114655017853,0.8625639081001282,0.029387474060058594,0.005514094140380621
0.041810862720012665,0.70651775598526,0.11918585002422333,0.0032450431026518345,0.10639572888612747,0.011043231002986431,0.011801574379205704
0.04397642984986305,0.07163923233747482,0.24761350452899933,0.003499629907310009,0.09049971401691437,0.5356423258781433,0.007129188161343336
0.005367857404053211,0.03176674619317055,0.009544594213366508,0.09366580098867416,0.8271778225898743,0.006660716142505407,0.025816436856985092
0.005281769670546055,0.007946043275296688,0.010266100987792015,0.006323877722024918,0.9409027099609375,0.014593450352549553,0.01468596514314413
0.007750978227704763,0.04243898391723633,0.0030683837831020355,0.007421358022838831,0.9243449568748474,0.005464276298880577,0.009511131793260574
0.012179795652627945,0.1289481222629547,0.09778216481208801,0.03191883862018585,0.6581852436065674,0.03565233200788498,0.03533346578478813
0.01385837234556675,0.639350175857544,0.16937972605228424,0.004504155367612839,0.09231877326965332,0.007896930910646915,0.07269179075956345
