anger,disgust,fear,joy,neutral,sadness,surprise
0.011221841908991337,0.3153444528579712,0.00869317352771759,0.5479992628097534,0.019620709121227264,0.09422420710325241,0.0028962935321033
0.01996123418211937,0.13836412131786346,0.0015650708228349686,0.07712315022945404,0.7114108204841614,0.030979547649621964,0.02059601992368698
0.024169987067580223,0.13596904277801514,0.007456820923835039,0.20523443818092346,0.5583995580673218,0.05898905545473099,0.009781137108802795
0.028546659275889397,0.1146150752902031,0.16779524087905884,0.003543135477229953,0.4825962781906128,0.1586054563522339,0.0442981943488121
0.18780763447284698,0.6839985251426697,0.04277227446436882,0.0018878716509789228,0.010470462031662464,0.07064701616764069,0.002416227012872696
0.09133458882570267,0.5221937298774719,0.1335219144821167,0.0012238624040037394,0.18642565608024597,0.061592426151037216,0.003707851516082883
0.004411865025758743,0.9900597333908081,0.0026738306041806936,0.00028186265262775123,0.000968462263699621,0.00118901242967695,0.0004152131441514939
0.020714307203888893,0.006941972766071558,0.9238551259040833,0.0020351926796138287,0.037035319954156876,0.004841598216444254,0.004576396197080612
0.05205593258142471,0.2364528924226761,0.08522866666316986,0.004922228399664164,0.37627729773521423,0.20629966259002686,0.038763370364904404
0.6045784950256348,0.33179786801338196,0.01920831762254238,0.0015006732428446412,0.02441217005252838,0.013134648092091084,0.0053678276017308235
0.07443065941333771,0.12154439091682434,0.006035920232534409,0.005069301929324865,0.4594571590423584,0.06475337594747543,0.2687091827392578
0.035360466688871384,0.0073379455134272575,0.8119515776634216,0.001226196065545082,0.009485037066042423,0.13227495551109314,0.002363862469792366
0.16218142211437225,0.08148233592510223,0.028835974633693695,0.013124191202223301,0.40226471424102783,0.30758368968963623,0.0045277029275894165
0.12278451770544052,0.8086894154548645,0.01842842809855938,0.001551833818666637,0.02226429618895054,0.025456806644797325,0.0008246357319876552
0.04766334593296051,0.4389364421367645,0.010851142928004265,0.010033992119133472,0.26282060146331787,0.22634699940681458,0.0033474320080131292
0.7533640265464783,0.16706392168998718,0.022453678771853447,0.0007638824754394591,0.018587874248623848,0.0322355218231678,0.005531132686883211
0.08129202574491501,0.01814896985888481,0.8670424818992615,0.0009040464065037668,0.018703149631619453,0.011710967868566513,0.002198439324274659
0.528191089630127,0.04365041106939316,0.3273160755634308,0.007051669992506504,0.06866481155157089,0.02300466224551201,0.0021212587598711252
0.016641464084386826,0.03862803056836128,0.026839209720492363,0.000888586975634098,0.030612319707870483,0.8716259002685547,0.014764560386538506
0.04551364853978157,0.1240285262465477,0.0014449392911046743,0.030838673934340477,0.36278295516967773,0.42528992891311646,0.010101298801600933
0.007372511550784111,0.9101775884628296,0.02211805060505867,0.0033353944309055805,0.04438481852412224,0.010343823581933975,0.0022677918896079063
0.009471237659454346,0.09189829975366592,0.0061431219801306725,0.09710116684436798,0.733608067035675,0.05085768923163414,0.010920385830104351
0.005775865167379379,0.04167959466576576,0.020949838683009148,0.03401431813836098,0.8171890377998352,0.007590092718601227,0.07280126214027405
0.012716398574411869,0.02636563591659069,0.5427336096763611,0.005260180681943893,0.24332700669765472,0.009643022902309895,0.15995416045188904
