anger,disgust,fear,joy,neutral,sadness,surprise
0.02694467268884182,0.042687661945819855,0.021110467612743378,0.014097639359533787,0.488120973110199,0.34891387820243835,0.058124709874391556
0.6529343128204346,0.036481715738773346,0.005162936169654131,0.0030320107471197844,0.20425640046596527,0.0959770530462265,0.0021555484272539616
0.05290019139647484,0.8989283442497253,0.0018140650354325771,0.001539183547720313,0.020784858614206314,0.022028503939509392,0.002004976151511073
0.7966036796569824,0.09752883017063141,0.014493436552584171,0.0018322827527299523,0.08048567920923233,0.006795801222324371,0.0022602227982133627
0.01172636914998293,0.012607634998857975,0.31859689950942993,0.004961112514138222,0.12823742628097534,0.5171223282814026,0.006748264655470848
0.6816345453262329,0.0346188098192215,0.0013746952172368765,0.0026330025866627693,0.04543871432542801,0.22847531735897064,0.005824907682836056
0.01867961883544922,0.015991121530532837,0.0031287544406950474,0.26990365982055664,0.6192731261253357,0.0031632266473025084,0.06986048817634583
0.01586763747036457,0.8956101536750793,0.05619819462299347,0.0010497213806957006,0.02160610444843769,0.006546130403876305,0.0031220728997141123
0.0623798742890358,0.09753325581550598,0.0027747417334467173,0.07037903368473053,0.7517905831336975,0.005176035687327385,0.009966524317860603
0.009740681387484074,0.0046953121200203896,0.0008652636897750199,0.5647719502449036,0.359758198261261,0.005519505124539137,0.05464905872941017
0.033839624375104904,0.0784987062215805,0.004275122191756964,0.005478045903146267,0.7927924394607544,0.05563582479953766,0.02948022447526455
0.022406011819839478,0.010038177482783794,0.0006507645593956113,0.6950113773345947,0.22917206585407257,0.004201195202767849,0.03852038085460663
0.34675613045692444,0.15692748129367828,0.0553324930369854,0.003445746609941125,0.3571505844593048,0.04573551192879677,0.03465202450752258
0.2985934615135193,0.28491050004959106,0.030512994155287743,0.005358746275305748,0.26668161153793335,0.03569917008280754,0.07824349403381348
0.6406307220458984,0.22195318341255188,0.016295231878757477,0.0022722394205629826,0.08863925188779831,0.0217070784419775,0.008502235636115074
0.08245618641376495,0.1079598069190979,0.006189744919538498,0.008312936872243881,0.7606785893440247,0.018497660756111145,0.015905098989605904
0.035026006400585175,0.040934208780527115,0.005956558044999838,0.05821739137172699,0.808780312538147,0.0112364012748003,0.03984915837645531
0.016570333391427994,0.4942217171192169,0.004722890444099903,0.004343422595411539,0.46616923809051514,0.005429255310446024,0.008543168194591999
