anger,disgust,fear,joy,neutral,sadness,surprise
0.004817917011678219,0.016215207055211067,0.0042740777134895325,0.016431111842393875,0.050092775374650955,0.9051602482795715,0.003008656669408083
0.010520207695662975,0.05151312053203583,0.004056769888848066,0.43032145500183105,0.34394559264183044,0.06204008311033249,0.09760285913944244
0.04787438362836838,0.4308515787124634,0.004496071953326464,0.009618152864277363,0.20420223474502563,0.27581271529197693,0.02714489959180355
0.0011476259678602219,0.0019189208978787065,0.0005951627972535789,0.001407982432283461,0.006214440334588289,0.9807612895965576,0.007954582571983337
0.01062949188053608,0.005225153174251318,0.0052558016031980515,0.003059735056012869,0.04094068706035614,0.06403142213821411,0.8708576560020447
0.04356442764401436,0.002378321485593915,0.8667805194854736,0.00272639119066298,0.013740982860326767,0.0042564757168293,0.06655280292034149
0.027268990874290466,0.21263562142848969,0.003949956502765417,0.24169009923934937,0.48526066541671753,0.024920614436268806,0.004274160135537386
0.34481701254844666,0.09070169925689697,0.0033467388711869717,0.007010788656771183,0.1309865415096283,0.41248711943626404,0.010650035925209522
0.6485711932182312,0.2745334208011627,0.011232475750148296,0.002901599509641528,0.04840114712715149,0.009945292957127094,0.0044148447923362255
0.4481312334537506,0.013142644427716732,0.42326846718788147,0.003012745175510645,0.029463443905115128,0.03332816809415817,0.04965342581272125
0.004135102964937687,0.004288016352802515,0.003674558363854885,0.0353974848985672,0.8823681473731995,0.021796509623527527,0.048340119421482086
0.01693941280245781,0.007971265353262424,0.02593522146344185,0.0017423342214897275,0.07574588060379028,0.0028524145018309355,0.8688135147094727
0.014689936302602291,0.016303973272442818,0.010478918440639973,0.034087423235177994,0.9073173403739929,0.0069932048209011555,0.01012913603335619
0.16221848130226135,0.13131488859653473,0.04655696824193001,0.011572510935366154,0.6354823112487793,0.004842278081923723,0.00801258347928524
0.07108356058597565,0.4436192810535431,0.018855102360248566,0.0013690443011000752,0.34893423318862915,0.10175001621246338,0.01438872329890728
0.9280443787574768,0.02260841429233551,0.001770070637576282,0.0012845853343605995,0.03124992735683918,0.005675883498042822,0.009366687387228012
0.0024186645168811083,0.021042829379439354,0.004649629816412926,0.0020277693402022123,0.06254556775093079,0.8997448086738586,0.007570644374936819
0.0445842482149601,0.3320123255252838,0.005427375435829163,0.004415565636008978,0.5443964600563049,0.01253085769712925,0.05663320794701576
0.004255106206983328,0.9879498481750488,0.0011794955935329199,0.00048155689728446305,0.003872009925544262,0.0015468435594812036,0.00071514374576509
0.04786898195743561,0.6343506574630737,0.1740594059228897,0.005000054836273193,0.013110836036503315,0.12056629359722137,0.0050438023172318935
0.006551737431436777,0.9548913836479187,0.0029049364384263754,0.00917838979512453,0.02124556340277195,0.0034316962119191885,0.0017962772399187088
0.08845218271017075,0.8945204615592957,0.005431007128208876,0.0006594888982363045,0.005571221467107534,0.004595681559294462,0.0007698832778260112
0.06507880985736847,0.48622193932533264,0.045146793127059937,0.004350645467638969,0.352020263671875,0.02832072600722313,0.018860816955566406
0.04324844852089882,0.8714147806167603,0.008677823469042778,0.0009606550447642803,0.06468109041452408,0.008347689174115658,0.002669496927410364
0.13533581793308258,0.03471831604838371,0.026540901511907578,0.0030551408417522907,0.09274370968341827,0.471211701631546,0.23639437556266785
0.41860219836235046,0.13359256088733673,0.0032650178764015436,0.011048351414501667,0.3473391830921173,0.0778392106294632,0.00831344723701477
0.032249920070171356,0.08739230036735535,0.08798146992921829,0.003274964401498437,0.39698562026023865,0.29885661602020264,0.09325908869504929
0.0070838951505720615,0.011490514501929283,0.0018167063826695085,0.04863382503390312,0.914455771446228,0.006200355477631092,0.010318965651094913
0.014664627611637115,0.013536485843360424,0.005488227587193251,0.004363079089671373,0.05887854844331741,0.005614443216472864,0.8974546194076538
0.021217934787273407,0.1547352820634842,0.3349360525608063,0.006866114214062691,0.325924813747406,0.11871957778930664,0.03760021924972534
0.013463414274156094,0.6324244141578674,0.002843055874109268,0.03444919362664223,0.27802059054374695,0.0157660860568285,0.02303321287035942
0.014693781733512878,0.07839800417423248,0.005871909204870462,0.060291141271591187,0.784475564956665,0.0422646701335907,0.014004968106746674
0.003314992180094123,0.003280140459537506,0.9493551254272461,0.0015764934942126274,0.024473436176776886,0.006495290901511908,0.011504661291837692
0.03327415511012077,0.8174138069152832,0.09139908105134964,0.001301800599321723,0.031132958829402924,0.02118668705224991,0.004291397053748369
0.023745901882648468,0.5391855835914612,0.013909841887652874,0.13952751457691193,0.1654747575521469,0.11111832410097122,0.0070381490513682365
0.19113130867481232,0.028426392003893852,0.007484618574380875,0.0016548518324270844,0.052232809364795685,0.708806574344635,0.010263427160680294
0.09172455966472626,0.06171324476599693,0.0033003308344632387,0.0019374463008716702,0.1121884435415268,0.7238835692405701,0.005252465605735779
0.7750320434570312,0.12694436311721802,0.005138136446475983,0.001170752220787108,0.07722873240709305,0.007389903999865055,0.007096069864928722
0.034147877246141434,0.017611300572752953,0.0017712995177134871,0.006537219509482384,0.9264259338378906,0.004650398623198271,0.008856071159243584
0.004019107203930616,0.016435006633400917,0.002202738542109728,0.005209662020206451,0.9169005751609802,0.01163780502974987,0.04359513521194458
0.13882949948310852,0.053941793739795685,0.001785552129149437,0.0092999916523695,0.4561355412006378,0.038067739456892014,0.30193984508514404
0.016978729516267776,0.17367136478424072,0.040604352951049805,0.00392117677256465,0.08541397750377655,0.6656059622764587,0.013804438523948193
0.00767048355191946,0.005874935071915388,0.006517680827528238,0.7696888446807861,0.06620020419359207,0.04564378783106804,0.09840399771928787
0.0010290478821843863,0.001159804523922503,0.0002308486436959356,0.9904448390007019,0.0026352631393820047,0.0015631734859198332,0.0029371290002018213
