anger,disgust,fear,joy,neutral,sadness,surprise
0.010049102827906609,0.01577017642557621,0.004029578063637018,0.13675828278064728,0.7819650769233704,0.021058430895209312,0.030369380488991737
0.005024876445531845,0.008410908281803131,0.0011022200342267752,0.011434203945100307,0.9547023773193359,0.002641826868057251,0.01668357104063034
0.032143913209438324,0.04461592808365822,0.00559450127184391,0.01343446969985962,0.8583285212516785,0.024523166939616203,0.021359475329518318
0.031632713973522186,0.025810319930315018,0.002544229384511709,0.04304270073771477,0.8836599588394165,0.00891384668648243,0.004396229516714811
0.1471252739429474,0.018649447709321976,0.23908720910549164,0.011371183209121227,0.46119898557662964,0.11381698399782181,0.008750878274440765
0.00471758097410202,0.008909295313060284,0.004797265399247408,0.0023278139997273684,0.04203345254063606,0.9258421063423157,0.01137248333543539
0.6796641945838928,0.06342495232820511,0.005580245051532984,0.008606274612247944,0.22414711117744446,0.010623481124639511,0.007953675463795662
0.03190804645419121,0.03575533255934715,0.0031346199102699757,0.0029454503674060106,0.9064635038375854,0.012213687412440777,0.007579323370009661
0.40134966373443604,0.3093925416469574,0.010229849256575108,0.0026842185761779547,0.24174030125141144,0.032987743616104126,0.0016157024074345827
0.06736334413290024,0.10320135205984116,0.007305108476430178,0.01654820889234543,0.7733567953109741,0.028254404664039612,0.00397079810500145
0.6718662977218628,0.17510665953159332,0.004968753084540367,0.0021948479115962982,0.0701194703578949,0.07372690737247467,0.002016994636505842
0.8738591074943542,0.09423110634088516,0.004118144977837801,0.0013506811810657382,0.016378937289118767,0.009243789128959179,0.0008181257289834321
0.013893196359276772,0.006164904218167067,0.0019809051882475615,0.08682557940483093,0.8305067420005798,0.0075621348805725574,0.053066615015268326
0.7812102437019348,0.09451810270547867,0.003574816510081291,0.02403159625828266,0.0825018361210823,0.013198754750192165,0.0009647297556512058
0.1017007976770401,0.08382932841777802,0.0032605514861643314,0.02574765309691429,0.5637603402137756,0.2159947007894516,0.0057066986337304115
0.017614567652344704,0.01751217432320118,0.0016388926887884736,0.004358355421572924,0.9478352069854736,0.00598721532151103,0.005053471773862839
0.08884724974632263,0.05905548855662346,0.013561814092099667,0.0029520862735807896,0.8222700357437134,0.008398259058594704,0.004915138240903616
0.03178621456027031,0.05294361710548401,0.0030126802157610655,0.5311850309371948,0.33138757944107056,0.03707883507013321,0.012606063857674599
