anger,disgust,fear,joy,neutral,sadness,surprise
0.04827104136347771,0.03833239898085594,0.5906828045845032,0.017074260860681534,0.27032914757728577,0.011077969335019588,0.024232404306530952
0.02695150300860405,0.02484346739947796,0.004388582892715931,0.12797945737838745,0.8049384951591492,0.004096378572285175,0.006802065297961235
0.6471366882324219,0.10840635746717453,0.2133500576019287,0.0012123483465984464,0.00812506303191185,0.018300065770745277,0.0034694764763116837
0.024082235991954803,0.006971369031816721,0.8349072933197021,0.01524083036929369,0.09685811400413513,0.017383024096488953,0.004557136446237564
0.046821292489767075,0.6211810111999512,0.0362163744866848,0.005375878419727087,0.03227081522345543,0.2542867660522461,0.003847951302304864
0.09169376641511917,0.1503055989742279,0.04792872443795204,0.002828175900503993,0.5533026456832886,0.06367234885692596,0.09026869386434555
0.49931594729423523,0.15875230729579926,0.09732828289270401,0.005754911806434393,0.16741487383842468,0.06810412555932999,0.0033295410685241222
0.005645721219480038,0.9828187823295593,0.005704981274902821,0.0007044036756269634,0.001310787396505475,0.00345651269890368,0.0003589181287679821
0.031976740807294846,0.03653044253587723,0.1032516211271286,0.09338957816362381,0.5748242139816284,0.12579095363616943,0.03423640877008438
0.4930446743965149,0.10523942112922668,0.29088687896728516,0.0032036369666457176,0.017145441845059395,0.016652783378958702,0.07382704317569733
0.05044335126876831,0.042662475258111954,0.03624683991074562,0.0027181748300790787,0.7046517729759216,0.15143918991088867,0.011838175356388092
0.04785802215337753,0.021494265645742416,0.6236050724983215,0.0037542437203228474,0.21971014142036438,0.03852088004350662,0.04505741223692894
0.06436223536729813,0.877429187297821,0.012534153647720814,0.0007331044180318713,0.01759013533592224,0.021549416705965996,0.005801809020340443
0.0032610350754112005,0.004580029286444187,0.0006888685747981071,0.014465004205703735,0.9219404458999634,0.009590833447873592,0.045473720878362656
0.0028642925899475813,0.003926078323274851,0.008395961485803127,0.4449130594730377,0.37551820278167725,0.13608823716640472,0.02829417772591114
0.0836339145898819,0.30192115902900696,0.027225960046052933,0.005538024473935366,0.5178981423377991,0.05732094123959541,0.006461914163082838
0.030802754685282707,0.017994029447436333,0.1098468154668808,0.0031894666608422995,0.4652562737464905,0.038554128259420395,0.3343565762042999
0.03023015335202217,0.039957158267498016,0.00438929907977581,0.01903931424021721,0.8806911706924438,0.022704826667904854,0.0029880765359848738
0.3474912941455841,0.14435233175754547,0.009395433589816093,0.0021536711137741804,0.3202780783176422,0.17051322758197784,0.005815946497023106
0.2554442286491394,0.034842927008867264,0.03161607310175896,0.0021044930908828974,0.5861691832542419,0.07261361926794052,0.01720946468412876
0.33486324548721313,0.4396786689758301,0.09483914077281952,0.0030351164750754833,0.07811689376831055,0.04582348093390465,0.0036434666253626347
0.046836916357278824,0.06765645742416382,0.03363702818751335,0.011891629546880722,0.67780601978302,0.07011426240205765,0.09205768257379532
0.011504811234772205,0.012466461397707462,0.0036979818250983953,0.02347164787352085,0.5018934607505798,0.0076876450330019,0.4392779469490051
0.3874722421169281,0.4512895941734314,0.01534788403660059,0.001294428133405745,0.10005981475114822,0.034791894257068634,0.009744139388203621
0.00539643969386816,0.005635707173496485,0.005411083810031414,0.011424236930906773,0.9413579106330872,0.004752453416585922,0.02602214179933071
0.3626406788825989,0.507703423500061,0.014368189498782158,0.004298840649425983,0.0931442454457283,0.016488855704665184,0.0013557490892708302
0.41342490911483765,0.1324593722820282,0.018264219164848328,0.005974729545414448,0.39714953303337097,0.02639438584446907,0.006332785356789827
0.03414899855852127,0.06802348047494888,0.0023227224592119455,0.5765995383262634,0.3035084903240204,0.009595463052392006,0.005801257211714983
0.16501349210739136,0.20756955444812775,0.5079571008682251,0.002636791206896305,0.08390247076749802,0.02998887374997139,0.0029317999724298716
0.010784507729113102,0.63106769323349,0.013331050984561443,0.06492865085601807,0.20670358836650848,0.0648621916770935,0.008322319947183132
0.095443494617939,0.7875496745109558,0.10273857414722443,0.0015236865729093552,0.006547893397510052,0.00504741445183754,0.0011492475168779492
0.06312420219182968,0.018350183963775635,0.07574595510959625,0.016977157443761826,0.7884266972541809,0.019497588276863098,0.01787821389734745
0.042519353330135345,0.13531509041786194,0.06090893968939781,0.007806820794939995,0.6312406063079834,0.10582365840673447,0.016385585069656372
0.44005608558654785,0.19434158504009247,0.01029705535620451,0.003822533180937171,0.21255932748317719,0.13614104688167572,0.002782281022518873
0.02503965236246586,0.9420516490936279,0.005034802947193384,0.0016627120785415173,0.010132278315722942,0.007736707106232643,0.008342258632183075
