anger,disgust,fear,joy,neutral,sadness,surprise
0.0033476457465440035,0.004756786860525608,0.0034606081899255514,0.7566354870796204,0.1828434020280838,0.04259688779711723,0.006359195802360773
0.05319152772426605,0.09038294851779938,0.003333131782710552,0.07963509112596512,0.7590131759643555,0.01123209297657013,0.0032120707910507917
0.057925090193748474,0.7946590781211853,0.0031995619647204876,0.00267588859423995,0.06627953052520752,0.07344325631856918,0.0018176998710259795
0.12793001532554626,0.05141611024737358,0.48763349652290344,0.07704199850559235,0.21473993360996246,0.030385518446564674,0.010852986015379429
0.012465487234294415,0.20331420004367828,0.0019811345264315605,0.4456409513950348,0.31948885321617126,0.013397744856774807,0.003711532335728407
0.005355283617973328,0.0007476325263269246,0.9550568461418152,0.0010976617923006415,0.002273106249049306,0.03287787735462189,0.0025916460435837507
0.003599687945097685,0.019605230540037155,0.003619060618802905,0.003975668456405401,0.9530187249183655,0.0051557524129748344,0.011025844141840935
0.04358580335974693,0.1019091010093689,0.16542261838912964,0.41747406125068665,0.12151845544576645,0.13592515885829926,0.014164838008582592
0.1432100534439087,0.6076503992080688,0.002680011559277773,0.0019171545282006264,0.22117099165916443,0.020626962184906006,0.0027443694416433573
0.0690472349524498,0.11185553669929504,0.017205895856022835,0.022175192832946777,0.30004701018333435,0.47482791543006897,0.004841164220124483
0.0021253882441669703,0.03724018111824989,0.027117138728499413,0.0018361181719228625,0.024468429386615753,0.903249979019165,0.00396280363202095
0.01979544386267662,0.021073898300528526,0.0017225544434040785,0.015466183423995972,0.9278303384780884,0.010657538659870625,0.003453971352428198
