anger,disgust,fear,joy,neutral,sadness,surprise
0.006643326487392187,0.01606239192187786,0.0024274580646306276,0.4428001940250397,0.20449620485305786,0.29125839471817017,0.03631202504038811
0.012577230110764503,0.40098151564598083,0.006153031252324581,0.36616840958595276,0.19418151676654816,0.009760088287293911,0.010178226046264172
0.05552554875612259,0.7138020396232605,0.04565340653061867,0.009532161056995392,0.14640121161937714,0.02259409986436367,0.006491560488939285
0.006020309403538704,0.008292089216411114,0.04906002804636955,0.013991409912705421,0.20362228155136108,0.5928251147270203,0.12618878483772278
0.11976507306098938,0.7882117033004761,0.009116658009588718,0.001968429423868656,0.06102195754647255,0.0182097926735878,0.001706314622424543
0.017821772024035454,0.02414233610033989,0.0020568640902638435,0.009204135276377201,0.8965184092521667,0.006863472051918507,0.043392930179834366
0.10587199032306671,0.0321730338037014,0.25174054503440857,0.0022410217206925154,0.21955923736095428,0.22728754580020905,0.16112667322158813
0.09281017631292343,0.06576605886220932,0.0060020750388503075,0.002929588546976447,0.1440432220697403,0.639674186706543,0.04877476394176483
0.059023842215538025,0.03590977191925049,0.009480402804911137,0.0560312420129776,0.5431662797927856,0.29121342301368713,0.005175077822059393
0.029440974816679955,0.8459910750389099,0.043212175369262695,0.0009098200825974345,0.05769763141870499,0.016758980229496956,0.005989394150674343
0.05306281894445419,0.12598276138305664,0.03311511129140854,0.004858783446252346,0.6990312933921814,0.0773799791932106,0.006569205783307552
0.3186250329017639,0.03139210119843483,0.07735727727413177,0.002144626574590802,0.5146414041519165,0.040200937539339066,0.015638593584299088
0.00776752270758152,0.09850820899009705,0.01774958334863186,0.004939047619700432,0.32425186038017273,0.5351850390434265,0.011598750948905945
0.12791527807712555,0.3999008536338806,0.005681758746504784,0.009984323754906654,0.3720385730266571,0.06826616078615189,0.016213050112128258
0.5008402466773987,0.14211203157901764,0.16547651588916779,0.003531424095854163,0.08647444099187851,0.09425150603055954,0.007313837297260761
0.15350671112537384,0.10157888382673264,0.07681533694267273,0.0028343237936496735,0.04373989999294281,0.6136033535003662,0.007921443320810795
0.016310719773173332,0.057150132954120636,0.4424469769001007,0.005245803389698267,0.36454981565475464,0.04496397450566292,0.06933251768350601
0.01673010177910328,0.00312939565628767,0.9456754922866821,0.0011094198562204838,0.022491246461868286,0.006204645149409771,0.004659758415073156
0.09013987332582474,0.026465069502592087,0.6521408557891846,0.002836726838722825,0.14235733449459076,0.07967255264520645,0.006387495435774326
0.3025285005569458,0.03759979456663132,0.43602821230888367,0.0021263756789267063,0.10287769138813019,0.10095436125993729,0.017885159701108932
0.0546669065952301,0.09350616484880447,0.4746738374233246,0.0031552675645798445,0.1931278109550476,0.14524643123149872,0.03562352806329727
0.010505915619432926,0.023104507476091385,0.00397767499089241,0.01962140202522278,0.930046796798706,0.003907048609107733,0.008836707100272179
