anger,disgust,fear,joy,neutral,sadness,surprise
0.012331824749708176,0.008103825151920319,0.004023388028144836,0.034372877329587936,0.11304082721471786,0.8066376447677612,0.02148967795073986
0.14039373397827148,0.013560818508267403,0.014811191707849503,0.3565402626991272,0.34792211651802063,0.10968933254480362,0.017082566395401955
0.029413266107439995,0.0167025625705719,0.6977753639221191,0.0028855723794549704,0.08056014776229858,0.06161895766854286,0.11104413866996765
0.00970966275781393,0.0021746009588241577,0.94329833984375,0.0010534152388572693,0.0078046987764537334,0.009127498604357243,0.02683176100254059
0.10307147353887558,0.4686051309108734,0.0093245143070817,0.0033088671043515205,0.3830612599849701,0.014702760614454746,0.017926055938005447
0.20618398487567902,0.02382536232471466,0.729253888130188,0.002108885208144784,0.026437105610966682,0.007127599325031042,0.005063125863671303
0.011794935911893845,0.05015879124403,0.06102612987160683,0.020675156265497208,0.833037257194519,0.01711064949631691,0.00619694497436285
0.3352816104888916,0.14780734479427338,0.006542152725160122,0.024343106895685196,0.38321104645729065,0.09852787107229233,0.004286838695406914
0.02166000008583069,0.4490151107311249,0.13832546770572662,0.0057240440510213375,0.1213798001408577,0.21761709451675415,0.04627865180373192
0.033941131085157394,0.05329745262861252,0.003569910069927573,0.090981625020504,0.7891026139259338,0.024511361494660378,0.004595907870680094
0.0032693285029381514,0.012257889844477177,0.02419399283826351,0.0009611400309950113,0.023285433650016785,0.9283598065376282,0.007672456093132496
0.02617497183382511,0.0345696322619915,0.006684537976980209,0.05353834852576256,0.8003426790237427,0.07567692548036575,0.0030128564685583115
0.01078241690993309,0.003232317976653576,0.001399258733727038,0.06777127832174301,0.8661565184593201,0.004962385632097721,0.04569584131240845
0.00370760983787477,0.08249644935131073,0.007133599370718002,0.028931671753525734,0.8161711096763611,0.051840249449014664,0.009719382040202618
0.005496274214237928,0.03142499923706055,0.006663173902779818,0.001861691940575838,0.03486275300383568,0.9180061221122742,0.001684968825429678
0.4304307699203491,0.03908035531640053,0.009545572102069855,0.027232635766267776,0.4709707498550415,0.015970848500728607,0.006769074592739344
0.3797696828842163,0.16514843702316284,0.13384823501110077,0.004998428281396627,0.29609519243240356,0.012568450532853603,0.007571606431156397
0.05804968997836113,0.08841753751039505,0.02804258093237877,0.09844646602869034,0.658768355846405,0.06480378657579422,0.003471546107903123
0.002247787779197097,0.005562701728194952,0.002568032592535019,0.0009830553317442536,0.008797924034297466,0.9779490232467651,0.001891529536806047
0.007175388280302286,0.010941905900835991,0.29011961817741394,0.0056433952413499355,0.5125297904014587,0.040766313672065735,0.13282352685928345
0.038382403552532196,0.004374374635517597,0.9195231199264526,0.002125359373167157,0.025877567008137703,0.0028432365506887436,0.006874035578221083
0.31735098361968994,0.2255214899778366,0.20796707272529602,0.0046666208654642105,0.048928748816251755,0.14222176373004913,0.05334329605102539
0.003443409688770771,0.045038916170597076,0.014252977445721626,0.008740887977182865,0.8321676850318909,0.043850164860486984,0.052505895495414734
0.08601748198270798,0.11202581971883774,0.028585830703377724,0.030493713915348053,0.6867203712463379,0.03856842964887619,0.017588399350643158
