anger,disgust,fear,joy,neutral,sadness,surprise
0.01811300404369831,0.003499106038361788,0.026718171313405037,0.25540590286254883,0.26468050479888916,0.2508935034275055,0.18068979680538177
0.006936183664947748,0.006880358327180147,0.002188553335145116,0.009688440710306168,0.8770291209220886,0.014942817389965057,0.0823344737291336
0.023924345150589943,0.052539560943841934,0.004501007962971926,0.2363419234752655,0.5547100305557251,0.011485273949801922,0.11649782210588455
0.017757004126906395,0.02713197097182274,0.00755913183093071,0.2183573693037033,0.7059223651885986,0.015347965061664581,0.007924247533082962
0.57187420129776,0.08946045488119125,0.0154013866558671,0.0022728152107447386,0.23010829091072083,0.07823101431131363,0.012651931494474411
0.005152377299964428,0.00489827198907733,0.0009491247474215925,0.06399531662464142,0.8835151791572571,0.008412830531597137,0.03307700529694557
0.006576198618859053,0.011786438524723053,0.005611426662653685,0.03732600063085556,0.17408643662929535,0.7394281029701233,0.025185391306877136
0.02615996263921261,0.028637731447815895,0.122223399579525,0.006283403839915991,0.6808161735534668,0.11028517037630081,0.025594091042876244
0.006984723266214132,0.00469624437391758,0.8737002015113831,0.006290853954851627,0.09541089087724686,0.0026635003741830587,0.0102536054328084
0.017930706962943077,0.010517214424908161,0.001989487325772643,0.023562340065836906,0.9312983155250549,0.005101694259792566,0.009600254707038403
0.009469253942370415,0.004134611692279577,0.0011754791485145688,0.06204318627715111,0.8806082606315613,0.011991961859166622,0.030577171593904495
0.9545412659645081,0.01757720671594143,0.005154153797775507,0.000774294079747051,0.018643440678715706,0.0026030372828245163,0.0007066612597554922
0.14007718861103058,0.04471403732895851,0.015576600097119808,0.020150531083345413,0.7224085927009583,0.03365810588002205,0.023414915427565575
0.042332861572504044,0.03471346199512482,0.01858585514128208,0.0022698077373206615,0.2608224153518677,0.6239730715751648,0.01730255037546158
0.26851341128349304,0.03293246030807495,0.5067387819290161,0.002944984706118703,0.15371641516685486,0.0071996827609837055,0.02795420028269291
0.05899320915341377,0.008403494954109192,0.006024573929607868,0.03167399391531944,0.4476378858089447,0.0037501303013414145,0.44351667165756226
0.16649745404720306,0.04670729860663414,0.26792070269584656,0.011994484812021255,0.4587251543998718,0.04092416912317276,0.007230717223137617
0.31489098072052,0.04809457063674927,0.009310203604400158,0.011871499009430408,0.15120190382003784,0.44992125034332275,0.014709561131894588
0.05950478836894035,0.09539078176021576,0.01291902456432581,0.004219053313136101,0.6882704496383667,0.12867476046085358,0.011021125130355358
0.026678118854761124,0.03513772040605545,0.00513133080676198,0.4843766391277313,0.39555448293685913,0.03164421394467354,0.02147756703197956
0.07284043729305267,0.9025668501853943,0.006837806664407253,0.0005852215108461678,0.006153462920337915,0.010269076563417912,0.0007470818818546832
0.026002060621976852,0.03389685973525047,0.04047596827149391,0.0026555389631539583,0.7945243716239929,0.09005340933799744,0.012391839176416397
0.9345346093177795,0.017612474039196968,0.004613716155290604,0.0014469280140474439,0.03035110980272293,0.0058595710434019566,0.005581563338637352
0.02692878246307373,0.017771370708942413,0.012861580587923527,0.009505702182650566,0.9047497510910034,0.0251216571778059,0.0030610919930040836
0.023441441357135773,0.1219106987118721,0.005232818890362978,0.006998173426836729,0.8172834515571594,0.014633568935096264,0.01049993745982647
0.026245465502142906,0.02878827601671219,0.0022869736421853304,0.43501025438308716,0.458554744720459,0.004855903796851635,0.04425831884145737
0.06559604406356812,0.7658839225769043,0.03945638984441757,0.009684838354587555,0.09618700295686722,0.01748349890112877,0.005708321928977966
0.1100526750087738,0.029562227427959442,0.6747470498085022,0.006512857042253017,0.12421533465385437,0.049270424991846085,0.005639469716697931
0.5536506772041321,0.324769526720047,0.006540458183735609,0.0019240378169342875,0.0820922702550888,0.028007669374346733,0.0030153754632920027
0.3773678243160248,0.09347847104072571,0.009984740056097507,0.0019322519656270742,0.07998008280992508,0.4312027096748352,0.00605388730764389
0.010825911536812782,0.0034791487269103527,0.0011323934886604548,0.04663388058543205,0.88056480884552,0.01895333267748356,0.03841051086783409
0.10447581857442856,0.09761185944080353,0.008839260786771774,0.1662679761648178,0.5922035574913025,0.009892839938402176,0.020708752796053886
0.37343090772628784,0.10959800332784653,0.009732760488986969,0.1504736840724945,0.29495176672935486,0.018855996429920197,0.042956821620464325
0.049683041870594025,0.03209878131747246,0.0049868798814713955,0.011418833397328854,0.11638260632753372,0.7647122144699097,0.02071765437722206
0.17274920642375946,0.03616884723305702,0.42681342363357544,0.0057264226488769054,0.2167758345603943,0.08432308584451675,0.05744315683841705
0.408139705657959,0.32629716396331787,0.05550768971443176,0.007215234916657209,0.1182904988527298,0.06965320557355881,0.01489640399813652
0.016151314601302147,0.005650362931191921,0.16983555257320404,0.04860040917992592,0.70052570104599,0.01933734118938446,0.03989925980567932
0.014897809363901615,0.0020638315472751856,0.004816279746592045,0.015180001966655254,0.9463213682174683,0.0046309176832437515,0.012089893221855164
0.8352168202400208,0.025762086734175682,0.04671548306941986,0.0015319654485210776,0.03247866407036781,0.051069509238004684,0.007225503213703632
0.07205432653427124,0.004500534851104021,0.015949662774801254,0.008767178282141685,0.8636195659637451,0.016776883974671364,0.01833181641995907
0.06471144407987595,0.008927474729716778,0.563447892665863,0.007032644469290972,0.2594408094882965,0.014459040015935898,0.08198073506355286
0.25506433844566345,0.02443416230380535,0.04816631227731705,0.013350925408303738,0.16715571284294128,0.0987682044506073,0.3930602967739105
0.19379788637161255,0.02240109257400036,0.6232935786247253,0.0018134551355615258,0.05417855083942413,0.08058351278305054,0.02393193729221821
0.19021528959274292,0.015831049531698227,0.40796518325805664,0.0027839678805321455,0.08785422891378403,0.25560253858566284,0.03974779322743416
0.6759004592895508,0.04594595357775688,0.011542982421815395,0.002333938842639327,0.14713141322135925,0.09983827918767929,0.017306948080658913
0.125783309340477,0.4140474200248718,0.04114776849746704,0.0014947912422940135,0.3448319435119629,0.0680534690618515,0.004641327075660229
0.005961487535387278,0.002545539289712906,0.9291894435882568,0.003442383836954832,0.04618539661169052,0.007186970207840204,0.005488887894898653
0.027587365359067917,0.020373672246932983,0.02084025740623474,0.005175174679607153,0.15243752300739288,0.7535855174064636,0.020000474527478218
0.09217362850904465,0.7773540019989014,0.008683078922331333,0.004014421254396439,0.04188484698534012,0.047968845814466476,0.027921143919229507
0.3898583948612213,0.11715706437826157,0.007087613921612501,0.002847521798685193,0.15783490240573883,0.3174874186515808,0.007727102842181921
0.016530821099877357,0.08698286861181259,0.005292672198265791,0.018526485189795494,0.34839168190956116,0.509916365146637,0.014359080232679844
0.24766500294208527,0.018597062677145004,0.008612921461462975,0.0021717073395848274,0.08551640808582306,0.592780590057373,0.04465630650520325
0.00727086840197444,0.01595502533018589,0.0020881607197225094,0.02755032107234001,0.837192714214325,0.0980006530880928,0.011942300014197826
0.018028754740953445,0.015189658850431442,0.001157525577582419,0.22485950589179993,0.7095195651054382,0.003712886478751898,0.027532029896974564
0.07613559067249298,0.03189783915877342,0.010180228389799595,0.14847970008850098,0.6265661120414734,0.010225328616797924,0.0965152308344841
0.012667077593505383,0.014111345633864403,0.0045770262368023396,0.051269177347421646,0.7643542885780334,0.06760933250188828,0.08541174232959747
0.012842499651014805,0.006879561580717564,0.0007579868542961776,0.06521753966808319,0.8785799145698547,0.010481618344783783,0.025240827351808548
0.029051989316940308,0.16123928129673004,0.009903130121529102,0.010733303613960743,0.17653053998947144,0.6028491258621216,0.009692677296698093
0.008485524915158749,0.020565900951623917,0.0034944340586662292,0.017438430339097977,0.9264567494392395,0.0188030656427145,0.00475601851940155
0.005922992248088121,0.00360955111682415,0.0016466170782223344,0.41699299216270447,0.4803667366504669,0.02758873999118805,0.06387237459421158
