anger,disgust,fear,joy,neutral,sadness,surprise
0.0055692377500236034,0.01250457763671875,0.004690687637776136,0.01421775110065937,0.92617267370224,0.014615587890148163,0.022229380905628204
0.014728602953255177,0.02997930906713009,0.0063047856092453,0.09288520365953445,0.7706353664398193,0.044788144528865814,0.040678538382053375
0.010576712898910046,0.4537472724914551,0.013836910016834736,0.025463378056883812,0.47457200288772583,0.010540132410824299,0.011263680644333363
0.029318232089281082,0.05184570699930191,0.0028049740940332413,0.007091757841408253,0.8869070410728455,0.0028594941832125187,0.019172752276062965
0.012017011642456055,0.24812300503253937,0.003246203064918518,0.010551896877586842,0.7105400562286377,0.004878957290202379,0.010642859153449535
0.06690988689661026,0.5234485864639282,0.11955976486206055,0.0020537578966468573,0.2676956057548523,0.008651127107441425,0.011681283824145794
0.278887540102005,0.6153959035873413,0.002495300257578492,0.0015487855998799205,0.08993376791477203,0.008969451300799847,0.0027692473959177732
0.006279276683926582,0.06212534382939339,0.3905198574066162,0.0030745987314730883,0.010933377780020237,0.0032272646203637123,0.5238403081893921
0.007436142768710852,0.004194968845695257,0.0025539835914969444,0.08813588321208954,0.8408689498901367,0.005883070174604654,0.05092701315879822
0.031378090381622314,0.24945366382598877,0.0027111221570521593,0.08922567963600159,0.6113247871398926,0.00636681541800499,0.009539805352687836
0.15195442736148834,0.2938099801540375,0.08371423929929733,0.0034066003281623125,0.4021657705307007,0.027185970917344093,0.03776297718286514
0.28324154019355774,0.09019389748573303,0.022546513006091118,0.428928017616272,0.15184268355369568,0.008814450353384018,0.014432902447879314
0.008729199878871441,0.16363003849983215,0.007572170812636614,0.042967986315488815,0.7631313800811768,0.004044413100928068,0.009924844838678837
0.0908646360039711,0.8823642730712891,0.006288760341703892,0.0007034582085907459,0.006017714738845825,0.013088011182844639,0.0006732196779921651
0.01856043003499508,0.18017426133155823,0.339200496673584,0.019683731719851494,0.40025681257247925,0.007330046966671944,0.03479422628879547
0.006564859300851822,0.012313302606344223,0.9108131527900696,0.00616080965846777,0.027019500732421875,0.0034567019902169704,0.0336717925965786
0.006950695998966694,0.9761063456535339,0.0014766753884032369,0.0004455870948731899,0.010225867852568626,0.004008181393146515,0.0007867401582188904
0.046908602118492126,0.17085051536560059,0.015775034204125404,0.035213835537433624,0.6952072978019714,0.01635550893843174,0.01968924142420292
0.02077234350144863,0.06751944124698639,0.004051212687045336,0.0034654715564101934,0.8932738900184631,0.004814606625586748,0.006103091407567263
0.21907563507556915,0.6497631072998047,0.0030725961551070213,0.002661909209564328,0.09731465578079224,0.026082731783390045,0.0020294091664254665
0.015427276492118835,0.021660007536411285,0.9220754504203796,0.007606327999383211,0.022884875535964966,0.007188708521425724,0.0031573825981467962
