anger,disgust,fear,joy,neutral,sadness,surprise
0.017754917964339256,0.16333045065402985,0.001767184236086905,0.7252313494682312,0.08388261497020721,0.005621214397251606,0.002412277739495039
0.12040028721094131,0.12391295284032822,0.06663322448730469,0.023592224344611168,0.5357634425163269,0.12382598966360092,0.005871955305337906
0.08987775444984436,0.25469517707824707,0.23617766797542572,0.002538941102102399,0.35725489258766174,0.053408801555633545,0.006046753376722336
0.012107178568840027,0.024721475318074226,0.0013951127184554935,0.018199583515524864,0.024944214150309563,0.9143192768096924,0.004313167650252581
0.24679270386695862,0.5541175603866577,0.15889662504196167,0.0012535633286461234,0.01221545971930027,0.025402287021279335,0.0013217690866440535
0.016650108620524406,0.022215837612748146,0.0032743888441473246,0.01015163492411375,0.9350573420524597,0.007339712232351303,0.005310994107276201
0.013266113586723804,0.009861094877123833,0.003981532528996468,0.053277235478162766,0.8876628875732422,0.004768909886479378,0.027182240039110184
0.01742030493915081,0.07204686850309372,0.013369575142860413,0.0009794612415134907,0.021528489887714386,0.8726809620857239,0.0019743796437978745
0.004988817032426596,0.028016772121191025,0.003167086513713002,0.12948207557201385,0.17872846126556396,0.6504820585250854,0.005134709179401398
0.10670679062604904,0.1644073724746704,0.1027163565158844,0.005789474118500948,0.13630692660808563,0.47828489542007446,0.005788295529782772
0.015201243571937084,0.6702167391777039,0.29596295952796936,0.001383757684379816,0.007118112873286009,0.005230765789747238,0.004886362701654434
0.04922720044851303,0.011970201507210732,0.8829767107963562,0.0020457771606743336,0.0391097329556942,0.006624074187129736,0.008046320639550686
0.029517754912376404,0.47214043140411377,0.44103753566741943,0.016722388565540314,0.014045922085642815,0.022936897352337837,0.0035991412587463856
0.06998831033706665,0.5827949047088623,0.008163372986018658,0.0032258587889373302,0.04776400700211525,0.2865518629550934,0.0015116253634914756
0.042208388447761536,0.238784521818161,0.057661209255456924,0.006261848844587803,0.26069697737693787,0.3913271725177765,0.0030598845332860947
0.040719207376241684,0.05876738950610161,0.12848176062107086,0.01906776800751686,0.37073615193367004,0.377379447221756,0.004848224576562643
0.018470201641321182,0.006014660000801086,0.0023602135479450226,0.6201173067092896,0.3191392421722412,0.022215768694877625,0.01168250571936369
0.017503751441836357,0.20058022439479828,0.008577071130275726,0.04561280086636543,0.1360616832971573,0.586703360080719,0.0049611893482506275
0.056022509932518005,0.25331637263298035,0.01169738918542862,0.0024288499262183905,0.16872628033161163,0.5020585060119629,0.005750076845288277
