anger,disgust,fear,joy,neutral,sadness,surprise
0.06926674395799637,0.47693854570388794,0.18872874975204468,0.0024673461448401213,0.149103581905365,0.1039980798959732,0.009496957994997501
0.04916684329509735,0.01074338611215353,0.009264014661312103,0.002277471125125885,0.015821631997823715,0.8969864249229431,0.0157401692122221
0.11027247458696365,0.05074533075094223,0.6687656044960022,0.003648669458925724,0.13450725376605988,0.028641782701015472,0.003418865380808711
0.01818561553955078,0.34413284063339233,0.43801259994506836,0.005567618645727634,0.10665031522512436,0.06744172424077988,0.020009232684969902
0.0032059410586953163,0.010835408233106136,0.0013576692435890436,0.009285351261496544,0.9522114992141724,0.004192194435745478,0.01891191303730011
0.05058741196990013,0.8665850162506104,0.07073739171028137,0.0013679848052561283,0.0059591019526124,0.002954702125862241,0.0018083492759615183
0.04446059465408325,0.1235189437866211,0.03059900924563408,0.005703985691070557,0.7789479494094849,0.012278487905859947,0.00449109124019742
0.0250268392264843,0.7730851769447327,0.03713670000433922,0.0033980580046772957,0.1383255422115326,0.01689022034406662,0.006137294694781303
0.03052354045212269,0.2640058994293213,0.02582630328834057,0.2601601481437683,0.36657455563545227,0.026829643175005913,0.02607988566160202
0.10677202045917511,0.5648735165596008,0.0073525570333004,0.05339266359806061,0.25374463200569153,0.009796619415283203,0.0040679327212274075
0.016699299216270447,0.032394032925367355,0.006218146998435259,0.021380947902798653,0.8510640263557434,0.03190704807639122,0.04033644124865532
0.02622433938086033,0.7419901490211487,0.003974850755184889,0.08929681032896042,0.11744409799575806,0.018947867676615715,0.0021218659821897745
0.2676246464252472,0.13929322361946106,0.4454595446586609,0.0018431061180308461,0.017864493653178215,0.11421152204275131,0.013703386299312115
0.0150126488879323,0.8936413526535034,0.008925510570406914,0.01628596894443035,0.0554363839328289,0.007028620690107346,0.003669485915452242
0.0775439590215683,0.02700488641858101,0.009231068193912506,0.7834967374801636,0.09348921477794647,0.003978755325078964,0.0052553946152329445
0.02611905336380005,0.09431714564561844,0.013554578647017479,0.0032463285606354475,0.4925817549228668,0.35388997197151184,0.016291234642267227
0.13145333528518677,0.1600361466407776,0.010967017151415348,0.00397881492972374,0.6544990539550781,0.035588815808296204,0.00347682717256248
0.15804047882556915,0.09222090989351273,0.03007018193602562,0.004929470829665661,0.42765501141548157,0.28253883123397827,0.004545158706605434
0.010043169371783733,0.10309667885303497,0.006107943598181009,0.022442013025283813,0.5417007803916931,0.294952929019928,0.021656440570950508
0.012236466631293297,0.02192181535065174,0.013197630643844604,0.0011494006030261517,0.0800943449139595,0.851171612739563,0.020228639245033264
0.019146893173456192,0.048729054629802704,0.008130780421197414,0.007013092283159494,0.8823203444480896,0.007219022139906883,0.027440844103693962
0.0693037360906601,0.02080763690173626,0.03274860233068466,0.00669419951736927,0.827794075012207,0.03454197943210602,0.008109694346785545
0.019775064662098885,0.005437904503196478,0.010469501838088036,0.04423138126730919,0.5816919803619385,0.0037693099584430456,0.3346248269081116
0.9733206629753113,0.01646873541176319,0.0020234817638993263,0.00038542263791896403,0.005079589784145355,0.0013383778277784586,0.0013836160069331527
0.5174208879470825,0.03882595896720886,0.3225170373916626,0.003041727002710104,0.10146276652812958,0.011433998122811317,0.005297581199556589
0.023403191938996315,0.05226856842637062,0.5764043927192688,0.010033064521849155,0.2766065001487732,0.024378275498747826,0.036905933171510696
0.10505267232656479,0.32863354682922363,0.011677812784910202,0.0030581445898860693,0.08656898885965347,0.46179822087287903,0.0032106959261000156
0.03359031304717064,0.03601708263158798,0.011455263942480087,0.008805137127637863,0.662946343421936,0.009360344149172306,0.23782560229301453
0.06475059688091278,0.029028769582509995,0.21904587745666504,0.018476849421858788,0.5469958782196045,0.014806718565523624,0.10689526796340942
0.019519926980137825,0.10560692101716995,0.1144794449210167,0.013480855152010918,0.7089591026306152,0.01287011057138443,0.02508367970585823
0.08050605654716492,0.007099295035004616,0.4515751004219055,0.01864449493587017,0.3337380886077881,0.008053521625697613,0.10038340091705322
0.4566185474395752,0.1815609186887741,0.2373606115579605,0.0038244433235377073,0.08828716725111008,0.0036989860236644745,0.028649359941482544
0.10558659583330154,0.8163276314735413,0.01616548001766205,0.001328377635218203,0.04730826988816261,0.00985182449221611,0.003431841731071472
0.6720888614654541,0.1439100056886673,0.029092984274029732,0.0053051370196044445,0.13937731087207794,0.005798764992505312,0.004426943603903055
0.021170129999518394,0.2115250527858734,0.01732645556330681,0.010083395056426525,0.7284772396087646,0.007628786843270063,0.0037890051025897264
0.05447286739945412,0.0612783320248127,0.006963639985769987,0.019393542781472206,0.8476471900939941,0.0070290109142661095,0.0032153534702956676
0.006060732528567314,0.009804983623325825,0.0016625089338049293,0.002750811632722616,0.9603213667869568,0.010403492487967014,0.008996048010885715
0.5063438415527344,0.07264649122953415,0.01533401757478714,0.002550710691139102,0.3693857491016388,0.011091040447354317,0.022648124024271965
0.33334529399871826,0.161799356341362,0.21908049285411835,0.0015655989991500974,0.07040132582187653,0.18750211596488953,0.02630583383142948
0.31931978464126587,0.11326805502176285,0.5060604214668274,0.00266197114251554,0.03595786169171333,0.014197546057403088,0.008534375578165054
0.07837243378162384,0.7556869387626648,0.006778760813176632,0.0027507408522069454,0.1412173956632614,0.00415487727150321,0.011038845404982567
0.017119692638516426,0.049238141626119614,0.0008817040361464024,0.4993419945240021,0.41626855731010437,0.005881439428776503,0.01126838382333517
0.6239792108535767,0.16205619275569916,0.07527630776166916,0.0020313693676143885,0.10191084444522858,0.028493907302618027,0.0062522292137146
0.7853613495826721,0.07099635899066925,0.0406859815120697,0.0019705540034919977,0.08005087822675705,0.007001004181802273,0.01393392588943243
0.6245210766792297,0.1840776801109314,0.013706519268453121,0.001730344956740737,0.16154783964157104,0.007426781579852104,0.0069897351786494255
0.20886537432670593,0.22875818610191345,0.05710912123322487,0.007517317309975624,0.4644775688648224,0.003953133709728718,0.02931939624249935
0.06937112659215927,0.829362690448761,0.0413745678961277,0.001665398245677352,0.04733157902956009,0.0041951984167099,0.0066995080560445786
0.3744012415409088,0.24869081377983093,0.011655491776764393,0.001967458054423332,0.037292078137397766,0.3211744427680969,0.004818450193852186
0.7205178737640381,0.14141249656677246,0.03192273527383804,0.0012975166318938136,0.0890398621559143,0.010832585394382477,0.0049769459292292595
0.07121648639440536,0.844496488571167,0.0439293272793293,0.0014487691223621368,0.024966372177004814,0.008977927267551422,0.0049646710976958275
0.5185953378677368,0.20758627355098724,0.008573658764362335,0.003689624834805727,0.21024227142333984,0.04567459225654602,0.005638222675770521
0.01342451386153698,0.18830060958862305,0.007840409874916077,0.003750421339645982,0.7391130328178406,0.01013583317399025,0.03743515908718109
0.3279390037059784,0.20687901973724365,0.019764816388487816,0.006077980622649193,0.4039243459701538,0.02567482925951481,0.00974003691226244
0.07348016649484634,0.11010431498289108,0.08062445372343063,0.012154599651694298,0.5228126645088196,0.1319381296634674,0.0688856840133667
0.03031243197619915,0.5096392631530762,0.011105209589004517,0.003054586937651038,0.4001462459564209,0.024852972477674484,0.020889336243271828
0.02372119203209877,0.030814791098237038,0.39443957805633545,0.010485323145985603,0.5106075406074524,0.024473419412970543,0.005458114668726921
0.679568350315094,0.23968565464019775,0.05073845013976097,0.000810497731436044,0.02005435898900032,0.005517932586371899,0.0036247530952095985
0.07926668971776962,0.1601477414369583,0.5658556818962097,0.003760818624868989,0.06750275939702988,0.04678759351372719,0.07667871564626694
0.010537316091358662,0.039784181863069534,0.0039032844360917807,0.004217676818370819,0.9190083742141724,0.007398141548037529,0.015151191502809525
0.06024618819355965,0.8919171094894409,0.012377563863992691,0.0014246004866436124,0.02608668804168701,0.004586873576045036,0.0033609773963689804
0.015914542600512505,0.9404345750808716,0.003317680675536394,0.0021181388292461634,0.035012707114219666,0.0019380812300369143,0.0012641021749004722
0.013393761590123177,0.004479565657675266,0.960635244846344,0.000848800758831203,0.014843984507024288,0.003423514775931835,0.0023751845583319664
0.22658446431159973,0.21767118573188782,0.2796631157398224,0.004355920013040304,0.23881912231445312,0.030387084931135178,0.002519129076972604
0.05224516987800598,0.029115665704011917,0.06647037714719772,0.007608197629451752,0.8094201683998108,0.03268489986658096,0.002455590758472681
0.011812400072813034,0.06870640814304352,0.008949227631092072,0.013625147752463818,0.8811886310577393,0.009824791923165321,0.005893416237086058
0.2474161982536316,0.25443241000175476,0.017961349338293076,0.006105396430939436,0.40138429403305054,0.06706465035676956,0.0056356266140937805
0.0024007982574403286,0.010199506767094135,0.0018525943160057068,0.006085439585149288,0.9601935744285583,0.0026576188392937183,0.016610492020845413
0.003925764933228493,0.006879942025989294,0.004228735342621803,0.03779079020023346,0.859747588634491,0.01763441041111946,0.06979275494813919
0.02441134862601757,0.03760835528373718,0.31702110171318054,0.003464121837168932,0.5032827854156494,0.07100793719291687,0.04320434480905533
0.0282085333019495,0.2848781943321228,0.025747150182724,0.006503256969153881,0.5902488827705383,0.05176552012562752,0.012648487463593483
0.008793000131845474,0.9839230179786682,0.0023964173160493374,0.00035954895429313183,0.002392553724348545,0.0013802467146888375,0.0007552006863988936
0.1440054029226303,0.8016049861907959,0.004438916686922312,0.0020447163842618465,0.03115176595747471,0.01489193458110094,0.0018622424686327577
0.0306471586227417,0.27558276057243347,0.03647862374782562,0.006311451084911823,0.5944612622261047,0.025807717815041542,0.030711008235812187
0.007717716973274946,0.018815984949469566,0.9331117272377014,0.0025081138592213392,0.02994392439723015,0.004865547176450491,0.003036981914192438
0.025963250547647476,0.10923805832862854,0.0022827479988336563,0.1504695564508438,0.6432487368583679,0.0248922947794199,0.04390536993741989
0.12849664688110352,0.11262232065200806,0.04381458833813667,0.003324798308312893,0.027100028470158577,0.6183903813362122,0.0662512257695198
0.09878350049257278,0.4978455603122711,0.0023794204462319613,0.010560049675405025,0.3693663775920868,0.01148071326315403,0.009584428742527962
0.3591572344303131,0.5385037064552307,0.0025330667849630117,0.006082460284233093,0.07094329595565796,0.013258872553706169,0.009521417319774628
0.24762533605098724,0.2253112494945526,0.018866950646042824,0.0033955152612179518,0.41494670510292053,0.08596284687519073,0.0038914945907890797
0.00451488234102726,0.9855534434318542,0.0017062744591385126,0.0030702706426382065,0.0030822919216006994,0.0011066047009080648,0.0009662712691351771
0.03943438455462456,0.29438599944114685,0.0027786672580987215,0.21565912663936615,0.43245887756347656,0.007898368872702122,0.007384619675576687
0.040004272013902664,0.08973207324743271,0.005465884692966938,0.016456253826618195,0.7497481107711792,0.09142380952835083,0.0071696131490170956
0.008094042539596558,0.17264452576637268,0.18054527044296265,0.006527211517095566,0.049073539674282074,0.006502616219222546,0.5766128301620483
0.897117555141449,0.04352772608399391,0.00466565228998661,0.001892900443635881,0.040842633694410324,0.01046130433678627,0.0014922022819519043
0.06816346943378448,0.2966231107711792,0.014299705624580383,0.00900762714445591,0.3760444223880768,0.13954652845859528,0.09631511569023132
0.006109730340540409,0.016335366293787956,0.15894374251365662,0.005283623933792114,0.14554119110107422,0.005250484682619572,0.6625358462333679
0.0033735018223524094,0.009409178979694843,0.003082187846302986,0.0017514436040073633,0.06636454910039902,0.9062930941581726,0.00972605962306261
0.05268830806016922,0.08736513555049896,0.014751347713172436,0.018936561420559883,0.8040720820426941,0.0069879647344350815,0.015198638662695885
0.009343269281089306,0.014384523965418339,0.0004965792177245021,0.13216035068035126,0.8116443157196045,0.005543823819607496,0.02642713487148285
0.013077682815492153,0.12380534410476685,0.010423692874610424,0.005432609468698502,0.8208959102630615,0.020151255652308464,0.00621340936049819
0.07271244376897812,0.07386421412229538,0.07677911221981049,0.006047961302101612,0.08423728495836258,0.6744981408119202,0.011860824190080166
0.06120843440294266,0.4865942895412445,0.3833812177181244,0.001060571288689971,0.008051387034356594,0.05134045332670212,0.008363617584109306
0.005201177205890417,0.9754608273506165,0.010245345532894135,0.0005938163376413286,0.004648685920983553,0.0026404361706227064,0.001209655893035233
0.17909450829029083,0.7591763138771057,0.02322227880358696,0.0012610484845936298,0.018223483115434647,0.016710545867681503,0.0023118816316127777
0.02502724900841713,0.17084813117980957,0.0012776467483490705,0.021854011341929436,0.7390730381011963,0.016124265268445015,0.02579573169350624
0.0890183225274086,0.8224515914916992,0.01874442584812641,0.0015669838758185506,0.032861411571502686,0.03452920913696289,0.0008281731861643493
0.027469443157315254,0.7780118584632874,0.04088672250509262,0.004958155564963818,0.13173893094062805,0.006601458881050348,0.010333545506000519
0.21823181211948395,0.06455732882022858,0.14912784099578857,0.005492669530212879,0.11083332449197769,0.01491064578294754,0.43684640526771545
0.5091679692268372,0.12033047527074814,0.011513277888298035,0.0036022765561938286,0.33451423048973083,0.013666540384292603,0.007205301895737648
0.021803947165608406,0.047258369624614716,0.010610132478177547,0.013065186329185963,0.8920749425888062,0.007553786970674992,0.007633712142705917
0.10764849931001663,0.1399153470993042,0.006079005543142557,0.0025673238560557365,0.7091090083122253,0.015136879868805408,0.019543858245015144
0.643284022808075,0.15983682870864868,0.01855681650340557,0.002510475693270564,0.14642244577407837,0.02231462672352791,0.0070748659782111645
0.010628261603415012,0.04651090130209923,0.0027993142139166594,0.1190575510263443,0.7845628261566162,0.01892644166946411,0.017514662817120552
0.23930342495441437,0.2416292130947113,0.05488366261124611,0.003348971251398325,0.43101924657821655,0.021664129570126534,0.008151388727128506
0.28699687123298645,0.5380373001098633,0.0048321448266506195,0.002915076445788145,0.1351609230041504,0.027427824214100838,0.004629884846508503
0.5795128345489502,0.3647180199623108,0.007344348821789026,0.00125491910148412,0.03827162832021713,0.00640534795820713,0.002492988482117653
0.08517033606767654,0.42199867963790894,0.25339096784591675,0.001760084880515933,0.10666105151176453,0.092888243496418,0.03813064470887184
0.6585588455200195,0.18364089727401733,0.003888570237904787,0.01139788143336773,0.09947875142097473,0.033037569373846054,0.009997457265853882
0.002078687073662877,0.01032615453004837,0.006316526792943478,0.013831752352416515,0.863726019859314,0.06395194679498672,0.03976886719465256
0.048442963510751724,0.8032680749893188,0.09074901789426804,0.0009947819635272026,0.03873393312096596,0.006103919353336096,0.01170728076249361
0.006704559549689293,0.08137115091085434,0.49370506405830383,0.004205749835819006,0.27697625756263733,0.01743696630001068,0.11960024386644363
0.42942261695861816,0.4559684693813324,0.007420170120894909,0.00222629401832819,0.08302883058786392,0.017995646223425865,0.003937955945730209
0.005553738214075565,0.009116129018366337,0.0018763950793072581,0.016546588391065598,0.9432036280632019,0.005385463126003742,0.018318090587854385
0.03639000281691551,0.2615512013435364,0.41124120354652405,0.002478764159604907,0.13029614090919495,0.05297805741429329,0.10506471991539001
0.00603675888851285,0.008677415549755096,0.0034629215952008963,0.03252507746219635,0.9062491059303284,0.014123445376753807,0.02892530895769596
0.09507115185260773,0.17338122427463531,0.005735669285058975,0.004712022840976715,0.4889928698539734,0.21961937844753265,0.012487701140344143
0.03273147717118263,0.06304284930229187,0.11757369339466095,0.003754166653379798,0.3065697252750397,0.4577922821044922,0.01853569969534874
0.0019215880893170834,0.006179933436214924,0.981330931186676,0.0008159889839589596,0.0030865520238876343,0.0027828149031847715,0.0038823364302515984
0.03611820563673973,0.7675361037254333,0.04698990657925606,0.0018082567257806659,0.1214197650551796,0.014150554314255714,0.01197721902281046
0.00601509865373373,0.006786972749978304,0.0027652003336697817,0.005187045317143202,0.9700992107391357,0.0036440943367779255,0.005502399988472462
0.2858182489871979,0.3759074807167053,0.006200163625180721,0.0017677941359579563,0.16372133791446686,0.16004329919815063,0.006541733630001545
0.018265627324581146,0.1267905980348587,0.006145969033241272,0.01086591836065054,0.5154007077217102,0.31681230664253235,0.005718904547393322
0.010142260231077671,0.03556189313530922,0.0012672601733356714,0.14856593310832977,0.765643298625946,0.016516201198101044,0.02230314165353775
0.29949307441711426,0.10381288826465607,0.18523570895195007,0.0031968215480446815,0.037035271525382996,0.3006511628627777,0.07057511061429977
0.0168467964977026,0.25133243203163147,0.021830366924405098,0.1380908340215683,0.42962875962257385,0.013088705018162727,0.1291821300983429
0.04800529405474663,0.0686548575758934,0.030321458354592323,0.01838654652237892,0.7949014902114868,0.027689512819051743,0.012040836736559868
0.011199801228940487,0.012523454613983631,0.012746160849928856,0.002715188544243574,0.9164759516716003,0.011321775615215302,0.03301771730184555
0.012802810408174992,0.03976120799779892,0.0027742478996515274,0.008571500889956951,0.9214296340942383,0.003370968159288168,0.011289644986391068
0.01805903948843479,0.6261844038963318,0.19724662601947784,0.025468498468399048,0.05859436094760895,0.035507313907146454,0.03893967345356941
0.07099931687116623,0.5832754969596863,0.04887932911515236,0.004058465827256441,0.2674458920955658,0.01616639271378517,0.009175240062177181
0.07203651964664459,0.20934967696666718,0.33393290638923645,0.0032100386451929808,0.18434520065784454,0.0712573379278183,0.1258683055639267
0.3311120867729187,0.20857518911361694,0.02420450560748577,0.0013959381030872464,0.18613559007644653,0.22960546612739563,0.018971165642142296
0.05662451311945915,0.17189636826515198,0.16664545238018036,0.014827558770775795,0.5420688986778259,0.01899823546409607,0.028938958421349525
0.0256646741181612,0.2844700217247009,0.40565183758735657,0.0023193741217255592,0.09019846469163895,0.06292181462049484,0.12877383828163147
0.015973499044775963,0.8920370936393738,0.01685434766113758,0.0008913350175134838,0.04436551406979561,0.019684208557009697,0.01019402127712965
0.005158254876732826,0.9691745638847351,0.009633694775402546,0.0005211120587773621,0.009488101117312908,0.005196643527597189,0.0008276486769318581
0.011771319434046745,0.889315664768219,0.010674601420760155,0.0012263341341167688,0.055442679673433304,0.02894207276403904,0.0026271978858858347
0.08631663769483566,0.5394957661628723,0.1040407121181488,0.008183322846889496,0.2035515159368515,0.0545649453997612,0.003847135929390788
0.015590602532029152,0.8625798225402832,0.014295774511992931,0.0018911065999418497,0.08064032346010208,0.014247049577534199,0.010755272582173347
0.0850752517580986,0.14194810390472412,0.11197372525930405,0.002496390836313367,0.10237861424684525,0.006529967300593853,0.5495979189872742
0.5030353665351868,0.1379736214876175,0.018459368497133255,0.0024442493449896574,0.10623080283403397,0.21598874032497406,0.01586783118546009
0.14030404388904572,0.13196122646331787,0.1348744034767151,0.004895009566098452,0.4485175609588623,0.06263632327318192,0.07681147754192352
0.05534739047288895,0.053116150200366974,0.46424299478530884,0.005808640271425247,0.16615155339241028,0.23645304143428802,0.018880236893892288
0.019796883687376976,0.597875714302063,0.03839510306715965,0.003427196992561221,0.2998051941394806,0.02018013224005699,0.020519718527793884
0.017930548638105392,0.824897289276123,0.01857757568359375,0.001531688729301095,0.08072870969772339,0.01490070577710867,0.041433438658714294
0.36365121603012085,0.14363446831703186,0.2151896208524704,0.004338282626122236,0.20833812654018402,0.03514336794614792,0.029704948887228966
0.06293204426765442,0.3696655035018921,0.15444405376911163,0.0037723879795521498,0.11833039671182632,0.274845689535141,0.016009928658604622
0.013919754885137081,0.01223734114319086,0.018519697710871696,0.006656008306890726,0.8579962849617004,0.004626634065061808,0.08604434132575989
0.006151578854769468,0.017041431739926338,0.008145775645971298,0.03891616314649582,0.8705973029136658,0.03910953551530838,0.020038289949297905
0.025970518589019775,0.11504003405570984,0.34237009286880493,0.0019694713409990072,0.06485441327095032,0.09909508377313614,0.35070040822029114
0.08521813154220581,0.009287231601774693,0.39443424344062805,0.004041898995637894,0.04337446391582489,0.008708099834620953,0.4549359679222107
0.04171121492981911,0.8455243706703186,0.013310314156115055,0.0006566409138031304,0.04246252030134201,0.049782685935497284,0.006552276201546192
0.018860042095184326,0.11350247263908386,0.03141029179096222,0.05171087756752968,0.5240908861160278,0.011369027197360992,0.2490563690662384
0.02098233811557293,0.22350864112377167,0.06774051487445831,0.015556102618575096,0.526391863822937,0.00793528277426958,0.13788528740406036
0.47931429743766785,0.20412951707839966,0.2166372686624527,0.0023759794421494007,0.07162754237651825,0.004846963565796614,0.021068429574370384
0.08234933018684387,0.5956141352653503,0.02103368751704693,0.0018756670178845525,0.2700534760951996,0.010166504420340061,0.01890709437429905
0.1876104325056076,0.4669826328754425,0.09613396972417831,0.0016608061268925667,0.19461780786514282,0.02648075483739376,0.02651355229318142
0.09129096567630768,0.8353993892669678,0.005430588964372873,0.0018789649475365877,0.05621270090341568,0.0041650887578725815,0.005622342228889465
0.3498956263065338,0.4775671362876892,0.04528811201453209,0.001161834690719843,0.03088579885661602,0.09236615896224976,0.0028353449888527393
0.478360652923584,0.2739267647266388,0.0061325677670538425,0.03175419941544533,0.16785182058811188,0.03367029130458832,0.008303601294755936
0.007900498807430267,0.023249199613928795,0.004863825161010027,0.04561818391084671,0.8721535205841064,0.026624999940395355,0.01958978734910488
