anger,disgust,fear,joy,neutral,sadness,surprise
0.007152379956096411,0.018828285858035088,0.014913968741893768,0.28038454055786133,0.6398772597312927,0.014920340850949287,0.02392328903079033
0.22566358745098114,0.4337271749973297,0.010388372465968132,0.02348223328590393,0.13563472032546997,0.16814443469047546,0.0029595158994197845
0.02673172578215599,0.8672913908958435,0.088274747133255,0.0023790833074599504,0.011899604462087154,0.002464648801833391,0.0009588003740645945
0.15703395009040833,0.2546009421348572,0.015675192698836327,0.006341533735394478,0.527096688747406,0.03497198596596718,0.004279755521565676
0.011950645595788956,0.01400618627667427,0.24131061136722565,0.006405500695109367,0.2197757065296173,0.40392959117889404,0.10262174904346466
0.024932507425546646,0.07831081748008728,0.024462493136525154,0.25122547149658203,0.37927764654159546,0.23937679827213287,0.002414221875369549
0.031078070402145386,0.047739312052726746,0.10380874574184418,0.026579303666949272,0.7031100988388062,0.029440702870488167,0.05824380740523338
0.6316335201263428,0.005069427657872438,0.34785836935043335,0.001564518199302256,0.008464551530778408,0.0021923864260315895,0.0032172794453799725
0.025676259770989418,0.026029709726572037,0.14562653005123138,0.009985161013901234,0.7565327286720276,0.02612019143998623,0.010029390454292297
0.11235343664884567,0.06014975905418396,0.054049428552389145,0.10678716748952866,0.6154081225395203,0.01280823815613985,0.03844380006194115
0.0062342179007828236,0.06236245855689049,0.006161002442240715,0.04080432280898094,0.8579015135765076,0.003773024305701256,0.02276340313255787
0.012115796096622944,0.004150998312979937,0.005223258398473263,0.17295320332050323,0.7179413437843323,0.03969138488173485,0.04792405664920807
0.004808771889656782,0.0023734355345368385,0.002447522711008787,0.9604158401489258,0.020033951848745346,0.0011174381943419576,0.00880302581936121
0.004896155092865229,0.002395070856437087,0.0012253082823008299,0.9589663743972778,0.009033439680933952,0.0022490299306809902,0.021234629675745964
0.015470320358872414,0.012881730683147907,0.004220320377498865,0.11944933235645294,0.7814856767654419,0.0256008580327034,0.04089180752635002
0.01229193527251482,0.012269231490790844,0.002011795062571764,0.003779064863920212,0.903557300567627,0.007145016919821501,0.058945585042238235
0.12555597722530365,0.018526367843151093,0.758012056350708,0.0022016700822860003,0.07943401485681534,0.013423903845250607,0.002845924813300371
0.010865441523492336,0.03893275931477547,0.0031057288870215416,0.004215274006128311,0.9017102718353271,0.022321898490190506,0.018848592415452003
0.05583576485514641,0.00929115992039442,0.9072919487953186,0.0016029856633394957,0.016324520111083984,0.0034542251378297806,0.0061993892304599285
0.15928049385547638,0.6125798225402832,0.015082192607223988,0.0030631981790065765,0.16951552033424377,0.01491469144821167,0.025564074516296387
0.6299943327903748,0.052971720695495605,0.025607414543628693,0.004863334819674492,0.06144041568040848,0.21522517502307892,0.00989766139537096
0.006852760910987854,0.005750556942075491,0.0011176709085702896,0.02136923372745514,0.9330928921699524,0.008632143028080463,0.023184657096862793
0.013196765445172787,0.00447652256116271,0.005301074590533972,0.007345995400100946,0.8741591572761536,0.008936936035752296,0.08658350259065628
0.003328639315441251,0.002281093504279852,0.0004286726179998368,0.909743070602417,0.06981785595417023,0.00532924011349678,0.009071465581655502
