anger,disgust,fear,joy,neutral,sadness,surprise
0.0010740304132923484,0.0010540439980104566,0.0005899831303395331,0.002388377208262682,0.0067325676791369915,0.9827484488487244,0.005412632133811712
0.012643761932849884,0.002256635809317231,0.006869979668408632,0.030280163511633873,0.3582721948623657,0.09323782473802567,0.4964393675327301
0.03299302980303764,0.9478838443756104,0.005301103461533785,0.00045865194988436997,0.008518954738974571,0.004188235849142075,0.0006561983027495444
0.6653136610984802,0.16760292649269104,0.0063667562790215015,0.001142530469223857,0.1442873477935791,0.012374814599752426,0.002911927876994014
0.07425697147846222,0.11568773537874222,0.017238907516002655,0.0031488859094679356,0.730388879776001,0.05528300628066063,0.003995686769485474
0.005478809587657452,0.003545287996530533,0.9539698362350464,0.0008175490074791014,0.006126981694251299,0.02738330326974392,0.002678315620869398
0.003722017863765359,0.050281088799238205,0.009049249812960625,0.004242773167788982,0.060774706304073334,0.8675891757011414,0.0043409233912825584
0.006103442516177893,0.006766817532479763,0.03526700288057327,0.07902534306049347,0.8334854245185852,0.020443394780158997,0.01890868879854679
0.10000474750995636,0.008945771493017673,0.08304117619991302,0.007457952480763197,0.44489219784736633,0.005986889824271202,0.34967127442359924
0.16069680452346802,0.4510173201560974,0.006152018904685974,0.005517848301678896,0.3607325255870819,0.011063378304243088,0.0048201181925833225
0.02390790730714798,0.015478508546948433,0.003954109735786915,0.08213203400373459,0.8610903024673462,0.011339626275002956,0.0020975919906049967
0.065264992415905,0.13477197289466858,0.0038226465694606304,0.019936030730605125,0.6913079619407654,0.08227177709341049,0.002624569460749626
0.08066345006227493,0.5746492147445679,0.016055401414632797,0.0010086806723847985,0.2456100732088089,0.0767669752240181,0.005246215499937534
0.050094183534383774,0.19710560142993927,0.4187079966068268,0.010790201835334301,0.06635542958974838,0.24998816847801208,0.006958403158932924
0.03264816105365753,0.25616130232810974,0.006393769755959511,0.00837619137018919,0.390313982963562,0.2948128283023834,0.011293711140751839
0.5476819276809692,0.08591798692941666,0.03551032766699791,0.0040625655092298985,0.1309218406677246,0.1937248408794403,0.002180487150326371
0.021382885053753853,0.05476551875472069,0.00522760720923543,0.2664928436279297,0.49986425042152405,0.10433638095855713,0.047930460423231125
0.2698403000831604,0.17295193672180176,0.0710710883140564,0.0044829645194113255,0.2751058042049408,0.20376214385032654,0.002785733435302973
0.028427064418792725,0.049788955599069595,0.17302967607975006,0.0732295885682106,0.5929692387580872,0.051848333328962326,0.030707089230418205
0.012908981181681156,0.053472086787223816,0.0021413827780634165,0.01483120396733284,0.889285683631897,0.008059991523623466,0.01930062659084797
0.011822766624391079,0.9636715650558472,0.0012445214670151472,0.0005428544245660305,0.007454104721546173,0.01458836905658245,0.0006759940879419446
0.005985027179121971,0.008608228527009487,0.012041994370520115,0.21684327721595764,0.7045210003852844,0.034684449434280396,0.01731606014072895
0.014421656727790833,0.04945778846740723,0.006909553427249193,0.01698700711131096,0.8854326009750366,0.012605061754584312,0.014186314307153225
0.09801669418811798,0.05236613005399704,0.004773418419063091,0.1675766110420227,0.5900648236274719,0.08296730369329453,0.00423502828925848
0.030403370037674904,0.007496330421417952,0.0024677475448697805,0.3930131494998932,0.5152643918991089,0.013621784746646881,0.037733253091573715
0.0546705424785614,0.05487785115838051,0.045939844101667404,0.16356216371059418,0.6438252925872803,0.02905973233282566,0.008064609952270985
0.33300691843032837,0.1406518518924713,0.32172924280166626,0.00208459934219718,0.0505150705575943,0.13745291531085968,0.014559347182512283
0.027616439387202263,0.012382365763187408,0.7584099173545837,0.0015982992481440306,0.027546396479010582,0.1687668412923813,0.0036797693464905024
0.7257274389266968,0.19605332612991333,0.005534960888326168,0.0031715945806354284,0.01406155712902546,0.05351090058684349,0.001940227346494794
0.007471800781786442,0.0035519946832209826,0.931027889251709,0.00237228418700397,0.024547267705202103,0.015912583097815514,0.0151162538677454
0.8229500651359558,0.09876953810453415,0.01314112450927496,0.0009448904893361032,0.04332437738776207,0.016096733510494232,0.004773348104208708
0.2176731824874878,0.0730959102511406,0.0345146581530571,0.02272161841392517,0.48949238657951355,0.13474227488040924,0.027760008350014687
0.19630727171897888,0.29770705103874207,0.004045676905661821,0.011754109524190426,0.39203932881355286,0.042558733373880386,0.055587876588106155
0.05119149386882782,0.3784225881099701,0.018373046070337296,0.006150534376502037,0.11019133776426315,0.4328259229660034,0.0028450472746044397
0.12546944618225098,0.2189783900976181,0.024799659848213196,0.0020328019745647907,0.038519248366355896,0.5857639312744141,0.004436483606696129
0.012217331677675247,0.03550690785050392,0.009922759607434273,0.022025609388947487,0.8505139350891113,0.026218341663479805,0.043595150113105774
0.020629458129405975,0.005593845620751381,0.09208898991346359,0.018889645114541054,0.7821068167686462,0.045692771673202515,0.034998394548892975
