anger,disgust,fear,joy,neutral,sadness,surprise
0.023237980902194977,0.002429043408483267,0.03307873010635376,0.38147544860839844,0.3372943103313446,0.12936794757843018,0.09311654418706894
0.012195500545203686,0.01441255584359169,0.0026498723309487104,0.02025667205452919,0.8666253685951233,0.015402794815599918,0.06845718622207642
0.007816915400326252,0.05786605551838875,0.007140794303268194,0.002307375892996788,0.12185612320899963,0.7776585221290588,0.02535422332584858
0.026896102353930473,0.09455634653568268,0.003636118723079562,0.005452539771795273,0.24138788878917694,0.42148154973983765,0.2065895050764084
0.010510747320950031,0.3617136478424072,0.0045933835208415985,0.007229804992675781,0.5422806739807129,0.06208246201276779,0.011589319445192814
0.05941840633749962,0.20931950211524963,0.007618540432304144,0.018481271341443062,0.1545465737581253,0.5410416126251221,0.009574148803949356
0.09300082176923752,0.05815635994076729,0.009997452609241009,0.008280601352453232,0.09932071715593338,0.7237864136695862,0.007457601837813854
0.009199156425893307,0.024365024641156197,0.008008857257664204,0.0051228078082203865,0.8865408301353455,0.015662573277950287,0.051100850105285645
0.0019873729906976223,0.007160095497965813,0.0038415079470723867,0.0019317991100251675,0.050801459699869156,0.9233614802360535,0.010916310362517834
