anger,disgust,fear,joy,neutral,sadness,surprise
0.004178307019174099,0.001669616554863751,0.005599343217909336,0.15651161968708038,0.6452412605285645,0.024888496845960617,0.16191135346889496
0.022420136258006096,0.8977962732315063,0.005526147782802582,0.0007723254966549575,0.013776767067611217,0.027660932391881943,0.03204747661948204
0.03611963614821434,0.0026498790830373764,0.040579166263341904,0.03017079271376133,0.7045707106590271,0.12364108115434647,0.062268730252981186
0.08848049491643906,0.031073376536369324,0.5230627059936523,0.0024953815154731274,0.15411609411239624,0.026984307914972305,0.17378762364387512
0.10261161625385284,0.20066338777542114,0.6629959940910339,0.0016179984668269753,0.014297759160399437,0.007297398056834936,0.01051581185311079
0.06869280338287354,0.12846791744232178,0.05368797108530998,0.0024061016738414764,0.7048185467720032,0.01029700692743063,0.031629547476768494
0.36895427107810974,0.5684065222740173,0.011995209380984306,0.000800870475359261,0.029918579384684563,0.013516511768102646,0.0064080459997057915
0.03268842399120331,0.6751065254211426,0.014644834212958813,0.0013537813210859895,0.25484851002693176,0.009867781773209572,0.011490044184029102
0.026167139410972595,0.03860567882657051,0.2507408857345581,0.004879101645201445,0.6585836410522461,0.010369391180574894,0.010654184967279434
0.04880108684301376,0.7705208659172058,0.006835435517132282,0.0017148724291473627,0.161077082157135,0.007046395912766457,0.004004271235316992
0.07235577702522278,0.063339002430439,0.005594813730567694,0.0163551215082407,0.7233863472938538,0.08903204649686813,0.029936863109469414
0.012806857004761696,0.023508533835411072,0.009747385047376156,0.11376088112592697,0.8046315312385559,0.016543416306376457,0.019001413136720657
0.07063708454370499,0.7897306084632874,0.006959670688956976,0.004937510937452316,0.11598049104213715,0.005863601807504892,0.005891041364520788
0.02918584831058979,0.16873398423194885,0.005083045922219753,0.46048492193222046,0.2971665561199188,0.013321428559720516,0.026024168357253075
