anger,disgust,fear,joy,neutral,sadness,surprise
0.02358698844909668,0.07554881274700165,0.030370894819498062,0.008247071877121925,0.8235518932342529,0.013360739685595036,0.02533370442688465
0.027733970433473587,0.2863565683364868,0.012752988375723362,0.009267526678740978,0.633059024810791,0.0068793343380093575,0.023950623348355293
0.004625524859875441,0.9426289796829224,0.022059649229049683,0.0011765366652980447,0.018606355413794518,0.001049892045557499,0.009853219613432884
0.008694566786289215,0.15164297819137573,0.016370637342333794,0.0022819824516773224,0.8015254735946655,0.005312381312251091,0.014171971939504147
0.016103647649288177,0.02603275142610073,0.03436760976910591,0.004867707844823599,0.8871952891349792,0.011315492913126945,0.020117543637752533
0.028940897434949875,0.10355667024850845,0.05994261056184769,0.006926417350769043,0.7426714897155762,0.01744307018816471,0.040518827736377716
0.09542674571275711,0.19605854153633118,0.025946440175175667,0.0238947756588459,0.6131800413131714,0.03408246859908104,0.011411081068217754
0.006889762822538614,0.11068327724933624,0.8153789639472961,0.0015784651041030884,0.026387369260191917,0.023332810029387474,0.01574932411313057
0.005422504618763924,0.002115594921633601,0.9500619173049927,0.0021114349365234375,0.030696768313646317,0.0036190578248351812,0.005972724407911301
0.013655242510139942,0.04168982803821564,0.013566858135163784,0.0035196798853576183,0.9112929105758667,0.0041522979736328125,0.012123209424316883
0.02106730081140995,0.043153390288352966,0.00792786292731762,0.0062156845815479755,0.9060239791870117,0.007729645352810621,0.007882076315581799
0.038606006652116776,0.1752208173274994,0.02994031459093094,0.004824547562748194,0.5488958358764648,0.18122248351573944,0.02128995768725872
0.02525237202644348,0.5356893539428711,0.008160999044775963,0.004761003889143467,0.4140007495880127,0.004427811596542597,0.007707697805017233
0.0069043561816215515,0.012976446188986301,0.0025498848408460617,0.004528004676103592,0.9473954439163208,0.002333291107788682,0.023312481120228767
0.03444179147481918,0.6102794408798218,0.007461674511432648,0.0017194427782669663,0.32912832498550415,0.006565540563315153,0.010403704829514027
0.02657136507332325,0.02039090171456337,0.9133894443511963,0.0013641134137287736,0.026167504489421844,0.008218791335821152,0.00389781198464334
0.13025403022766113,0.14216238260269165,0.06417623907327652,0.004574930761009455,0.5445537567138672,0.02870308980345726,0.08557559549808502
0.014946396462619305,0.01918606646358967,0.008184269070625305,0.0030370091553777456,0.92973792552948,0.015724267810583115,0.009184150025248528
0.012889020144939423,0.01364304218441248,0.008725606836378574,0.001954653998836875,0.8853047490119934,0.02642962336540222,0.05105334520339966
0.17046546936035156,0.6739795804023743,0.04844310134649277,0.0011214136611670256,0.0839947834610939,0.010095381177961826,0.011900287121534348
0.3600359857082367,0.1579810529947281,0.23334720730781555,0.004065011162310839,0.1191093698143959,0.08741483837366104,0.03804651275277138
0.019015388563275337,0.04930603504180908,0.08945009857416153,0.005624715704470873,0.8104525208473206,0.01890714466571808,0.007244045380502939
0.2082086205482483,0.4609294831752777,0.21382181346416473,0.003013906767591834,0.04426201805472374,0.03755531087517738,0.03220877796411514
0.6041321754455566,0.15545395016670227,0.06937626749277115,0.002330572111532092,0.14411233365535736,0.006166459526866674,0.018428215757012367
0.04111504927277565,0.07559044659137726,0.1976134479045868,0.005457447841763496,0.5585165619850159,0.061872102320194244,0.05983491241931915
0.009055636823177338,0.010434356518089771,0.007551565766334534,0.011667139828205109,0.9395262598991394,0.013202673755586147,0.008562314324080944
0.09879254549741745,0.2624236047267914,0.006299029570072889,0.0025995802134275436,0.3774428963661194,0.24000497162342072,0.012437326833605766
0.32797202467918396,0.18258503079414368,0.3856673836708069,0.00248596235178411,0.0456656776368618,0.022131912410259247,0.033492010086774826
0.08860266208648682,0.10722336173057556,0.006440130062401295,0.004661096725612879,0.7508584856987,0.02317320555448532,0.019041046500205994
0.10667450726032257,0.15941324830055237,0.616622269153595,0.0020981174893677235,0.06313299387693405,0.016162987798452377,0.035895928740501404
0.025257693603634834,0.037480663508176804,0.016603631898760796,0.006639482919126749,0.8673015236854553,0.0055404528975486755,0.04117649793624878
0.048496000468730927,0.7170546650886536,0.14303940534591675,0.0016068569384515285,0.07210621982812881,0.00936560146510601,0.008331348188221455
0.31971049308776855,0.10782410204410553,0.2500433027744293,0.004268364980816841,0.2777467966079712,0.02612326666712761,0.014283712953329086
0.017685353755950928,0.13397501409053802,0.03105732798576355,0.005663787946105003,0.7760892510414124,0.006822736002504826,0.02870657667517662
0.01093375589698553,0.010823747143149376,0.0069166552275419235,0.007300917059183121,0.9554949402809143,0.002418944612145424,0.006111074239015579
0.12829896807670593,0.03997458145022392,0.027809375897049904,0.02108207903802395,0.34909787774086,0.05632198229432106,0.37741518020629883
0.018583759665489197,0.289863258600235,0.08445132523775101,0.0036554906982928514,0.268128365278244,0.26354092359542847,0.07177696377038956
