anger,disgust,fear,joy,neutral,sadness,surprise
0.003271266585215926,0.838487982749939,0.006113638635724783,0.015496185049414635,0.12406425178050995,0.005684379022568464,0.006882265210151672
0.004521291237324476,0.006984604522585869,0.002146039856597781,0.007050686050206423,0.9045140743255615,0.004055653233081102,0.07072771340608597
0.01329764537513256,0.11175116151571274,0.0031346622854471207,0.06413247436285019,0.7828055024147034,0.008977408520877361,0.01590115576982498
0.6917195320129395,0.23466457426548004,0.0035145534202456474,0.0013142862590029836,0.04744754359126091,0.019396210089325905,0.001943275798112154
0.017078660428524017,0.2679596245288849,0.01266066450625658,0.10609767585992813,0.5754299163818359,0.013181030750274658,0.007592422887682915
0.13660022616386414,0.7872735261917114,0.019459785893559456,0.0010447937529534101,0.048199720680713654,0.00443324726074934,0.00298870331607759
0.04042190685868263,0.21428938210010529,0.009252646937966347,0.018983036279678345,0.7070887088775635,0.006665048189461231,0.003299255622550845
0.03720254451036453,0.8817649483680725,0.017968205735087395,0.001298542134463787,0.040177300572395325,0.014777559787034988,0.0068109468556940556
0.024386201053857803,0.44508981704711914,0.017923234030604362,0.008257808163762093,0.31349268555641174,0.05896708369255066,0.13188308477401733
0.008427987806499004,0.04147500544786453,0.0012112596305087209,0.015442692674696445,0.9124032258987427,0.004741016775369644,0.01629871502518654
0.01769045554101467,0.2886047661304474,0.011834930628538132,0.012581990100443363,0.6235005855560303,0.0371546596288681,0.008632556535303593
0.007748095318675041,0.9137436747550964,0.005271712318062782,0.005362045019865036,0.05632421001791954,0.0075122579000890255,0.004038140177726746
0.05988295003771782,0.39028871059417725,0.0963948667049408,0.004770196974277496,0.3620826005935669,0.05542267858982086,0.031158000230789185
0.008764241822063923,0.1550983339548111,0.002750837942585349,0.2453763782978058,0.5625180006027222,0.013467369601130486,0.012024804949760437
0.019641757011413574,0.36665332317352295,0.007482689805328846,0.007977909408509731,0.5352602005004883,0.009663362056016922,0.05332077294588089
0.006282740738242865,0.002539898967370391,0.009959613904356956,0.48543819785118103,0.0692378580570221,0.008383940905332565,0.41815775632858276
0.013340647332370281,0.9571236968040466,0.005608151666820049,0.0008255167631432414,0.011049136519432068,0.007767640054225922,0.00428514089435339
0.011175569146871567,0.36909055709838867,0.01271110214293003,0.003377601969987154,0.5764647126197815,0.006444904487580061,0.020735658705234528
0.01138745341449976,0.857487678527832,0.011196521110832691,0.022429900243878365,0.07985033094882965,0.012493308633565903,0.005154794547706842
0.018193406984210014,0.059824369847774506,0.014747343957424164,0.05275780335068703,0.8052414655685425,0.003969209268689156,0.04526635631918907
