anger,disgust,fear,joy,neutral,sadness,surprise
0.005113827530294657,0.0027217387687414885,0.020740458741784096,0.15692618489265442,0.49728310108184814,0.017905423417687416,0.29930925369262695
0.03858327120542526,0.23452788591384888,0.009907187893986702,0.05795370787382126,0.6244338154792786,0.010031057521700859,0.02456299215555191
0.003993607591837645,0.00202945526689291,0.001099967397749424,0.003997904248535633,0.013580006547272205,0.0010350743541494012,0.9742640256881714
0.02743256837129593,0.017521150410175323,0.025916090235114098,0.10837949067354202,0.7119975686073303,0.013775493949651718,0.09497766941785812
0.028101777657866478,0.48920130729675293,0.0063446094281971455,0.21382321417331696,0.24320174753665924,0.013729942962527275,0.005597421433776617
0.008422584272921085,0.0028453373815864325,0.9174614548683167,0.0015660359058529139,0.007839901372790337,0.03881082683801651,0.023053815588355064
0.012604262679815292,0.2982631027698517,0.020032808184623718,0.17425498366355896,0.4705454707145691,0.008698808029294014,0.015600573271512985
0.01998448371887207,0.5304613709449768,0.013332776725292206,0.0036780654918402433,0.3812508285045624,0.03183711692690849,0.019455304369330406
0.023222293704748154,0.020663931965827942,0.0015194402076303959,0.03980999439954758,0.8316826224327087,0.05395939573645592,0.029142256826162338
0.006193057168275118,0.001261518569663167,0.9756953120231628,0.000939239514991641,0.005562430247664452,0.005377487745136023,0.004971088841557503
0.011795124039053917,0.007196399848908186,0.0013954144669696689,0.1592697650194168,0.7337713837623596,0.005793902091681957,0.08077805489301682
0.03295763581991196,0.016293397173285484,0.02032877504825592,0.0034825936891138554,0.16473813354969025,0.7468380928039551,0.015361454337835312
0.15095718204975128,0.0385190024971962,0.06350863724946976,0.005523988977074623,0.7021642327308655,0.01735561341047287,0.02197137661278248
0.8319615721702576,0.01321389339864254,0.03710813820362091,0.0012076676357537508,0.021822737529873848,0.08168485760688782,0.013001042418181896
0.011537966318428516,0.0030753430910408497,0.005319108720868826,0.7900327444076538,0.10558672994375229,0.075942762196064,0.008505385369062424
0.0025710896588861942,0.007521841209381819,0.002531331265345216,0.02737649530172348,0.9417970776557922,0.005231769289821386,0.012970461510121822
0.25179553031921387,0.4238555431365967,0.016621597111225128,0.004924763925373554,0.17780254781246185,0.028921950608491898,0.096078060567379
0.020527629181742668,0.00650402344763279,0.002206892939284444,0.08345985412597656,0.8601743578910828,0.008776500821113586,0.018350807949900627
0.006082108244299889,0.013742547482252121,0.001978926360607147,0.13896754384040833,0.5672496557235718,0.2628355026245117,0.009143675677478313
0.016462266445159912,0.019069314002990723,0.0019587811548262835,0.25185880064964294,0.6545212268829346,0.050473760813474655,0.0056558470241725445
0.020933400839567184,0.10515666007995605,0.012958375737071037,0.02512216381728649,0.8127915859222412,0.007154212798923254,0.015883520245552063
0.018711023032665253,0.0193487498909235,0.0022766394540667534,0.004909235052764416,0.9111818671226501,0.006504933349788189,0.037067580968141556
0.018359722569584846,0.04341762512922287,0.0014871569583192468,0.4484652876853943,0.4554230272769928,0.006308761425316334,0.026538381353020668
0.00802795123308897,0.022211868315935135,0.0020384774543344975,0.005292531568557024,0.9448559880256653,0.005609217565506697,0.011963901109993458
0.12763695418834686,0.3811327815055847,0.06939810514450073,0.0011964680161327124,0.04676997661590576,0.09675479680299759,0.27711087465286255
