anger,disgust,fear,joy,neutral,sadness,surprise
0.0015609320253133774,0.001503960695117712,0.0023474805057048798,0.001806558226235211,0.0023666108027100563,0.9891107678413391,0.001303675933741033
0.0037790262140333652,0.8982152938842773,0.05052753910422325,0.001198254874907434,0.025399263948202133,0.015070469118654728,0.005809986498206854
0.02109929546713829,0.011728674173355103,0.1367633193731308,0.05323852226138115,0.7220302224159241,0.043175969272851944,0.01196389738470316
0.03206011652946472,0.018088622018694878,0.0020406057592481375,0.08063812553882599,0.8477068543434143,0.008107874542474747,0.011357761919498444
0.010360232554376125,0.03222623094916344,0.011534375138580799,0.005002964753657579,0.8973909020423889,0.030648760497570038,0.012836478650569916
0.014491642825305462,0.005480718798935413,0.038196735084056854,0.023270368576049805,0.8861910104751587,0.006955321878194809,0.02541428990662098
0.005154631100594997,0.03988584503531456,0.007401878945529461,0.009523744694888592,0.9218493700027466,0.004099988844245672,0.012084439396858215
0.008794533088803291,0.012544788420200348,0.816041886806488,0.004484758246690035,0.133037731051445,0.011469915509223938,0.013626495376229286
0.006641284096986055,0.9647768139839172,0.011580628342926502,0.0012760984245687723,0.011090409941971302,0.0025087844114750624,0.0021258664783090353
0.00969842728227377,0.13439658284187317,0.020778685808181763,0.011268933303654194,0.7761632204055786,0.0063420552760362625,0.04135211929678917
0.42513519525527954,0.49885326623916626,0.0030325804837048054,0.0018558887531980872,0.03375266119837761,0.03583059087395668,0.0015398348914459348
0.020940270274877548,0.005512335803359747,0.002611733041703701,0.03754664584994316,0.79793381690979,0.017454395070672035,0.11800083518028259
0.12425250560045242,0.4366772770881653,0.02416117675602436,0.00405101990327239,0.339224249124527,0.039242468774318695,0.03239127993583679
0.02239585667848587,0.9646049737930298,0.0034304028376936913,0.0003616464673541486,0.0034991689026355743,0.005175124388188124,0.0005328855477273464
0.07061586529016495,0.39839592576026917,0.37806108593940735,0.0021361529361456633,0.08696941286325455,0.04371151328086853,0.02011004090309143
0.05191455036401749,0.8630952835083008,0.02391824871301651,0.004546076525002718,0.030003782361745834,0.02561224438250065,0.0009097047732211649
0.03413588926196098,0.2618257999420166,0.004045946057885885,0.00559199508279562,0.6743549108505249,0.008343311958014965,0.01170223020017147
0.035261791199445724,0.07020273059606552,0.0052629197016358376,0.03707320615649223,0.8345848917961121,0.009673982858657837,0.007940556854009628
0.015526896342635155,0.06036723777651787,0.0037539363838732243,0.5491665005683899,0.30619534850120544,0.04970061779022217,0.01528951246291399
0.008073553442955017,0.012889428064227104,0.006158150266855955,0.4530070424079895,0.47987425327301025,0.0049732341431081295,0.03502432629466057
0.006528265308588743,0.023195922374725342,0.004483237862586975,0.3816068470478058,0.5473974347114563,0.006944930646568537,0.029843322932720184
0.12010528892278671,0.02869652770459652,0.054825909435749054,0.009189372882246971,0.7310013175010681,0.037406131625175476,0.018775466829538345
0.16488896310329437,0.1846749633550644,0.09162398427724838,0.0032322751358151436,0.11626973003149033,0.37386786937713623,0.06544222682714462
0.01981952227652073,0.5309688448905945,0.4185259938240051,0.003632992273196578,0.013339826837182045,0.0027972166426479816,0.010915687307715416
0.042621564120054245,0.24071000516414642,0.11064401268959045,0.016143187880516052,0.5438939332962036,0.02665826305747032,0.01932893507182598
0.006631229538470507,0.017473625019192696,0.0007234306540340185,0.7185731530189514,0.23995569348335266,0.006136263255029917,0.010506496764719486
0.01922515034675598,0.012405764311552048,0.005376172251999378,0.013449395075440407,0.8934114575386047,0.008641734719276428,0.047490280121564865
0.04289178550243378,0.06015961244702339,0.04972667247056961,0.07344791293144226,0.6255658864974976,0.049198053777217865,0.09901005029678345
0.03520937263965607,0.04099186509847641,0.02432144433259964,0.010692009702324867,0.752638578414917,0.11148498952388763,0.02466176263988018
0.005620090756565332,0.19332262873649597,0.015447944402694702,0.017738252878189087,0.06244726851582527,0.6986026763916016,0.006821144372224808
0.03138099983334541,0.20521816611289978,0.007692232262343168,0.01442651730030775,0.38122352957725525,0.35447004437446594,0.0055884928442537785
0.002821010537445545,0.003663673298433423,0.0013605208368971944,0.6214953660964966,0.33088716864585876,0.017849959433078766,0.02192228101193905
0.27287283539772034,0.07165256887674332,0.0627320259809494,0.002673801966011524,0.5715423226356506,0.009576036594808102,0.008950394578278065
