anger,disgust,fear,joy,neutral,sadness,surprise
0.02074579708278179,0.01880556344985962,0.01285310834646225,0.02693367749452591,0.8199348449707031,0.014951836317777634,0.08577507734298706
0.017377929762005806,0.09905645251274109,0.013007072731852531,0.04538681358098984,0.7972362041473389,0.012950994074344635,0.014984550885856152
0.00470742117613554,0.007052591070532799,0.0016395460115745664,0.024238094687461853,0.9419939517974854,0.007153249345719814,0.013215200044214725
0.020864330232143402,0.009618987329304218,0.002564334077760577,0.02176322229206562,0.6247157454490662,0.01208870392292738,0.30838465690612793
0.0178217850625515,0.025051936507225037,0.015712471678853035,0.016829216852784157,0.8939554691314697,0.012081000953912735,0.018548181280493736
0.039090994745492935,0.12777690589427948,0.016442036256194115,0.0039008574094623327,0.7682459950447083,0.025034477934241295,0.019508760422468185
0.008472909219563007,0.010363019071519375,0.006864175666123629,0.0037951311096549034,0.9543124437332153,0.005395565647631884,0.010796774178743362
0.022476118057966232,0.0033659497275948524,0.016915174201130867,0.01954132877290249,0.4414682388305664,0.01925748772919178,0.4769757091999054
0.008645747788250446,0.9783467054367065,0.0012835715897381306,0.0007990802987478673,0.008255701512098312,0.0020127317402511835,0.0006562463822774589
0.04998769238591194,0.019544212147593498,0.19521719217300415,0.009652630425989628,0.672042191028595,0.011259172111749649,0.042296890169382095
0.28384989500045776,0.0251814816147089,0.06106460466980934,0.0018146082293242216,0.014806369319558144,0.5747278928756714,0.038555167615413666
0.009305654093623161,0.08014986664056778,0.05504695698618889,0.001120298751629889,0.022980693727731705,0.8210758566856384,0.010320661589503288
0.2170107364654541,0.42466726899147034,0.016305183991789818,0.002925914479419589,0.30258017778396606,0.027345579117536545,0.009165157563984394
0.21544404327869415,0.029288040474057198,0.36525267362594604,0.0034404320176690817,0.24627257883548737,0.09375255554914474,0.04654968902468681
0.5358375310897827,0.07185456156730652,0.10865828394889832,0.0022342163138091564,0.24207279086112976,0.03485546633601189,0.004487168975174427
0.006993135437369347,0.02139526978135109,0.0008129289490170777,0.8115111589431763,0.1361808031797409,0.013730114325881004,0.009376567788422108
