anger,disgust,fear,joy,neutral,sadness,surprise
0.02252926304936409,0.22257450222969055,0.013279788196086884,0.019003519788384438,0.6186713576316833,0.08072657883167267,0.02321501262485981
0.013444561511278152,0.008314034901559353,0.014613171108067036,0.022133057937026024,0.5585855841636658,0.07309482246637344,0.30981481075286865
0.008728177286684513,0.018478503450751305,0.0021044821478426456,0.2875860631465912,0.6426886320114136,0.03226127475500107,0.008152864873409271
0.052524812519550323,0.06861931830644608,0.0185841154307127,0.0014047578442841768,0.16983288526535034,0.6737721562385559,0.015261955559253693
0.11606970429420471,0.651541531085968,0.004445725120604038,0.0026067213620990515,0.1721140593290329,0.046084608882665634,0.007137642707675695
0.9603639245033264,0.01255988422781229,0.001320306328125298,0.0006641795043833554,0.01837611012160778,0.004678422585129738,0.0020373049192130566
0.8669759631156921,0.03846156224608421,0.02983844093978405,0.0013772462261840701,0.043037086725234985,0.013745556585490704,0.006564130075275898
0.008658532984554768,0.905799150466919,0.004177420865744352,0.0016982252709567547,0.059166230261325836,0.015426797792315483,0.0050735329277813435
0.01627645455300808,0.18646225333213806,0.008661400526762009,0.3582758605480194,0.4086317718029022,0.014596577733755112,0.007095729000866413
0.3409033417701721,0.4264938533306122,0.007572667207568884,0.00614535715430975,0.1286199539899826,0.0887015089392662,0.0015633016591891646
0.7403613924980164,0.21559034287929535,0.02486746571958065,0.0007523628300987184,0.0112261101603508,0.006096325349062681,0.0011058448581025004
0.030624305829405785,0.19877034425735474,0.05491742864251137,0.0016291787615045905,0.04458797350525856,0.6670796275138855,0.002391138579696417
0.5048915147781372,0.27261173725128174,0.12456633895635605,0.0025370048824697733,0.06237884238362312,0.022362198680639267,0.010652350261807442
0.34579744935035706,0.2845149636268616,0.25431540608406067,0.0032563975546509027,0.07348129898309708,0.012536237016320229,0.026098176836967468
0.020551027730107307,0.004757710732519627,0.0013603486586362123,0.008263039402663708,0.9355548024177551,0.002820936031639576,0.02669219672679901
0.01229033712297678,0.010233951732516289,0.0010938975028693676,0.009280291385948658,0.947891891002655,0.003962928429245949,0.015246747992932796
0.020489735528826714,0.14848355948925018,0.0018687292467802763,0.029451126232743263,0.785453200340271,0.009516078047454357,0.004737588576972485
0.08153475821018219,0.21185024082660675,0.5915659666061401,0.0015135516878217459,0.03783034533262253,0.06679486483335495,0.008910291828215122
0.1871306598186493,0.7676550149917603,0.021537188440561295,0.0009053959511220455,0.014482013881206512,0.005686557851731777,0.002603275002911687
0.020696891471743584,0.9130001664161682,0.0017305113142356277,0.002350551076233387,0.05539168044924736,0.005482902750372887,0.0013471657875925303
