anger,disgust,fear,joy,neutral,sadness,surprise
0.07575897127389908,0.8808189630508423,0.004220735281705856,0.0013388993684202433,0.031639814376831055,0.004210884682834148,0.0020117086824029684
0.5457217693328857,0.42272505164146423,0.006257202010601759,0.0014776724856346846,0.0163659006357193,0.004820857662707567,0.0026315504219383
0.05310389772057533,0.06398016959428787,0.016276897862553596,0.002749838400632143,0.7300387024879456,0.07215526700019836,0.06169523671269417
0.11564970761537552,0.4846270978450775,0.008767586201429367,0.002841971581801772,0.3574768006801605,0.02568584866821766,0.004950900562107563
0.026230691000819206,0.02400207705795765,0.0032473793253302574,0.002911853836849332,0.9173279404640198,0.017591195181012154,0.008688867092132568
0.19728784263134003,0.767853319644928,0.0024186011869460344,0.002023448469117284,0.02356073632836342,0.002728848485276103,0.0041271476075053215
0.19853360950946808,0.7798824310302734,0.006718448828905821,0.0011644379701465368,0.008900086395442486,0.0035523162223398685,0.0012486373307183385
0.05590028688311577,0.34772202372550964,0.01651248335838318,0.016777148470282555,0.46691563725471497,0.01340198889374733,0.08277041465044022
0.8181688785552979,0.08723630756139755,0.011644992046058178,0.002158676739782095,0.0649150162935257,0.009247979149222374,0.006628004834055901
0.24201905727386475,0.709008514881134,0.011135594919323921,0.0024150304961949587,0.026316482573747635,0.007348353508859873,0.0017569594783708453
0.01615070551633835,0.7546107172966003,0.00913812406361103,0.004388910718262196,0.08873451501131058,0.11631900817155838,0.010657992213964462
0.2426452785730362,0.3645513951778412,0.0018226444954052567,0.009227573871612549,0.36886122822761536,0.006937743164598942,0.00595413101837039
0.13473853468894958,0.6550698280334473,0.009469346143305302,0.0030544300097972155,0.17744958400726318,0.014761831611394882,0.005456468556076288
0.08756358176469803,0.7669565677642822,0.005324395373463631,0.0033716473262757063,0.12376348674297333,0.00958202127367258,0.0034383537713438272
0.003299779025837779,0.005957819055765867,0.0013137905625626445,0.023960478603839874,0.9053319692611694,0.0033614984713494778,0.0567745566368103
0.013536704704165459,0.6196937561035156,0.0031624455004930496,0.05139847844839096,0.2991531491279602,0.0036941985599696636,0.009361282922327518
0.007048334926366806,0.902284562587738,0.0038650319911539555,0.005268578417599201,0.06785526126623154,0.012082903645932674,0.0015953356632962823
0.008076991885900497,0.8450653553009033,0.012193247675895691,0.0026114205829799175,0.115573450922966,0.0140562504529953,0.0024234324228018522
0.027317963540554047,0.9648382067680359,0.002266739495098591,0.0003197133191861212,0.0030341059900820255,0.0017972876084968448,0.0004260031564626843
0.004163004923611879,0.9474331140518188,0.007862575352191925,0.002067255787551403,0.03199544548988342,0.0026797917671501637,0.003798705991357565
0.15827502310276031,0.39351657032966614,0.0016484718071296811,0.02040872350335121,0.2442934811115265,0.09639489650726318,0.08546269685029984
0.027975665405392647,0.9342909455299377,0.0010468775872141123,0.0067124878987669945,0.024984220042824745,0.0027330683078616858,0.0022567089181393385
0.06951300799846649,0.0979546457529068,0.004935450851917267,0.016571445390582085,0.09422693401575089,0.7110026478767395,0.005795956589281559
0.13573911786079407,0.7799926996231079,0.010376665741205215,0.004460150375962257,0.0515434555709362,0.00721114594489336,0.010676695965230465
0.003029182320460677,0.9901703000068665,0.002497896086424589,0.000343947671353817,0.0016435685101896524,0.0014298115856945515,0.0008853049366734922
0.01486498024314642,0.016582850366830826,0.01992158405482769,0.003195050870999694,0.9053244590759277,0.029267692938447,0.010843305848538876
0.027307860553264618,0.23027752339839935,0.003877547336742282,0.004877272993326187,0.7060047388076782,0.010542388074100018,0.01711268164217472
0.05973553657531738,0.7381250262260437,0.06779041141271591,0.00561106763780117,0.06578341871500015,0.004071130882948637,0.058883488178253174
0.00748254032805562,0.021954283118247986,0.001869060448370874,0.01120578870177269,0.9357423186302185,0.0038281751330941916,0.017917830497026443
0.3017902672290802,0.1861872375011444,0.005723168142139912,0.0047110915184021,0.4496971368789673,0.009956308640539646,0.04193487390875816
0.10664596408605576,0.003978003282099962,0.3594776391983032,0.35786372423171997,0.02199610136449337,0.06883344799280167,0.08120514452457428
0.012942800298333168,0.3618491291999817,0.007331172004342079,0.4806676506996155,0.10629189014434814,0.021735886111855507,0.009181486442685127
0.02660595066845417,0.7745756506919861,0.030219418928027153,0.002704041078686714,0.07910123467445374,0.08059735596179962,0.006196144036948681
0.03010612167418003,0.17410457134246826,0.004565009847283363,0.022648558020591736,0.6151791214942932,0.14286713302135468,0.010529428720474243
