anger,disgust,fear,joy,neutral,sadness,surprise
0.010916393250226974,0.8805434107780457,0.006203827448189259,0.0299114678055048,0.06090299040079117,0.006003970745950937,0.005517900921404362
0.3358968496322632,0.5166791081428528,0.1025392934679985,0.0038433638401329517,0.01289138849824667,0.025952519848942757,0.002197478199377656
0.0036404284182935953,0.13009481132030487,0.005033702123910189,0.12892061471939087,0.7088716626167297,0.008524548262357712,0.014914331026375294
0.009979468770325184,0.49543866515159607,0.0034335267264395952,0.14070162177085876,0.32684314250946045,0.01371709443628788,0.009886572137475014
0.004670529626309872,0.5083934664726257,0.06829266995191574,0.029608754441142082,0.3305758237838745,0.03141148015856743,0.027047215029597282
0.026429329067468643,0.18533244729042053,0.07262960076332092,0.020714830607175827,0.4855152368545532,0.02727089263498783,0.18210762739181519
0.02562437579035759,0.30631664395332336,0.03757748007774353,0.008224520832300186,0.5213270783424377,0.08989256620407104,0.011037368327379227
0.024752724915742874,0.794548749923706,0.07528982311487198,0.0017241017194464803,0.046210870146751404,0.053704336285591125,0.003769372357055545
0.006321677938103676,0.36078712344169617,0.007490954361855984,0.04493086785078049,0.514531672000885,0.04909699782729149,0.016840726137161255
0.03180244192481041,0.15774928033351898,0.0022815698757767677,0.49313175678253174,0.2898670732975006,0.012590673752129078,0.012577186338603497
0.004843148868530989,0.9187080264091492,0.06546216458082199,0.0009657698101364076,0.004547517746686935,0.0030012645293027163,0.002472157357260585
0.07896175235509872,0.7056472897529602,0.11283235996961594,0.007199032697826624,0.07810947299003601,0.011932631023228168,0.005317470524460077
0.04030473530292511,0.3752477467060089,0.01502173487097025,0.010158181190490723,0.4593561291694641,0.0948023647069931,0.0051091015338897705
0.9370046257972717,0.03486260026693344,0.004586989991366863,0.0006078110309317708,0.01628435216844082,0.003891515778377652,0.0027622622437775135
0.08597966283559799,0.6334599256515503,0.013832200318574905,0.010059342719614506,0.2266823649406433,0.02827068231999874,0.0017158203991129994
0.08979728072881699,0.733879029750824,0.010794712230563164,0.0013099554926156998,0.10218293219804764,0.05937127396464348,0.00266492972150445
0.07727721333503723,0.8418392539024353,0.016207056120038033,0.0010060344357043505,0.04007804021239281,0.0223234836012125,0.0012690230505540967
0.22620773315429688,0.7262014746665955,0.00553046353161335,0.0008674670243635774,0.02581528201699257,0.014000735245645046,0.0013769877841696143
0.04102901369333267,0.007328202482312918,0.9145374894142151,0.0016364274779334664,0.02558339387178421,0.00868668407201767,0.0011988183250650764
0.06575633585453033,0.09017045795917511,0.02450617030262947,0.032296072691679,0.7358521819114685,0.044310227036476135,0.007108625024557114
0.0183867197483778,0.3480512201786041,0.009931463748216629,0.0035681072622537613,0.5928351283073425,0.015050281770527363,0.01217705849558115
0.016005683690309525,0.2688673436641693,0.696282684803009,0.0010043346555903554,0.007031367626041174,0.00646315049380064,0.004345409106463194
0.08279410004615784,0.2446584701538086,0.13667702674865723,0.002304744441062212,0.49967411160469055,0.017724744975566864,0.016166744753718376
0.0874503031373024,0.6124114990234375,0.042024485766887665,0.0015284244436770678,0.025428539142012596,0.22384531795978546,0.0073114680126309395
0.5041096210479736,0.2892974019050598,0.016491882503032684,0.0025009033270180225,0.03967957943677902,0.146648108959198,0.0012724812841042876
0.011800657957792282,0.8558610081672668,0.023925907909870148,0.002678052056580782,0.0649881660938263,0.037319909781217575,0.003426126902922988
0.22000131011009216,0.7136194705963135,0.016411973163485527,0.0007885264931246638,0.02186698652803898,0.025699568912386894,0.0016121809603646398
0.00242801895365119,0.0029516995418816805,0.9688436985015869,0.001421210472472012,0.005340557545423508,0.006108272820711136,0.012906461022794247
0.5305068492889404,0.2820911109447479,0.13492171466350555,0.0012347310548648238,0.019446326419711113,0.027594691142439842,0.0042045945301651955
0.03420979529619217,0.002525618765503168,0.9492443203926086,0.0006584277143701911,0.005377073306590319,0.002618194557726383,0.005366506986320019
0.18756411969661713,0.1530708521604538,0.04185597971081734,0.005561422556638718,0.07672647386789322,0.5313490033149719,0.0038721493910998106
0.11726953089237213,0.044391244649887085,0.002640357706695795,0.15451350808143616,0.3441449999809265,0.3315502107143402,0.005490192677825689
0.024760225787758827,0.18964259326457977,0.03006235510110855,0.0019378833239898086,0.03240273892879486,0.7119176983833313,0.009276464581489563
0.0396573431789875,0.09185946732759476,0.04546684771776199,0.1995057463645935,0.4515760540962219,0.1481788456439972,0.02375568449497223
0.0063604325987398624,0.0818064957857132,0.00270329718478024,0.023229578509926796,0.8633647561073303,0.013298818841576576,0.009236696176230907
0.02610541693866253,0.11541329324245453,0.01971288025379181,0.017178943380713463,0.7984036803245544,0.013840924017131329,0.00934488233178854
0.006307549774646759,0.009831862524151802,0.003813612274825573,0.006947167217731476,0.9649134278297424,0.00316649884916842,0.005019828211516142
0.002792638959363103,0.009563658386468887,0.001511641894467175,0.007440584246069193,0.9544829726219177,0.004062256775796413,0.020146239548921585
