anger,disgust,fear,joy,neutral,sadness,surprise
0.014088387601077557,0.15790468454360962,0.0612533763051033,0.006068276707082987,0.7362083196640015,0.013153043575584888,0.011323947459459305
0.010942410677671432,0.00972844660282135,0.00316004385240376,0.004097860772162676,0.9125282764434814,0.006313078571110964,0.053229931741952896
0.019329017028212547,0.027477221563458443,0.004320650827139616,0.14061693847179413,0.7927704453468323,0.005822216160595417,0.009663507342338562
0.2695770859718323,0.04557664319872856,0.229725182056427,0.15055418014526367,0.14198260009288788,0.0721968337893486,0.09038754552602768
0.015133674256503582,0.006317283492535353,0.03332512825727463,0.4594819247722626,0.158236563205719,0.00669659860432148,0.3208087682723999
0.022198710590600967,0.6190088391304016,0.019670814275741577,0.01916668377816677,0.12159392982721329,0.1946464627981186,0.0037144278176128864
0.01658604107797146,0.06159602478146553,0.0069692558608949184,0.07757965475320816,0.7289286255836487,0.053997062146663666,0.05434335768222809
0.1022801399230957,0.05594971776008606,0.560577392578125,0.007322792895138264,0.14604896306991577,0.10435355454683304,0.02346743457019329
0.12038396298885345,0.803930401802063,0.02922835201025009,0.0016424399800598621,0.031810738146305084,0.011002875864505768,0.002001287881284952
0.22026315331459045,0.7300242781639099,0.01772988960146904,0.0008736391901038587,0.013832933269441128,0.014464905485510826,0.0028112188447266817
0.03559575974941254,0.29886704683303833,0.11237586289644241,0.003058362752199173,0.10145922005176544,0.43986406922340393,0.00877960491925478
0.012423613108694553,0.09317392855882645,0.00967394933104515,0.009033293463289738,0.32340824604034424,0.5402495265007019,0.01203742902725935
0.37366583943367004,0.0843866765499115,0.02982245199382305,0.008022592402994633,0.4209538400173187,0.05027057230472565,0.03287798911333084
0.20734620094299316,0.07653030008077621,0.014979331754148006,0.2700192332267761,0.3750789165496826,0.05026005208492279,0.005785958841443062
0.007887328043580055,0.051621317863464355,0.004237331449985504,0.7660661339759827,0.15524685382843018,0.008863668888807297,0.0060773869045078754
