anger,disgust,fear,joy,neutral,sadness,surprise
0.15480083227157593,0.008809576742351055,0.6114180684089661,0.01664685644209385,0.009419634006917477,0.18548159301280975,0.013423405587673187
0.0031541853677481413,0.0023951251059770584,0.9870927333831787,0.0006776587106287479,0.0015557302394881845,0.0027233234141021967,0.0024011412169784307
0.9819709658622742,0.005157109349966049,0.0009271661983802915,0.00042351530282758176,0.003813274437561631,0.005666288547217846,0.0020417585037648678
0.1278523951768875,0.005487150978296995,0.8403194546699524,0.0011767026735469699,0.013954706490039825,0.006701367441564798,0.004508248530328274
0.9568729996681213,0.02427094429731369,0.0019547599367797375,0.00045890797628089786,0.010000900365412235,0.004542392212897539,0.0018989589298143983
0.04871879145503044,0.03487364575266838,0.0029515917412936687,0.016270462423563004,0.8019571304321289,0.0885450541973114,0.0066833836026489735
0.06886281818151474,0.18953976035118103,0.01598326861858368,0.16784626245498657,0.49727097153663635,0.043604981154203415,0.01689193956553936
0.039988983422517776,0.4656396508216858,0.023223532363772392,0.33535096049308777,0.11106836050748825,0.010386134497821331,0.014342487789690495
0.023229697719216347,0.027489006519317627,0.6306787133216858,0.004251822363585234,0.0917840301990509,0.21843795478343964,0.004128800239413977
0.2614818215370178,0.06426278501749039,0.5924986004829407,0.0014415523037314415,0.017940450459718704,0.05881405994296074,0.003560656448826194
0.02561328373849392,0.951637864112854,0.001168497372418642,0.0008225722704082727,0.01135251484811306,0.0087942685931921,0.0006110504036769271
0.005945276468992233,0.0032428500708192587,0.010604803450405598,0.10655729472637177,0.8258631825447083,0.01720607280731201,0.030580459162592888
0.02346685156226158,0.5514644980430603,0.00830796267837286,0.15731705725193024,0.23414966464042664,0.016166001558303833,0.00912792794406414
0.2806401550769806,0.08420464396476746,0.1967795193195343,0.02968270145356655,0.330187052488327,0.019384130835533142,0.0591217502951622
0.038782764226198196,0.014213780872523785,0.03424239531159401,0.0009820685954764485,0.036447975784540176,0.8688908815383911,0.006440204102545977
0.4075222313404083,0.012306497432291508,0.44167450070381165,0.0038517320062965155,0.08889777958393097,0.035769492387771606,0.009977788664400578
0.012991695664823055,0.018069680780172348,0.0012920030858367682,0.23292209208011627,0.6959158182144165,0.03098139725625515,0.007827241905033588
0.03053618222475052,0.007506885100156069,0.003209369257092476,0.7631841897964478,0.10949603468179703,0.0471927709877491,0.03887442499399185
