anger,disgust,fear,joy,neutral,sadness,surprise
0.12185059487819672,0.09758319705724716,0.03657538443803787,0.5526275038719177,0.0388534851372242,0.14374940097332,0.00876043364405632
0.007839719764888287,0.07718831300735474,0.003167487680912018,0.0018886029720306396,0.014877654612064362,0.8932750821113586,0.001763153006322682
0.0019069572445005178,0.00372581765986979,0.0012662505032494664,0.8965709209442139,0.046064343303442,0.039760272949934006,0.010705366730690002
0.013605142943561077,0.007865737192332745,0.034013669937849045,0.0021102605387568474,0.00933249481022358,0.9309725165367126,0.0021001657005399466
0.008387823589146137,0.01298028789460659,0.8635886907577515,0.0009729224257171154,0.0056536500342190266,0.10326798260211945,0.005148516967892647
0.8988330960273743,0.06579883396625519,0.010922889225184917,0.0006173970177769661,0.010544703342020512,0.012184932827949524,0.0010981484083458781
0.12698189914226532,0.28530269861221313,0.29984602332115173,0.12229542434215546,0.11710168421268463,0.039704158902168274,0.008768204599618912
0.30243995785713196,0.2213747501373291,0.0033257044851779938,0.07639457285404205,0.34989961981773376,0.04308413714170456,0.003481212304905057
0.044037338346242905,0.06820689141750336,0.5249291658401489,0.005061525385826826,0.19247345626354218,0.16235770285129547,0.0029339727479964495
