anger,disgust,fear,joy,neutral,sadness,surprise
0.006428482476621866,0.03262579068541527,0.007974502630531788,0.05485110729932785,0.8561347723007202,0.028883323073387146,0.013101921416819096
0.010010406374931335,0.009898207150399685,0.0034325949382036924,0.36696019768714905,0.4617828130722046,0.1231967955827713,0.024718979373574257
0.027525942772626877,0.3008471131324768,0.007617589086294174,0.01783796213567257,0.6334584355354309,0.008915177546441555,0.0037977229803800583
0.012651112861931324,0.102842316031456,0.009312682785093784,0.006171042565256357,0.7544112205505371,0.05983598902821541,0.05477553606033325
0.0040845852345228195,0.0014607114717364311,0.004468843806535006,0.07436294853687286,0.8432769775390625,0.008149931207299232,0.06419597566127777
0.013577606528997421,0.034229572862386703,0.004024590831249952,0.0021714901085942984,0.11789944022893906,0.790054976940155,0.038042306900024414
0.007586834952235222,0.005242449697107077,0.0026690023951232433,0.059077486395835876,0.9120004773139954,0.0043169055134058,0.009106872603297234
0.01307382807135582,0.021731117740273476,0.004568742122501135,0.01205191295593977,0.9327534437179565,0.011072706431150436,0.004748224280774593
0.052791666239500046,0.213216632604599,0.0053679668344557285,0.015253731980919838,0.5096451640129089,0.19997739791870117,0.0037475088611245155
0.00654301792383194,0.009686548262834549,0.002641381463035941,0.15409253537654877,0.7788336277008057,0.01341254636645317,0.03479037433862686
0.003142568049952388,0.004168907646089792,0.00861738808453083,0.18600353598594666,0.7148036360740662,0.06858016550540924,0.014683828689157963
0.007436955813318491,0.0022056205198168755,0.0009718938381411135,0.5964463353157043,0.1912384331226349,0.007904485799372196,0.1937963366508484
0.009743576869368553,0.0024114653933793306,0.0010314490646123886,0.5450878739356995,0.243513822555542,0.008511761203408241,0.18970011174678802
