anger,disgust,fear,joy,neutral,sadness,surprise
0.007070917636156082,0.0018501357408240438,0.9837784767150879,0.000710788241121918,0.0030582488980144262,0.0025319005362689495,0.0009996960870921612
0.1169888898730278,0.3539089560508728,0.05539024621248245,0.0220655407756567,0.37463733553886414,0.052668821066617966,0.02434016950428486
0.07556873559951782,0.08078840374946594,0.5260350704193115,0.0018910549115389585,0.06596875190734863,0.21474768221378326,0.03500029817223549
0.004718287847936153,0.007742117624729872,0.0008120934944599867,0.09018836915493011,0.7910543084144592,0.011283422820270061,0.09420140087604523
0.02849980629980564,0.7638064026832581,0.01884937472641468,0.04294569045305252,0.11434126645326614,0.013767526485025883,0.017789874225854874
0.019277067855000496,0.01579747535288334,0.047989774495363235,0.0031767282634973526,0.12830261886119843,0.007947409525513649,0.7775089144706726
0.05280441790819168,0.045988451689481735,0.014304876327514648,0.013992751948535442,0.5349825620651245,0.3267959952354431,0.011131014674901962
0.2676059901714325,0.04850924387574196,0.09752591699361801,0.0027580843307077885,0.11097744107246399,0.4287137985229492,0.04390954598784447
0.2002553790807724,0.5235373973846436,0.03964981436729431,0.0033528285566717386,0.10376815497875214,0.0166014451533556,0.11283498257398605
0.1518028825521469,0.2043999880552292,0.3052239716053009,0.008429172448813915,0.25732091069221497,0.0209202878177166,0.05190277844667435
0.025431549176573753,0.07609320431947708,0.015268493443727493,0.007356762886047363,0.622931182384491,0.027566196396946907,0.2253526747226715
0.1785135269165039,0.3923831284046173,0.032585613429546356,0.01578897424042225,0.29661834239959717,0.05178484320640564,0.032325681298971176
0.16383717954158783,0.03304015100002289,0.06089877709746361,0.05015779659152031,0.32418978214263916,0.20892363786697388,0.15895262360572815
0.18918262422084808,0.25190258026123047,0.04951569810509682,0.004551219753921032,0.3765905797481537,0.12014900147914886,0.008108248002827168
0.09161316603422165,0.10793645679950714,0.030472364276647568,0.006838297471404076,0.6957374811172485,0.02380022592842579,0.04360194131731987
0.790083646774292,0.06089238449931145,0.020519202575087547,0.0027179853059351444,0.10849928855895996,0.014566847123205662,0.002720573218539357
0.3034939169883728,0.025689251720905304,0.17918777465820312,0.006817642133682966,0.4154909551143646,0.013391890563070774,0.05592848360538483
0.12488196045160294,0.180661141872406,0.019028127193450928,0.014178111217916012,0.5057327151298523,0.15265916287899017,0.0028588096611201763
0.03712981939315796,0.06017787382006645,0.027379153296351433,0.010601666755974293,0.6721609234809875,0.06166546419262886,0.1308850646018982
0.03040175512433052,0.025754088535904884,0.00461782468482852,0.026954229921102524,0.8808362483978271,0.01987135224044323,0.011564529500901699
0.522947371006012,0.15731772780418396,0.03630690276622772,0.002887642476707697,0.1355409175157547,0.13981398940086365,0.0051854751072824
0.010150361806154251,0.010054202750325203,0.01221246737986803,0.04068103805184364,0.7956002950668335,0.09092634171247482,0.04037533327937126
0.11439460515975952,0.6290267705917358,0.06430814415216446,0.0024293491151183844,0.11650225520133972,0.0642765536904335,0.009062249213457108
0.065511554479599,0.012566565535962582,0.7339173555374146,0.005759232211858034,0.11209481954574585,0.021058782935142517,0.04909173771739006
0.608305037021637,0.2922058403491974,0.007071757689118385,0.0015301925595849752,0.04346891865134239,0.04233633726835251,0.005081892944872379
0.0035880585201084614,0.005762686487287283,0.958845317363739,0.001130474847741425,0.010150679387152195,0.004559466615319252,0.0159633606672287
0.003947466611862183,0.01142494659870863,0.003315846435725689,0.27613312005996704,0.662077009677887,0.025144288316369057,0.01795729622244835
0.21314124763011932,0.15293146669864655,0.4127206802368164,0.007732735946774483,0.1862640529870987,0.019104277715086937,0.008105553686618805
0.14693264663219452,0.02440103329718113,0.005540445446968079,0.10481816530227661,0.5505214929580688,0.02192227728664875,0.145863875746727
0.009459526278078556,0.013533201068639755,0.0013401741161942482,0.009977034293115139,0.9053892493247986,0.0034867904614657164,0.05681398883461952
0.40776461362838745,0.04897564649581909,0.059263091534376144,0.20549120008945465,0.21870091557502747,0.011024377308785915,0.04878010228276253
0.041617970913648605,0.0544268861413002,0.4798448383808136,0.007943334989249706,0.30075952410697937,0.06635107845067978,0.049056436866521835
0.13302460312843323,0.13215157389640808,0.0053734988905489445,0.3133828639984131,0.3857870101928711,0.00982654094696045,0.020454006269574165
0.00861518643796444,0.024027496576309204,0.00086918321903795,0.8804371356964111,0.07518524676561356,0.004964955151081085,0.00590071827173233
