anger,disgust,fear,joy,neutral,sadness,surprise
0.01894909143447876,0.20957496762275696,0.10994595289230347,0.0032061629462987185,0.6013087034225464,0.013344253413379192,0.043670833110809326
0.03666316345334053,0.031396571546792984,0.20833782851696014,0.005435923580080271,0.5459396243095398,0.012031197547912598,0.16019566357135773
0.006238090340048075,0.004022086504846811,0.004276987165212631,0.020342210307717323,0.6759888529777527,0.009629295207560062,0.2795024514198303
0.14801685512065887,0.031876541674137115,0.6858071684837341,0.0029834527522325516,0.08660820126533508,0.036049868911504745,0.00865787174552679
0.3121398985385895,0.5277886390686035,0.0028761466965079308,0.003071787767112255,0.13624894618988037,0.012515263631939888,0.0053592887707054615
0.07657621800899506,0.04574534296989441,0.21945485472679138,0.015620730817317963,0.6151539087295532,0.014767607674002647,0.012681304477155209
0.6963657736778259,0.13213740289211273,0.011832838878035545,0.0009478868450969458,0.035483378916978836,0.11422409117221832,0.009008711203932762
0.022240351885557175,0.38560402393341064,0.00537011306732893,0.08512964099645615,0.21520598232746124,0.2688737213611603,0.017576294019818306
0.07488865405321121,0.03791900724172592,0.7405059933662415,0.0024985652416944504,0.08355742692947388,0.052232492715120316,0.008397883735597134
0.003618295304477215,0.016140304505825043,0.9505141973495483,0.0024563632905483246,0.011523492634296417,0.0021739418152719736,0.013573414646089077
0.011778265237808228,0.5488381385803223,0.023247970268130302,0.00239901733584702,0.3791760802268982,0.010799392126500607,0.023761171847581863
0.01853623241186142,0.2334168553352356,0.0066848075948655605,0.0022287301253527403,0.6231517791748047,0.00786749180406332,0.10811413824558258
0.5983400940895081,0.30344358086586,0.0038175745867192745,0.0031606305856257677,0.08247285336256027,0.006151135079562664,0.0026141060516238213
0.006085211876779795,0.0027560931630432606,0.9705159664154053,0.0009545417851768434,0.011088728904724121,0.002491983585059643,0.006107473745942116
0.41897404193878174,0.2177661657333374,0.016329817473888397,0.006487680599093437,0.1362643837928772,0.20021580159664154,0.00396204087883234
0.02880760468542576,0.08554761856794357,0.0026671686209738255,0.019670473411679268,0.8267441987991333,0.029503939673304558,0.007059089373797178
0.03387349843978882,0.012037467211484909,0.8574912548065186,0.002742309356108308,0.04115196689963341,0.007719997316598892,0.04498342052102089
0.6675069332122803,0.15558025240898132,0.030431441962718964,0.002357570920139551,0.11198687553405762,0.023801250383257866,0.008335701189935207
0.37684565782546997,0.10900707542896271,0.04936681687831879,0.004469539970159531,0.3781142830848694,0.07902946323156357,0.0031672297045588493
0.02410797029733658,0.8402594923973083,0.016868678852915764,0.0011017780052497983,0.07244688272476196,0.026595458388328552,0.018619781360030174
0.2649276852607727,0.03314180672168732,0.5970088839530945,0.0028774491511285305,0.06432384252548218,0.019086016342043877,0.01863429695367813
0.07335561513900757,0.026722775772213936,0.13225211203098297,0.005541137885302305,0.5980395674705505,0.01986635848879814,0.1442224234342575
0.008890913799405098,0.10982436686754227,0.011700675822794437,0.07491243630647659,0.7498523592948914,0.003424909897148609,0.04139428958296776
0.0015107131330296397,0.0018119628075510263,0.00030713871819898486,0.9880291819572449,0.003404095768928528,0.002219446236267686,0.0027173717971891165
0.1910264939069748,0.16062943637371063,0.500494122505188,0.0120431799441576,0.08924400806427002,0.044104352593421936,0.0024583982303738594
0.615791916847229,0.29311931133270264,0.03326346352696419,0.0007803801563568413,0.021559972316026688,0.03329772874712944,0.0021871684584766626
0.005795836448669434,0.13890138268470764,0.004681266378611326,0.004338910337537527,0.08342748135328293,0.759384274482727,0.0034709216561168432
