anger,disgust,fear,joy,neutral,sadness,surprise
0.00570695148780942,0.0016552089946344495,0.018906069919466972,0.9487981200218201,0.012241307646036148,0.008940349332988262,0.003752087475731969
0.01583237573504448,0.1724575310945511,0.05852457880973816,0.12664365768432617,0.08523388206958771,0.5297037363052368,0.011604264378547668
0.37975019216537476,0.14770716428756714,0.08025670796632767,0.012304084375500679,0.2322653979063034,0.047443050891160965,0.10027341544628143
0.0735941156744957,0.08408354967832565,0.012981913052499294,0.01678052544593811,0.793082058429718,0.01695393957197666,0.002523951232433319
0.10979916900396347,0.7779929637908936,0.012452754192054272,0.0026426969561725855,0.07211189717054367,0.020970160141587257,0.004030339419841766
0.006661460269242525,0.08104504644870758,0.008314262144267559,0.0028770610224455595,0.8315276503562927,0.053818460553884506,0.015756038948893547
0.01397571712732315,0.00314734922721982,0.0028451657854020596,0.2914220988750458,0.5751151442527771,0.005716603249311447,0.10777789354324341
0.12644712626934052,0.16705277562141418,0.12184375524520874,0.006132812704890966,0.39112064242362976,0.0935659259557724,0.09383698552846909
0.009031664580106735,0.2249792367219925,0.0185720082372427,0.016604332253336906,0.28551018238067627,0.43679505586624146,0.008507505059242249
0.02648889645934105,0.014137701131403446,0.00755789689719677,0.1440504640340805,0.7648525834083557,0.005845178849995136,0.03706720843911171
0.007120050955563784,0.022263577207922935,0.004076668526977301,0.13649804890155792,0.7413849830627441,0.07385516166687012,0.014801568351686
0.03444363921880722,0.018273314461112022,0.023863792419433594,0.010616163723170757,0.8305454850196838,0.07230792194604874,0.009949677623808384
0.013788559474050999,0.00555825512856245,0.0026899944059550762,0.1972392201423645,0.7386667132377625,0.00623273802921176,0.035824526101350784
0.02531789429485798,0.005909252446144819,0.0017897040816023946,0.5029858350753784,0.4303511083126068,0.00862983800470829,0.025016402825713158
0.017891904339194298,0.10071082413196564,0.851617693901062,0.001848361105658114,0.012904459610581398,0.01016118936240673,0.004865505266934633
0.015253743156790733,0.018022699281573296,0.0009766584262251854,0.03863972797989845,0.9148855805397034,0.008142443373799324,0.004079181235283613
0.006741345394402742,0.011297269724309444,0.00373553903773427,0.011823629960417747,0.07364993542432785,0.8869761228561401,0.005776167847216129
0.41884276270866394,0.23590654134750366,0.04634055867791176,0.0039043636061251163,0.16959652304649353,0.11461307108402252,0.010796189308166504
0.00960269570350647,0.0069626569747924805,0.8803579807281494,0.0036210068501532078,0.07620970159769058,0.008978905156254768,0.01426712516695261
0.10913332551717758,0.06778205931186676,0.03877287730574608,0.003631840692833066,0.599632203578949,0.06964575499296188,0.11140196770429611
0.03200387954711914,0.018826806917786598,0.012774920091032982,0.02402760274708271,0.7743225693702698,0.1305670440196991,0.0074771796353161335
0.013804145157337189,0.03750421851873398,0.17596067488193512,0.019482556730508804,0.73180091381073,0.005261497106403112,0.016186080873012543
0.020841559395194054,0.05285361036658287,0.007935289293527603,0.03704005107283592,0.6097435355186462,0.26714858412742615,0.004437408875674009
0.020569592714309692,0.10242966562509537,0.005861867219209671,0.02696107141673565,0.7996657490730286,0.006509226746857166,0.03800278156995773
0.03431180864572525,0.017759718000888824,0.004632202908396721,0.07057598978281021,0.4753539264202118,0.36539220809936523,0.031974125653505325
0.006535024847835302,0.00313463038764894,0.0028269104659557343,0.012934323400259018,0.9054313898086548,0.005216017831116915,0.063921719789505
0.022242410108447075,0.0315425768494606,0.00364645360969007,0.13228656351566315,0.5313384532928467,0.273844450712204,0.005099073518067598
0.4940264821052551,0.32337915897369385,0.018469175323843956,0.005642930045723915,0.11324317753314972,0.039205409586429596,0.0060336110182106495
0.03410564735531807,0.04332244023680687,0.007573210634291172,0.16438232362270355,0.7032326459884644,0.030541913583874702,0.016841795295476913
