anger,disgust,fear,joy,neutral,sadness,surprise
0.004267329815775156,0.006592866498976946,0.0028011465910822153,0.44069787859916687,0.447876900434494,0.06125744432210922,0.036506492644548416
0.02224895916879177,0.025232987478375435,0.07780779898166656,0.007432552054524422,0.8287018537521362,0.03131068870425224,0.007265218533575535
0.04099429398775101,0.09144707024097443,0.00812617689371109,0.053954072296619415,0.7369363903999329,0.027245456352829933,0.04129652678966522
0.6694806814193726,0.09940332919359207,0.06960544735193253,0.006015498656779528,0.04752268269658089,0.10243915766477585,0.005533283110707998
0.04403328895568848,0.010707330889999866,0.08561529219150543,0.002450481289997697,0.0648440420627594,0.019202182069420815,0.7731473445892334
0.43337854743003845,0.1138906478881836,0.13762766122817993,0.011296974495053291,0.22375911474227905,0.054804205894470215,0.025242706760764122
0.03862674906849861,0.5999360084533691,0.012116961181163788,0.0018368641613051295,0.3013746738433838,0.02963951602578163,0.016469240188598633
0.0117489043623209,0.01254966203123331,0.0019759684801101685,0.0034575234167277813,0.9504478573799133,0.005246836692094803,0.014573303051292896
0.5336259007453918,0.08251145482063293,0.1140274628996849,0.003256363794207573,0.09038092941045761,0.09734417498111725,0.07885371893644333
0.7328233122825623,0.1782217174768448,0.015658145770430565,0.0009727171272970736,0.023894209414720535,0.03916720673441887,0.00926270242780447
0.0255858413875103,0.02217528596520424,0.007776787970215082,0.01394238043576479,0.8417947888374329,0.0047104316763579845,0.08401454240083694
0.687653124332428,0.056977733969688416,0.027954868972301483,0.002314257202669978,0.16522978246212006,0.028483420610427856,0.03138682618737221
0.1366628110408783,0.048124633729457855,0.014925206080079079,0.010475605726242065,0.6723862290382385,0.016829881817102432,0.10059559345245361
0.12024342268705368,0.19784587621688843,0.12541542947292328,0.00456675048917532,0.516625165939331,0.02568046562373638,0.009622862562537193
0.15549695491790771,0.5972481369972229,0.03363848105072975,0.0015914468094706535,0.1718643754720688,0.024425020441412926,0.015735477209091187
0.4963260591030121,0.23012720048427582,0.019102901220321655,0.004266980569809675,0.23053084313869476,0.014185788109898567,0.005460252985358238
0.09292514622211456,0.01449977420270443,0.03197281062602997,0.007387591991573572,0.7795957922935486,0.02428240142762661,0.04933644086122513
0.26681333780288696,0.07018382102251053,0.421487033367157,0.005136797670274973,0.2125629186630249,0.009777508676052094,0.014038474299013615
0.19105474650859833,0.031859368085861206,0.03746138513088226,0.0037648193538188934,0.46728765964508057,0.14559131860733032,0.12298066169023514
0.039978329092264175,0.607566237449646,0.00724014500156045,0.0022572423331439495,0.3245055675506592,0.010986210778355598,0.0074662030674517155
0.033039383590221405,0.8827730417251587,0.004121056292206049,0.001605142722837627,0.07068487256765366,0.005432073026895523,0.002344289794564247
0.01262516900897026,0.028171978890895844,0.015305478125810623,0.07052741199731827,0.8010063767433167,0.020674889907240868,0.05168870836496353
0.5340867638587952,0.0898846760392189,0.044965069741010666,0.004149926360696554,0.19921743869781494,0.08606206625699997,0.041634008288383484
0.030340664088726044,0.054961349815130234,0.01213067676872015,0.008301423862576485,0.8623663783073425,0.01159119512885809,0.020308280363678932
0.10167215764522552,0.2504350543022156,0.0179534163326025,0.013650472275912762,0.5931087136268616,0.010764917358756065,0.012415261007845402
0.005929398816078901,0.0027970485389232635,0.0005111541831865907,0.9479726552963257,0.02973664365708828,0.00407381309196353,0.008979256264865398
0.14326994121074677,0.3120563328266144,0.057028573006391525,0.007051034830510616,0.37593066692352295,0.07010681182146072,0.03455667197704315
