anger,disgust,fear,joy,neutral,sadness,surprise
0.005041228607296944,0.004345460329204798,0.014242453500628471,0.20322564244270325,0.6979809403419495,0.017294570803642273,0.05786965787410736
0.02486320212483406,0.05738992616534233,0.005806114058941603,0.022350037470459938,0.07615333795547485,0.8090894818305969,0.004347880370914936
0.006520959548652172,0.7736154794692993,0.005138301756232977,0.0015534597914665937,0.16577878594398499,0.039490580558776855,0.007902394980192184
0.016787832602858543,0.06537243723869324,0.0010193611960858107,0.10127808153629303,0.7960988879203796,0.00956598948687315,0.009877472184598446
0.057760946452617645,0.03564705327153206,0.012588492594659328,0.033394359052181244,0.7858648896217346,0.016708699986338615,0.05803554132580757
0.6544198989868164,0.10548420995473862,0.055854011327028275,0.0014640761073678732,0.09878639131784439,0.05301794409751892,0.030973466113209724
0.00978164654225111,0.014565953984856606,0.02105546183884144,0.0026282041799277067,0.018821723759174347,0.9310625195503235,0.0020845215767621994
0.04646894708275795,0.573065996170044,0.00801772065460682,0.055688515305519104,0.29588761925697327,0.01773119531571865,0.003140103304758668
0.00365878245793283,0.0010497398907318711,0.0013267878675833344,0.0033985294867306948,0.011580614373087883,0.0011853500036522746,0.9778001308441162
0.061666931957006454,0.16561029851436615,0.003241361351683736,0.008159570395946503,0.750384509563446,0.005440541077405214,0.0054968190379440784
0.022243792191147804,0.04693281650543213,0.0009229174465872347,0.27498847246170044,0.6246806383132935,0.016000578179955482,0.014230775646865368
0.007203304208815098,0.007684509735554457,0.0008569453493691981,0.8750167489051819,0.07893257588148117,0.0030847620218992233,0.027221061289310455
0.0065809134393930435,0.004647078458219767,0.001678696135058999,0.46191108226776123,0.5000265836715698,0.0033237310126423836,0.02183191478252411
0.8305140733718872,0.07236120849847794,0.01163432002067566,0.0020885921549052,0.06703167408704758,0.009486788883805275,0.006883437279611826
0.006166493985801935,0.004875094164162874,0.007245172280818224,0.06488476693630219,0.8094152212142944,0.009510647505521774,0.09790258854627609
0.24691852927207947,0.1468920111656189,0.006722777616232634,0.042862556874752045,0.5177192091941833,0.03225058689713478,0.006634365301579237
0.4001510441303253,0.05109168216586113,0.0032302681356668472,0.10133067518472672,0.4127580523490906,0.014305680058896542,0.017132624983787537
0.017100106924772263,0.016901282593607903,0.0016919785412028432,0.05850938707590103,0.8610967993736267,0.01204630732536316,0.032654114067554474
0.011546725407242775,0.015699686482548714,0.0024579602759331465,0.31570789217948914,0.6190312504768372,0.008860425092279911,0.026696035638451576
0.12769995629787445,0.06984768807888031,0.0015440605347976089,0.6522137522697449,0.12529121339321136,0.004618595354259014,0.018784744665026665
0.03146899864077568,0.08194351941347122,0.0013275962555781007,0.2120053917169571,0.6571987867355347,0.011969180777668953,0.004086512140929699
