anger,disgust,fear,joy,neutral,sadness,surprise
0.01266729086637497,0.8840914368629456,0.05661774054169655,0.00363078061491251,0.007831383496522903,0.012976044788956642,0.022185368463397026
0.045790404081344604,0.4174918830394745,0.023282866925001144,0.04460317641496658,0.4347659945487976,0.025513654574751854,0.008551979437470436
0.14499102532863617,0.6951693296432495,0.013707028701901436,0.0020354995504021645,0.09811248630285263,0.035916347056627274,0.010068293660879135
0.0424407534301281,0.7030566930770874,0.04828182980418205,0.0016782971797510982,0.11195410043001175,0.08961592614650726,0.0029724722262471914
0.48571112751960754,0.18759512901306152,0.057450998574495316,0.0023802616633474827,0.16909818351268768,0.08929423987865448,0.008470050059258938
0.02001093700528145,0.761367917060852,0.019541852176189423,0.0028542939107865095,0.1808561384677887,0.011142289265990257,0.004226492252200842
0.013176467269659042,0.8332673907279968,0.0036076053511351347,0.06997722387313843,0.06575392931699753,0.01169121265411377,0.002526120515540242
0.006733615882694721,0.1645311415195465,0.00794711522758007,0.026553578674793243,0.7217667102813721,0.029678132385015488,0.042789675295352936
0.014572530053555965,0.8784016370773315,0.00913280714303255,0.05369511619210243,0.023811008781194687,0.018664903938770294,0.001721863285638392
0.19470013678073883,0.7138516902923584,0.04667108878493309,0.0008181363227777183,0.024015001952648163,0.017934825271368027,0.002009039744734764
