anger,disgust,fear,joy,neutral,sadness,surprise
0.021017881110310555,0.018840426579117775,0.0033023622818291187,0.020816277712583542,0.9234646558761597,0.004049080424010754,0.008509302511811256
0.01849975623190403,0.010495561175048351,0.13141344487667084,0.5214604139328003,0.2812895178794861,0.010043282061815262,0.026797974482178688
0.16159215569496155,0.49038761854171753,0.22551055252552032,0.004939110483974218,0.06731079518795013,0.04719661548733711,0.0030631795525550842
0.018296608701348305,0.01608816720545292,0.024151692166924477,0.012427330948412418,0.10801822692155838,0.089021697640419,0.7319962382316589
0.034190598875284195,0.006734497845172882,0.9184738397598267,0.0017059498932212591,0.0215495303273201,0.00320353452116251,0.014142057858407497
0.0444185845553875,0.2123163342475891,0.004399444442242384,0.04345473647117615,0.6722224354743958,0.02071855403482914,0.0024699135683476925
0.155243918299675,0.18927931785583496,0.003391455626115203,0.00228414055891335,0.04323495924472809,0.6039850115776062,0.0025811505038291216
0.16641977429389954,0.02853311225771904,0.05118682608008385,0.0034701696131378412,0.11857262998819351,0.6099527478218079,0.021864816546440125
0.042027682065963745,0.017316898331046104,0.0061012315563857555,0.3921048045158386,0.4694015681743622,0.0483495257794857,0.024698304012417793
0.0012561613693833351,0.0019765112083405256,0.001564966980367899,0.0010612880578264594,0.00626021483913064,0.9839641451835632,0.00391673156991601
0.01229001022875309,0.005041324533522129,0.2167874276638031,0.24217866361141205,0.3421648144721985,0.0938640832901001,0.08767363429069519
0.2558096945285797,0.07593204826116562,0.048874467611312866,0.006509644445031881,0.23565901815891266,0.37412455677986145,0.0030904978048056364
0.008893252350389957,0.040842726826667786,0.006978084333240986,0.15712252259254456,0.7345289587974548,0.020643793046474457,0.030990617349743843
0.01188642531633377,0.0038363977801054716,0.44384363293647766,0.40980491042137146,0.09288644045591354,0.0044851223938167095,0.033257026225328445
0.23152635991573334,0.6975975632667542,0.021881161257624626,0.0011836644262075424,0.02299472503364086,0.02134621888399124,0.0034702811390161514
0.24427202343940735,0.3743368685245514,0.028658399358391762,0.001118472428061068,0.05815710127353668,0.28672537207603455,0.006731736473739147
0.11526172608137131,0.5214565992355347,0.020518094301223755,0.002435104688629508,0.22462496161460876,0.0797688364982605,0.03593470901250839
0.788122296333313,0.014606847427785397,0.06997083872556686,0.0021890455391258,0.029442964121699333,0.08771463483572006,0.007953358814120293
0.6064170002937317,0.2794877588748932,0.03107747621834278,0.01997021958231926,0.03306853771209717,0.008119714446365833,0.02185928262770176
0.062170132994651794,0.85390305519104,0.04221225529909134,0.001430216827429831,0.008737734518945217,0.02876761183142662,0.002779075875878334
0.20382902026176453,0.36294418573379517,0.018078573048114777,0.006152417976409197,0.2669745981693268,0.13669686019420624,0.005324344150722027
0.032863061875104904,0.018140997737646103,0.0019302419386804104,0.06245166435837746,0.8677701950073242,0.007273227907717228,0.009570667520165443
0.004214170388877392,0.0302062276750803,0.008026371710002422,0.036024440079927444,0.886763334274292,0.02412097528576851,0.01064454298466444
