anger,disgust,fear,joy,neutral,sadness,surprise
0.1445944458246231,0.033703241497278214,0.26001405715942383,0.10281946510076523,0.34466761350631714,0.0877784937620163,0.026422686874866486
0.013306544162333012,0.0024903055746108294,0.9746283888816833,0.0009522794280201197,0.005735486745834351,0.0011475974461063743,0.0017394879832863808
0.011199511587619781,0.04521900787949562,0.6116779446601868,0.012354867532849312,0.25795724987983704,0.05794365704059601,0.003647698787972331
0.011509076692163944,0.17542695999145508,0.008981791324913502,0.011231684125959873,0.7705996036529541,0.012524574063718319,0.009726285003125668
0.05286699905991554,0.010798272676765919,0.8929726481437683,0.0015208469703793526,0.0308371614664793,0.006827940698713064,0.004176121670752764
0.0016565003897994757,0.0005105219897814095,0.9932265877723694,0.0007641248521395028,0.001042179181240499,0.0021562096662819386,0.0006438756827265024
0.0013843495398759842,0.010052238591015339,0.0007506546098738909,0.9487870931625366,0.03294253349304199,0.0032273312099277973,0.0028558680787682533
0.011946957558393478,0.026826074346899986,0.013664763420820236,0.49378493428230286,0.4329257011413574,0.01195309404283762,0.00889858603477478
0.02188017964363098,0.03560559079051018,0.0009152306593023241,0.4170198142528534,0.5025050044059753,0.007103933487087488,0.014970283955335617
0.012198477983474731,0.10660470277070999,0.02713398076593876,0.005137164145708084,0.6757081747055054,0.16397646069526672,0.009241028688848019
0.02714173123240471,0.014843861572444439,0.8696161508560181,0.001701505621895194,0.06747418642044067,0.010459374636411667,0.008763154037296772
0.03027818538248539,0.02353532612323761,0.9055225849151611,0.0030559361912310123,0.0255014356225729,0.011132434941828251,0.0009740678942762315
0.011199511587619781,0.04521900787949562,0.6116779446601868,0.012354867532849312,0.25795724987983704,0.05794365704059601,0.003647698787972331
0.018290137872099876,0.1434815675020218,0.023474320769309998,0.3315449655056,0.4220961928367615,0.02392006106674671,0.0371926911175251
0.08013176172971725,0.05369257926940918,0.8381313681602478,0.0015351679176092148,0.018114274367690086,0.005960747133940458,0.0024341351818293333
0.0029355960432440042,0.0007359459414146841,0.9906504154205322,0.0006439081043936312,0.001826711231842637,0.002382963430136442,0.0008245537173934281
0.0028167220298200846,0.029130110517144203,0.0009575580479577184,0.8655412793159485,0.08988246321678162,0.0071925451047718525,0.004479344468563795
0.05438921973109245,0.17970485985279083,0.0020397622138261795,0.24544668197631836,0.469913125038147,0.03885038569569588,0.009655896574258804
0.015195134095847607,0.10403633117675781,0.002928722882643342,0.06605177372694016,0.78777676820755,0.009489728137850761,0.01452157273888588
