anger,disgust,fear,joy,neutral,sadness,surprise
0.013873922638595104,0.022383620962500572,0.026892006397247314,0.018655115738511086,0.05373065918684006,0.7853789329528809,0.0790858119726181
0.028529852628707886,0.19033753871917725,0.006472885143011808,0.3756403923034668,0.14744088053703308,0.23681022226810455,0.01476825401186943
0.4842150807380676,0.2580466568470001,0.003623989410698414,0.002885273192077875,0.02871273085474968,0.22033126652240753,0.00218502851203084
0.018038462847471237,0.05258115753531456,0.279874712228775,0.005790253635495901,0.18279598653316498,0.43364518880844116,0.02727423422038555
0.03678734228014946,0.6391963958740234,0.0019355162512511015,0.030778059735894203,0.030183952301740646,0.2593965530395508,0.0017222596798092127
0.023810403421521187,0.1038135215640068,0.01894216239452362,0.00416652811691165,0.7308382391929626,0.04384809732437134,0.07458100467920303
0.13521355390548706,0.07735970616340637,0.00123233487829566,0.028543822467327118,0.728309154510498,0.01969907432794571,0.009642332792282104
0.10913535207509995,0.6152331829071045,0.028476964682340622,0.002037766622379422,0.17381122708320618,0.05738766863942146,0.013917766511440277
0.11946500837802887,0.7692869305610657,0.0021306821145117283,0.011090093292295933,0.08916175365447998,0.006336194463074207,0.0025292825885117054
0.044770870357751846,0.20523513853549957,0.04325117543339729,0.010282959789037704,0.27156588435173035,0.42206114530563354,0.0028327791951596737
