anger,disgust,fear,joy,neutral,sadness,surprise
0.05044182017445564,0.009410624392330647,0.7933637499809265,0.004845255054533482,0.10977420210838318,0.01671646721661091,0.015447920188307762
0.5432910919189453,0.3113693594932556,0.015206060372292995,0.0012243151431903243,0.06597908586263657,0.05203467607498169,0.01089540682733059
0.03807072341442108,0.0034986119717359543,0.7223268747329712,0.024349823594093323,0.044042423367500305,0.14695315062999725,0.020758431404829025
0.14023663103580475,0.04165497049689293,0.006818342953920364,0.002090423135086894,0.7257165312767029,0.04083414748311043,0.04264891520142555
0.012056654319167137,0.016984522342681885,0.004200266674160957,0.002932426519691944,0.08532025665044785,0.8468221426010132,0.031683772802352905
0.15951411426067352,0.02464432083070278,0.7618985772132874,0.0020081805996596813,0.03221530467271805,0.010654499754309654,0.009065008722245693
0.02251959778368473,0.3219781816005707,0.039841316640377045,0.004931531846523285,0.2266004979610443,0.3632422685623169,0.020886598154902458
0.0511649064719677,0.880954921245575,0.01884756237268448,0.0006491976091638207,0.019659455865621567,0.024704504758119583,0.0040193283930420876
0.012036249972879887,0.048933617770671844,0.014424608089029789,0.004247681703418493,0.6351905465126038,0.12100023776292801,0.16416709125041962
0.0032272504176944494,0.0016307756304740906,0.0016768937930464745,0.03215182200074196,0.8571669459342957,0.009798506274819374,0.09434781968593597
0.024864614009857178,0.021315952762961388,0.005235397722572088,0.007039771880954504,0.4756090044975281,0.027737585827708244,0.43819761276245117
0.004186319187283516,0.002072268631309271,0.004573374520987272,0.8712999224662781,0.09586185961961746,0.00432543596252799,0.017680741846561432
0.16616223752498627,0.15892663598060608,0.021393857896327972,0.010404340922832489,0.6011151075363159,0.022091388702392578,0.019906435161828995
0.051871415227651596,0.016117537394165993,0.12886102497577667,0.010740809142589569,0.7764094471931458,0.007637355010956526,0.008362341672182083
0.019448140636086464,0.014024671167135239,0.2603244483470917,0.012963797897100449,0.5992881059646606,0.018786868080496788,0.07516402006149292
0.07817388325929642,0.006016788072884083,0.749095618724823,0.00399437453597784,0.11602948606014252,0.016769707202911377,0.02992008440196514
0.29109522700309753,0.02704095095396042,0.03787768632173538,0.004096786491572857,0.14403152465820312,0.4908016324043274,0.005056113936007023
