anger,disgust,fear,joy,neutral,sadness,surprise
0.021768951788544655,0.03341355919837952,0.011400082148611546,0.33104443550109863,0.5420498847961426,0.017944928258657455,0.042378056794404984
0.018979297950863838,0.0037174252793192863,0.020182352513074875,0.33938801288604736,0.35096341371536255,0.06998252123594284,0.19678695499897003
0.04051284119486809,0.38799822330474854,0.01518926676362753,0.05515318736433983,0.271051287651062,0.2193964272737503,0.010698795318603516
0.03979775682091713,0.07535351812839508,0.011178972199559212,0.10168033093214035,0.6834298372268677,0.005789524409919977,0.08277004957199097
0.08854670822620392,0.5344990491867065,0.04179389774799347,0.12709513306617737,0.14588825404644012,0.02971130795776844,0.0324656143784523
0.2513909637928009,0.6769907474517822,0.005933692213147879,0.002476415131241083,0.04285390302538872,0.018595943227410316,0.0017582566943019629
0.3294416666030884,0.34574469923973083,0.1171698123216629,0.00799529254436493,0.18162889778614044,0.016251128166913986,0.0017685815691947937
0.15955334901809692,0.23324379324913025,0.12670576572418213,0.002879129955545068,0.3325280547142029,0.14068877696990967,0.004401169251650572
0.08737167716026306,0.4414077699184418,0.006194733548909426,0.3875754177570343,0.03156064450740814,0.03892800211906433,0.0069617051631212234
0.41862165927886963,0.17149919271469116,0.00766347162425518,0.006734287831932306,0.16783951222896576,0.22180873155593872,0.005833149887621403
0.09978912770748138,0.02527787536382675,0.06057632714509964,0.010368052870035172,0.3963031768798828,0.3964352607727051,0.011250266805291176
0.017160603776574135,0.023393960669636726,0.03178209438920021,0.006078669801354408,0.7782222628593445,0.016205621883273125,0.12715676426887512
0.2797994613647461,0.06576427817344666,0.5522493124008179,0.0013465918600559235,0.006286072079092264,0.08454109728336334,0.010013178922235966
0.008507057093083858,0.03784807398915291,0.22291305661201477,0.01044734288007021,0.21394123136997223,0.4751002788543701,0.031242884695529938
0.0025385371409356594,0.009293950162827969,0.005790019873529673,0.0015498391585424542,0.026639360934495926,0.9506292343139648,0.003559064120054245
0.005340995732694864,0.04565030708909035,0.047796830534935,0.002642774721607566,0.10179094970226288,0.7923917770385742,0.0043864063918590546
0.020592980086803436,0.530055582523346,0.07647249847650528,0.002397604053840041,0.1428537368774414,0.22065025568008423,0.00697733648121357
0.002171703614294529,0.010336045175790787,0.0012645894894376397,0.8310744762420654,0.08715887367725372,0.058522872626781464,0.009471400640904903
0.023343656212091446,0.06867564469575882,0.007163765374571085,0.04215395823121071,0.5278463363647461,0.32160642743110657,0.00921030342578888
0.3659091889858246,0.12253108620643616,0.008484389632940292,0.009250182658433914,0.4235418140888214,0.01707671582698822,0.053206562995910645
0.0038554940838366747,0.05022849515080452,0.04580618441104889,0.0016435289289802313,0.049029719084501266,0.8424153923988342,0.0070212590508162975
0.024568013846874237,0.8692548274993896,0.006287822965532541,0.024974461644887924,0.04286384582519531,0.026451464742422104,0.005599456373602152
0.13890142738819122,0.0711023211479187,0.206550732254982,0.006531937047839165,0.21901221573352814,0.3540124297142029,0.0038889856077730656
0.31446266174316406,0.32473137974739075,0.008908278308808804,0.010341227054595947,0.10595939308404922,0.23147030174732208,0.004126696847379208
0.020701544359326363,0.42332473397254944,0.055459268391132355,0.0028112397994846106,0.32236966490745544,0.1660643368959427,0.009269132278859615
0.012627730146050453,0.3636566400527954,0.06973876804113388,0.0017329821130260825,0.07370106875896454,0.4522763788700104,0.026266420260071754
0.23991705477237701,0.0179548691958189,0.028942475095391273,0.009258364327251911,0.61748868227005,0.07224085927009583,0.014197654090821743
0.10324208438396454,0.6912207007408142,0.014970123767852783,0.0013071252033114433,0.10527108609676361,0.08153876662254333,0.0024501527659595013
0.09830927103757858,0.11303184926509857,0.005823302082717419,0.015497308224439621,0.38245224952697754,0.3805467188358307,0.004339321982115507
0.0078892195597291,0.025780700147151947,0.5753839015960693,0.012073509395122528,0.227311909198761,0.14721369743347168,0.004347166046500206
0.14895644783973694,0.08838437497615814,0.00970375631004572,0.10855232179164886,0.5902590155601501,0.029410744085907936,0.024733370169997215
0.02028605155646801,0.4989040791988373,0.036485496908426285,0.003274433547630906,0.056702591478824615,0.38019949197769165,0.004147830884903669
