anger,disgust,fear,joy,neutral,sadness,surprise
0.0021179441828280687,0.006749788764864206,0.9566077589988708,0.0009064099285751581,0.01185814943164587,0.018695147708058357,0.0030648820102214813
0.0016341428272426128,0.019329247996211052,0.9352051615715027,0.001102991751395166,0.01821593940258026,0.005063850432634354,0.019448596984148026
0.4921967685222626,0.1802188605070114,0.01770925149321556,0.01028665155172348,0.24169288575649261,0.02804761566221714,0.029848074540495872
0.04313432425260544,0.6340031623840332,0.013129676692187786,0.028923043981194496,0.2074120044708252,0.06580626219511032,0.00759156746789813
0.044736098498106,0.0557936392724514,0.0023773829452693462,0.18131518363952637,0.685815155506134,0.024584725499153137,0.005377806723117828
0.00403636135160923,0.043547097593545914,0.8075633645057678,0.0023776190355420113,0.1020166203379631,0.028902512043714523,0.011556381359696388
0.005022287368774414,0.03275303542613983,0.7592698335647583,0.00766773521900177,0.09291476756334305,0.009064599871635437,0.09330777823925018
0.003557460615411401,0.06775405257940292,0.828301191329956,0.00152564886957407,0.049790337681770325,0.007461986504495144,0.041609350591897964
0.010949812829494476,0.01616055890917778,0.5905832052230835,0.04265347495675087,0.2661294639110565,0.03083888441324234,0.04268455505371094
0.050017934292554855,0.7980033755302429,0.010008660145103931,0.0018232602160423994,0.09836755692958832,0.039388999342918396,0.002390364184975624
0.029444148764014244,0.22679480910301208,0.012210936285555363,0.012852787040174007,0.6918801069259644,0.020227249711751938,0.006589891389012337
0.014696952886879444,0.366119921207428,0.006067393347620964,0.24556070566177368,0.3479720950126648,0.014479494653642178,0.0051035210490226746
0.023494185879826546,0.17225393652915955,0.023455584421753883,0.0018697461346164346,0.585928738117218,0.184071347117424,0.00892647635191679
0.010941015556454659,0.016692684963345528,0.0007188426679931581,0.02000785991549492,0.9100738763809204,0.004700297024101019,0.036865394562482834
0.017629006877541542,0.13802731037139893,0.025904489681124687,0.0037393353413790464,0.3633515238761902,0.40863850712776184,0.0427098385989666
0.009513366967439651,0.004627792164683342,0.9098358154296875,0.0015526521019637585,0.041442349553108215,0.003688148222863674,0.02933993935585022
0.030435308814048767,0.11341742426156998,0.018477099016308784,0.017018374055624008,0.7607924342155457,0.037848468869924545,0.022010842338204384
0.07578860968351364,0.05533261597156525,0.16332274675369263,0.007446733303368092,0.6382164359092712,0.021560130640864372,0.03833271935582161
0.005768317263573408,0.014892848208546638,0.013288294896483421,0.12443235516548157,0.7407867312431335,0.07471594959497452,0.026115547865629196
0.01602889411151409,0.03672897815704346,0.07659005373716354,0.026436155661940575,0.7339698076248169,0.005752992816269398,0.1044931709766388
0.18702757358551025,0.7863810062408447,0.005941777490079403,0.000979748205281794,0.008462865836918354,0.008905736729502678,0.0023012999445199966
0.2951596975326538,0.6605802774429321,0.007384937722235918,0.0013704684097319841,0.02676929347217083,0.007546639069914818,0.0011887082364410162
0.13294903934001923,0.49725261330604553,0.03637070581316948,0.0031725014559924603,0.09015162289142609,0.23698297142982483,0.0031205653212964535
0.01619020290672779,0.01948072761297226,0.9220397472381592,0.0016318158013746142,0.02557278983294964,0.012822983786463737,0.0022617694921791553
0.022402392700314522,0.015215136110782623,0.8226597309112549,0.002079928060993552,0.10449805855751038,0.02593182399868965,0.007212808355689049
0.0367201492190361,0.8155626058578491,0.055877309292554855,0.0009931735694408417,0.03474295139312744,0.052803099155426025,0.0033007501624524593
0.10167603939771652,0.16348102688789368,0.01186696719378233,0.0039346423000097275,0.37501001358032227,0.2882881164550781,0.05574316158890724
0.004618375096470118,0.007925922982394695,0.02531159482896328,0.23066984117031097,0.6195690035820007,0.08252370357513428,0.029381563887000084
0.003344015683978796,0.010447711683809757,0.8779668211936951,0.002858871128410101,0.0813521295785904,0.01705314964056015,0.0069772773422300816
0.37887632846832275,0.4886353313922882,0.011414348147809505,0.0017947906162589788,0.06318691372871399,0.051810357719659805,0.004281970206648111
0.22742633521556854,0.006145882420241833,0.33573660254478455,0.02509615570306778,0.27798330783843994,0.04457322135567665,0.08303854614496231
0.13294608891010284,0.14461404085159302,0.04162727668881416,0.003513994161039591,0.10268622636795044,0.5579807758331299,0.01663167029619217
0.007681085262447596,0.0049295490607619286,0.0035062122624367476,0.005626422818750143,0.939532458782196,0.006314131431281567,0.03241005167365074
0.17330673336982727,0.7045149207115173,0.017892980948090553,0.0010009226389229298,0.06355127692222595,0.03681940957903862,0.002913741860538721
0.0349685363471508,0.03419177234172821,0.0019114926690235734,0.03160674870014191,0.8824225664138794,0.011882704682648182,0.0030161887407302856
0.009078923612833023,0.014377579092979431,0.0015293742762878537,0.5016591548919678,0.41651904582977295,0.03974800184369087,0.017087966203689575
0.0283056627959013,0.07081148773431778,0.006648126523941755,0.013075689785182476,0.8614522218704224,0.0147543391212821,0.004952466581016779
0.00502579053863883,0.03643091395497322,0.0019293385557830334,0.7792695164680481,0.11546055972576141,0.05336527153849602,0.008518707938492298
0.02354082278907299,0.06446894258260727,0.0027412038762122393,0.0050110588781535625,0.8793302774429321,0.017307108268141747,0.0076005044393241405
