anger,disgust,fear,joy,neutral,sadness,surprise
0.1379336714744568,0.1491152048110962,0.025118837133049965,0.003336838213726878,0.6210761666297913,0.05506665259599686,0.008352615870535374
0.3043798506259918,0.3264850378036499,0.005343388766050339,0.00616822112351656,0.129691481590271,0.024486539885401726,0.20344552397727966
0.010010027326643467,0.01901424676179886,0.00048641656758263707,0.8745267987251282,0.079862579703331,0.014179924502968788,0.0019201572285965085
0.7514444589614868,0.053065527230501175,0.0045478325337171555,0.0019514390733093023,0.08966998755931854,0.008516741916537285,0.09080398827791214
0.016784824430942535,0.010390856303274632,0.008472496643662453,0.0017893972108140588,0.2183472067117691,0.0059089516289532185,0.7383062839508057
0.06567066162824631,0.1412142515182495,0.008497190661728382,0.03280646353960037,0.5470700263977051,0.20140986144542694,0.0033315070904791355
0.017956949770450592,0.02010636031627655,0.0022996042389422655,0.31944361329078674,0.6171410083770752,0.0084675969555974,0.014584911055862904
0.0033841978292912245,0.0017010067822411656,0.0010087054688483477,0.0064415885135531425,0.009627972729504108,0.0011994397500529885,0.976637065410614
0.016286322847008705,0.060414087027311325,0.004485742188990116,0.034492358565330505,0.79256671667099,0.06614291667938232,0.025611871853470802
0.9071217775344849,0.03090524859726429,0.005382325500249863,0.001022569602355361,0.035468872636556625,0.015589656308293343,0.004509601276367903
0.4333285987377167,0.09445614367723465,0.20383943617343903,0.051417432725429535,0.19122947752475739,0.023616116493940353,0.0021127904765307903
0.0501779206097126,0.08844732493162155,0.011392082087695599,0.0023178390692919493,0.8201029300689697,0.022168125957250595,0.005393721628934145
0.003900389652699232,0.014930056408047676,0.0031898191664367914,0.041229866445064545,0.6611170768737793,0.26191645860671997,0.013716285116970539
0.03799818083643913,0.06981006264686584,0.011773649603128433,0.005114560015499592,0.7826172113418579,0.06728677451610565,0.025399575009942055
0.021233823150396347,0.8162379264831543,0.05094350129365921,0.0015103996265679598,0.012866507284343243,0.09472215175628662,0.002485610544681549
0.89216548204422,0.06721585988998413,0.003881935030221939,0.0006573463906534016,0.017592284828424454,0.016440141946077347,0.0020469112787395716
0.031510140746831894,0.5943293571472168,0.0472378246486187,0.019997691735625267,0.24113701283931732,0.06118572875857353,0.004602175205945969
0.0012770750327035785,0.0013952265726402402,0.0015488236676901579,0.0013810447417199612,0.005126026459038258,0.9848816394805908,0.004390204790979624
0.03199738636612892,0.10102120041847229,0.0049243830144405365,0.2305678278207779,0.6149682402610779,0.00896963570266962,0.007551343180239201
