anger,disgust,fear,joy,neutral,sadness,surprise
0.0981316864490509,0.705259382724762,0.01433216966688633,0.003862271085381508,0.08481545746326447,0.09134086221456528,0.0022581720259040594
0.3497963845729828,0.07813296467065811,0.3436643183231354,0.0051943156868219376,0.2065678834915161,0.00773391779512167,0.008910246193408966
0.014539769850671291,0.24717700481414795,0.4268922209739685,0.00936687458306551,0.19834597408771515,0.009072368033230305,0.09460576623678207
0.30366799235343933,0.5382686853408813,0.11713941395282745,0.0007410216494463384,0.012890290468931198,0.023632561787962914,0.003660073271021247
0.017766106873750687,0.11220882087945938,0.035403087735176086,0.0446893610060215,0.7574321627616882,0.024634195491671562,0.007866300642490387
0.6453081965446472,0.12067398428916931,0.06357546895742416,0.0014575134264305234,0.0976751521229744,0.06701876223087311,0.004290839657187462
0.047688547521829605,0.45765748620033264,0.0036450696643441916,0.00588066503405571,0.049653537571430206,0.4311475157737732,0.004327153787016869
0.8745324611663818,0.09380893409252167,0.002960145939141512,0.0008236754219979048,0.019973648712038994,0.0062785097397863865,0.0016227331943809986
0.039957597851753235,0.05972840264439583,0.007863929495215416,0.01717233657836914,0.8300759196281433,0.04007258638739586,0.0051292539574205875
0.5410012602806091,0.36732035875320435,0.012401847168803215,0.0013665849110111594,0.00989521387964487,0.06721661239862442,0.0007982492679730058
0.16871432960033417,0.10854491591453552,0.00953473150730133,0.06463461369276047,0.5900707244873047,0.053778838366270065,0.004721839912235737
0.07434137910604477,0.06297491490840912,0.280210942029953,0.006301685236394405,0.07712653279304504,0.3485199511051178,0.1505245417356491
0.04069320484995842,0.09428121149539948,0.0017800346249714494,0.2347116768360138,0.5717189311981201,0.042779214680194855,0.014035683125257492
0.004395840689539909,0.06603323668241501,0.03537275642156601,0.02841339074075222,0.801616370677948,0.0417073518037796,0.02246115542948246
0.11427348852157593,0.11979950964450836,0.0372583381831646,0.0007487302646040916,0.013111761771142483,0.7002270817756653,0.014581089839339256
0.008832370862364769,0.0830022543668747,0.4764445722103119,0.003076289314776659,0.16151005029678345,0.22426240146160126,0.04287216067314148
0.011726411990821362,0.016836578026413918,0.005556195043027401,0.2508779466152191,0.6296228766441345,0.025415336713194847,0.05996457859873772
0.07832732051610947,0.007104178424924612,0.8465185761451721,0.003219995880499482,0.045204125344753265,0.012887496501207352,0.0067382934503257275
0.3786275386810303,0.40001243352890015,0.006859194487333298,0.0020250831730663776,0.18429508805274963,0.02548069879412651,0.002699906239286065
0.12500253319740295,0.20769165456295013,0.006624506786465645,0.14620932936668396,0.45502185821533203,0.04523318633437157,0.014216884039342403
0.0800626203417778,0.1543634533882141,0.013049346394836903,0.002109890803694725,0.0401044599711895,0.7056417465209961,0.004668436944484711
0.043475620448589325,0.14536379277706146,0.008431530557572842,0.10737299919128418,0.6366471648216248,0.05663086101412773,0.002078054705634713
0.5809804201126099,0.15569257736206055,0.05234963074326515,0.002317603910341859,0.10780613124370575,0.09556206315755844,0.005291543900966644
0.023093165829777718,0.09889864921569824,0.8154102563858032,0.0020030757877975702,0.0415959469974041,0.004064713139086962,0.01493421196937561
0.051672182977199554,0.005702031776309013,0.9217356443405151,0.0015186419477686286,0.01050515379756689,0.0041047148406505585,0.004761652555316687
0.004710288252681494,0.0016856781439855695,0.0020390707068145275,0.0016964153619483113,0.0071962494403123856,0.0010405752109363675,0.9816316366195679
0.7134950160980225,0.027704564854502678,0.010907257907092571,0.0018315644701942801,0.22052817046642303,0.019811047241091728,0.005722432862967253
0.06299376487731934,0.06771271675825119,0.002584361471235752,0.05084414780139923,0.792665958404541,0.01910877414047718,0.0040902020409703255
0.023463476449251175,0.028237126767635345,0.4857936501502991,0.015715932473540306,0.38019615411758423,0.03893709182739258,0.02765658125281334
0.2749658524990082,0.4425579607486725,0.049167390912771225,0.0056748962961137295,0.17090141773223877,0.05192645266652107,0.004806012846529484
0.0989699512720108,0.03391431272029877,0.018723610788583755,0.0033015587832778692,0.10631638020277023,0.7274743914604187,0.011299829930067062
0.0030124522745609283,0.008113688789308071,0.0014041989343240857,0.012092197313904762,0.9454532861709595,0.018104633316397667,0.011819618754088879
0.1661316454410553,0.3134690225124359,0.01611793041229248,0.004890788812190294,0.47098085284233093,0.0204771738499403,0.007932547479867935
0.008790423162281513,0.003788542468100786,0.9755780100822449,0.0007901318604126573,0.005883936304599047,0.003948126453906298,0.0012207779800519347
0.3168576657772064,0.30265581607818604,0.01817326433956623,0.002502568531781435,0.269613653421402,0.08726952970027924,0.0029274863190948963
0.13039958477020264,0.1293691247701645,0.15456445515155792,0.0032166943419724703,0.1706022173166275,0.08633545786142349,0.3255124092102051
0.08842442184686661,0.029038963839411736,0.28904083371162415,0.0043366774916648865,0.16808360815048218,0.4190745949745178,0.002000945620238781
0.014561492018401623,0.014639598317444324,0.017807694151997566,0.018751831725239754,0.8991541862487793,0.024746999144554138,0.010338162072002888
0.3240281939506531,0.09448172897100449,0.08280738443136215,0.03149308264255524,0.365461528301239,0.06815478950738907,0.033573321998119354
0.005237214732915163,0.9548434615135193,0.016428189352154732,0.0017784287920221686,0.016783451661467552,0.002105333609506488,0.0028239465318620205
0.019176961854100227,0.1379181146621704,0.002047446323558688,0.32650089263916016,0.4842011630535126,0.025984272360801697,0.004171175882220268
