anger,disgust,fear,joy,neutral,sadness,surprise
0.0419323705136776,0.09338119626045227,0.6869226098060608,0.006279267370700836,0.12708187103271484,0.016117829829454422,0.028284747153520584
0.054966725409030914,0.007507037837058306,0.006841134279966354,0.002917421283200383,0.01933223381638527,0.0035249381326138973,0.9049105048179626
0.01730775088071823,0.08544006943702698,0.0027657621540129185,0.004129283595830202,0.06848198175430298,0.8188530206680298,0.0030221922788769007
0.022027993574738503,0.004410595167428255,0.12080986797809601,0.015979379415512085,0.10778792947530746,0.007996848784387112,0.7209873795509338
0.18092168867588043,0.07063153386116028,0.20873722434043884,0.01529633067548275,0.48892247676849365,0.030140452086925507,0.00535031221807003
0.1902214139699936,0.1791251301765442,0.09476188570261002,0.003218166995793581,0.3697591722011566,0.15062718093395233,0.012287002056837082
0.2385255992412567,0.020295264199376106,0.6293262243270874,0.001298353774473071,0.017176557332277298,0.08605306595563889,0.007324929349124432
0.20332258939743042,0.16363030672073364,0.08491594344377518,0.010318032465875149,0.5149918794631958,0.020098881796002388,0.002722401637583971
0.327973872423172,0.15410324931144714,0.07986348122358322,0.009537036530673504,0.2742686867713928,0.028774138540029526,0.1254795342683792
0.006147398613393307,0.026443583890795708,0.8397776484489441,0.0011629584478214383,0.0061803883872926235,0.018465697765350342,0.10182234644889832
0.026175949722528458,0.29920703172683716,0.0806417465209961,0.011015514843165874,0.07819662243127823,0.48523029685020447,0.019532889127731323
0.6427150964736938,0.025961779057979584,0.20743271708488464,0.0021414582151919603,0.03813154622912407,0.03311736136674881,0.0505000539124012
0.054233286529779434,0.20457202196121216,0.035554591566324234,0.02166137844324112,0.5707004070281982,0.08869010955095291,0.02458821050822735
0.013049333356320858,0.0262669175863266,0.00543077802285552,0.003047799924388528,0.8929494023323059,0.04871424660086632,0.010541476309299469
0.45173242688179016,0.16892652213573456,0.004390118643641472,0.017390957102179527,0.2999509572982788,0.010083704255521297,0.04752529039978981
0.010457200929522514,0.0031118711922317743,0.835181474685669,0.0012879269197583199,0.013979775831103325,0.1281972974538803,0.007784395013004541
0.004711111541837454,0.047051992267370224,0.11708497256040573,0.019430838525295258,0.49013885855674744,0.3049044609069824,0.016677824780344963
0.10941451042890549,0.4398837089538574,0.09956754744052887,0.005300914403051138,0.25657033920288086,0.0638040155172348,0.025458989664912224
