anger,disgust,fear,joy,neutral,sadness,surprise
0.050544921308755875,0.3717375695705414,0.11337436735630035,0.06985996663570404,0.3418426215648651,0.037122517824172974,0.015518078580498695
0.0014251573011279106,0.0021805311553180218,0.0036643308121711016,0.03110588900744915,0.08451860398054123,0.8542646169662476,0.02284088172018528
0.017989542335271835,0.08189131319522858,0.001373057602904737,0.14632627367973328,0.6840218901634216,0.06030801311135292,0.008089803159236908
0.01078050211071968,0.0110796382650733,0.0005900972173549235,0.7697464227676392,0.1941317915916443,0.0067330896854400635,0.00693847518414259
0.02828274480998516,0.18702271580696106,0.5157061815261841,0.030195187777280807,0.09453145414590836,0.08814772963523865,0.056113969534635544
0.08464477956295013,0.41251978278160095,0.29256656765937805,0.004815128166228533,0.12384139746427536,0.02950533851981163,0.05210697650909424
0.008519877679646015,0.1562717854976654,0.02706260234117508,0.007164368871599436,0.756160318851471,0.024192843586206436,0.020628221333026886
0.047008126974105835,0.04734345152974129,0.00978002231568098,0.017451005056500435,0.8227692246437073,0.01622183434665203,0.03942633047699928
0.02522425726056099,0.042636170983314514,0.06389389932155609,0.7493698596954346,0.06370179355144501,0.020210973918437958,0.03496302291750908
