anger,disgust,fear,joy,neutral,sadness,surprise
0.028184425085783005,0.2773278057575226,0.029832571744918823,0.027880409732460976,0.4646717607975006,0.125932514667511,0.04617048799991608
0.021653594449162483,0.6810190677642822,0.0045694648288190365,0.04066934809088707,0.227200448513031,0.01802830584347248,0.006859808694571257
0.006243986543267965,0.9554653167724609,0.0046005998738110065,0.0017852865858003497,0.025646796450018883,0.004496502224355936,0.001761441701091826
0.01736469194293022,0.4655982255935669,0.028820449486374855,0.04215048998594284,0.3063381016254425,0.13358977437019348,0.006138296332210302
0.03266414254903793,0.46551430225372314,0.006303452420979738,0.0025446920190006495,0.446024626493454,0.025215232744812965,0.021733511239290237
0.31372788548469543,0.6331602931022644,0.016998546198010445,0.0007677985122427344,0.01273360662162304,0.020919911563396454,0.0016919984482228756
0.9099115133285522,0.0666617900133133,0.008873609825968742,0.0015727656427770853,0.008046314120292664,0.0044151959009468555,0.0005187770584598184
0.45926085114479065,0.45310646295547485,0.04616554081439972,0.0011991525534540415,0.0032812173012644053,0.034237198531627655,0.00274954317137599
0.003974538762122393,0.007943733595311642,0.0029025638941675425,0.003191183554008603,0.947054386138916,0.019454052671790123,0.015479548834264278
