anger,disgust,fear,joy,neutral,sadness,surprise
0.009379017166793346,0.04336204007267952,0.0014963947469368577,0.36728739738464355,0.17197124660015106,0.3928586542606354,0.013645176775753498
0.02232055738568306,0.04985532909631729,0.06906850636005402,0.011107013560831547,0.6277151107788086,0.1878896951675415,0.03204375505447388
0.006587814074009657,0.010325009934604168,0.0012466446496546268,0.593908965587616,0.37055328488349915,0.011708157137036324,0.005670146085321903
0.04300609230995178,0.015659095719456673,0.007793187629431486,0.03106488287448883,0.8675568103790283,0.02123662456870079,0.013683285564184189
0.004298476967960596,0.002371324924752116,0.9564536213874817,0.002487621735781431,0.023197926580905914,0.0078923674300313,0.0032986807636916637
0.8078114986419678,0.055397577583789825,0.010320538654923439,0.0010386406211182475,0.07818993926048279,0.045004624873399734,0.0022370778024196625
0.031055627390742302,0.003152071498334408,0.9550029039382935,0.000979904318228364,0.006237849593162537,0.0024290583096444607,0.001142642111517489
0.025611689314246178,0.02320956066250801,0.8287718892097473,0.009876868687570095,0.09526382386684418,0.014216220937669277,0.0030498451087623835
0.060242343693971634,0.13187992572784424,0.00857166014611721,0.0029270139057189226,0.7564789056777954,0.019550206139683723,0.020349998027086258
0.2097361832857132,0.6706732511520386,0.01851450838148594,0.0008542499854229391,0.030925869941711426,0.05066315084695816,0.01863269694149494
0.015229321084916592,0.044057779014110565,0.0014584462624043226,0.3433059751987457,0.5747039914131165,0.016708295792341232,0.0045362431555986404
0.08324728906154633,0.10682155936956406,0.32000061869621277,0.004198241978883743,0.3694557249546051,0.09195412695407867,0.024322379380464554
0.6930539608001709,0.08856546133756638,0.0550011545419693,0.012579643167555332,0.1340656280517578,0.015343187376856804,0.0013909981353208423
0.2304965704679489,0.1205272376537323,0.03857064247131348,0.027309518307447433,0.39790889620780945,0.0736258402466774,0.11156130582094193
0.007470307406038046,0.016424929723143578,0.0017066916916519403,0.24392367899417877,0.6934285759925842,0.008423063904047012,0.028622785583138466
