anger,disgust,fear,joy,neutral,sadness,surprise
0.006761276628822088,0.03331133723258972,0.0029253861866891384,0.011154713109135628,0.8328692317008972,0.10790994763374329,0.005068162921816111
0.36145126819610596,0.5248063802719116,0.00903239380568266,0.00451464019715786,0.091913141310215,0.005723033100366592,0.002559064421802759
0.16052868962287903,0.2114163339138031,0.009094728156924248,0.006185786798596382,0.572920024394989,0.03370671719312668,0.006147627253085375
0.018441667780280113,0.01391515601426363,0.9382752776145935,0.001464558532461524,0.017714468762278557,0.002203236799687147,0.007985647767782211
0.1296822428703308,0.7824059724807739,0.047279711812734604,0.0010932452278211713,0.020631862804293633,0.017192300409078598,0.001714647631160915
0.2752756178379059,0.2674243152141571,0.024695096537470818,0.0027628731913864613,0.39820030331611633,0.026481952518224716,0.005159883294254541
0.41641905903816223,0.4097277522087097,0.003986635245382786,0.003530678106471896,0.13223078846931458,0.02322247251868248,0.010882620699703693
0.08056416362524033,0.17917099595069885,0.02412196435034275,0.013672028668224812,0.673692524433136,0.023067021742463112,0.005711373873054981
0.05170837789773941,0.03952407464385033,0.004250026308000088,0.02031738869845867,0.8367821574211121,0.041638776659965515,0.005779203027486801
0.01233238261193037,0.004545824136584997,0.0012676474871113896,0.6692394614219666,0.2867559790611267,0.007284435443580151,0.018574269488453865
