anger,disgust,fear,joy,neutral,sadness,surprise
0.012892360799014568,0.09876002371311188,0.01313206646591425,0.001580075011588633,0.033365461975336075,0.8369325995445251,0.003337373025715351
0.10672907531261444,0.21992561221122742,0.0015614992007613182,0.2612200975418091,0.37428247928619385,0.012376908212900162,0.023904312402009964
0.00783985573798418,0.008829129859805107,0.521115243434906,0.0023595134261995554,0.014815748669207096,0.443166583776474,0.0018739341758191586
0.010226020589470863,0.05033908039331436,0.0018937712302431464,0.004551601130515337,0.9195346832275391,0.00562863377854228,0.007826166227459908
0.014093788340687752,0.01116372924298048,0.009062719531357288,0.003693074220791459,0.9506687521934509,0.0051322453655302525,0.006185644306242466
0.6158421039581299,0.3318138122558594,0.004274199716746807,0.0009081877069547772,0.02784319594502449,0.01757037080824375,0.0017481802497059107
0.4922924339771271,0.017491359263658524,0.4726029932498932,0.0014027897268533707,0.0060310279950499535,0.006401962600648403,0.0037774574011564255
0.6239718794822693,0.10222391784191132,0.0748932957649231,0.007258512079715729,0.1492750495672226,0.03871863707900047,0.003658688860014081
0.0038724930491298437,0.007664235774427652,0.0009789883624762297,0.8438365459442139,0.06734036654233932,0.07024414837360382,0.006063282024115324
0.0016837827861309052,0.0012345395516604185,0.00034946476807817817,0.9592542052268982,0.009858104400336742,0.01589975133538246,0.011720209382474422
