anger,disgust,fear,joy,neutral,sadness,surprise
0.010158645920455456,0.3378753960132599,0.10643332451581955,0.07690457999706268,0.41166484355926514,0.008303691633045673,0.048659563064575195
0.0795823484659195,0.08062534034252167,0.0037704750429838896,0.03860003128647804,0.7831083536148071,0.01174726989120245,0.002566200215369463
0.7356665134429932,0.10880958288908005,0.10722233355045319,0.001454835059121251,0.024096384644508362,0.017900072038173676,0.0048502846620976925
0.004622394684702158,0.0062489863485097885,0.9737754464149475,0.0005370981525629759,0.002616377081722021,0.003511217189952731,0.008688452653586864
0.04492589458823204,0.42880019545555115,0.04296184331178665,0.0016267598839476705,0.23929327726364136,0.23287132382392883,0.009520754218101501
0.0046738917008042336,0.08021782338619232,0.01874341443181038,0.0030804837588220835,0.17299474775791168,0.6899189949035645,0.03037061169743538
0.12006732076406479,0.1072244793176651,0.007713826838880777,0.01362699270248413,0.7323936820030212,0.007651268970221281,0.01132247969508171
0.052243247628211975,0.7549431324005127,0.05296861752867699,0.0012336141662672162,0.07703753560781479,0.0055298269726336,0.05604412034153938
0.5796570181846619,0.16114600002765656,0.02562977746129036,0.0023136655800044537,0.20792168378829956,0.021063871681690216,0.0022679364774376154
0.10763002932071686,0.4100835621356964,0.053327757865190506,0.004321589134633541,0.33194029331207275,0.08612944185733795,0.0065672677010297775
0.11801598221063614,0.2650105655193329,0.0033251873683184385,0.008768671192228794,0.5932145118713379,0.009122763760387897,0.00254232669249177
0.056866686791181564,0.08990324288606644,0.48630616068840027,0.005867678206413984,0.3352273106575012,0.010768494568765163,0.015060439705848694
0.036618299782276154,0.029242945834994316,0.2044292390346527,0.01648125611245632,0.4201284348964691,0.013464028015732765,0.27963578701019287
0.016008812934160233,0.003716833423823118,0.01139466930180788,0.004460744559764862,0.1190025731921196,0.002631598385050893,0.8427848219871521
0.8596323728561401,0.03748689219355583,0.08978734910488129,0.0008051186450757086,0.006890847813338041,0.0037692193873226643,0.0016282357973977923
0.06141743063926697,0.14021356403827667,0.008760728873312473,0.08938780426979065,0.646220326423645,0.0467892587184906,0.007210896350443363
0.06578682363033295,0.1424023061990738,0.00909778755158186,0.0800383985042572,0.6769047975540161,0.01780865155160427,0.00796128436923027
0.07078810781240463,0.8049982786178589,0.005503378808498383,0.002668194007128477,0.1006079912185669,0.012217869982123375,0.0032161888666450977
0.7608377933502197,0.08480445295572281,0.04618145897984505,0.0016012490959838033,0.07889559864997864,0.023152098059654236,0.004527408629655838
0.39170369505882263,0.03797956183552742,0.35057035088539124,0.007612878456711769,0.16946935653686523,0.02484363131225109,0.01782050170004368
0.3646368384361267,0.10787294805049896,0.3616845905780792,0.001909751328639686,0.10349444299936295,0.028583860024809837,0.031817711889743805
0.03151285648345947,0.6812360882759094,0.026264140382409096,0.007077261805534363,0.22301353514194489,0.017229273915290833,0.01366682443767786
0.014037447981536388,0.953207790851593,0.010669149458408356,0.00032793887658044696,0.00952473096549511,0.010555269196629524,0.0016777000855654478
0.5756195187568665,0.1421976089477539,0.021977921947836876,0.005405162926763296,0.16928619146347046,0.08276019990444183,0.002753384178504348
0.019441790878772736,0.7964671850204468,0.028942013159394264,0.0010500935604795814,0.11221972852945328,0.03137986361980438,0.010499338619410992
