anger,disgust,fear,joy,neutral,sadness,surprise
0.01724223420023918,0.05231132730841637,0.14414535462856293,0.04430798813700676,0.6155743598937988,0.0047717648558318615,0.1216469556093216
0.009430594742298126,0.06826650351285934,0.006681428290903568,0.1499662548303604,0.7385764718055725,0.0074342661537230015,0.01964457705616951
0.003821574617177248,0.04695602133870125,0.006233841646462679,0.0032708582002669573,0.9220492839813232,0.005858414340764284,0.011809863150119781
0.09840399771928787,0.14893731474876404,0.027126910164952278,0.0025626393035054207,0.08271732181310654,0.6317451000213623,0.008506686426699162
0.007286167237907648,0.041267648339271545,0.0023249732330441475,0.20125378668308258,0.7173164486885071,0.004466045182198286,0.02608487382531166
0.007661237381398678,0.3660285174846649,0.03350953012704849,0.022101372480392456,0.5291361212730408,0.028416002169251442,0.013147222809493542
0.016306083649396896,0.4101894497871399,0.3119405508041382,0.036456238478422165,0.07803419977426529,0.006838769651949406,0.14023473858833313
0.010030369274318218,0.015966102480888367,0.09074552357196808,0.027862198650836945,0.8256527781486511,0.008254220709204674,0.0214888583868742
0.016510536894202232,0.911493718624115,0.002539674984291196,0.018205201253294945,0.03949125111103058,0.009607832878828049,0.0021517558488994837
0.06421627104282379,0.2865414023399353,0.029853956773877144,0.007910161279141903,0.40208640694618225,0.20645184814929962,0.0029399683699011803
0.01658901758491993,0.700251042842865,0.03831211477518082,0.002009343123063445,0.1645294725894928,0.074050672352314,0.004258336033672094
0.005493275821208954,0.010831695050001144,0.001670375932008028,0.7917189002037048,0.1760822981595993,0.0029126142617315054,0.01129080355167389
0.02544245310127735,0.02230505272746086,0.007828176021575928,0.018969062715768814,0.8964996337890625,0.009280548430979252,0.01967504248023033
0.01796421967446804,0.530555009841919,0.33672475814819336,0.023741144686937332,0.07024052739143372,0.005152535624802113,0.015621885657310486
0.005320148542523384,0.0242225993424654,0.003641861490905285,0.8638675212860107,0.08708421885967255,0.005348601378500462,0.010514991357922554
0.01931622065603733,0.2937009632587433,0.0033626353833824396,0.0340631939470768,0.6025962233543396,0.011120766401290894,0.03583991900086403
0.003457379061728716,0.0009841357823461294,0.0013342667371034622,0.004122513812035322,0.008940202184021473,0.0026599124539643526,0.978501558303833
0.058156900107860565,0.04703314229846001,0.2833331823348999,0.005724743474274874,0.5232989192008972,0.06567416340112686,0.016778886318206787
0.5331315994262695,0.0931292399764061,0.1194128468632698,0.007613008376210928,0.21152232587337494,0.018252026289701462,0.016938989982008934
0.01225514616817236,0.15120366215705872,0.019037803635001183,0.011318921111524105,0.3370126485824585,0.39368829131126404,0.07548358291387558
