anger,disgust,fear,joy,neutral,sadness,surprise
0.2551666498184204,0.019559139385819435,0.12016864120960236,0.00916143599897623,0.013512183912098408,0.5755345821380615,0.006897318176925182
0.5056220293045044,0.04890992492437363,0.12202131003141403,0.01233187410980463,0.1260722428560257,0.15462526679039001,0.030417421832680702
0.015542104840278625,0.007770207244902849,0.0012562802294269204,0.38518691062927246,0.5631946921348572,0.013225933536887169,0.013823851011693478
0.9302552938461304,0.04397815838456154,0.0014618635177612305,0.0005819087964482605,0.01283244788646698,0.009413653053343296,0.0014768267283216119
0.43125119805336,0.1366601288318634,0.2354966104030609,0.0022832152899354696,0.16344067454338074,0.021043522283434868,0.009824740700423717
0.03274312987923622,0.06290832906961441,0.13828003406524658,0.0027771289460361004,0.5640829205513,0.030573062598705292,0.16863535344600677
0.5314090847969055,0.29141175746917725,0.028815174475312233,0.0008978635305538774,0.06926868110895157,0.060535579919815063,0.01766187883913517
0.11466557532548904,0.13695627450942993,0.06223277375102043,0.007877265103161335,0.506318986415863,0.1016814336180687,0.07026765495538712
0.09424406290054321,0.05080319568514824,0.009280712343752384,0.006757788360118866,0.8050575852394104,0.013906651176512241,0.01994999125599861
0.004412488546222448,0.045166417956352234,0.03542134910821915,0.04891752824187279,0.6318687200546265,0.19919288158416748,0.035020627081394196
0.01801835559308529,0.0830526351928711,0.382710725069046,0.003947034478187561,0.41070446372032166,0.08425083756446838,0.017315907403826714
0.46573540568351746,0.19673897325992584,0.11873197555541992,0.00271368445828557,0.18732865154743195,0.021581074222922325,0.007170288823544979
0.7930797934532166,0.05333082750439644,0.10145390033721924,0.00244140881113708,0.019163135439157486,0.018772080540657043,0.011758941225707531
0.9152541160583496,0.008444784209132195,0.05555645376443863,0.0031441585160791874,0.00659180898219347,0.004298895597457886,0.006709831301122904
0.032331086695194244,0.021174035966396332,0.004265630152076483,0.006161404773592949,0.8681643605232239,0.010971015319228172,0.056932516396045685
0.25280094146728516,0.1787976175546646,0.006289246026426554,0.004926367197185755,0.5232700705528259,0.02931726537644863,0.004598461557179689
0.12981581687927246,0.008261099457740784,0.15064260363578796,0.03949823975563049,0.5811029672622681,0.02385645918548107,0.066822849214077
0.0187459047883749,0.026316029950976372,0.03368188813328743,0.004575915168970823,0.8935767412185669,0.008294123224914074,0.014809354208409786
0.44548115134239197,0.1062561571598053,0.020550569519400597,0.00872353557497263,0.14746713638305664,0.2612338960170746,0.0102874506264925
0.8646964430809021,0.07529034465551376,0.008318091742694378,0.000798996421508491,0.029385659843683243,0.020301200449466705,0.0012092741671949625
0.18888501822948456,0.5782013535499573,0.021811146289110184,0.0021625368390232325,0.18064077198505402,0.026773104444146156,0.001526119653135538
0.05327965319156647,0.04101817309856415,0.004605468362569809,0.0046311477199196815,0.7580081820487976,0.106168232858181,0.032289180904626846
