anger,disgust,fear,joy,neutral,sadness,surprise
0.06803901493549347,0.061036188155412674,0.01275541353970766,0.00481384014710784,0.10773111134767532,0.7347780466079712,0.010846407152712345
0.029337039217352867,0.056610554456710815,0.010668878443539143,0.003965431824326515,0.6949787735939026,0.02429737150669098,0.18014198541641235
0.025458477437496185,0.005394854582846165,0.8543217182159424,0.002320273546501994,0.07337673008441925,0.016255170106887817,0.02287270687520504
0.15874412655830383,0.6582798957824707,0.016767531633377075,0.002667841734364629,0.1407727152109146,0.016948441043496132,0.005819458048790693
0.011929654516279697,0.14440390467643738,0.0060646506026387215,0.0018086968921124935,0.8007099628448486,0.021502459421753883,0.013580597005784512
0.033994704484939575,0.03325266391038895,0.0032435907050967216,0.05196022614836693,0.8397611975669861,0.021936044096946716,0.01585160568356514
0.013836833648383617,0.002754007698968053,0.004718922544270754,0.025265667587518692,0.833381175994873,0.019570477306842804,0.10047291219234467
0.08779089897871017,0.006270224694162607,0.8685285449028015,0.0013820829335600138,0.02039009891450405,0.01130143366754055,0.004336718004196882
0.2578850984573364,0.11325197666883469,0.1105416938662529,0.001445059897378087,0.25427863001823425,0.22066755592823029,0.04192996025085449
0.01017413567751646,0.003790399059653282,0.010488087311387062,0.007461980450898409,0.9135571718215942,0.013701925985515118,0.04082636162638664
0.26089736819267273,0.06937548518180847,0.4907916486263275,0.0012118218000978231,0.0583697110414505,0.09176423400640488,0.027589699253439903
0.11824783682823181,0.8085974454879761,0.015959473326802254,0.001015283865854144,0.045363057404756546,0.006665148306638002,0.00415174150839448
0.012404046952724457,0.024188386276364326,0.017256127670407295,0.019233442842960358,0.12622813880443573,0.2186150997877121,0.582074761390686
0.2247486263513565,0.6438969373703003,0.014415323734283447,0.0010305593023076653,0.0611686185002327,0.050829000771045685,0.003910936880856752
0.009866508655250072,0.004820037167519331,0.0030102436430752277,0.009089107625186443,0.7638934850692749,0.007397243287414312,0.20192337036132812
0.30627962946891785,0.13199491798877716,0.01866346038877964,0.0031044641509652138,0.4976293742656708,0.03137293457984924,0.010955258272588253
0.011407284997403622,0.004270067438483238,0.0037582367658615112,0.013853859156370163,0.9087732434272766,0.02082079090178013,0.037116456776857376
0.011660953983664513,0.037589553743600845,0.6073758602142334,0.004966777749359608,0.0453590452671051,0.005202940199524164,0.2878449559211731
0.44303280115127563,0.0571436807513237,0.1834191083908081,0.007603748235851526,0.2884008288383484,0.00788834597915411,0.012511407025158405
0.07089409232139587,0.03215556591749191,0.4259791374206543,0.004103486891835928,0.09773183614015579,0.3099466860294342,0.05918915569782257
0.004423206672072411,0.0026261471211910248,0.001514387782663107,0.07639451324939728,0.6999053955078125,0.02062276192009449,0.19451357424259186
0.02273678407073021,0.06681101769208908,0.44395434856414795,0.0035064287949353456,0.4075453281402588,0.03374091163277626,0.021705128252506256
