anger,disgust,fear,joy,neutral,sadness,surprise
0.06756353378295898,0.08725485950708389,0.006242071744054556,0.38293612003326416,0.35145482420921326,0.033835191279649734,0.07071346789598465
0.03699049353599548,0.055478718131780624,0.5784874558448792,0.002238806337118149,0.07548726350069046,0.23133158683776855,0.01998567208647728
0.0035996264778077602,0.017677368596196175,0.04242078959941864,0.0018538823351264,0.0603695884346962,0.8618197441101074,0.01225899439305067
0.09892963618040085,0.7564756870269775,0.0022396238055080175,0.005365299992263317,0.11827582865953445,0.014417381957173347,0.0042966813780367374
0.0039004837162792683,0.0030004619620740414,0.04468618705868721,0.0038817718159407377,0.01488468050956726,0.8020484447479248,0.1275978833436966
0.04481992498040199,0.3276297450065613,0.008169848471879959,0.00313638080842793,0.341379851102829,0.25650298595428467,0.018361300230026245
0.23457463085651398,0.21913202106952667,0.051193419843912125,0.0015164535725489259,0.206221342086792,0.2420729100704193,0.04528917372226715
0.029235150665044785,0.09222858399152756,0.02313251979649067,0.016874972730875015,0.6761214137077332,0.15465164184570312,0.007755743805319071
0.05490182340145111,0.19261184334754944,0.053136419504880905,0.005023721605539322,0.6217202544212341,0.02577308937907219,0.0468328520655632
0.005625694524496794,0.0077500129118561745,0.0014398054918274283,0.5906566977500916,0.32511207461357117,0.039644621312618256,0.029771048575639725
