anger,disgust,fear,joy,neutral,sadness,surprise
0.9794158935546875,0.006208541337400675,0.0015585244400426745,0.0005200738087296486,0.0068905046209692955,0.0034529154654592276,0.0019533918239176273
0.01414284948259592,0.062417514622211456,0.025501692667603493,0.0012815708760172129,0.03299148753285408,0.8570782542228699,0.006586598698049784
0.11602968722581863,0.3342004716396332,0.005952421575784683,0.0678456649184227,0.4265059530735016,0.04506766423583031,0.004398197866976261
0.3656422197818756,0.11196637153625488,0.025244228541851044,0.01205011922866106,0.3666154444217682,0.11354769021272659,0.0049338978715240955
0.05265955999493599,0.03872259706258774,0.009789102710783482,0.0010227869497612119,0.014560612849891186,0.8814642429351807,0.0017810557037591934
0.11652655154466629,0.1260659247636795,0.003615010529756546,0.006957667414098978,0.0567031167447567,0.6883428692817688,0.0017888742731884122
0.26436981558799744,0.13585448265075684,0.0731777548789978,0.0014056394575163722,0.03218906372785568,0.4880419075489044,0.0049613225273787975
0.007101499475538731,0.004736943636089563,0.003642231458798051,0.015977399423718452,0.9463886022567749,0.004483445081859827,0.017669888213276863
0.010210557840764523,0.0384472981095314,0.014372846111655235,0.08803096413612366,0.753838837146759,0.07247232645750046,0.0226272139698267
0.00866683665663004,0.029972488060593605,0.003940149210393429,0.5496025681495667,0.3405584692955017,0.05740470811724663,0.009854822419583797
0.03154759109020233,0.05939971283078194,0.004264399409294128,0.24969227612018585,0.3883838951587677,0.22668735682964325,0.04002482444047928
0.9638110995292664,0.016845598816871643,0.008755099028348923,0.00043434143299236894,0.006231163628399372,0.002387078944593668,0.0015357091324403882
0.014440786093473434,0.03105895407497883,0.43208789825439453,0.003205837681889534,0.045049939304590225,0.33415189385414124,0.14000464975833893
0.5100637078285217,0.09452549368143082,0.07005120068788528,0.0026345837395638227,0.293916255235672,0.016091395169496536,0.012717336416244507
0.828867495059967,0.03981172293424606,0.03071037493646145,0.0008552082581445575,0.03846466541290283,0.05834938585758209,0.002941225655376911
0.0071936678141355515,0.03698069602251053,0.006996248383074999,0.017232321202754974,0.09216687828302383,0.8226035237312317,0.0168266873806715
0.005423924420028925,0.008202473632991314,0.010001062415540218,0.024885427206754684,0.928948163986206,0.010989345610141754,0.011549622751772404
0.011201952584087849,0.011917628347873688,0.001263822428882122,0.004521551541984081,0.9389025568962097,0.0045866998843848705,0.027605757117271423
0.044457413256168365,0.024606820195913315,0.09010147303342819,0.2827225923538208,0.522895097732544,0.014358443208038807,0.0208581555634737
0.12431643158197403,0.04110125079751015,0.0441540963947773,0.22830869257450104,0.47908806800842285,0.04972052201628685,0.03331086412072182
0.09020035713911057,0.0424233004450798,0.1365204155445099,0.006623285822570324,0.6029518246650696,0.053603097796440125,0.06767772138118744
0.008691453374922276,0.00941176526248455,0.045237429440021515,0.003285045735538006,0.02231706865131855,0.9078472256660461,0.003210006980225444
0.26990807056427,0.1884324997663498,0.11197235435247421,0.012064041569828987,0.055928412824869156,0.34574466943740845,0.015949999913573265
0.026029814034700394,0.05897536873817444,0.7365965843200684,0.0025355895049870014,0.07241944223642349,0.0184898991137743,0.08495336025953293
0.03246235102415085,0.15732812881469727,0.19457769393920898,0.020670205354690552,0.3108626902103424,0.09524659067392349,0.18885236978530884
0.017490698024630547,0.011115712113678455,0.9433414340019226,0.001155670965090394,0.012449678033590317,0.009830152615904808,0.004616573452949524
0.009789161384105682,0.01345412340015173,0.021405579522252083,0.07666860520839691,0.5943551063537598,0.03769737854599953,0.24663008749485016
0.04202140122652054,0.05681724473834038,0.022863466292619705,0.0055708689615130424,0.8287243247032166,0.0132284602150321,0.030774235725402832
0.012761780060827732,0.06258677691221237,0.016202399507164955,0.007743773981928825,0.8654282093048096,0.02104690857231617,0.014230135828256607
