anger,disgust,fear,joy,neutral,sadness,surprise
0.03309191018342972,0.006118716672062874,0.003763725981116295,0.7913089394569397,0.1204516813158989,0.02288467437028885,0.02238026075065136
0.020609335973858833,0.023993896320462227,0.002350669354200363,0.6070868372917175,0.3154076933860779,0.023119257763028145,0.0074323611333966255
0.007899765856564045,0.0036446372978389263,0.002456048969179392,0.013702817261219025,0.40773704648017883,0.007460387889295816,0.5570992827415466
0.00961674191057682,0.01012259628623724,0.0030486208852380514,0.4554213583469391,0.40063294768333435,0.07068169862031937,0.05047595500946045
0.38161635398864746,0.4219761788845062,0.006593566387891769,0.01887247897684574,0.10182051360607147,0.06315652281045914,0.005964362528175116
0.69947749376297,0.09885283559560776,0.007997456006705761,0.0032816098537296057,0.15412558615207672,0.032232362776994705,0.0040328046306967735
0.21298649907112122,0.04141242429614067,0.002316853031516075,0.009668543003499508,0.4766380786895752,0.23913434147834778,0.017843356356024742
0.050366513431072235,0.013719565235078335,0.30997464060783386,0.011277391575276852,0.46791526675224304,0.13260608911514282,0.014140567742288113
0.9201032519340515,0.009264600463211536,0.0017079057870432734,0.002767642494291067,0.05268504098057747,0.010043967515230179,0.0034275506623089314
0.02980997785925865,0.5052803754806519,0.012730797752737999,0.027045955881476402,0.38642412424087524,0.015232963487505913,0.02347583696246147
0.012879650108516216,0.016900865361094475,0.0011958274990320206,0.7656584978103638,0.11653289198875427,0.08166906237602234,0.005163184367120266
