anger,disgust,fear,joy,neutral,sadness,surprise
0.00412927009165287,0.0017770036356523633,0.002186911879107356,0.5136392116546631,0.3414175808429718,0.015196746215224266,0.12165321409702301
0.0060926154255867004,0.00226221582852304,0.003554675728082657,0.14897626638412476,0.3391667902469635,0.09674748033285141,0.4031999409198761
0.028447987511754036,0.03685115650296211,0.0016263762954622507,0.22290465235710144,0.6285054683685303,0.041923634707927704,0.03974069654941559
0.007130490615963936,0.010602992959320545,0.010886442847549915,0.035082027316093445,0.2351561337709427,0.6855050921440125,0.015636859461665154
0.003471778705716133,0.004345679190009832,0.004813036881387234,0.02948077581822872,0.035333264619112015,0.8928676843643188,0.029687758535146713
0.09920891374349594,0.20211833715438843,0.0073104724287986755,0.015263227745890617,0.6036650538444519,0.05914263427257538,0.013291309587657452
0.19965359568595886,0.11555516719818115,0.020958764478564262,0.14532384276390076,0.47933200001716614,0.030876509845256805,0.008300133980810642
0.050990991294384,0.041502583771944046,0.005804781801998615,0.003196180798113346,0.062022339552640915,0.8126697540283203,0.023813338950276375
0.8608863949775696,0.018316302448511124,0.06428106874227524,0.002608292503282428,0.023273760452866554,0.02211151458323002,0.008522527292370796
