anger,disgust,fear,joy,neutral,sadness,surprise
0.062215279787778854,0.05130387470126152,0.0016518585616722703,0.03504326939582825,0.6823903322219849,0.10156819224357605,0.06582731008529663
0.5526508092880249,0.3453035056591034,0.04780793935060501,0.005024193320423365,0.018056102097034454,0.01922939345240593,0.01192805077880621
0.12149175256490707,0.6228821277618408,0.004046790301799774,0.008068680763244629,0.13139306008815765,0.10394447296857834,0.00817309319972992
0.06279614567756653,0.8696936964988708,0.003964652772992849,0.002151897642761469,0.052077628672122955,0.008182804100215435,0.0011331530986353755
0.6623088121414185,0.09371806681156158,0.027181239798665047,0.00569711159914732,0.14420059323310852,0.0257754847407341,0.04111870750784874
0.04211307689547539,0.27967873215675354,0.019663501530885696,0.004322252236306667,0.6286028623580933,0.008973121643066406,0.01664641685783863
0.012501995079219341,0.03598086163401604,0.7698588967323303,0.002511570928618312,0.13966046273708344,0.035355765372514725,0.004130471497774124
0.364454060792923,0.24902790784835815,0.01974332518875599,0.006489503663033247,0.22398710250854492,0.022277632728219032,0.11402051895856857
0.013325169682502747,0.2056453675031662,0.04742136597633362,0.01322430931031704,0.6691787838935852,0.010926544666290283,0.04027843475341797
0.07188256084918976,0.12379000335931778,0.00439749239012599,0.08405765891075134,0.6867159008979797,0.022086849436163902,0.007069529965519905
0.012421026825904846,0.9752850532531738,0.0015593505231663585,0.00026658090064302087,0.003211898496374488,0.0067094117403030396,0.0005466177826747298
0.014776477590203285,0.0905793085694313,0.013643444515764713,0.01995781436562538,0.8411293029785156,0.005805491004139185,0.014108157716691494
0.010668221861124039,0.057438746094703674,0.015797337517142296,0.005762191955000162,0.8298870921134949,0.06574282050132751,0.014703625813126564
0.009405090473592281,0.011157907545566559,0.006164351012557745,0.009081060998141766,0.9207527041435242,0.008072989992797375,0.035365838557481766
0.007043816149234772,0.03780346363782883,0.005288113374263048,0.0034159908536821604,0.9270336627960205,0.00994755420833826,0.00946732796728611
0.23227930068969727,0.4302685260772705,0.04616621509194374,0.0037460566964000463,0.25669294595718384,0.02484719455242157,0.005999824032187462
0.24216976761817932,0.4266514778137207,0.004143713507801294,0.006490276660770178,0.18972282111644745,0.11630415916442871,0.014517745934426785
0.004366683773696423,0.006235355045646429,0.0025684034917503595,0.1186574399471283,0.8180243372917175,0.005060840398073196,0.045086972415447235
0.009690304286777973,0.007179323583841324,0.003922367934137583,0.00443507032468915,0.9586127400398254,0.004488121718168259,0.01167212426662445
0.15148091316223145,0.023831451311707497,0.018973762169480324,0.015229612588882446,0.7656448483467102,0.02038000337779522,0.004459338262677193
0.4343552887439728,0.5414451360702515,0.006172826513648033,0.002426251769065857,0.009981523267924786,0.004672117531299591,0.0009468165226280689
0.8653301000595093,0.06409576535224915,0.005094096064567566,0.001032905071042478,0.04979005083441734,0.010702058672904968,0.00395495630800724
0.700900673866272,0.1509983241558075,0.015893729403614998,0.003544337349012494,0.0480409599840641,0.0774652287364006,0.003156728111207485
0.0031920596957206726,0.002491134451702237,0.011280463077127934,0.0015000125858932734,0.017319099977612495,0.959432065486908,0.004785106051713228
0.11134720593690872,0.09056217968463898,0.03048115037381649,0.0043724714778363705,0.7295337915420532,0.02678501047194004,0.00691812252625823
0.021185193210840225,0.014874414540827274,0.0036757600028067827,0.013527114875614643,0.5714539289474487,0.3633500337600708,0.011933553963899612
0.29019442200660706,0.0858079195022583,0.029636312276124954,0.0041536265052855015,0.550338625907898,0.029008954763412476,0.010860150679945946
0.5284233689308167,0.36334964632987976,0.08127560466527939,0.0032805423252284527,0.012333261780440807,0.010038260370492935,0.0012992990668863058
0.01277977880090475,0.005499602295458317,0.9455490708351135,0.001439733779989183,0.01579982601106167,0.005407682619988918,0.013524236157536507
0.2442750483751297,0.2900595963001251,0.012172122485935688,0.002289381343871355,0.07376039773225784,0.37353870272636414,0.0039047040045261383
0.01071096956729889,0.9649743437767029,0.01566045731306076,0.0023372399155050516,0.0031225313432514668,0.002251082332804799,0.0009434259845875204
0.032125893980264664,0.011987796984612942,0.07161320745944977,0.008898883126676083,0.8369482755661011,0.024804426357150078,0.013621503487229347
0.010668221861124039,0.057438746094703674,0.015797337517142296,0.005762191955000162,0.8298870921134949,0.06574282050132751,0.014703625813126564
0.01500243041664362,0.009638885967433453,0.00557634886354208,0.004468700848519802,0.9274927377700806,0.012963828630745411,0.02485707215964794
0.12797226011753082,0.2136937975883484,0.01409404817968607,0.005689105484634638,0.5628733038902283,0.07212723791599274,0.003550234017893672
0.05434321239590645,0.23201055824756622,0.0035234070383012295,0.02169664390385151,0.6304077506065369,0.054094698280096054,0.0039236885495483875
0.047213293612003326,0.2174329161643982,0.05217655003070831,0.010642735287547112,0.5494723916053772,0.10089632123708725,0.022165842354297638
0.6613237857818604,0.18032130599021912,0.007139360997825861,0.0043593766167759895,0.12929700314998627,0.015497462823987007,0.002061625011265278
0.32428956031799316,0.35737141966819763,0.011265257373452187,0.004639758262783289,0.27167069911956787,0.018454179167747498,0.012309258803725243
0.06858759373426437,0.19369107484817505,0.20263934135437012,0.005720038898289204,0.33560267090797424,0.13308580219745636,0.06067349389195442
0.017709549516439438,0.1387827843427658,0.015931591391563416,0.012131515890359879,0.7669222354888916,0.004297434352338314,0.04422489181160927
0.14870227873325348,0.18453098833560944,0.035324424505233765,0.0036559419240802526,0.22885483503341675,0.3677140772342682,0.03121747262775898
0.010668221861124039,0.057438746094703674,0.015797337517142296,0.005762191955000162,0.8298870921134949,0.06574282050132751,0.014703625813126564
0.18114922940731049,0.2870877683162689,0.012108066119253635,0.002454380737617612,0.40921899676322937,0.09943602234125137,0.00854542851448059
0.15621042251586914,0.019793912768363953,0.07061110436916351,0.007628090213984251,0.11928509175777435,0.5856769680976868,0.0407944917678833
0.45080897212028503,0.23617173731327057,0.13249565660953522,0.010564187541604042,0.09009821712970734,0.07502768188714981,0.004833504557609558
0.0275274571031332,0.020403433591127396,0.002183496719226241,0.04739287868142128,0.8953595161437988,0.0038130369503051043,0.003320240881294012
0.2914460301399231,0.6567338109016418,0.002759326947852969,0.004993502050638199,0.025807539001107216,0.017039868980646133,0.0012200227938592434
0.0037787111941725016,0.01574215292930603,0.8414331674575806,0.0030469978228211403,0.11008641868829727,0.020899469032883644,0.005013011395931244
0.006086668465286493,0.006094556301832199,0.003322826698422432,0.005854957737028599,0.9448742866516113,0.005217899568378925,0.028548691421747208
