anger,disgust,fear,joy,neutral,sadness,surprise
0.013493373058736324,0.02329324372112751,0.0026670265942811966,0.6253622770309448,0.30553731322288513,0.015324310399591923,0.014322392642498016
0.05861983820796013,0.23098082840442657,0.005949115380644798,0.23267535865306854,0.3129035532474518,0.12480445206165314,0.034066878259181976
0.26445403695106506,0.1625792384147644,0.00890375580638647,0.028691818937659264,0.4563520550727844,0.06849613040685654,0.01052282564342022
0.007565013598650694,0.006326254457235336,0.8480445146560669,0.0015753682237118483,0.007180884480476379,0.1152852326631546,0.01402279268950224
0.013369683176279068,0.3942711651325226,0.027872268110513687,0.10199714452028275,0.4152219593524933,0.02096565254032612,0.026302114129066467
0.00867555197328329,0.0135186230763793,0.005459824576973915,0.07939577102661133,0.7678171992301941,0.009995303116738796,0.11513775587081909
0.019413022324442863,0.007317285984754562,0.8455789089202881,0.004947809502482414,0.01466728001832962,0.006281921174377203,0.10179382562637329
0.010984102264046669,0.023539088666439056,0.0018563393969088793,0.28625044226646423,0.6530745625495911,0.006201012991368771,0.01809442788362503
0.018547115847468376,0.006901668384671211,0.3829970061779022,0.3587408661842346,0.07430678606033325,0.12373311817646027,0.03477345034480095
0.0030356210190802813,0.003721509827300906,0.012616152875125408,0.002120687859132886,0.03880980238318443,0.8839715719223022,0.055724672973155975
0.006581453140825033,0.003261531237512827,0.0013818582519888878,0.0013290724018588662,0.012177507393062115,0.0012575348373502493,0.9740110635757446
0.01695919595658779,0.02592429332435131,0.0472201332449913,0.0027430295012891293,0.14937977492809296,0.7103548645973206,0.04741878807544708
0.6030367016792297,0.04962301254272461,0.008481169119477272,0.0018198686884716153,0.26132234930992126,0.0477060005068779,0.028010990470647812
0.002556443680077791,0.018105581402778625,0.004449607338756323,0.004809505306184292,0.06524858623743057,0.9017165899276733,0.0031136018224060535
0.0030726029071956873,0.004010564647614956,0.002024311339482665,0.0009412018698640168,0.020584406331181526,0.9650066494941711,0.004360243212431669
0.7189604640007019,0.04657113552093506,0.026621120050549507,0.0021883288864046335,0.10896987468004227,0.08009355515241623,0.016595367342233658
0.26924675703048706,0.6432751417160034,0.005765643436461687,0.00314347050152719,0.0416080504655838,0.03218192979693413,0.00477901566773653
0.05210014060139656,0.0242778267711401,0.31158241629600525,0.0037459093146026134,0.1686338186264038,0.022230686619877815,0.4174291491508484
0.10726267844438553,0.3300344944000244,0.009554540738463402,0.0037518872413784266,0.48128074407577515,0.06434007734060287,0.003775474149733782
0.043329473584890366,0.043287355452775955,0.005620215553790331,0.006397685036063194,0.8891926407814026,0.010211155749857426,0.001961433794349432
0.012370134703814983,0.004466625861823559,0.017262235283851624,0.004424788057804108,0.10191823542118073,0.5613892078399658,0.298168808221817
0.012138478457927704,0.0277332104742527,0.005467274226248264,0.00495443819090724,0.9035391211509705,0.033557143062353134,0.012610344216227531
0.0063880137167871,0.003637944580987096,0.005973240360617638,0.05702744796872139,0.6944639682769775,0.01042527798563242,0.22208400070667267
0.008857977576553822,0.03971978276968002,0.047963183373212814,0.004052989184856415,0.14284110069274902,0.701511025428772,0.055053919553756714
0.9459316730499268,0.016119306907057762,0.005123486276715994,0.0007246558670885861,0.020191047340631485,0.0065291752107441425,0.005380725022405386
0.15652906894683838,0.7159346342086792,0.011020392179489136,0.0023707998916506767,0.08174943178892136,0.02624763548374176,0.006148029118776321
0.06470180302858353,0.09504444152116776,0.004217705689370632,0.005072140134871006,0.21121090650558472,0.6157349348068237,0.004018043167889118
0.02525286003947258,0.048091597855091095,0.005815367680042982,0.3239005506038666,0.4882158041000366,0.09276401996612549,0.015959829092025757
0.010050023905932903,0.0331733338534832,0.004816526081413031,0.37207677960395813,0.54730224609375,0.018412472680211067,0.014168554916977882
0.020578309893608093,0.01725546270608902,0.016409387812018394,0.0029194029048085213,0.8478298783302307,0.06728477776050568,0.027722783386707306
0.026275327429175377,0.06429256498813629,0.051038116216659546,0.0018852200591936707,0.7649638652801514,0.06456653773784637,0.026978300884366035
0.31786391139030457,0.48834228515625,0.00394016969949007,0.01507568359375,0.14712707698345184,0.024983027949929237,0.0026678224094212055
0.2097717523574829,0.5461580753326416,0.00826948881149292,0.05684254691004753,0.11961939185857773,0.05543619394302368,0.0039025750011205673
0.2035079151391983,0.18226543068885803,0.007227797526866198,0.0025913992431014776,0.1755577176809311,0.4040527641773224,0.024796947836875916
0.0102886026725173,0.002794070402160287,0.0023255101405084133,0.08790191262960434,0.12257345020771027,0.010832143016159534,0.7632843255996704
0.007498429622501135,0.007017222233116627,0.0047145565040409565,0.0028923582285642624,0.8172292113304138,0.02223614789545536,0.13841214776039124
0.7469444870948792,0.13574038445949554,0.02416505664587021,0.002074174815788865,0.06335669755935669,0.019884619861841202,0.007834685035049915
0.14840660989284515,0.04435383528470993,0.08657398819923401,0.002408986445516348,0.03843579441308975,0.667963981628418,0.011856808327138424
0.010557021014392376,0.05213490128517151,0.028369100764393806,0.0024481017608195543,0.7114310264587402,0.18063198029994965,0.014427927322685719
0.005912500899285078,0.0245116725564003,0.008909136988222599,0.08413418382406235,0.7279752492904663,0.04101363942027092,0.10754357278347015
0.1945032924413681,0.23376767337322235,0.010454255156219006,0.0033565768972039223,0.3787461221218109,0.17537406086921692,0.003798000980168581
0.012194945476949215,0.010146732442080975,0.013759171590209007,0.0019862763583660126,0.019344883039593697,0.00856956746429205,0.9339984655380249
0.011387061327695847,0.011492821387946606,0.0033353264443576336,0.1402014195919037,0.7057984471321106,0.12110476940870285,0.006680178921669722
