anger,disgust,fear,joy,neutral,sadness,surprise
0.004160968586802483,0.007584230974316597,0.002271173754706979,0.4881812632083893,0.43358418345451355,0.03414985164999962,0.030068373307585716
0.026739705353975296,0.2768262028694153,0.0044931937009096146,0.26707723736763,0.3585434556007385,0.03005802445113659,0.03626216948032379
0.34159326553344727,0.28038710355758667,0.0432557575404644,0.006830787751823664,0.16698618233203888,0.15249952673912048,0.008447396568953991
0.020503763109445572,0.007591853849589825,0.016588861122727394,0.002697751624509692,0.035605013370513916,0.01217592041939497,0.9048367738723755
0.042865145951509476,0.0053549157455563545,0.0036756291519850492,0.0018098435830324888,0.004849235061556101,0.9389373660087585,0.0025079012848436832
0.06331712007522583,0.037890732288360596,0.016369538381695747,0.023455537855625153,0.1605759561061859,0.6951355338096619,0.0032555870711803436
0.02982349693775177,0.020082799717783928,0.049255818128585815,0.27675485610961914,0.5583696961402893,0.02081618271768093,0.04489711672067642
0.025312060490250587,0.02383260242640972,0.023282242938876152,0.17756721377372742,0.5879629254341125,0.04252246767282486,0.11952051520347595
0.020525123924016953,0.060670189559459686,0.010087816044688225,0.3599706292152405,0.29138192534446716,0.20540404319763184,0.05196025222539902
0.16994264721870422,0.09359364956617355,0.027994869276881218,0.2385876178741455,0.4169410169124603,0.04621810093522072,0.006722067017108202
0.012709450908005238,0.012518764473497868,0.0017667179927229881,0.06685008108615875,0.6846074461936951,0.00709157157689333,0.21445603668689728
0.02342136763036251,0.015870381146669388,0.044647544622421265,0.053298939019441605,0.8020104169845581,0.023318519815802574,0.03743287920951843
0.006128127686679363,0.010528904385864735,0.0014885280979797244,0.7441097497940063,0.1964103728532791,0.017161352559924126,0.02417294681072235
