anger,disgust,fear,joy,neutral,sadness,surprise
0.0034737258683890104,0.012434517964720726,0.20742374658584595,0.0027487899642437696,0.040889397263526917,0.726040244102478,0.00698954239487648
0.034265048801898956,0.05046702176332474,0.7598145604133606,0.002905892673879862,0.10359479486942291,0.01020775642246008,0.03874501958489418
0.016588125377893448,0.09898623079061508,0.4232015907764435,0.006196597591042519,0.3626696467399597,0.04993155971169472,0.042426254600286484
0.02177564799785614,0.2037881314754486,0.007405384909361601,0.13738314807415009,0.4036238491535187,0.191165491938591,0.03485836833715439
0.1395258605480194,0.1388772428035736,0.01717064157128334,0.002003393368795514,0.5343077778816223,0.15508969128131866,0.013025343418121338
0.0179413054138422,0.24653053283691406,0.017358940094709396,0.008236344903707504,0.4489660859107971,0.2547251284122467,0.006241627968847752
0.05320758745074272,0.17612133920192719,0.003255311632528901,0.005073624663054943,0.747687041759491,0.012014091946184635,0.0026410643476992846
0.5272583365440369,0.3824310898780823,0.00830035749822855,0.001413430436514318,0.053218211978673935,0.025573313236236572,0.001805292209610343
0.03434343636035919,0.25016212463378906,0.022439030930399895,0.012584316544234753,0.6575016975402832,0.010901267640292645,0.012068167328834534
0.02468441240489483,0.023986591026186943,0.010970013216137886,0.007426980417221785,0.8496337532997131,0.007827592082321644,0.07547075301408768
0.001740552019327879,0.004330773837864399,0.003608983475714922,0.0008314791484735906,0.009932839311659336,0.9774816632270813,0.0020736479200422764
0.004447984509170055,0.9428573250770569,0.04369112104177475,0.0003940141177736223,0.0032864506356418133,0.0033775612246245146,0.0019455250585451722
