anger,disgust,fear,joy,neutral,sadness,surprise
0.7802247405052185,0.11211108416318893,0.024972159415483475,0.0013774962862953544,0.05005890876054764,0.02472144179046154,0.006534133572131395
0.00997883453965187,0.1030803695321083,0.009057951159775257,0.01048141997307539,0.3670947551727295,0.49029138684272766,0.010015325620770454
0.1571008861064911,0.34543439745903015,0.01624911278486252,0.00285790185444057,0.14919187128543854,0.3159567415714264,0.01320907473564148
0.10381209850311279,0.013841291889548302,0.04255075380206108,0.14104130864143372,0.6744992733001709,0.0025076069869101048,0.021747637540102005
0.026972394436597824,0.3148649334907532,0.005386341828852892,0.13079877197742462,0.4720155894756317,0.04096856340765953,0.008993380703032017
0.033701058477163315,0.05205400660634041,0.010372710414230824,0.00536617124453187,0.22007499635219574,0.6685441732406616,0.0098869688808918
0.028323642909526825,0.6617563366889954,0.05495256185531616,0.002913092728704214,0.2186315655708313,0.027471257373690605,0.005951588042080402
0.565019965171814,0.15978187322616577,0.008161862380802631,0.004864813294261694,0.2354530543088913,0.024580340832471848,0.002138057490810752
0.08782754838466644,0.008119522593915462,0.871928870677948,0.0013897351454943419,0.022230351343750954,0.004182616248726845,0.004321245942264795
0.091863252222538,0.190797820687294,0.17785094678401947,0.0062231807969510555,0.2735549211502075,0.011702369898557663,0.24800743162631989
0.38369065523147583,0.21757327020168304,0.018236074596643448,0.010067828930914402,0.340178519487381,0.01996782422065735,0.0102859390899539
0.6541287899017334,0.22416573762893677,0.0253685861825943,0.0027326508425176144,0.06872136890888214,0.01866350695490837,0.006219279952347279
0.15404197573661804,0.03546585887670517,0.03997022658586502,0.01267434936016798,0.708442747592926,0.03705301880836487,0.012351877987384796
0.052749548107385635,0.02615409716963768,0.013291007839143276,0.0021987271029502153,0.3202575445175171,0.041078414767980576,0.5442706346511841
0.016579441726207733,0.1348530799150467,0.11606913059949875,0.006340790539979935,0.48420020937919617,0.005887786392122507,0.23606963455677032
0.5472625494003296,0.41829606890678406,0.0026972766499966383,0.0011628469219431281,0.02279191091656685,0.005572546273469925,0.0022167989518493414
0.039184413850307465,0.36970239877700806,0.05726907029747963,0.004415392410010099,0.48153215646743774,0.03312109410762787,0.014775458723306656
0.040731120854616165,0.019254574552178383,0.6196199059486389,0.00326330098323524,0.2804960608482361,0.017480220645666122,0.0191547442227602
0.01886630244553089,0.007759071420878172,0.1907191127538681,0.016960373148322105,0.7101197838783264,0.03403438627719879,0.02154102362692356
0.026460468769073486,0.007774826604872942,0.8721043467521667,0.0019954254385083914,0.06325110793113708,0.012695924378931522,0.015717726200819016
0.007381274364888668,0.030192220583558083,0.0010030650300905108,0.0163596048951149,0.89825439453125,0.006889479700475931,0.039920106530189514
0.1723741590976715,0.05719739943742752,0.4303809404373169,0.0017911437898874283,0.2054099142551422,0.07726408541202545,0.05558228865265846
0.0517076700925827,0.042090773582458496,0.6987490057945251,0.0025878946762531996,0.14271458983421326,0.015281415544450283,0.046868693083524704
0.020747587084770203,0.891503632068634,0.008992085233330727,0.0023264314513653517,0.06372784078121185,0.010993854142725468,0.001708488678559661
0.23072905838489532,0.015528160147368908,0.5328378677368164,0.0028542387299239635,0.15687589347362518,0.028038863092660904,0.03313590958714485
0.007240330800414085,0.013055148534476757,0.0460776761174202,0.04250616580247879,0.8716282844543457,0.006740886252373457,0.012751497328281403
0.28839001059532166,0.2472636103630066,0.02953120693564415,0.004256871063262224,0.41084009408950806,0.011377635411918163,0.008340579457581043
0.055940236896276474,0.11969976872205734,0.4027217626571655,0.0054921177215874195,0.3602568805217743,0.013703514821827412,0.04218566045165062
0.4073563516139984,0.1981360912322998,0.17287425696849823,0.011042227037250996,0.18441006541252136,0.010288099758327007,0.015892943367362022
0.12025120854377747,0.3148462474346161,0.00362005433999002,0.11095094680786133,0.43792304396629333,0.003378439461812377,0.009030057117342949
0.0623561330139637,0.1872413605451584,0.018273958936333656,0.027434876188635826,0.6734114289283752,0.003238087287172675,0.028044218197464943
0.5257713198661804,0.05879224091768265,0.13985496759414673,0.0028424998745322227,0.2522282600402832,0.008535249158740044,0.011975414119660854
0.01942949742078781,0.011534223333001137,0.03654796630144119,0.036655448377132416,0.8329347968101501,0.006421969272196293,0.05647613853216171
0.03506382554769516,0.038063835352659225,0.030977407470345497,0.0013713812222704291,0.04640692099928856,0.8216134309768677,0.026503240689635277
0.009390316903591156,0.048659536987543106,0.05493498966097832,0.05609291046857834,0.7938665747642517,0.02517707459628582,0.011878655292093754
