anger,disgust,fear,joy,neutral,sadness,surprise
0.05403674766421318,0.6263716220855713,0.026605239138007164,0.020843399688601494,0.2185686230659485,0.03646855428814888,0.017105799168348312
0.5931851863861084,0.1999509036540985,0.010581270791590214,0.002829810604453087,0.17857684195041656,0.012314284220337868,0.0025617543142288923
0.3124924302101135,0.1326044648885727,0.07371795922517776,0.0029473910108208656,0.04391281679272652,0.3855177164077759,0.048807237297296524
0.035038698464632034,0.24082213640213013,0.0514054037630558,0.0021877430845052004,0.4407520890235901,0.22357554733753204,0.006218392867594957
0.8251187801361084,0.09870976954698563,0.0031827595084905624,0.003394678933545947,0.055782802402973175,0.01254499051719904,0.0012662948574870825
0.0038588354364037514,0.016602875664830208,0.0011902780970558524,0.0049207378178834915,0.9606945514678955,0.007404022384434938,0.005328642204403877
0.11656501144170761,0.44243064522743225,0.33558306097984314,0.009499275125563145,0.06586481630802155,0.009238183498382568,0.02081913873553276
0.027667377144098282,0.14359623193740845,0.006730802357196808,0.005757715553045273,0.768673837184906,0.026552079245448112,0.021022044122219086
0.023725582286715508,0.0329245962202549,0.03172370046377182,0.02089145965874195,0.8844988942146301,0.00258405739441514,0.003651675069704652
0.3706444501876831,0.4660659432411194,0.0029694039840251207,0.002175562083721161,0.039561837911605835,0.1152401715517044,0.0033425837755203247
0.24507807195186615,0.3538955748081207,0.3100156784057617,0.0020482330583035946,0.05616112798452377,0.024292023852467537,0.008509215898811817
0.01134449988603592,0.02851918153464794,0.0050882077775895596,0.014517117291688919,0.866082489490509,0.008294148370623589,0.0661543756723404
0.07999574393033981,0.1195279136300087,0.033840905874967575,0.0035232503432780504,0.7364618182182312,0.01637629233300686,0.010274081490933895
0.33617475628852844,0.351909339427948,0.0259608905762434,0.001580196083523333,0.051760002970695496,0.22905591130256653,0.0035589593462646008
0.014576585963368416,0.009820520877838135,0.4615645408630371,0.003423849819228053,0.46336862444877625,0.031537577509880066,0.01570833846926689
0.20503437519073486,0.631970226764679,0.025213172659277916,0.0017662442987784743,0.12119454145431519,0.010754214599728584,0.004067126661539078
0.06584393978118896,0.0947653129696846,0.6762722730636597,0.001598341390490532,0.04356493800878525,0.1150948703289032,0.002860315376892686
0.021290702745318413,0.006179925985634327,0.004053686745464802,0.03922252729535103,0.9070476293563843,0.010023836977779865,0.012181675992906094
0.04183467850089073,0.1372111588716507,0.19132259488105774,0.004068869166076183,0.24741902947425842,0.3309403359889984,0.04720331355929375
0.19071996212005615,0.700439453125,0.04452458769083023,0.0016831946559250355,0.05113113671541214,0.006137842312455177,0.005363785661756992
0.21703635156154633,0.11863094568252563,0.32905861735343933,0.007170522585511208,0.2844468057155609,0.015637125819921494,0.028019694611430168
0.02580171450972557,0.36784547567367554,0.011305945925414562,0.002446388592943549,0.19556406140327454,0.39137569069862366,0.005660733208060265
