anger,disgust,fear,joy,neutral,sadness,surprise
0.011086864396929741,0.03266161307692528,0.003487302688881755,0.018865959718823433,0.034080784767866135,0.8980053067207336,0.0018121901666745543
0.007789177820086479,0.030415736138820648,0.003242247039452195,0.5356202125549316,0.38623106479644775,0.009736644104123116,0.02696497179567814
0.005684759467840195,0.0089965695515275,0.018214533105492592,0.8836539387702942,0.04611390829086304,0.0359598845243454,0.0013763424940407276
0.04415203630924225,0.04647663235664368,0.005553306080400944,0.020149581134319305,0.8212481737136841,0.009885544888675213,0.052534691989421844
0.03012673556804657,0.4838050603866577,0.0397748164832592,0.006955702323466539,0.4259186089038849,0.00747721130028367,0.005941770505160093
0.005354805383831263,0.016251271590590477,0.002684389939531684,0.1267395317554474,0.821493923664093,0.018044695258140564,0.009431343525648117
0.8963696360588074,0.0688086524605751,0.0155900614336133,0.0019555045291781425,0.010986640118062496,0.004498119466006756,0.001791423070244491
0.7788715958595276,0.09748943150043488,0.047104042023420334,0.0015112481778487563,0.02646838128566742,0.047524116933345795,0.0010312891099601984
0.04338394105434418,0.07966064661741257,0.008956524543464184,0.3317711353302002,0.4853094518184662,0.03532462939620018,0.01559371780604124
0.012865928001701832,0.3890571892261505,0.5510922074317932,0.00197998876683414,0.005295885726809502,0.03720572963356972,0.0025030479300767183
0.03812161833047867,0.9380115270614624,0.0016432584961876273,0.0005977096734568477,0.01653994433581829,0.004173255525529385,0.0009128055535256863
0.09122917056083679,0.12896759808063507,0.009825272485613823,0.07661265879869461,0.49564802646636963,0.19343602657318115,0.004281229339540005
0.11369196325540543,0.07275944203138351,0.0020605118479579687,0.006429221481084824,0.04994024708867073,0.7533888220787048,0.001729794079437852
0.02216413989663124,0.24205012619495392,0.008797872811555862,0.13870804011821747,0.548570990562439,0.02987152896821499,0.009837273508310318
0.002971270587295294,0.002445371588692069,0.0022350247018039227,0.9235215783119202,0.03716801479458809,0.019739652052521706,0.011919084005057812
0.0073073492385447025,0.007147755473852158,0.027323279529809952,0.45136556029319763,0.421725332736969,0.03024713322520256,0.05488356947898865
0.1805141568183899,0.6049530506134033,0.016839664429426193,0.016475973650813103,0.16739782691001892,0.010627852752804756,0.0031914222054183483
0.6445813775062561,0.13653704524040222,0.004941130522638559,0.005780891049653292,0.16624633967876434,0.012778696604073048,0.02913450077176094
