anger,disgust,fear,joy,neutral,sadness,surprise
0.028425918892025948,0.8696820735931396,0.03512906655669212,0.0008850872400216758,0.047026071697473526,0.014018445275723934,0.004833347629755735
0.1436740607023239,0.7957906723022461,0.012978795915842056,0.0021336751524358988,0.03714790195226669,0.0068427701480686665,0.001432154793292284
0.03834260627627373,0.03302200511097908,0.06645312160253525,0.01319835614413023,0.8359787464141846,0.006514347158372402,0.006490828935056925
0.006324377376586199,0.012339791283011436,0.002877831691876054,0.002875265199691057,0.9562444090843201,0.006310923956334591,0.013027507811784744
0.013914458453655243,0.5165936946868896,0.011302290484309196,0.007534816861152649,0.4272753596305847,0.01642332784831524,0.006956030149012804
0.06047411635518074,0.02562987059354782,0.45326533913612366,0.004907519556581974,0.30903729796409607,0.1143527403473854,0.032333023846149445
0.020457405596971512,0.22265271842479706,0.0031551020219922066,0.004102008882910013,0.7178969383239746,0.007714465260505676,0.02402135729789734
0.777035653591156,0.05429570749402046,0.033577270805835724,0.004423717502504587,0.022394994273781776,0.10598047077655792,0.002292050514370203
0.005152183119207621,0.009367421269416809,0.002897855592891574,0.05711846426129341,0.710146427154541,0.17849579453468323,0.03682192042469978
0.5254315733909607,0.31191349029541016,0.01192574854940176,0.0017633268143981695,0.04156503826379776,0.10267843306064606,0.004722408019006252
0.08213010430335999,0.7139079570770264,0.04488537460565567,0.0026428315322846174,0.1049862802028656,0.04831874370574951,0.0031286857556551695
0.08443772047758102,0.11669079959392548,0.004425365943461657,0.00348416599445045,0.7457927465438843,0.014174756594002247,0.030994541943073273
0.004062329884618521,0.0023060180246829987,0.0035576580557972193,0.00511363847181201,0.9456196427345276,0.004699245095252991,0.034641437232494354
0.3290969431400299,0.5689105987548828,0.010946890339255333,0.002424543024972081,0.07242310792207718,0.011647110804915428,0.004550876561552286
0.06580260396003723,0.07682294398546219,0.005462861619889736,0.011347916908562183,0.8230425715446472,0.015289228409528732,0.002231781603768468
0.5543844103813171,0.01461750827729702,0.396986186504364,0.0016007295344024897,0.019329722970724106,0.007030044216662645,0.006051487289369106
0.0203042421489954,0.026343414559960365,0.7465464472770691,0.0012807067250832915,0.09431874752044678,0.09884701669216156,0.01235930621623993
0.009802821092307568,0.32926639914512634,0.006699868477880955,0.008514679037034512,0.5975199937820435,0.015965647995471954,0.03223070129752159
