anger,disgust,fear,joy,neutral,sadness,surprise
0.009616130962967873,0.006124845705926418,0.0036692272406071424,0.0349716916680336,0.8794391751289368,0.03322276845574379,0.03295623138546944
0.011808060109615326,0.045676182955503464,0.007862446829676628,0.0037453481927514076,0.3430200219154358,0.5596867799758911,0.028201201930642128
0.005852264817804098,0.004648726433515549,0.0026258076541125774,0.001576269045472145,0.012455272488296032,0.9677460789680481,0.005095579661428928
0.01862322725355625,0.041940510272979736,0.005624078679829836,0.34922483563423157,0.5052905678749084,0.057720813900232315,0.021575989201664925
0.007662307005375624,0.01728346385061741,0.004729169420897961,0.007630345411598682,0.9381521940231323,0.017422277480363846,0.0071201808750629425
0.1257767677307129,0.044067684561014175,0.0033927380573004484,0.13707517087459564,0.6393037438392639,0.04556718096137047,0.00481671467423439
0.20047008991241455,0.23718340694904327,0.007082714233547449,0.0028250443283468485,0.5194704532623291,0.027007313445210457,0.005961047951132059
0.08139394223690033,0.22411592304706573,0.007011749316006899,0.044040605425834656,0.5768247246742249,0.05584072321653366,0.010772353038191795
0.3248392641544342,0.08580134809017181,0.012735698372125626,0.011063676327466965,0.43880999088287354,0.12094998359680176,0.00579998642206192
0.11256925016641617,0.05964279547333717,0.035488784313201904,0.00366790359839797,0.7705087661743164,0.014176825992763042,0.0039456929080188274
0.6219069361686707,0.1322440654039383,0.04818946123123169,0.0027144651394337416,0.14942948520183563,0.04432888329029083,0.001186681678518653
0.06594335287809372,0.10305488109588623,0.0038155957590788603,0.015023714862763882,0.7974126935005188,0.002129509113729,0.012620191089808941
0.5483989119529724,0.03275134414434433,0.13072295486927032,0.004779936745762825,0.262197345495224,0.011545265093445778,0.009604175575077534
