anger,disgust,fear,joy,neutral,sadness,surprise
0.1718626767396927,0.4666765034198761,0.16659609973430634,0.013109695166349411,0.05690329521894455,0.1230018138885498,0.001849826890975237
0.03360869735479355,0.32223406434059143,0.023883989080786705,0.009283464401960373,0.5580987334251404,0.04605725780129433,0.006833723746240139
0.007588375825434923,0.06608374416828156,0.019784193485975266,0.02814338728785515,0.853622317314148,0.013585674576461315,0.011192362755537033
0.020153913646936417,0.18256323039531708,0.01004874985665083,0.07193787395954132,0.677458643913269,0.02671646513044834,0.011121164076030254
0.02364116907119751,0.7809424996376038,0.01896721124649048,0.01770155504345894,0.13471223413944244,0.00440787710249424,0.019627423956990242
0.12400557845830917,0.8489325642585754,0.0027924494352191687,0.000513120205141604,0.009301062673330307,0.013331589289009571,0.0011237559374421835
0.00985961128026247,0.1782144457101822,0.20476588606834412,0.19387497007846832,0.34068652987480164,0.014569011516869068,0.05802953243255615
0.02149573713541031,0.46506282687187195,0.007123839110136032,0.04469888657331467,0.447674036026001,0.002375643467530608,0.01156910602003336
0.13172978162765503,0.783859133720398,0.018341613933444023,0.0013810372911393642,0.019268818199634552,0.04374967887997627,0.0016698819817975163
0.03618791326880455,0.11158180236816406,0.024319849908351898,0.02326546236872673,0.7134414911270142,0.04416612908244133,0.04703734070062637
0.011879176832735538,0.002110033528879285,0.005601893644779921,0.0015134341083467007,0.009926635771989822,0.0025531165301799774,0.9664157032966614
0.00232721702195704,0.026876583695411682,0.005552248563617468,0.010876297019422054,0.10660623013973236,0.8391764760017395,0.008584883995354176
