anger,disgust,fear,joy,neutral,sadness,surprise
0.008708704262971878,0.15311434864997864,0.01329438854008913,0.20402982831001282,0.43057265877723694,0.17546109855175018,0.014818830415606499
0.00968471821397543,0.14311403036117554,0.009193836711347103,0.011834992095828056,0.7531864047050476,0.005148162133991718,0.0678379088640213
0.03908872976899147,0.04634927213191986,0.004339300561696291,0.533768892288208,0.3479459583759308,0.022853676229715347,0.005654193460941315
0.03361859917640686,0.07848421484231949,0.020496852695941925,0.006660927087068558,0.7348973751068115,0.11855858564376831,0.007283453363925219
0.004790894687175751,0.014187963679432869,0.04278278350830078,0.0031239085365086794,0.04669949784874916,0.8702054023742676,0.018209554255008698
0.272612065076828,0.35147902369499207,0.00976086687296629,0.003062197705730796,0.2714654207229614,0.08379858732223511,0.007821773178875446
0.35263919830322266,0.33582064509391785,0.050063032656908035,0.004219813738018274,0.24205109477043152,0.007873439230024815,0.007332746870815754
0.9735496640205383,0.008127259090542793,0.0035341517068445683,0.0007143343682400882,0.007299825549125671,0.003389596939086914,0.0033850681502372026
0.004606587812304497,0.0033158655278384686,0.004711529705673456,0.265203595161438,0.5828428864479065,0.058889251202344894,0.08043025434017181
0.024180859327316284,0.057272788137197495,0.002312968485057354,0.04132526367902756,0.3087429702281952,0.5621007084846497,0.004064441192895174
0.010594749823212624,0.008451223373413086,0.0038662529550492764,0.017157934606075287,0.8060453534126282,0.007876673713326454,0.14600786566734314
0.04379447177052498,0.3062112033367157,0.00573610607534647,0.01653519831597805,0.6016517877578735,0.024092376232147217,0.0019788227509707212
0.0998319536447525,0.7723230719566345,0.028462236747145653,0.003786236746236682,0.05704586207866669,0.03677273169159889,0.0017779156332835555
0.01776549406349659,0.09135989844799042,0.11203330755233765,0.004371797200292349,0.5178751945495605,0.18279756605625153,0.07379675656557083
0.04188818484544754,0.07755208760499954,0.008746052160859108,0.0042247767560184,0.8425816297531128,0.010594765655696392,0.01441242452710867
0.204711452126503,0.029052115976810455,0.01287227775901556,0.20220144093036652,0.4761005938053131,0.020539240911602974,0.054522883147001266
