anger,disgust,fear,joy,neutral,sadness,surprise
0.03141012415289879,0.26373299956321716,0.00877455249428749,0.004664202220737934,0.407903254032135,0.2752149999141693,0.008299924433231354
0.12569589912891388,0.16146604716777802,0.03072306513786316,0.012356570921838284,0.6363727450370789,0.026829348877072334,0.0065563577227294445
0.40112748742103577,0.01010890956968069,0.33534857630729675,0.013150010257959366,0.20624591410160065,0.02664649300277233,0.007372573483735323
0.14215384423732758,0.2000407576560974,0.012787507846951485,0.0046647703275084496,0.5983877182006836,0.037702057510614395,0.004263290669769049
0.026904169470071793,0.04607360064983368,0.07999585568904877,0.061532095074653625,0.7457189559936523,0.02047799527645111,0.019297422841191292
0.0157952718436718,0.04012029990553856,0.003407501382753253,0.002550404518842697,0.029820846393704414,0.9062844514846802,0.0020211574155837297
0.07497429847717285,0.10157739371061325,0.0051372661255300045,0.007863558828830719,0.12214528024196625,0.6806083917617798,0.0076937428675591946
0.025011712685227394,0.1711561381816864,0.05967700853943825,0.007342823315411806,0.1597229242324829,0.5744423866271973,0.0026470404118299484
0.05929609015583992,0.32239145040512085,0.013004307635128498,0.015934806317090988,0.5610743165016174,0.026329373940825462,0.0019696459639817476
0.037830762565135956,0.19545698165893555,0.0026104191783815622,0.05918191373348236,0.6872345805168152,0.01532355323433876,0.0023617788683623075
0.034581296145915985,0.5098053812980652,0.006057986989617348,0.017035992816090584,0.3811239004135132,0.04801284149289131,0.0033826155122369528
0.14200817048549652,0.22871820628643036,0.0067220586352050304,0.004095708951354027,0.4904250204563141,0.11861199140548706,0.009418820030987263
0.012996867299079895,0.9320045113563538,0.02583281882107258,0.0009673227905295789,0.01350928284227848,0.00835539773106575,0.006333831697702408
0.009016064926981926,0.00201188656501472,0.9806397557258606,0.001246554427780211,0.003164800815284252,0.003189018927514553,0.0007319021387957036
0.15242451429367065,0.663503885269165,0.05666554719209671,0.003988069947808981,0.11101508885622025,0.008185329847037792,0.0042175352573394775
0.004304978065192699,0.0022832718677818775,0.9689757227897644,0.0011082424316555262,0.015680819749832153,0.005599685944616795,0.002047171350568533
0.33732661604881287,0.28395113348960876,0.016411002725362778,0.002217431552708149,0.3243088126182556,0.0330718569457531,0.0027131270617246628
0.008891500532627106,0.004808491561561823,0.9607469439506531,0.001422501285560429,0.015200426802039146,0.007916755974292755,0.0010134525364264846
0.021381037309765816,0.540576696395874,0.09818791598081589,0.046702466905117035,0.2729179859161377,0.014481872320175171,0.005752021912485361
0.11809834092855453,0.06936410814523697,0.7235772013664246,0.004217017441987991,0.05889483913779259,0.015751037746667862,0.010097415186464787
0.03385569155216217,0.03233913704752922,0.7101563811302185,0.007435953710228205,0.1903608739376068,0.017272889614105225,0.008579086512327194
0.05568687617778778,0.011170348152518272,0.07868174463510513,0.004622775595635176,0.09788590669631958,0.7446206212043762,0.0073317354544997215
0.004933835472911596,0.009544634260237217,0.003523589111864567,0.2706410884857178,0.6006124019622803,0.09676776826381683,0.013976664282381535
