anger,disgust,fear,joy,neutral,sadness,surprise
0.037262145429849625,0.01094775926321745,0.07169681042432785,0.039604585617780685,0.6551495790481567,0.066761314868927,0.11857788264751434
0.1755906343460083,0.32703694701194763,0.0022549573332071304,0.011751527898013592,0.32623398303985596,0.1290871500968933,0.028044763952493668
0.010908969677984715,0.020068062469363213,0.007185874041169882,0.223263680934906,0.7047082185745239,0.029944900423288345,0.0039202128536999226
0.05555887520313263,0.12536215782165527,0.019444456323981285,0.4212026596069336,0.3281635344028473,0.03806504234671593,0.012203208170831203
0.043043069541454315,0.7591989636421204,0.0638669803738594,0.0029995630029588938,0.03755686432123184,0.08913668245077133,0.004197845235466957
0.5488245487213135,0.18228505551815033,0.20702211558818817,0.003250372363254428,0.030655676499009132,0.016861379146575928,0.011100828647613525
0.09942007809877396,0.028465503826737404,0.012856797315180302,0.0028125608805567026,0.059020865708589554,0.7768840789794922,0.020540064200758934
0.0564408041536808,0.050280991941690445,0.38187742233276367,0.01079524029046297,0.44145485758781433,0.016951685771346092,0.04219893366098404
0.4384278655052185,0.4440103769302368,0.03317835181951523,0.0029354386497288942,0.0633929967880249,0.016741076484322548,0.0013139961520209908
0.26374417543411255,0.3842490613460541,0.014084973372519016,0.0016471807612106204,0.0664052739739418,0.26635217666625977,0.003517170436680317
0.001981794135645032,0.006319351494312286,0.0006720245000906289,0.9708200097084045,0.013828168623149395,0.0032954136840999126,0.00308319297619164
0.015354522503912449,0.0030732550658285618,0.0012443913146853447,0.6810302138328552,0.19807609915733337,0.021615829318761826,0.07960569858551025
