anger,disgust,fear,joy,neutral,sadness,surprise
0.017306799069046974,0.07275021821260452,0.004290818702429533,0.012357612140476704,0.6526122689247131,0.22264616191387177,0.018036095425486565
0.09957856684923172,0.46078139543533325,0.0656091645359993,0.01811588555574417,0.3263411223888397,0.014178060926496983,0.015395676717162132
0.06322452425956726,0.22774364054203033,0.46993881464004517,0.001881757634691894,0.0724320188164711,0.1585347056388855,0.006244538351893425
0.0062965042889118195,0.2501448690891266,0.09006938338279724,0.002249357057735324,0.0777030736207962,0.5395597815513611,0.033977050334215164
0.07482390105724335,0.09315914660692215,0.2858434319496155,0.0046853055246174335,0.44674596190452576,0.015530894510447979,0.07921139895915985
0.04661499708890915,0.6039655208587646,0.07518341392278671,0.002056554425507784,0.09629075974225998,0.1667550802230835,0.00913362018764019
0.008774185553193092,0.10495353490114212,0.01018394622951746,0.007741567213088274,0.7951980829238892,0.01677730493247509,0.056371480226516724
0.034451574087142944,0.7428755164146423,0.17441387474536896,0.0012676870683208108,0.02985886111855507,0.0107157863676548,0.006416714284569025
0.42074206471443176,0.03461968153715134,0.11506510525941849,0.005046170204877853,0.3985179662704468,0.01188455056399107,0.014124409295618534
0.41020774841308594,0.09848026931285858,0.008111825212836266,0.003243113635107875,0.453524112701416,0.018220260739326477,0.008212640881538391
0.16676272451877594,0.2474040538072586,0.04946766048669815,0.007494417019188404,0.5085820555686951,0.014459636062383652,0.005829459056258202
0.22111083567142487,0.03814029321074486,0.0719924196600914,0.006955556571483612,0.5885835886001587,0.023321228101849556,0.04989605396986008
