anger,disgust,fear,joy,neutral,sadness,surprise
0.012333931401371956,0.005993373226374388,0.039863213896751404,0.005927396472543478,0.8897830843925476,0.006055996287614107,0.04004303365945816
0.0909276157617569,0.058572590351104736,0.09405038505792618,0.0031356855761259794,0.7291974425315857,0.0066598691046237946,0.017456477507948875
0.013770722784101963,0.004224600736051798,0.008501224219799042,0.004902704153209925,0.11841636151075363,0.0032590541522949934,0.8469253182411194
0.032226718962192535,0.046024344861507416,0.055344097316265106,0.011262997053563595,0.8028571605682373,0.033056311309337616,0.019228406250476837
0.07528763264417648,0.4617006182670593,0.041272491216659546,0.003339548595249653,0.25911083817481995,0.15323926508426666,0.006049702875316143
0.07416155934333801,0.0297586377710104,0.15923450887203217,0.004416808485984802,0.36505037546157837,0.02422957308590412,0.34314852952957153
0.06145348772406578,0.14976873993873596,0.004759408067911863,0.01634778268635273,0.7366870641708374,0.028339240700006485,0.002644235733896494
0.03650764375925064,0.06127912178635597,0.014183098450303078,0.011500412598252296,0.8318451046943665,0.031506121158599854,0.013178523629903793
0.04939652234315872,0.5786184072494507,0.004478048533201218,0.06875082105398178,0.2722994387149811,0.009594895876944065,0.016861911863088608
0.12281735986471176,0.16939321160316467,0.030845561996102333,0.004210460465401411,0.16224238276481628,0.47464436292648315,0.03584664687514305
0.4807247221469879,0.06901892274618149,0.005487258546054363,0.003807359840720892,0.369462251663208,0.027639983221888542,0.04385944455862045
0.03068695403635502,0.04873451218008995,0.006532296072691679,0.008889931254088879,0.8567046523094177,0.0330716148018837,0.015380059368908405
0.23771779239177704,0.2652176022529602,0.09186460822820663,0.0018203242216259241,0.3509964942932129,0.04396623373031616,0.00841691717505455
0.1829160451889038,0.26956096291542053,0.11423163115978241,0.007109104655683041,0.2732798457145691,0.06646713614463806,0.08643526583909988
0.03627891093492508,0.056730903685092926,0.014163821004331112,0.01589050143957138,0.8351328372955322,0.02804477885365486,0.013758181594312191
0.35472571849823,0.09643730521202087,0.2660588026046753,0.0070433178916573524,0.0462745763361454,0.2178303450345993,0.011629813350737095
0.03531690314412117,0.04642409458756447,0.014786027371883392,0.01371490117162466,0.857699453830719,0.021708421409130096,0.010350083000957966
0.1880723237991333,0.279551237821579,0.0067124697379767895,0.005688175093382597,0.4647267162799835,0.01853160187602043,0.036717526614665985
0.09235064685344696,0.015875251963734627,0.0125504769384861,0.0038073973264545202,0.04065888375043869,0.008290309458971024,0.8264670372009277
0.05678244307637215,0.17041218280792236,0.12507086992263794,0.029243597760796547,0.5301632285118103,0.07147309929132462,0.016854533925652504
0.6859269738197327,0.10923826694488525,0.042061593383550644,0.0016446694498881698,0.10304009169340134,0.033588655292987823,0.024499645456671715
0.034871749579906464,0.2647092044353485,0.0671858936548233,0.00233339867554605,0.3402867615222931,0.241769477725029,0.048843540251255035
0.06600410491228104,0.13505855202674866,0.10822402685880661,0.03143884986639023,0.5600720643997192,0.06825210899114609,0.0309502724558115
0.03107135370373726,0.18330226838588715,0.0023388415575027466,0.37510403990745544,0.3865525722503662,0.00902507919818163,0.012605867348611355
0.033813342452049255,0.03137706220149994,0.024648573249578476,0.0032962854020297527,0.34635403752326965,0.04067198932170868,0.5198386907577515
0.1789577305316925,0.18370530009269714,0.005010196473449469,0.01387363113462925,0.35240617394447327,0.2570946216583252,0.008952350355684757
0.0494888536632061,0.10641010850667953,0.09918521344661713,0.015904026105999947,0.6175790429115295,0.07759357243776321,0.033839259296655655
0.11121685802936554,0.03438369557261467,0.022027336061000824,0.007478103041648865,0.719841480255127,0.06844062358140945,0.036611881107091904
0.04314140975475311,0.3468073606491089,0.023034246638417244,0.002353205345571041,0.1179649829864502,0.45047715306282043,0.016221731901168823
0.023767998442053795,0.5284525752067566,0.006361098028719425,0.0029173290822654963,0.03414686396718025,0.3755882680416107,0.028765959665179253
0.04230264201760292,0.024858420714735985,0.35085996985435486,0.03044045902788639,0.12512701749801636,0.2526465356349945,0.17376500368118286
0.019578777253627777,0.02658449299633503,0.023547742515802383,0.015171614475548267,0.7972095608711243,0.09008660912513733,0.027821233496069908
0.2789957523345947,0.08729135245084763,0.015873484313488007,0.0035130123142153025,0.567829966545105,0.010305337607860565,0.036191049963235855
0.7341455221176147,0.014718979597091675,0.03415384516119957,0.003747181501239538,0.20220713317394257,0.0037066349759697914,0.007320738863199949
0.006959028076380491,0.008204459212720394,0.00405987398698926,0.004455485846847296,0.9477835893630981,0.002514669205993414,0.026022838428616524
0.19005103409290314,0.08993350714445114,0.06573905050754547,0.007934155873954296,0.583295464515686,0.02419470250606537,0.038851991295814514
0.03666515275835991,0.002414402784779668,0.016134195029735565,0.18655544519424438,0.10699812322854996,0.005790382158011198,0.6454422473907471
0.04551840201020241,0.04045674204826355,0.026690183207392693,0.004670368507504463,0.779542863368988,0.04871060326695442,0.05441071465611458
0.06009642779827118,0.06809227168560028,0.019482942298054695,0.019158504903316498,0.6912257075309753,0.1214962899684906,0.02044782042503357
0.015462018549442291,0.4961740970611572,0.0035700879525393248,0.20750683546066284,0.2543103098869324,0.009907505474984646,0.01306920126080513
0.018110087141394615,0.022020727396011353,0.00823920127004385,0.0033302130177617073,0.8748096227645874,0.022517981007695198,0.05097220838069916
0.05266809090971947,0.017717232927680016,0.006879191379994154,0.04029972106218338,0.8659489154815674,0.00512723857536912,0.0113595025613904
0.005088594742119312,0.038171444088220596,0.011176994070410728,0.0058481632731854916,0.8755596280097961,0.015934765338897705,0.048220302909612656
0.18580211699008942,0.11858999729156494,0.008041598834097385,0.010341089218854904,0.622272789478302,0.009067482315003872,0.045885004103183746
0.0066246818751096725,0.0031515511218458414,0.01643337681889534,0.0035155881196260452,0.01778605952858925,0.001761932042427361,0.9507268667221069
0.11436561495065689,0.06397093087434769,0.02676958031952381,0.011045871302485466,0.7513753771781921,0.010192202404141426,0.02228040061891079
0.20551759004592896,0.0764705166220665,0.004722145851701498,0.38398465514183044,0.2691144347190857,0.013595566153526306,0.046595074236392975
