anger,disgust,fear,joy,neutral,sadness,surprise
0.020143352448940277,0.046558644622564316,0.011750530451536179,0.02953861840069294,0.8377156257629395,0.012219247408211231,0.04207388311624527
0.3736557364463806,0.19507066905498505,0.015797194093465805,0.0025849041994661093,0.3831310570240021,0.023249616846442223,0.0065108672715723515
0.04086281359195709,0.3415958285331726,0.013268557377159595,0.007779243867844343,0.5394337773323059,0.0423610582947731,0.014698716811835766
0.0044898660853505135,0.006383766420185566,0.002366593573242426,0.013383583165705204,0.9172167778015137,0.007593714166432619,0.04856565594673157
0.03614448383450508,0.005915816407650709,0.029926683753728867,0.20934517681598663,0.6816880106925964,0.010147607885301113,0.026832284405827522
0.023018328472971916,0.0169584508985281,0.013639064505696297,0.029678722843527794,0.8784934282302856,0.003087859833613038,0.035124145448207855
0.010392764583230019,0.07472020387649536,0.010218767449259758,0.008228466846048832,0.5939372181892395,0.27442753314971924,0.02807501144707203
0.7110874652862549,0.2018173187971115,0.002352423034608364,0.0016038353787735105,0.06087354198098183,0.019904186949133873,0.0023613444063812494
0.016780473291873932,0.03336033970117569,0.005617260932922363,0.0031697277445346117,0.9249253869056702,0.010463908314704895,0.0056829387322068214
0.002400460187345743,0.013708503916859627,0.003846368519589305,0.007443761453032494,0.05888410657644272,0.9116283655166626,0.0020885085687041283
0.9658426642417908,0.007878703996539116,0.0017068965826183558,0.0007574665360152721,0.00878042820841074,0.013410215266048908,0.0016236244700849056
0.14969414472579956,0.204476460814476,0.02580237202346325,0.005600282922387123,0.3812965452671051,0.22316615283489227,0.00996410008519888
0.9376096725463867,0.0048498972319066525,0.0303186122328043,0.0008775851456448436,0.01161773968487978,0.0072491043247282505,0.007477307692170143
0.3451079726219177,0.03861484304070473,0.35269302129745483,0.003958235960453749,0.2176024466753006,0.025482717901468277,0.016540711745619774
0.005146467126905918,0.015616809017956257,0.0024140116292983294,0.8683679699897766,0.07976657152175903,0.02569783665239811,0.002990428591147065
0.29700005054473877,0.44839510321617126,0.0025034870486706495,0.010183722712099552,0.09291014820337296,0.1464596837759018,0.0025478145107626915
0.007401912938803434,0.021136803552508354,0.008033830672502518,0.016764478757977486,0.9146721959114075,0.012742851860821247,0.019247807562351227
0.12455920875072479,0.08186012506484985,0.030864879488945007,0.0012055067345499992,0.17711003124713898,0.574810266494751,0.00958996545523405
0.7950246334075928,0.062216341495513916,0.0299246646463871,0.0017898420337587595,0.07048355787992477,0.02205548621714115,0.018505478277802467
0.013944572769105434,0.014453768730163574,0.04255365952849388,0.0016206057043746114,0.049479492008686066,0.8689850568771362,0.008962862193584442
0.02643895521759987,0.00787481851875782,0.0022929576225578785,0.014387309551239014,0.8487429022789001,0.007534591015428305,0.09272843599319458
0.02941569872200489,0.03396274894475937,0.012616774067282677,0.019045483320951462,0.8322200775146484,0.05999360606074333,0.012745576910674572
0.009353256784379482,0.0076587749645113945,0.0025143392849713564,0.028045188635587692,0.9198869466781616,0.027143418788909912,0.005398035980761051
0.02146911434829235,0.036074988543987274,0.11923107504844666,0.006018323823809624,0.40841570496559143,0.2003011852502823,0.2084895819425583
0.09833095222711563,0.11178366839885712,0.02628743276000023,0.005781148094683886,0.6722205877304077,0.0379948653280735,0.04760134220123291
