anger,disgust,fear,joy,neutral,sadness,surprise
0.13896124064922333,0.04744657129049301,0.00402525020763278,0.004272963386029005,0.07053482532501221,0.7272137999534607,0.007545351982116699
0.6229875087738037,0.0895877331495285,0.03633297234773636,0.0030885266605764627,0.07070446759462357,0.16887293756008148,0.008425905369222164
0.4575311839580536,0.1523105353116989,0.058218006044626236,0.006385453976690769,0.16400809586048126,0.15690398216247559,0.0046427748166024685
0.1857663094997406,0.08125266432762146,0.09145055711269379,0.00202278234064579,0.10577672719955444,0.530508279800415,0.003222699509933591
0.29018357396125793,0.5282213687896729,0.004801364615559578,0.0057308063842356205,0.13800735771656036,0.029161809012293816,0.0038936976343393326
0.06311020255088806,0.45176365971565247,0.07243085652589798,0.0020286832004785538,0.32034334540367126,0.08376435935497284,0.006558782421052456
0.004186123143881559,0.00700166542083025,0.9802881479263306,0.0008904160931706429,0.004456492140889168,0.0015118152368813753,0.0016653838101774454
0.04288869723677635,0.07511396706104279,0.002374107949435711,0.5891393423080444,0.20928244292736053,0.07727837562561035,0.003923027776181698
0.480385959148407,0.108178049325943,0.01110607385635376,0.001445168163627386,0.045446816831827164,0.3461065888404846,0.007331286557018757
0.05377350375056267,0.1302274614572525,0.42928361892700195,0.0058207581751048565,0.2718375325202942,0.05555058643221855,0.05350666120648384
0.34951892495155334,0.5790762305259705,0.001650828868150711,0.0010749357752501965,0.017298055812716484,0.048994727432727814,0.0023862847592681646
0.2385295331478119,0.5953925848007202,0.007861160673201084,0.009628170169889927,0.13527418673038483,0.007101056165993214,0.006213372573256493
0.2426251620054245,0.01431204192340374,0.7216928005218506,0.0016310521168634295,0.010235779918730259,0.007793196942657232,0.0017098993994295597
0.32151633501052856,0.13278688490390778,0.1430935263633728,0.005975524894893169,0.37207040190696716,0.015866821631789207,0.008690458722412586
0.5490686893463135,0.1151772141456604,0.1140812486410141,0.004631110932677984,0.18502284586429596,0.025261852890253067,0.006757035385817289
0.3082943558692932,0.26298215985298157,0.16457447409629822,0.005395795684307814,0.24035313725471497,0.013080860488116741,0.005319228861480951
0.13459154963493347,0.03951450437307358,0.00948925781995058,0.019200125709176064,0.7190881967544556,0.07147184759378433,0.0066445693373680115
