anger,disgust,fear,joy,neutral,sadness,surprise
0.005307134706526995,0.9646396636962891,0.011027919128537178,0.006430133245885372,0.009153737686574459,0.0015503871254622936,0.00189111044164747
0.005190524738281965,0.005828571505844593,0.007978840731084347,0.004421344958245754,0.9097933769226074,0.008157504722476006,0.05862980708479881
0.0065773348324000835,0.9682672023773193,0.006574850995093584,0.0016599049558863044,0.009908235631883144,0.006315017584711313,0.0006975011201575398
0.012026481330394745,0.07504517585039139,0.03892763331532478,0.04645141586661339,0.7446632385253906,0.0525129958987236,0.0303731020539999
0.010174421593546867,0.01853242702782154,0.014355039224028587,0.08519578725099564,0.3061094284057617,0.550107479095459,0.01552544441074133
0.026551607996225357,0.10658664256334305,0.009580831974744797,0.1296166330575943,0.6784155368804932,0.029711352661252022,0.019537415355443954
0.02703140862286091,0.22029556334018707,0.02516152523458004,0.06567183881998062,0.18300414085388184,0.45391106605529785,0.02492445334792137
0.004765605553984642,0.005056545604020357,0.0032192727085202932,0.006812575273215771,0.9063147306442261,0.040297843515872955,0.03353343531489372
0.0398237444460392,0.045548539608716965,0.015370500274002552,0.008694670163094997,0.6486499309539795,0.22421179711818695,0.017700904980301857
0.01707581803202629,0.26293399930000305,0.16617310047149658,0.0016703730216249824,0.09258156269788742,0.4487568736076355,0.01080825924873352
0.014451156370341778,0.05220749229192734,0.23312300443649292,0.010226189158856869,0.3494423031806946,0.30938002467155457,0.031169859692454338
0.09999913722276688,0.057215336710214615,0.003070493694394827,0.011093495413661003,0.4060635268688202,0.4072894752025604,0.015268593095242977
0.015223822556436062,0.07345706969499588,0.005960493814200163,0.08532091975212097,0.7719501852989197,0.017861098051071167,0.030226392671465874
0.0070063467137515545,0.015420238487422466,0.0065113273449242115,0.010538721457123756,0.7279152870178223,0.02833854965865612,0.2042694389820099
0.01034691371023655,0.028319403529167175,0.005924161523580551,0.6547959446907043,0.21387825906276703,0.01265283115208149,0.07408242672681808
0.92024165391922,0.009162584319710732,0.0021400677505880594,0.0014115847880020738,0.044359851628541946,0.010070114396512508,0.012614145874977112
0.08927520364522934,0.6320059299468994,0.013988800346851349,0.0020730651449412107,0.05406007170677185,0.19493131339550018,0.01366559136658907
0.005322571378201246,0.9140410423278809,0.038774214684963226,0.0016578116919845343,0.02008410170674324,0.015433005057275295,0.004687268286943436
0.005200582090765238,0.0033335962798446417,0.016712607815861702,0.02184876799583435,0.8743035793304443,0.014551861211657524,0.0640489012002945
0.09514795988798141,0.15320126712322235,0.01150232832878828,0.004426588770002127,0.3107433021068573,0.41623252630233765,0.00874603632837534
0.011547778733074665,0.0029296663124114275,0.0016818817239254713,0.0038402178324759007,0.041936472058296204,0.0030207077506929636,0.9350432753562927
0.009874960407614708,0.006595623679459095,0.005583066958934069,0.24274083971977234,0.5615764856338501,0.14781121909618378,0.025817761197686195
0.004931455943733454,0.03202631324529648,0.003730466589331627,0.011527481488883495,0.08857373148202896,0.8527592420578003,0.006451347842812538
0.0009310983004979789,0.0022263177670538425,0.0009636173490434885,0.001530853216536343,0.005050481762737036,0.9848798513412476,0.004417750518769026
0.051988955587148666,0.6968972086906433,0.0025323969312012196,0.0043180533684790134,0.2238517850637436,0.016756519675254822,0.0036550245713442564
0.01102435402572155,0.02026902697980404,0.003304128535091877,0.002779376693069935,0.34633684158325195,0.584941565990448,0.0313447080552578
0.013162154704332352,0.14093387126922607,0.012024342082440853,0.003897252259775996,0.7998732924461365,0.011489293538033962,0.018619811162352562
0.29568496346473694,0.6072326302528381,0.0037802327424287796,0.002270877594128251,0.053594861179590225,0.032616179436445236,0.004820230882614851
0.3127610683441162,0.4362531006336212,0.004063101019710302,0.002452040323987603,0.06390836834907532,0.17781412601470947,0.002748156664893031
0.030236979946494102,0.02381725050508976,0.013923865742981434,0.0030701523646712303,0.8861366510391235,0.03852969408035278,0.004285427741706371
0.017489811405539513,0.1716434210538864,0.016856059432029724,0.0026579848490655422,0.7463430762290955,0.03836352750658989,0.006646106485277414
0.006310651078820229,0.012699741870164871,0.001342898583970964,0.14930647611618042,0.8113360404968262,0.00703823147341609,0.011965911835432053
0.021212255582213402,0.9199817776679993,0.013629325665533543,0.0036683762446045876,0.030110586434602737,0.006650430150330067,0.004747418686747551
0.08205875009298325,0.7247287034988403,0.0070368219166994095,0.002854750957340002,0.07261618971824646,0.1083170473575592,0.0023877175990492105
0.18920961022377014,0.32714730501174927,0.005857297219336033,0.0029221444856375456,0.25458890199661255,0.2157072275876999,0.0045674508437514305
0.11945821344852448,0.5621616840362549,0.03311530873179436,0.001230417052283883,0.12144817411899567,0.15531501173973083,0.00727124372497201
0.0100313825532794,0.025060877203941345,0.0058944434858858585,0.2961772084236145,0.612417459487915,0.02148955687880516,0.028929060325026512
0.008919824846088886,0.010092319920659065,0.0037255631759762764,0.09754939377307892,0.8338553309440613,0.00788840837776661,0.03796909376978874
0.2436249703168869,0.4104054570198059,0.006425703875720501,0.0017035783967003226,0.2331905961036682,0.09879222512245178,0.00585753982886672
0.05328209325671196,0.06571491807699203,0.006072995252907276,0.004181520082056522,0.345231831073761,0.5206560492515564,0.004860615823417902
0.037900201976299286,0.23429760336875916,0.019071554765105247,0.006418542470782995,0.1454356163740158,0.5517532229423523,0.00512318778783083
0.30973151326179504,0.053581658750772476,0.019092248752713203,0.00750096095725894,0.562891960144043,0.04441262409090996,0.0027891146019101143
0.021026840433478355,0.04006998986005783,0.10032133013010025,0.14372333884239197,0.40823793411254883,0.10790769010782242,0.17871294915676117
0.06974630802869797,0.13339804112911224,0.0053230770863592625,0.005763621535152197,0.7384893894195557,0.032373424619436264,0.014906268566846848
0.0052134632132947445,0.005838216748088598,0.00234697456471622,0.32847005128860474,0.5742202997207642,0.039094965904951096,0.044816043227910995
0.017343685030937195,0.7946773767471313,0.013174057938158512,0.004489173647016287,0.11588220298290253,0.04490038380026817,0.00953309889882803
0.002321572508662939,0.004232521168887615,0.03318822383880615,0.002864933805540204,0.029714170843362808,0.920017659664154,0.007660901173949242
0.0031629656441509724,0.010704973712563515,0.0014154505915939808,0.35648325085639954,0.5712611675262451,0.040850669145584106,0.016121525317430496
