anger,disgust,fear,joy,neutral,sadness,surprise
0.006468641106039286,0.002322386484593153,0.0034375227987766266,0.06354240328073502,0.8343300819396973,0.002706071361899376,0.08719292283058167
0.0034763843286782503,0.004008132498711348,0.0012846349272876978,0.8610738515853882,0.07709921151399612,0.007777172140777111,0.04528075084090233
0.05103849247097969,0.32307735085487366,0.015411249361932278,0.00994893815368414,0.5047619342803955,0.013000604696571827,0.0827614814043045
0.01102620642632246,0.013762195594608784,0.0007919461349956691,0.03120117075741291,0.931522011756897,0.003243526443839073,0.008452916517853737
0.17372161149978638,0.2334933578968048,0.004007915034890175,0.2916184961795807,0.1721648871898651,0.11490334570407867,0.010090389288961887
0.03194383531808853,0.6792944073677063,0.024098169058561325,0.154107928276062,0.09548965841531754,0.011196600273251534,0.0038694911636412144
0.009601857513189316,0.006360940169543028,0.012654023244976997,0.679415225982666,0.19778120517730713,0.034015584737062454,0.06017119437456131
0.05481024086475372,0.12178348004817963,0.02242095209658146,0.006029136013239622,0.08282498270273209,0.7074850797653198,0.004646149463951588
0.18909303843975067,0.7681218981742859,0.004872518125921488,0.001118615036830306,0.022218788042664528,0.01249404065310955,0.0020811636932194233
0.01836843602359295,0.9023813009262085,0.0030966480262577534,0.0035086688585579395,0.06358253210783005,0.006998688448220491,0.0020637852139770985
0.5050007104873657,0.3346818685531616,0.025937136262655258,0.001585177960805595,0.10796104371547699,0.01977037452161312,0.005063693039119244
0.0035892403684556484,0.0049792262725532055,0.972402811050415,0.0013361112214624882,0.010809030383825302,0.003334738314151764,0.0035488761495798826
0.0017562599387019873,0.0066505554132163525,0.9753981828689575,0.0009813158540055156,0.006068033631891012,0.00330384005792439,0.0058417716063559055
0.03579944744706154,0.08818380534648895,0.004929719027131796,0.010311988182365894,0.06634791195392609,0.7915167212486267,0.002910427749156952
0.03344959765672684,0.05081106349825859,0.006007379852235317,0.0011341836070641875,0.035698480904102325,0.8645612597465515,0.008338071405887604
0.7518903017044067,0.09877244383096695,0.002841377630829811,0.0031654767226427794,0.10902327299118042,0.030585622414946556,0.003721523331478238
