anger,disgust,fear,joy,neutral,sadness,surprise
0.009569252841174603,0.047554999589920044,0.9092749357223511,0.0009933841647580266,0.01905589923262596,0.008883615024387836,0.0046677859500050545
0.004540001042187214,0.00198798137716949,0.0017959143733605742,0.7222813963890076,0.1306779533624649,0.09149087965488434,0.04722585901618004
0.006187189370393753,0.013257685117423534,0.001502973260357976,0.012366988696157932,0.10681521892547607,0.8140162825584412,0.045853592455387115
0.0071467990055680275,0.009085550904273987,0.006197529844939709,0.018913796171545982,0.7430223822593689,0.16791380941867828,0.04772016406059265
0.04639919474720955,0.8390230536460876,0.008153977803885937,0.006219690199941397,0.02268231473863125,0.07244707643985748,0.005074729677289724
0.013834248296916485,0.0080101964995265,0.9397412538528442,0.0035754989366978407,0.02531210333108902,0.003813528921455145,0.005713148973882198
0.0655420571565628,0.08726230263710022,0.046245962381362915,0.02177789993584156,0.7006706595420837,0.0735798105597496,0.004921303130686283
0.017113275825977325,0.03174483776092529,0.029749492183327675,0.0025622271932661533,0.7082498669624329,0.11028900742530823,0.10029130429029465
0.07458972930908203,0.5850723385810852,0.015095989219844341,0.012551550753414631,0.15944607555866241,0.11546209454536438,0.03778226673603058
0.016248730942606926,0.035605620592832565,0.005348288919776678,0.02299305610358715,0.8966084122657776,0.01784505881369114,0.005350820254534483
0.49085357785224915,0.239188089966774,0.02176283299922943,0.002628329675644636,0.17333166301250458,0.03431811183691025,0.0379173569381237
0.019797105342149734,0.0414358526468277,0.7031782269477844,0.002659120596945286,0.2024344652891159,0.006087368354201317,0.024407941848039627
0.007838273420929909,0.6257458329200745,0.011726978234946728,0.0023216784466058016,0.0724765956401825,0.2734045684337616,0.0064860498532652855
0.005203553941100836,0.002472727792337537,0.9690894484519958,0.001245909370481968,0.014963771216571331,0.0046690357849001884,0.002355569042265415
0.03948773071169853,0.016623204573988914,0.013899792917072773,0.001668656012043357,0.10910812020301819,0.7648905515670776,0.05432199686765671
0.012357049621641636,0.015900295227766037,0.0077168322168290615,0.4704277813434601,0.3676452040672302,0.1164824590086937,0.009470372460782528
0.006861856672912836,0.004938221536576748,0.8863683938980103,0.001350224600173533,0.02653830498456955,0.04264800623059273,0.03129496052861214
0.038043830543756485,0.06770072877407074,0.05143752321600914,0.004022717941552401,0.07781419903039932,0.7370831966400146,0.023897817358374596
0.13460958003997803,0.09977376461029053,0.0089668408036232,0.0027859651017934084,0.7029125690460205,0.028513185679912567,0.02243814803659916
0.014064530842006207,0.02544369548559189,0.09539973735809326,0.00496809184551239,0.5433088541030884,0.11577051877975464,0.20104457437992096
0.009698815643787384,0.0370471328496933,0.0013196917716413736,0.004136649426072836,0.8254299163818359,0.009685934521257877,0.11268193274736404
0.016038110479712486,0.013025561347603798,0.011369545012712479,0.004447656683623791,0.7402849793434143,0.018430035561323166,0.19640405476093292
0.12702545523643494,0.4758675694465637,0.024635015055537224,0.00215675076469779,0.10997751355171204,0.253521591424942,0.0068160854279994965
0.0488443560898304,0.08129441738128662,0.02877706103026867,0.00453847786411643,0.657039225101471,0.09363514184951782,0.08587124198675156
0.029626384377479553,0.026038212701678276,0.006062484811991453,0.003074303735047579,0.840467095375061,0.006427062209695578,0.08830446004867554
0.013186843134462833,0.01176834013313055,0.003278546268120408,0.11704668402671814,0.785265326499939,0.01756698079407215,0.051887255162000656
0.1818460375070572,0.25647643208503723,0.007670585997402668,0.00792444683611393,0.49944552779197693,0.04144119843840599,0.0051957350224256516
0.016194608062505722,0.10102551430463791,0.003534572198987007,0.004555148538202047,0.8523291945457458,0.01958317495882511,0.0027777443174272776
0.010076145641505718,0.7149481773376465,0.047765541821718216,0.007712737191468477,0.1894598752260208,0.006403395906090736,0.02363407239317894
0.08119314163923264,0.49714788794517517,0.033357009291648865,0.009564843960106373,0.2248794585466385,0.1513233184814453,0.002534351544454694
0.00954253040254116,0.5749545097351074,0.05756358802318573,0.002110414206981659,0.11709864437580109,0.22414876520633698,0.014581529423594475
0.04317741468548775,0.014727729372680187,0.012010426260530949,0.0031893043778836727,0.5204927325248718,0.07514411956071854,0.33125826716423035
0.03425346687436104,0.5102282166481018,0.012780889868736267,0.0018361472757533193,0.32108625769615173,0.10211353749036789,0.017701487988233566
0.09655755758285522,0.4804879128932953,0.09363076090812683,0.0012053060345351696,0.0308259055018425,0.2598176598548889,0.037474874407052994
0.05647498741745949,0.22664913535118103,0.10208337008953094,0.0023756639566272497,0.0977742150425911,0.4701380431652069,0.04450467228889465
0.0060670082457363605,0.03651411086320877,0.004166574217379093,0.003090186743065715,0.9026859402656555,0.03578418865799904,0.011692099273204803
0.0028829416260123253,0.001236340613104403,0.988121747970581,0.0007521309889853001,0.0022663965355604887,0.003778490936383605,0.0009621469653211534
0.27473706007003784,0.22616535425186157,0.06340700387954712,0.0042766397818923,0.34387877583503723,0.020541749894618988,0.06699339300394058
0.02744397707283497,0.21392540633678436,0.015230132266879082,0.0036864113062620163,0.15369664132595062,0.3056718409061432,0.2803455591201782
0.023387407884001732,0.06809975206851959,0.09822474420070648,0.011772009544074535,0.2487039864063263,0.009022177197039127,0.5407899022102356
0.027630778029561043,0.03778398409485817,0.05982241779565811,0.004193523898720741,0.6971981525421143,0.021928658708930016,0.1514425128698349
0.8835254907608032,0.01262291893362999,0.03512920066714287,0.0010829562088474631,0.03789129480719566,0.022458376362919807,0.007289832457900047
0.27473118901252747,0.0811636745929718,0.4069210886955261,0.005635279696434736,0.19993311166763306,0.0232982337474823,0.00831737369298935
0.6901572942733765,0.2351115643978119,0.009962300769984722,0.0030834409408271313,0.03733040392398834,0.019123101606965065,0.005231995601207018
0.13515642285346985,0.32974138855934143,0.023868540301918983,0.0032288949005305767,0.47785741090774536,0.018036607652902603,0.0121107567101717
0.1910894513130188,0.1758956015110016,0.031776394695043564,0.008198913186788559,0.5144948959350586,0.07482141256332397,0.0037232604809105396
0.3271888792514801,0.5084412693977356,0.008200587704777718,0.0015061836456879973,0.12386637181043625,0.027098625898361206,0.0036981350276619196
0.07185830920934677,0.6259626150131226,0.01897234283387661,0.0057648420333862305,0.23409295082092285,0.0363638736307621,0.006985091604292393
0.009764853864908218,0.016600657254457474,0.018834738060832024,0.30137765407562256,0.5347199440002441,0.06019341200590134,0.05850869417190552
0.6425079703330994,0.08191218972206116,0.011358988471329212,0.002018027240410447,0.08463341742753983,0.17160983383655548,0.005959590431302786
0.009654976427555084,0.9136301875114441,0.02465914562344551,0.000978813972324133,0.022600818425416946,0.025406736880540848,0.0030694380402565002
0.50919508934021,0.2517942488193512,0.19041752815246582,0.0012173553695902228,0.03172137960791588,0.011206732131540775,0.004447665996849537
0.507408857345581,0.41630396246910095,0.012852437794208527,0.001855036010965705,0.03536216914653778,0.021021181717514992,0.00519630266353488
0.02152395248413086,0.40210455656051636,0.00976868998259306,0.005120104178786278,0.23345276713371277,0.013507024385035038,0.31452295184135437
0.1346152424812317,0.08613657206296921,0.01886310800909996,0.003194714430719614,0.6784897446632385,0.02478538267314434,0.05391524359583855
0.5199863314628601,0.11290131509304047,0.24524815380573273,0.0031158130150288343,0.08989457041025162,0.018191859126091003,0.010661937296390533
0.2884650230407715,0.1270580291748047,0.3221500515937805,0.0024686804972589016,0.1351516991853714,0.11734859645366669,0.007357941009104252
0.009585238061845303,0.04776453599333763,0.02177707850933075,0.005366308614611626,0.8709087371826172,0.013787638396024704,0.030810346826910973
0.4367525279521942,0.03523051366209984,0.35082003474235535,0.003110148012638092,0.13014231622219086,0.033302389085292816,0.010641932487487793
0.3339652419090271,0.55986088514328,0.021210836246609688,0.0012790379114449024,0.060850560665130615,0.019736377522349358,0.003097055247053504
0.01215562503784895,0.04132867231965065,0.009062735363841057,0.013855754397809505,0.9134782552719116,0.0038724313490092754,0.006246584467589855
0.011761236004531384,0.28303220868110657,0.004091030452400446,0.13492417335510254,0.5005360841751099,0.05728341266512871,0.008371868170797825
0.010986651293933392,0.11435215175151825,0.03781041130423546,0.0040933918207883835,0.5920165181159973,0.11499445140361786,0.1257464736700058
