anger,disgust,fear,joy,neutral,sadness,surprise
0.019961411133408546,0.007840728387236595,0.004756898619234562,0.06894862651824951,0.8314654231071472,0.0057390592992305756,0.06128783896565437
0.06366190314292908,0.05028277635574341,0.44400060176849365,0.003087609773501754,0.12169675529003143,0.05853739008307457,0.25873294472694397
0.018443366512656212,0.01923808641731739,0.7859174609184265,0.0018405918963253498,0.03162502497434616,0.013023738749325275,0.12991172075271606
0.3386242091655731,0.14576730132102966,0.05376896262168884,0.0057251835241913795,0.36360540986061096,0.020503560081124306,0.07200537621974945
0.007054681424051523,0.9733586311340332,0.011912026442587376,0.0003342784766573459,0.004195283632725477,0.001562079880386591,0.0015830590855330229
0.024707918986678123,0.5882306098937988,0.02268342301249504,0.012051851488649845,0.29546716809272766,0.007270473055541515,0.04958862066268921
0.1465965211391449,0.17269913852214813,0.025614740327000618,0.0050352937541902065,0.21920640766620636,0.41793766617774963,0.012910169549286366
0.2609815299510956,0.16491827368736267,0.08244260400533676,0.01675533317029476,0.4430124759674072,0.008187290281057358,0.023702455684542656
0.1070440411567688,0.03423919528722763,0.7515069842338562,0.002155497670173645,0.06631805747747421,0.02635522186756134,0.012380970641970634
0.22644908726215363,0.17663516104221344,0.02779552899301052,0.03624303266406059,0.502906322479248,0.020376939326524734,0.009593837894499302
0.0818060114979744,0.07074007391929626,0.01278909295797348,0.011017289012670517,0.4344598352909088,0.29493483901023865,0.0942528173327446
0.015676680952310562,0.06834695488214493,0.017553698271512985,0.015237022191286087,0.8251454830169678,0.05368021875619888,0.004359932616353035
