anger,disgust,fear,joy,neutral,sadness,surprise
0.011430798098444939,0.8446558713912964,0.025870097801089287,0.03486615791916847,0.055674660950899124,0.02578582987189293,0.0017166108591482043
0.0048499274998903275,0.00348491664044559,0.9719180464744568,0.0009124248754233122,0.008330588229000568,0.0022342281881719828,0.008269846439361572
0.006356323137879372,0.0008989007328636944,0.977704644203186,0.0010254764929413795,0.004463567398488522,0.0038426355458796024,0.005708572920411825
0.009939039126038551,0.21571984887123108,0.049046605825424194,0.011595516465604305,0.6112914085388184,0.09060719609260559,0.011800408363342285
0.022978171706199646,0.13458369672298431,0.02074783854186535,0.00783236138522625,0.785331130027771,0.01930825598537922,0.009218581020832062
0.044303834438323975,0.9030490517616272,0.00293037761002779,0.00116662064101547,0.041954319924116135,0.004902140703052282,0.0016936941538006067
0.05196942761540413,0.3852720558643341,0.003915336448699236,0.015142775140702724,0.528408944606781,0.009024277329444885,0.0062672775238752365
0.004917031619697809,0.0029256190173327923,0.9717727899551392,0.0007387078367173672,0.010203606449067593,0.007190923672169447,0.002251356141641736
0.008959393016994,0.048146676272153854,0.01005328819155693,0.020031942054629326,0.21082064509391785,0.6966260075569153,0.005362100899219513
0.013014384545385838,0.12853965163230896,0.0039172666147351265,0.0058752503246068954,0.8352477550506592,0.007610262371599674,0.005795465782284737
