anger,disgust,fear,joy,neutral,sadness,surprise
0.007156223990023136,0.0074142892844974995,0.013187396340072155,0.05257825553417206,0.8673578500747681,0.02785879373550415,0.02444717288017273
0.0007862372440285981,0.0010007793316617608,0.0009452120284549892,0.01184013020247221,0.005871507804840803,0.9648751616477966,0.0146809546276927
0.008424331434071064,0.007782031781971455,0.0018179122125729918,0.8009997606277466,0.1659994274377823,0.010670457035303116,0.004306111950427294
0.007179964799433947,0.010755433700978756,0.976954460144043,0.001335600041784346,0.0005566029576584697,0.0010978789068758488,0.0021200368646532297
0.23800541460514069,0.1177276223897934,0.2577630281448364,0.00871601328253746,0.28793543577194214,0.06926098465919495,0.020591499283909798
0.42730167508125305,0.29424747824668884,0.0077245463617146015,0.007188095711171627,0.19431929290294647,0.05451556295156479,0.014703302644193172
0.4410551190376282,0.4989258050918579,0.003093451028689742,0.00166274793446064,0.04509935900568962,0.006868736818432808,0.00329487188719213
0.05841252580285072,0.16946931183338165,0.05572380870580673,0.01030685380101204,0.6701564788818359,0.02111787348985672,0.014813109301030636
0.0067111835815012455,0.007751076016575098,0.0020700267050415277,0.8023660778999329,0.16575178503990173,0.005226599518209696,0.010123326443135738
0.5184645652770996,0.37920916080474854,0.005993246100842953,0.0022094163578003645,0.06202206015586853,0.028693130239844322,0.00340831745415926
0.007587277330458164,0.01442429143935442,0.00524606928229332,0.01774306409060955,0.8111374378204346,0.025801435112953186,0.11806043237447739
0.012975543737411499,0.03063196875154972,0.03976401314139366,0.05548161640763283,0.8183815479278564,0.005767172202467918,0.036998119205236435
0.0036478100810199976,0.010939058847725391,0.0025032972916960716,0.8015373945236206,0.06512736529111862,0.10307497531175613,0.013170164078474045
0.6697146892547607,0.033871300518512726,0.2772674858570099,0.0016481595812365413,0.010136977769434452,0.004963691346347332,0.0023976988159120083
0.004475296940654516,0.005373904015868902,0.0053205909207463264,0.17377015948295593,0.7192865610122681,0.03225867450237274,0.059514764696359634
0.41258516907691956,0.13178275525569916,0.15157954394817352,0.0017327372916042805,0.25271162390708923,0.040101274847984314,0.009506916627287865
0.6339598894119263,0.31123098731040955,0.015396243892610073,0.0013865091605111957,0.021323617547750473,0.015395392663776875,0.001307454309426248
0.5867680311203003,0.09682144224643707,0.07070035487413406,0.002781265415251255,0.21677719056606293,0.019956259056925774,0.006195354275405407
0.006768158171325922,0.005988765973597765,0.006372692994773388,0.0012661416549235582,0.0063988580368459225,0.002127202693372965,0.9710781574249268
0.24013669788837433,0.5605305433273315,0.017834195867180824,0.0013756363186985254,0.12345891445875168,0.05410406365990639,0.0025599878281354904
0.06105894595384598,0.6639330983161926,0.016994360834360123,0.0012650941498577595,0.08623536676168442,0.16524742543697357,0.005265613552182913
0.18041713535785675,0.1061224713921547,0.00417603924870491,0.01934243179857731,0.6759544014930725,0.011410768143832684,0.0025766724720597267
0.06401636451482773,0.09477412700653076,0.00629438366740942,0.031056499108672142,0.7604508399963379,0.04087328910827637,0.0025344262830913067
0.8511046171188354,0.11094105988740921,0.00155761674977839,0.0009157229214906693,0.015146708115935326,0.018552623689174652,0.0017817234620451927
0.5151103138923645,0.2565184235572815,0.07335851341485977,0.0033288546837866306,0.12334202975034714,0.023290572687983513,0.005051251966506243
0.09647399932146072,0.04663301259279251,0.005072064697742462,0.016420409083366394,0.7632712125778198,0.06849402189254761,0.003635296132415533
0.02889435924589634,0.03366471081972122,0.010546042583882809,0.0018136923899874091,0.016263306140899658,0.006296266335994005,0.9025216102600098
0.815314531326294,0.06109153851866722,0.013278867118060589,0.0010326188057661057,0.07781004160642624,0.0289093479514122,0.0025630148593336344
0.03616621345281601,0.012414281256496906,0.9389945268630981,0.0008605237235315144,0.004235404077917337,0.002355811186134815,0.004973259754478931
0.14439405500888824,0.008642952889204025,0.5819768309593201,0.007652330212295055,0.20081540942192078,0.040446970611810684,0.016071492806077003
0.4530513286590576,0.08323820680379868,0.30392786860466003,0.003330621402710676,0.12801644206047058,0.025508860126137733,0.0029266984201967716
0.007937423884868622,0.012391182594001293,0.02329668402671814,0.007357574068009853,0.8919912576675415,0.01278913114219904,0.0442366749048233
0.030019432306289673,0.05831313133239746,0.050639133900403976,0.006654674652963877,0.8272637128829956,0.01907598413527012,0.008034012280404568
0.00810184795409441,0.009834878146648407,0.004536542575806379,0.004908665549010038,0.8665896654129028,0.04306837543845177,0.06295998394489288
0.7935246229171753,0.0440494567155838,0.08680008351802826,0.0014459985541179776,0.02630239725112915,0.043711014091968536,0.004166581202298403
0.0622434988617897,0.08925946056842804,0.014205213636159897,0.004512776155024767,0.21070781350135803,0.61496502161026,0.004106179345399141
0.1277502477169037,0.027413513511419296,0.3585173189640045,0.010158618912100792,0.4552432596683502,0.014502149075269699,0.0064149643294513226
0.49115845561027527,0.36616775393486023,0.06758987158536911,0.0010671645868569613,0.03866890072822571,0.03238866105675697,0.0029591971542686224
0.27287012338638306,0.031841941177845,0.6399816274642944,0.002561172703281045,0.043562617152929306,0.006165802478790283,0.0030166252981871367
0.651820182800293,0.14039970934391022,0.031844448298215866,0.004902094602584839,0.12765268981456757,0.030740924179553986,0.012639790773391724
0.31868070363998413,0.03717032074928284,0.34372827410697937,0.0046551465056836605,0.13993747532367706,0.04081965610384941,0.11500842869281769
0.006669366266578436,0.005459393374621868,0.006265508476644754,0.0008829469443298876,0.00686195632442832,0.003663313575088978,0.9701974987983704
0.017239859327673912,0.1923867166042328,0.12847794592380524,0.0019065022934228182,0.0591709204018116,0.5485306978225708,0.05228733271360397
0.014089490287005901,0.03532426059246063,0.024105852469801903,0.01607942208647728,0.8652448058128357,0.009433048777282238,0.03572314605116844
0.017984364181756973,0.048208266496658325,0.005471002776175737,0.25980308651924133,0.3985487222671509,0.26033633947372437,0.00964818149805069
0.04722012206912041,0.043090783059597015,0.003595206653699279,0.00991940125823021,0.875308632850647,0.018257830291986465,0.002608006354421377
0.004280214197933674,0.06954659521579742,0.007503940258175135,0.016232505440711975,0.28178590536117554,0.6121309399604797,0.00851991306990385
0.0037850490771234035,0.055355411022901535,0.0037803933955729008,0.8121224045753479,0.10076272487640381,0.018530864268541336,0.005663143005222082
