anger,disgust,fear,joy,neutral,sadness,surprise
0.004737710114568472,0.003815873060375452,0.004259190056473017,0.007590427994728088,0.9434929490089417,0.004954401403665543,0.031149469316005707
0.12395815551280975,0.150722473859787,0.06925569474697113,0.003001006320118904,0.5743594765663147,0.030481629073619843,0.04822159931063652
0.178471639752388,0.7725225687026978,0.004419796634465456,0.000653729890473187,0.01831742748618126,0.024386534467339516,0.0012282090028747916
0.9210574626922607,0.0173664428293705,0.008891860954463482,0.0015865822788327932,0.017421815544366837,0.03257547691464424,0.0011003598337993026
0.007652510888874531,0.004220088943839073,0.001752078882418573,0.0071353912353515625,0.9535824060440063,0.004513705149292946,0.021143781021237373
0.012443261221051216,0.021463938057422638,0.0045052170753479,0.505949854850769,0.26681089401245117,0.148341104388237,0.040485698729753494
0.2702375054359436,0.5576756596565247,0.017158888280391693,0.00997140072286129,0.1255340725183487,0.01757117733359337,0.0018512989627197385
0.03396459296345711,0.00553540326654911,0.0549522340297699,0.5311342477798462,0.23702429234981537,0.008042450994253159,0.12934677302837372
0.12577998638153076,0.02045283652842045,0.00852771196514368,0.20381957292556763,0.5870583057403564,0.044951293617486954,0.009410303086042404
0.002109916415065527,0.0034036305733025074,0.004186042118817568,0.001507372478954494,0.020723232999444008,0.9612910151481628,0.006778704468160868
0.013085798360407352,0.01642829179763794,0.0029742633923888206,0.12389156967401505,0.8151817917823792,0.021221300587058067,0.007216966710984707
