anger,disgust,fear,joy,neutral,sadness,surprise
0.10322126746177673,0.6135468482971191,0.09498234838247299,0.0040994188748300076,0.1131996437907219,0.06833283603191376,0.0026176294777542353
0.17357909679412842,0.5913248062133789,0.13900892436504364,0.001457862788811326,0.04374860227108002,0.04802205041050911,0.0028586038388311863
0.05502265319228172,0.5795856714248657,0.18470439314842224,0.0015231127617880702,0.011267494410276413,0.16603678464889526,0.0018597899470478296
0.5668530464172363,0.3295102119445801,0.010938593186438084,0.001245609950274229,0.07139639556407928,0.01807153783738613,0.0019845860078930855
0.0062422300688922405,0.01131484005600214,0.0008957029785960913,0.8487129807472229,0.10724528133869171,0.02112150751054287,0.004467468708753586
0.030224604532122612,0.27116215229034424,0.0065318383276462555,0.2416294366121292,0.300737202167511,0.1473740041255951,0.0023407365661114454
0.17446459829807281,0.35159939527511597,0.016456035897135735,0.10657922178506851,0.29977622628211975,0.030232463032007217,0.020892005413770676
0.03306349366903305,0.0580766387283802,0.00343839218840003,0.01069798693060875,0.8769957423210144,0.012158294208347797,0.005569478031247854
0.020651092752814293,0.9628445506095886,0.012513875961303711,0.0004221773997414857,0.0012183276703581214,0.0018235038733109832,0.0005265464424155653
0.01768784038722515,0.09109707921743393,0.010217261500656605,0.017891554161906242,0.8378489017486572,0.022234410047531128,0.003022853285074234
0.027675235643982887,0.09257325530052185,0.23439429700374603,0.0015823632711544633,0.03920883685350418,0.5959590673446655,0.008606996387243271
0.054758891463279724,0.5825359225273132,0.10267000645399094,0.04471880570054054,0.18305274844169617,0.029056113213300705,0.0032074647024273872
0.043780066072940826,0.02827632799744606,0.008092490956187248,0.012707270681858063,0.7815220952033997,0.11650943756103516,0.00911231804639101
0.018870029598474503,0.018927203491330147,0.0030572661198675632,0.286281019449234,0.6391999125480652,0.018056068569421768,0.015608440153300762
0.02156742662191391,0.03959115594625473,0.0037281159311532974,0.021560821682214737,0.8908936977386475,0.0059693725779652596,0.016689453274011612
0.026831526309251785,0.03181011229753494,0.0008864884148351848,0.05113435536623001,0.8745957612991333,0.011895664036273956,0.002846122719347477
0.03718274459242821,0.14532582461833954,0.022679118439555168,0.004639398772269487,0.7702282071113586,0.010690602473914623,0.009254115633666515
0.6968213319778442,0.2759498953819275,0.004930202849209309,0.0010080625070258975,0.012357085011899471,0.0075151026248931885,0.0014183013699948788
0.19234848022460938,0.563335657119751,0.03310766816139221,0.005316699389368296,0.18233340978622437,0.020838798955082893,0.0027193203568458557
0.21823656558990479,0.41824474930763245,0.008179978467524052,0.004206773359328508,0.05518069863319397,0.2918426990509033,0.004108506254851818
0.005476608872413635,0.011535213328897953,0.003475713776424527,0.18129298090934753,0.7379052639007568,0.05461305007338524,0.005701230838894844
0.0011961172567680478,0.0008941835258156061,0.0002769633720163256,0.9860584139823914,0.005563971120864153,0.0016886676894500852,0.004321659449487925
0.015884263440966606,0.03343135118484497,0.002400982193648815,0.7914109826087952,0.12533600628376007,0.01095227524638176,0.020584115758538246
0.14656411111354828,0.2818893790245056,0.012534083798527718,0.002173879649490118,0.4960741102695465,0.052501097321510315,0.00826328992843628
0.34420472383499146,0.06296294927597046,0.0017716787988319993,0.007549659814685583,0.23216111958026886,0.3321148157119751,0.019234979525208473
0.010208040475845337,0.032367248088121414,0.00876668095588684,0.007994781248271465,0.7129664421081543,0.0818842276930809,0.14581257104873657
0.802300214767456,0.14437207579612732,0.005560700315982103,0.0015024439198896289,0.02974040061235428,0.014458767138421535,0.0020653768442571163
0.033207967877388,0.019222799688577652,0.7748897671699524,0.002442864002659917,0.11829449981451035,0.04133998602628708,0.010602118447422981
0.9515357613563538,0.01887713372707367,0.00521144550293684,0.0008010269375517964,0.018615495413541794,0.0026159074623137712,0.00234324112534523
0.010862291790544987,0.027607101947069168,0.03619133681058884,0.004186808131635189,0.012691806070506573,0.12626634538173676,0.7821943163871765
0.7271062135696411,0.06414375454187393,0.12356439977884293,0.0013773452956229448,0.03449259698390961,0.022039469331502914,0.02727624960243702
0.01578843779861927,0.012723380699753761,0.006374871823936701,0.0010648340685293078,0.059596870094537735,0.889897882938385,0.014553729444742203
0.006533078849315643,0.01734403520822525,0.007532698567956686,0.0019622996915131807,0.050551481544971466,0.9106308221817017,0.005445598158985376
0.10980963706970215,0.023463428020477295,0.04829510301351547,0.06499404460191727,0.5340725183486938,0.03504669666290283,0.18431855738162994
0.1751641035079956,0.49007466435432434,0.04307839274406433,0.03323713690042496,0.149599090218544,0.10712562501430511,0.0017209817888215184
0.008520721457898617,0.2057105004787445,0.010465922765433788,0.00514600332826376,0.06971316784620285,0.6984392404556274,0.0020044632256031036
0.00371499452739954,0.03462835028767586,0.02409277856349945,0.026366669684648514,0.6946648955345154,0.10844036191701889,0.10809201747179031
0.021200818940997124,0.05662176012992859,0.0018021112773567438,0.31415125727653503,0.5257994532585144,0.07345575839281082,0.006968800909817219
0.001724811503663659,0.0011233199620619416,0.0004860573972109705,0.9769291281700134,0.007567254360765219,0.0015722464304417372,0.010597201064229012
0.005212795455008745,0.0041384524665772915,0.002428403589874506,0.8758581876754761,0.1037309393286705,0.003933352418243885,0.004697831347584724
0.0035720739979296923,0.0011839643120765686,0.9846550226211548,0.0005584571626968682,0.004037057980895042,0.0026057513896375895,0.003387740347534418
0.012033529579639435,0.7255849838256836,0.13780489563941956,0.0015831660712137818,0.03571700304746628,0.07746002823114395,0.009816358797252178
0.8641467690467834,0.08147215098142624,0.013275431469082832,0.0006450330838561058,0.021660828962922096,0.01545780897140503,0.0033419036772102118
0.00193237594794482,0.005721068475395441,0.0016436021542176604,0.010458895936608315,0.05027494952082634,0.9133680462837219,0.016600964590907097
0.019943377003073692,0.20774750411510468,0.02718247100710869,0.07818108797073364,0.38517940044403076,0.27952536940574646,0.002240702509880066
0.011524666100740433,0.023867858573794365,0.005256558768451214,0.03047463484108448,0.04358093440532684,0.8837845325469971,0.0015107791405171156
0.001559476600959897,0.0015824974980205297,0.0010682587744668126,0.9641544818878174,0.014369682408869267,0.006471733562648296,0.010793883353471756
0.031094666570425034,0.2116956114768982,0.020574649795889854,0.005972010549157858,0.6118409633636475,0.06600558757781982,0.05281643196940422
0.0267294030636549,0.009618214331567287,0.024718152359128,0.024842562153935432,0.883644163608551,0.0061382995918393135,0.024309203028678894
0.6967304348945618,0.039405111223459244,0.03601957485079765,0.005974807310849428,0.18454627692699432,0.029418302699923515,0.0079055679962039
0.035888612270355225,0.5010080337524414,0.3956359624862671,0.002299632178619504,0.029583560302853584,0.023781349882483482,0.011802845634520054
0.017826126888394356,0.04083669185638428,0.0028389613144099712,0.005894938018172979,0.9164473414421082,0.010929198004305363,0.005226833280175924
0.3557106852531433,0.3964148759841919,0.1873650699853897,0.0019478830508887768,0.039902251213788986,0.014172258786857128,0.004486976657062769
0.07593917846679688,0.6804033517837524,0.04981362447142601,0.002047692658379674,0.10925266146659851,0.07767809182405472,0.004865369293838739
0.0031081291381269693,0.008414260111749172,0.009123576804995537,0.0014716990990564227,0.04241293668746948,0.9110634922981262,0.024405917152762413
0.005879523232579231,0.019975809380412102,0.00549666490405798,0.014146572910249233,0.537208080291748,0.3730836510658264,0.044209785759449005
0.010215021669864655,0.02271503582596779,0.010389896109700203,0.08048039674758911,0.8336837291717529,0.034553684294223785,0.007962268777191639
