anger,disgust,fear,joy,neutral,sadness,surprise
0.005158623214811087,0.005200617481023073,0.0038560049142688513,0.04061739519238472,0.7043649554252625,0.08841880410909653,0.15238361060619354
0.26369643211364746,0.01472699735313654,0.017878539860248566,0.011924087069928646,0.06224748492240906,0.6168320178985596,0.012694433331489563
0.0025885156355798244,0.009429305791854858,0.0030598959419876337,0.033378999680280685,0.10149501264095306,0.8405023217201233,0.009545939043164253
0.08893180638551712,0.1309601366519928,0.09102188795804977,0.008046592585742474,0.6482208371162415,0.019481154158711433,0.013337585143744946
0.0054301489144563675,0.0037444541230797768,0.0015765876742079854,0.0040480294264853,0.9450879096984863,0.01652568206191063,0.023587152361869812
0.009297948330640793,0.009908697567880154,0.003363016527146101,0.0039920988492667675,0.9323281049728394,0.029727762565016747,0.011382408440113068
0.1799836903810501,0.005387038923799992,0.7553737759590149,0.002288663061335683,0.020875925198197365,0.03258094564080238,0.003509996458888054
0.6868529915809631,0.05669970065355301,0.011205218732357025,0.0017796896863728762,0.1179250106215477,0.11772483587265015,0.007812500931322575
0.03631552308797836,0.3113696575164795,0.006881249602884054,0.0074065933004021645,0.5724324584007263,0.052410732954740524,0.013183798640966415
0.842941403388977,0.027729975059628487,0.005535152740776539,0.0014370641438290477,0.02482236921787262,0.09306901693344116,0.004464983008801937
0.015132498927414417,0.0061752223409712315,0.010847225785255432,0.0054840389639139175,0.8812561631202698,0.04765282943844795,0.03345194831490517
0.4600410759449005,0.18546012043952942,0.06539179384708405,0.0046707578003406525,0.08628714829683304,0.18085503578186035,0.01729404926300049
0.003554405178874731,0.015503734350204468,0.004527039360255003,0.00564324576407671,0.1072736456990242,0.8455736637115479,0.01792428083717823
