anger,disgust,fear,joy,neutral,sadness,surprise
0.08925247192382812,0.050609152764081955,0.02550462633371353,0.005874306429177523,0.679226279258728,0.14046542346477509,0.009067753329873085
0.004384789150208235,0.003959342371672392,0.010828111320734024,0.8288432359695435,0.09518981724977493,0.01631409302353859,0.04048050940036774
0.022593503817915916,0.16400249302387238,0.010073675774037838,0.011496234685182571,0.7031331658363342,0.06845736503601074,0.020243510603904724
0.012077901512384415,0.05915730446577072,0.4430794417858124,0.007231228053569794,0.3810892701148987,0.03379003331065178,0.063574880361557
0.04617009684443474,0.31231340765953064,0.06270558387041092,0.01215270347893238,0.5234735608100891,0.01717565208673477,0.0260089673101902
0.012149169109761715,0.2365056276321411,0.28466737270355225,0.0076127974316477776,0.19017383456230164,0.008631703443825245,0.2602594494819641
0.06974663585424423,0.026699325069785118,0.8180837035179138,0.002440494252368808,0.04888642579317093,0.02676260843873024,0.007380813825875521
0.03324943780899048,0.07195066660642624,0.1963227540254593,0.009202727116644382,0.4936256408691406,0.0903320461511612,0.10531673580408096
0.009305798448622227,0.9152854084968567,0.0027829688042402267,0.0015502891037613153,0.06291427463293076,0.004660630598664284,0.003500661114230752
0.03850975260138512,0.7849572896957397,0.010535048320889473,0.0012216682080179453,0.07646079361438751,0.08533687144517899,0.002978577744215727
0.04675864055752754,0.15792381763458252,0.0030483633745461702,0.03871721401810646,0.7116585373878479,0.03614269569516182,0.005750741809606552
0.030630962923169136,0.24916422367095947,0.01631477102637291,0.006094240117818117,0.6777383089065552,0.01479813177138567,0.005259393248707056
0.005721256136894226,0.11648902297019958,0.003099976107478142,0.005468588322401047,0.8470319509506226,0.016895104199647903,0.0052941893227398396
0.1884627342224121,0.06760910153388977,0.004776436369866133,0.024266863241791725,0.5178952217102051,0.19165848195552826,0.005331242922693491
0.011227848008275032,0.02076605334877968,0.07506223767995834,0.02166864275932312,0.3773975074291229,0.44674810767173767,0.0471295602619648
0.7946102023124695,0.04530401900410652,0.10833211988210678,0.0028143327217549086,0.032594989985227585,0.015154958702623844,0.001189249800518155
0.2029002457857132,0.6226739287376404,0.02846793457865715,0.002376817399635911,0.11308948695659637,0.023337531834840775,0.007154163438826799
0.04333021119236946,0.06780366599559784,0.008750341832637787,0.017966987565159798,0.8110451698303223,0.03342586010694504,0.017677735537290573
0.14158907532691956,0.027133353054523468,0.014487187378108501,0.0074181933887302876,0.11392782628536224,0.690407931804657,0.005036492366343737
