anger,disgust,fear,joy,neutral,sadness,surprise
0.011449290439486504,0.01150562334805727,0.010900190100073814,0.8312392234802246,0.04155782610177994,0.07534939795732498,0.01799841783940792
0.30748099088668823,0.3123473525047302,0.13419903814792633,0.005271841771900654,0.18159152567386627,0.056784216314554214,0.0023250498343259096
0.32519790530204773,0.5222264528274536,0.09418570250272751,0.0009311952744610608,0.012794249691069126,0.03891072794795036,0.0057538170367479324
0.01613549143075943,0.7317253947257996,0.03864571824669838,0.0037742650602012873,0.10155093669891357,0.06952137500047684,0.03864678740501404
0.040240559726953506,0.6087486743927002,0.16207978129386902,0.0010833189589902759,0.08592378348112106,0.09610739350318909,0.005816519260406494
0.004776912275701761,0.005548807792365551,0.0035857143811881542,0.0071133882738649845,0.934718132019043,0.0040155877359211445,0.04024139419198036
0.008202684111893177,0.030242543667554855,0.0011167292250320315,0.044516634196043015,0.8666128516197205,0.020084060728549957,0.029224524274468422
0.027241867035627365,0.037544041872024536,0.007908849976956844,0.004098658915609121,0.12409984320402145,0.7838745713233948,0.01523223239928484
0.1475060135126114,0.34148237109184265,0.12947602570056915,0.004087928682565689,0.3321074843406677,0.027893247082829475,0.017446909099817276
0.8719590306282043,0.03431159630417824,0.015777690336108208,0.0008642356842756271,0.05794844403862953,0.017396247014403343,0.0017427908023819327
0.6649398803710938,0.1801912486553192,0.022942183539271355,0.0023837322369217873,0.10688456892967224,0.011207918636500835,0.011450499296188354
0.04351561889052391,0.03923852741718292,0.009640529751777649,0.010083407163619995,0.5423517227172852,0.35035616159439087,0.004814018961042166
0.014637084677815437,0.03561623394489288,0.0027177969459444284,0.07411155849695206,0.793293833732605,0.04627934843301773,0.033344168215990067
0.03868358954787254,0.06873282790184021,0.026043513789772987,0.0020264673512429,0.08265359699726105,0.7768303751945496,0.005029673688113689
0.007261330261826515,0.03034934028983116,0.0028486684896051884,0.026886744424700737,0.08735761791467667,0.8391264081001282,0.006169923581182957
0.0009519402519799769,0.0032143075950443745,0.9806985259056091,0.0008971416391432285,0.0050421482883393764,0.004539708141237497,0.004656187724322081
0.07599838823080063,0.3199723958969116,0.09299363940954208,0.001893125008791685,0.2068491280078888,0.28176799416542053,0.020525379106402397
0.13394102454185486,0.8441396355628967,0.007471212651580572,0.0008417254430241883,0.004606191534548998,0.007184542715549469,0.0018156726146116853
0.46494176983833313,0.05679314211010933,0.019343337044119835,0.006184116005897522,0.42228493094444275,0.02132290229201317,0.009129698388278484
0.2918788194656372,0.11321092396974564,0.2304500788450241,0.0018632789142429829,0.048206500709056854,0.27360546588897705,0.04078498110175133
0.017612097784876823,0.6292070746421814,0.23968030512332916,0.0018512646201997995,0.06845956295728683,0.03109513781964779,0.01209460012614727
0.05949878320097923,0.6083482503890991,0.01630372740328312,0.007455706130713224,0.28023529052734375,0.015903443098068237,0.012254804372787476
0.2123176008462906,0.11665650457143784,0.1238006129860878,0.006313914433121681,0.32845717668533325,0.1755487620830536,0.036905448883771896
0.16685961186885834,0.44952088594436646,0.06866315752267838,0.002963421866297722,0.11330518871545792,0.18389025330543518,0.014797517098486423
0.24092024564743042,0.0763455480337143,0.08926989138126373,0.005904527381062508,0.551945149898529,0.029724933207035065,0.005889730993658304
0.009619305841624737,0.00891436543315649,0.0017901386599987745,0.013639063574373722,0.9470818638801575,0.007725320290774107,0.011229908093810081
0.04620113968849182,0.31478744745254517,0.29897889494895935,0.00723043130710721,0.1168510690331459,0.06423337012529373,0.1517176479101181
0.005576024763286114,0.023454805836081505,0.0017649739747866988,0.4733290374279022,0.4660547375679016,0.02124926447868347,0.008571101352572441
0.01302463561296463,0.056575316935777664,0.7480939030647278,0.0020882405806332827,0.05275813862681389,0.10064490884542465,0.026814859360456467
0.10640372335910797,0.04596586525440216,0.4821341633796692,0.005297566298395395,0.2714577317237854,0.05590600520372391,0.032834939658641815
0.0035284534096717834,0.01203653123229742,0.04582032561302185,0.002785192569717765,0.08092605322599411,0.8125452995300293,0.04235818237066269
0.11541083455085754,0.4172002971172333,0.023661332204937935,0.0035652797669172287,0.04478974640369415,0.3929459750652313,0.0024264927487820387
0.004846838768571615,0.02901468053460121,0.004541240632534027,0.014535228721797466,0.866746187210083,0.07125993072986603,0.0090559683740139
