anger,disgust,fear,joy,neutral,sadness,surprise
0.0030668904073536396,0.002379164332523942,0.9660524129867554,0.0009389836923219264,0.014441177248954773,0.0030173033010214567,0.01010415144264698
0.006598505657166243,0.008112895302474499,0.08498620241880417,0.004072864539921284,0.043883565813302994,0.007164775859564543,0.8451812267303467
0.013986961916089058,0.017146067693829536,0.15022200345993042,0.005488076247274876,0.04483466595411301,0.003950680140405893,0.7643715739250183
0.01102626882493496,0.18191994726657867,0.05385060980916023,0.12993569672107697,0.5255923271179199,0.01680460385978222,0.08087053149938583
0.002647532382979989,0.0016345715848729014,0.979415774345398,0.0014462152030318975,0.01010969839990139,0.002087667351588607,0.0026584079023450613
0.8114662170410156,0.05507241189479828,0.06285545974969864,0.0020329279359430075,0.05070288106799126,0.009987841360270977,0.007882334291934967
0.004240883514285088,0.004752596374601126,0.014320244081318378,0.13397930562496185,0.765306830406189,0.016717053949832916,0.06068313866853714
0.011311894282698631,0.2354196161031723,0.02634853683412075,0.07003861665725708,0.6167926788330078,0.011142187751829624,0.02894650585949421
0.009059849195182323,0.009243601001799107,0.01262015663087368,0.07203714549541473,0.8089612722396851,0.021331075578927994,0.06674694269895554
0.006331075914204121,0.010247685015201569,0.004948722664266825,0.8321323990821838,0.12428024411201477,0.006587399635463953,0.015472463332116604
