anger,disgust,fear,joy,neutral,sadness,surprise
0.04156959056854248,0.8888945579528809,0.008028523996472359,0.0018151914700865746,0.05104820430278778,0.006649101618677378,0.001994944643229246
0.5289875864982605,0.40999937057495117,0.011682468466460705,0.0007895985618233681,0.014963826164603233,0.032245341688394547,0.0013318512355908751
0.2276705950498581,0.3845374286174774,0.025491733103990555,0.11312691122293472,0.23431752622127533,0.00847692508250475,0.0063789221458137035
0.9062559008598328,0.06008061766624451,0.013258936814963818,0.0008867245051078498,0.010850595310330391,0.007159535773098469,0.0015077638672664762
0.1079874262213707,0.7376893162727356,0.011314730159938335,0.012318272143602371,0.11284317076206207,0.014380823820829391,0.003466350957751274
0.1201641783118248,0.6069508790969849,0.12668441236019135,0.0019166923593729734,0.03701431676745415,0.10350757092237473,0.0037619913928210735
0.6793449521064758,0.14740829169750214,0.03893296793103218,0.002079218626022339,0.11479918658733368,0.008925729431211948,0.008509590290486813
0.17091690003871918,0.5644576549530029,0.004494184162467718,0.03622832149267197,0.14626258611679077,0.07654909789562225,0.0010912022553384304
0.058064911514520645,0.0538020022213459,0.001624376862309873,0.26598474383354187,0.5151901841163635,0.004399088677018881,0.10093476623296738
0.8944270014762878,0.06158323213458061,0.002029414288699627,0.0008164538885466754,0.028128769248723984,0.01047420222312212,0.0025409997906535864
0.807312548160553,0.13829323649406433,0.006931218318641186,0.0009659312781877816,0.029284203425049782,0.01329774595797062,0.003914977889508009
0.013509539887309074,0.22158566117286682,0.10229353606700897,0.0014595125103369355,0.014441329054534435,0.6377132534980774,0.008997238241136074
0.0683453232049942,0.02784951590001583,0.7261389493942261,0.002868823939934373,0.14851397275924683,0.016030581668019295,0.010252684354782104
0.3002767264842987,0.553479015827179,0.08749176561832428,0.0024896012619137764,0.02402176521718502,0.025578225031495094,0.006662876345217228
0.009861678816378117,0.08149812370538712,0.0034720406401902437,0.003234693082049489,0.049420930445194244,0.8508561849594116,0.0016563941026106477
0.9438527226448059,0.017025435343384743,0.002396687399595976,0.0009918601717799902,0.025178536772727966,0.009115489199757576,0.0014393487945199013
0.5684107542037964,0.030990608036518097,0.31069841980934143,0.0014229851076379418,0.014111315831542015,0.06801523268222809,0.006350632756948471
0.40034958720207214,0.15852144360542297,0.012669265270233154,0.015602799132466316,0.2117825150489807,0.1982785016298294,0.0027958806604146957
0.03589280694723129,0.054635703563690186,0.17338213324546814,0.003159219864755869,0.1175704374909401,0.6042569875717163,0.011102640070021152
0.06206273287534714,0.06735410541296005,0.18151423335075378,0.21774519979953766,0.4227393865585327,0.02619057334959507,0.02239377237856388
0.005414058454334736,0.03586941212415695,0.0017499729292467237,0.00836003478616476,0.9357006549835205,0.009698785841464996,0.003207142697647214
