anger,disgust,fear,joy,neutral,sadness,surprise
0.05350486934185028,0.08680546283721924,0.29618358612060547,0.09825386106967926,0.39205220341682434,0.019187135621905327,0.0540129579603672
0.016902068629860878,0.009216704405844212,0.004114797338843346,0.08231697976589203,0.868011474609375,0.005360085517168045,0.014077899046242237
0.008929770439863205,0.013879944570362568,0.009088481776416302,0.004590101074427366,0.9257503151893616,0.00513407401740551,0.03262719139456749
0.006196395959705114,0.007282154634594917,0.002515950473025441,0.0033416657242923975,0.9641135334968567,0.003005585167557001,0.013544734567403793
0.01592474989593029,0.01804984360933304,0.014288289472460747,0.05398761108517647,0.8229528665542603,0.019645165652036667,0.05515146628022194
0.007989885285496712,0.01962936483323574,0.0038788302335888147,0.003133488819003105,0.9484325647354126,0.004099972080439329,0.012835973873734474
0.07838651537895203,0.0842316672205925,0.007488006725907326,0.002145221922546625,0.7869120240211487,0.032677892595529556,0.008158610202372074
0.0606798455119133,0.3091389536857605,0.039775073528289795,0.011598783545196056,0.4389033615589142,0.11808203160762787,0.021821847185492516
0.010338444262742996,0.021381262689828873,0.011508021503686905,0.04385112598538399,0.870547890663147,0.015737229958176613,0.026636041700839996
0.010581032373011112,0.0023790039122104645,0.005465093534439802,0.6695436835289001,0.07632344961166382,0.1804930716753006,0.05521468073129654
0.013538742437958717,0.01610671356320381,0.001917203888297081,0.2859109938144684,0.6498767137527466,0.008538215421140194,0.02411140501499176
0.06646730750799179,0.02075968123972416,0.22573107481002808,0.2739594578742981,0.07810512185096741,0.28127527236938477,0.05370213836431503
0.0009142041089944541,0.002979898126795888,0.0070715597830712795,0.0071548218838870525,0.011018632911145687,0.964603066444397,0.0062578474171459675
0.6854508519172668,0.18556207418441772,0.019950253888964653,0.0010715731186792254,0.03153246268630028,0.07441446185112,0.0020182710140943527
0.34087926149368286,0.1972557157278061,0.37057507038116455,0.0018420590786263347,0.05461676046252251,0.030507970601320267,0.004323203582316637
0.5082908272743225,0.21794454753398895,0.10572144389152527,0.0024184565991163254,0.06590012460947037,0.09262986481189728,0.0070946975611150265
0.003190589603036642,0.0014522506389766932,0.002082925057038665,0.8923559188842773,0.02425815910100937,0.02172265201807022,0.05493755266070366
0.06865397840738297,0.5970675945281982,0.004688484128564596,0.04311802610754967,0.27084821462631226,0.011536289006471634,0.0040875147096812725
