anger,disgust,fear,joy,neutral,sadness,surprise
0.0048949578776955605,0.01556787546724081,0.0013752642553299665,0.805243968963623,0.1405831277370453,0.02651703916490078,0.005817772820591927
0.11855548620223999,0.7462140321731567,0.01010708324611187,0.005251201801002026,0.0843137800693512,0.033237673342227936,0.002320860745385289
0.38634639978408813,0.38705262541770935,0.0036374451592564583,0.007126988843083382,0.17397409677505493,0.039834823459386826,0.002027601469308138
0.06271257251501083,0.4047686755657196,0.0018344023264944553,0.15087713301181793,0.3235327899456024,0.04800247773528099,0.008271943777799606
0.01280862744897604,0.0056466832756996155,0.94562166929245,0.0020144537556916475,0.027648121118545532,0.004438485484570265,0.0018219617195427418
0.009558813646435738,0.023060116916894913,0.0014986332971602678,0.6955518126487732,0.20350097119808197,0.03581583872437477,0.03101385198533535
0.026429541409015656,0.1743871569633484,0.7625231742858887,0.0046837711706757545,0.022234685719013214,0.006507323123514652,0.003234433475881815
0.984621524810791,0.006326472852379084,0.0006953460979275405,0.00046832734369672835,0.0030635669827461243,0.0034622899256646633,0.0013626625295728445
0.7819708585739136,0.0891302153468132,0.004094313830137253,0.0019260875415056944,0.11133265495300293,0.00873363297432661,0.0028122933581471443
0.17621804773807526,0.7287171483039856,0.027499385178089142,0.004981712903827429,0.04839782416820526,0.011563648469746113,0.002622291212901473
0.060696180909872055,0.08315569907426834,0.061254337430000305,0.02204887382686138,0.2973785400390625,0.4721873700618744,0.003279078518971801
0.5588772892951965,0.33646804094314575,0.04170512035489082,0.0029662528540939093,0.043684955686330795,0.011739437468349934,0.004558957181870937
0.10081092268228531,0.23101308941841125,0.016776099801063538,0.0056384773924946785,0.27217897772789,0.3682481646537781,0.005334252957254648
0.7959835529327393,0.13451164960861206,0.017036184668540955,0.0020468237344175577,0.03881489112973213,0.008230321109294891,0.0033764804247766733
0.6021977663040161,0.19010841846466064,0.009981661103665829,0.0024862035643309355,0.05511751398444176,0.13666388392448425,0.0034445617347955704
0.9348469376564026,0.03102109022438526,0.0016096070175990462,0.0009974311105906963,0.016374364495277405,0.01331525482237339,0.0018353037303313613
0.029778888449072838,0.10266835242509842,0.004486208315938711,0.043583206832408905,0.7051352262496948,0.007665814366191626,0.10668232291936874
