anger,disgust,fear,joy,neutral,sadness,surprise
0.11831530928611755,0.34022992849349976,0.1420174539089203,0.005711021833121777,0.3530769348144531,0.03260400518774986,0.008045409806072712
0.015819653868675232,0.011496074497699738,0.03218196704983711,0.0027576752472668886,0.11763503402471542,0.8125420808792114,0.007567496970295906
0.005677234847098589,0.020024096593260765,0.0021018204279243946,0.00226962729357183,0.9507946968078613,0.00442304415628314,0.014709485694766045
0.0744905099272728,0.027118563652038574,0.7698599696159363,0.002209921833127737,0.10718678683042526,0.014474078081548214,0.004660134203732014
0.03378397971391678,0.15817449986934662,0.047944486141204834,0.004441079217940569,0.4437912702560425,0.3029395639896393,0.00892513059079647
0.8870270848274231,0.05360453948378563,0.03872581943869591,0.0007861670455895364,0.008903629146516323,0.007932335138320923,0.0030202532652765512
0.21863138675689697,0.06767682731151581,0.01312881987541914,0.06958574056625366,0.6021124720573425,0.02584974654018879,0.0030149135272949934
0.14007821679115295,0.7294096946716309,0.06991583108901978,0.0005403649411164224,0.03106381930410862,0.026621881872415543,0.0023702289909124374
0.01834219880402088,0.8933417797088623,0.04284955561161041,0.000597926031332463,0.032388173043727875,0.00838481355458498,0.004095371346920729
0.09260770678520203,0.19430559873580933,0.19377151131629944,0.004062047693878412,0.48830094933509827,0.0075551774352788925,0.019397016614675522
0.013334483839571476,0.02934635430574417,0.004444921389222145,0.11053375154733658,0.8215557932853699,0.015179386362433434,0.005605324171483517
0.23386727273464203,0.10066137462854385,0.00986925233155489,0.004180464893579483,0.6206546425819397,0.013023685663938522,0.017743268981575966
0.21588772535324097,0.5372995138168335,0.018247557803988457,0.0023747209925204515,0.15853659808635712,0.04786285385489464,0.01979103311896324
0.004558334592729807,0.0050784749910235405,0.9533294439315796,0.0023494702763855457,0.02705906145274639,0.002759349998086691,0.0048659066669642925
0.014066752046346664,0.08039391785860062,0.005150720477104187,0.0020357288885861635,0.87770015001297,0.009577888064086437,0.011074760928750038
0.696628749370575,0.05671028420329094,0.2179233580827713,0.001239641453139484,0.018004652112722397,0.004296714905649424,0.005196715239435434
0.12909525632858276,0.037516869604587555,0.20525802671909332,0.003640027716755867,0.3377041816711426,0.2619079649448395,0.02487768977880478
0.016699979081749916,0.38010790944099426,0.03410288318991661,0.0019437795272096992,0.15796664357185364,0.3935679495334625,0.01561089139431715
0.0016095255268737674,0.0008140666177496314,0.9904299378395081,0.0008596280822530389,0.002678859978914261,0.001760226907208562,0.0018476441036909819
0.7652541995048523,0.21278293430805206,0.0060841720551252365,0.0005746071110479534,0.006933644413948059,0.007317826617509127,0.0010525566758587956
0.2145608812570572,0.051663465797901154,0.6956106424331665,0.0013016691664233804,0.012074257247149944,0.015257027931511402,0.009532042779028416
0.13301652669906616,0.013174879364669323,0.41980013251304626,0.006776577327400446,0.3982776999473572,0.011823746375739574,0.017130527645349503
0.21076804399490356,0.7295387983322144,0.0021235242020338774,0.006171513348817825,0.03542470186948776,0.014856955036520958,0.001116464613005519
0.12276507914066315,0.09512429684400558,0.26868754625320435,0.004988144151866436,0.4833545684814453,0.020143825560808182,0.00493658147752285
0.10549947619438171,0.06523941457271576,0.007863891310989857,0.02162519469857216,0.7813684940338135,0.015051102265715599,0.003352428786456585
0.751253068447113,0.06836900860071182,0.00498177669942379,0.0019523212686181068,0.0965024083852768,0.07249649614095688,0.0044449311681091785
0.03728407993912697,0.03226169943809509,0.0041954657062888145,0.46268558502197266,0.3560621440410614,0.07286999374628067,0.034641023725271225
0.09235800057649612,0.6780722737312317,0.0039895810186862946,0.005111148115247488,0.14880627393722534,0.0696616917848587,0.0020009856671094894
0.21915552020072937,0.3882828950881958,0.010593390092253685,0.0019315296085551381,0.07224708050489426,0.28085023164749146,0.02693938836455345
0.06633872538805008,0.057510193437337875,0.003098882967606187,0.015086822211742401,0.7843952178955078,0.07078961282968521,0.0027805098798125982
0.023833513259887695,0.9014244079589844,0.0076476274989545345,0.005115407984703779,0.027728065848350525,0.03108721412718296,0.003163734218105674
0.004572255536913872,0.006364475004374981,0.0021729357540607452,0.002706496510654688,0.9409916996955872,0.005499048624187708,0.0376930832862854
