anger,disgust,fear,joy,neutral,sadness,surprise
0.28984713554382324,0.19668230414390564,0.043273430317640305,0.0066534169018268585,0.07402214407920837,0.38802820444107056,0.0014933114871382713
0.25114256143569946,0.08803042024374008,0.38218677043914795,0.0011860900558531284,0.051437702029943466,0.21472138166427612,0.011295139789581299
0.0741758942604065,0.011140628717839718,0.1389714926481247,0.006187110207974911,0.5964516997337341,0.15323702991008759,0.019836198538541794
0.028107456862926483,0.010798158124089241,0.017293140292167664,0.004261153284460306,0.8733268976211548,0.01890885829925537,0.04730439931154251
0.12670637667179108,0.25883862376213074,0.21455860137939453,0.005357496440410614,0.3533525764942169,0.023533876985311508,0.017652444541454315
0.05206660181283951,0.04634277895092964,0.023288307711482048,0.06692496687173843,0.7724905610084534,0.023902898654341698,0.014983801171183586
0.3457701802253723,0.026690607890486717,0.1982564777135849,0.0163172148168087,0.3762103319168091,0.017364230006933212,0.01939094252884388
0.06798269599676132,0.047982461750507355,0.09313629567623138,0.00633075088262558,0.7360287308692932,0.010587305761873722,0.037951745092868805
0.7824407815933228,0.06336275488138199,0.033273931592702866,0.0013191441539674997,0.04440028965473175,0.06668472290039062,0.008518371731042862
0.028012581169605255,0.005471105687320232,0.9040127992630005,0.0018802372505888343,0.03519240766763687,0.003373467829078436,0.022057531401515007
0.19254368543624878,0.11938714981079102,0.03467697650194168,0.01274674292653799,0.5983738303184509,0.024787375703454018,0.017484348267316818
0.16041025519371033,0.32240837812423706,0.05251109600067139,0.004542029462754726,0.40626370906829834,0.0467405766248703,0.007123963907361031
0.29116663336753845,0.08136031776666641,0.10326148569583893,0.008642640896141529,0.2128995805978775,0.29181310534477234,0.010856196284294128
