anger,disgust,fear,joy,neutral,sadness,surprise
0.4647992253303528,0.4172922968864441,0.011619878001511097,0.0011297626188024879,0.08780311793088913,0.01253026444464922,0.004825492389500141
0.0059154522605240345,0.00927488598972559,0.002454673405736685,0.014066807925701141,0.9481826424598694,0.005034297704696655,0.015071096830070019
0.04883883148431778,0.04299236461520195,0.020285725593566895,0.003387942211702466,0.3792802095413208,0.11532732099294662,0.38988766074180603
0.29430919885635376,0.14730632305145264,0.03599746152758598,0.003648512763902545,0.19818323850631714,0.29524603486061096,0.025309277698397636
0.31584852933883667,0.030837802216410637,0.009636365808546543,0.0073467399924993515,0.5498771667480469,0.06639207154512405,0.020061396062374115
0.006176920607686043,0.004008995834738016,0.004705019295215607,0.006380531936883926,0.8926957249641418,0.07107250392436981,0.014960343949496746
0.005599113181233406,0.002245981013402343,0.002419207012280822,0.0015405839076265693,0.014747858978807926,0.0011169130448251963,0.9723303318023682
0.04574711620807648,0.10353759676218033,0.03755247965455055,0.013308889232575893,0.7691869735717773,0.02775108627974987,0.0029158955439925194
0.45771899819374084,0.1584731489419937,0.02205325849354267,0.00499521242454648,0.14356692135334015,0.10725186765193939,0.10594063252210617
0.04613614082336426,0.16716474294662476,0.30125340819358826,0.006864580791443586,0.45348837971687317,0.012374558486044407,0.01271815225481987
0.08359748870134354,0.5079936385154724,0.07819192111492157,0.007995153777301311,0.29756489396095276,0.009364904835820198,0.015292005613446236
0.36124685406684875,0.1090058982372284,0.19354437291622162,0.003512831637635827,0.27196744084358215,0.02904326654970646,0.031679365783929825
0.022258371114730835,0.03526992350816727,0.036037396639585495,0.017668578773736954,0.7641547918319702,0.0954877957701683,0.02912311814725399
0.05408822372555733,0.6110645532608032,0.018546212464571,0.009860210120677948,0.2912708520889282,0.005602322518825531,0.009567544795572758
0.022980909794569016,0.013081014156341553,0.018656590953469276,0.002607123926281929,0.07272686064243317,0.8507344126701355,0.019213080406188965
0.008142040111124516,0.019050082191824913,0.5258411169052124,0.0127489622682333,0.3012760281562805,0.1186210960149765,0.014320701360702515
0.045003995299339294,0.37055835127830505,0.07230069488286972,0.004199548624455929,0.22175247967243195,0.2521497309207916,0.03403519466519356
0.01811233162879944,0.014779185876250267,0.007566823624074459,0.006577955558896065,0.9125482439994812,0.016375504434108734,0.02403993345797062
0.27919864654541016,0.020753053948283195,0.04171762242913246,0.006938360631465912,0.6080446243286133,0.028240196406841278,0.015107482671737671
0.5847742557525635,0.1095237135887146,0.03821263089776039,0.0016309729544445872,0.2098996639251709,0.038428276777267456,0.017530424520373344
0.05809828266501427,0.5021429657936096,0.0807030126452446,0.003598865121603012,0.2641996145248413,0.02975389175117016,0.06150337681174278
0.9470952153205872,0.018138917163014412,0.0016192105831578374,0.0008889269083738327,0.02340754307806492,0.005708915647119284,0.0031412995886057615
0.008832866325974464,0.0074637774378061295,0.0016751184593886137,0.08797884732484818,0.8431527614593506,0.005069307051599026,0.04582728073000908
0.07128579169511795,0.05077042430639267,0.14031265676021576,0.004605523310601711,0.5035933256149292,0.0424574576318264,0.18697479367256165
0.3939339518547058,0.01887165568768978,0.08390087634325027,0.009504363872110844,0.40427103638648987,0.07628118991851807,0.013236871920526028
0.04007638245820999,0.019246723502874374,0.0010821634205058217,0.2476252317428589,0.6740759015083313,0.008384622633457184,0.009508941322565079
0.04730718210339546,0.9220129251480103,0.0018521922174841166,0.007489459589123726,0.015536429360508919,0.0040304698050022125,0.001771196722984314
0.38986945152282715,0.16698810458183289,0.007608162704855204,0.0037555000744760036,0.09207936376333237,0.33532536029815674,0.004374007694423199
