anger,disgust,fear,joy,neutral,sadness,surprise
0.0029085169080644846,0.0089328084141016,0.0035960646346211433,0.0625244528055191,0.8899382948875427,0.022824611514806747,0.009275222197175026
0.045189108699560165,0.8879360556602478,0.0036021696869283915,0.005029883235692978,0.036938637495040894,0.019643696025013924,0.001660316833294928
0.29345202445983887,0.11763041466474533,0.007283193524926901,0.010171214118599892,0.4976290762424469,0.07170088589191437,0.0021332111209630966
0.22037720680236816,0.43222442269325256,0.009511182084679604,0.0018533561378717422,0.2515307068824768,0.08075804263353348,0.0037450664676725864
0.06250126659870148,0.027796069160103798,0.009836333803832531,0.0008846804266795516,0.017198367044329643,0.8685224652290344,0.013260744512081146
0.5160843133926392,0.27856186032295227,0.009354932233691216,0.002493936102837324,0.13323991000652313,0.055351488292217255,0.004913607612252235
0.2491021752357483,0.3610331416130066,0.008750922046601772,0.0022654321510344744,0.2755277752876282,0.09943308681249619,0.0038875010795891285
0.1546873152256012,0.5400852560997009,0.04733920842409134,0.002514625433832407,0.0754559338092804,0.17465975880622864,0.0052579957991838455
0.002565664006397128,0.022325454279780388,0.007718655280768871,0.010815734043717384,0.15392112731933594,0.7765980362892151,0.026055311784148216
0.2791036367416382,0.4279536008834839,0.07906831800937653,0.001975088147446513,0.1891516000032425,0.018120048567652702,0.004627663642168045
0.03418322652578354,0.16596846282482147,0.02022199146449566,0.014017680659890175,0.7147643566131592,0.04064404219388962,0.010200273245573044
0.04703701660037041,0.4064651429653168,0.018195033073425293,0.06609874218702316,0.3845784068107605,0.06249294802546501,0.015132734552025795
0.006743169389665127,0.010186883620917797,0.0013024811632931232,0.4005075991153717,0.5533814430236816,0.006299090571701527,0.021579336374998093
0.1299760788679123,0.7584534287452698,0.0033903024159371853,0.0050583407282829285,0.09039567410945892,0.007839059457182884,0.00488706398755312
0.015847472473978996,0.9230205416679382,0.0024289027787745,0.016129396855831146,0.03019935078918934,0.009555458091199398,0.0028189944569021463
0.023925799876451492,0.030289005488157272,0.22978568077087402,0.0026569936890155077,0.11890952289104462,0.5894427299499512,0.004990211222320795
0.23949451744556427,0.1266530156135559,0.039703939110040665,0.006552278064191341,0.4608411192893982,0.0925106406211853,0.034244418144226074
0.040520332753658295,0.336970716714859,0.011910141445696354,0.015639202669262886,0.16926738619804382,0.4226418733596802,0.003050423227250576
