anger,disgust,fear,joy,neutral,sadness,surprise
0.04282979667186737,0.010491739958524704,0.09541402012109756,0.03430679813027382,0.7859512567520142,0.012891375459730625,0.018115025013685226
0.6665745973587036,0.10188840329647064,0.1581459790468216,0.003658641828224063,0.058945704251527786,0.007191203534603119,0.0035954476334154606
0.022789468988776207,0.01187746599316597,0.005046659614890814,0.0026763486675918102,0.9116898775100708,0.021803036332130432,0.02411712147295475
0.5603333711624146,0.3038584589958191,0.0068577965721488,0.003611727152019739,0.0908641517162323,0.031024599447846413,0.003449915209785104
0.03302930295467377,0.0056214588694274426,0.012321854941546917,0.012930471450090408,0.9184760451316833,0.0031762151047587395,0.014444694854319096
0.11969298869371414,0.6810963749885559,0.009239022620022297,0.0019429709063842893,0.15396247804164886,0.029444020241498947,0.004622169304639101
0.009019691497087479,0.00563478609547019,0.9327638149261475,0.0032527309376746416,0.032241422683000565,0.004805407486855984,0.012282213196158409
0.2774360179901123,0.24607671797275543,0.16974423825740814,0.0014742315979674459,0.15013088285923004,0.12152212113142014,0.03361574932932854
0.01260413508862257,0.038892295211553574,0.024473298341035843,0.0026058689691126347,0.8405666351318359,0.0645817443728447,0.016276074573397636
0.41957858204841614,0.08183196187019348,0.05682510882616043,0.0020489192102104425,0.38803911209106445,0.04409972205758095,0.00757654570043087
0.16435939073562622,0.045625828206539154,0.4443413317203522,0.003382887691259384,0.18559740483760834,0.09812476485967636,0.05856834352016449
0.03284161537885666,0.02756570093333721,0.14592957496643066,0.005728520452976227,0.5388028025627136,0.017094530165195465,0.2320372760295868
0.009179786778986454,0.006278155371546745,0.9107705950737,0.0017113246722146869,0.05592423304915428,0.0059214066714048386,0.010214434936642647
0.020072247833013535,0.04632394388318062,0.009359919466078281,0.017003212124109268,0.5555039048194885,0.34670767188072205,0.005029147025197744
0.028626197949051857,0.012026764452457428,0.21244825422763824,0.011618245393037796,0.717069685459137,0.012130186893045902,0.006080689374357462
0.03445243090391159,0.0421578623354435,0.016765901818871498,0.0021845181472599506,0.8275846242904663,0.06564961373806,0.011205043643712997
0.011837010271847248,0.02866589091718197,0.00782005675137043,0.0014912075130268931,0.8898487091064453,0.02138991840183735,0.03894722834229469
0.12211304903030396,0.09272821247577667,0.09593406319618225,0.004139348864555359,0.38315483927726746,0.17348144948482513,0.12844903767108917
0.01807130128145218,0.007590881083160639,0.04344902187585831,0.0031837972346693277,0.8991750478744507,0.011137653142213821,0.01739228330552578
0.003171027870848775,0.009829946793615818,0.004376335069537163,0.0029532373882830143,0.9694455862045288,0.005042018834501505,0.005181778687983751
0.06984879076480865,0.04978661239147186,0.6678125262260437,0.003404008923098445,0.16500020027160645,0.03165730834007263,0.012490497902035713
0.1990419328212738,0.045606158673763275,0.6661504507064819,0.0016480769263580441,0.05089310184121132,0.027014443650841713,0.009645748883485794
0.6664837598800659,0.23911595344543457,0.012594126164913177,0.0009551841649226844,0.060697030276060104,0.01828426867723465,0.0018697568448260427
0.8429812788963318,0.12391187995672226,0.015187336131930351,0.0006095904973335564,0.009931855835020542,0.005293162073940039,0.002084852196276188
0.012264644727110863,0.007786597590893507,0.8548411130905151,0.0016456643352285028,0.09023185074329376,0.017682814970612526,0.015547249466180801
0.43731018900871277,0.3860664367675781,0.08528493344783783,0.003697899868711829,0.06447279453277588,0.020135853439569473,0.0030319017823785543
0.008115227334201336,0.0008171990048140287,0.009910115040838718,0.0010818563168868423,0.0030359963420778513,0.9736586809158325,0.00338098150677979
0.007217170670628548,0.004163672216236591,0.9546879529953003,0.0019151903688907623,0.016741590574383736,0.013689638115465641,0.0015848440816625953
0.017071355134248734,0.04348801076412201,0.0028280136175453663,0.29700079560279846,0.6024906039237976,0.02695825695991516,0.010162864811718464
0.7622690796852112,0.0700225755572319,0.014708604663610458,0.0013651789631694555,0.12192022800445557,0.027578938752412796,0.0021354202181100845
0.15710924565792084,0.06694263219833374,0.1381121724843979,0.010738876648247242,0.5871273875236511,0.030125075951218605,0.009844665415585041
0.0019163306569680572,0.007483169436454773,0.0025975597091019154,0.010859149508178234,0.04731152951717377,0.9240750074386597,0.005757169798016548
