anger,disgust,fear,joy,neutral,sadness,surprise
0.024027643725275993,0.03130911663174629,0.0496869757771492,0.16456305980682373,0.6804456114768982,0.029169345274567604,0.02079819329082966
0.004109454341232777,0.0028430281672626734,0.0031357707921415567,0.03477220609784126,0.7524389624595642,0.012236570939421654,0.1904640793800354
0.010246231220662594,0.006547470111399889,0.009056856855750084,0.18240810930728912,0.31125059723854065,0.4649061858654022,0.015584588050842285
0.9046791195869446,0.009239636361598969,0.07415955513715744,0.0008041230030357838,0.006758053787052631,0.0021917633712291718,0.0021678314078599215
0.012274401262402534,0.004658325109630823,0.006382288411259651,0.19981220364570618,0.5684743523597717,0.006522344425320625,0.20187605917453766
0.019374271854758263,0.042324528098106384,0.03084111399948597,0.02079550176858902,0.6479068398475647,0.06787023693323135,0.17088747024536133
0.08643130213022232,0.08190298825502396,0.16346630454063416,0.004938557744026184,0.42361944913864136,0.19522212445735931,0.04441920295357704
0.009147676639258862,0.010515324771404266,0.013525612652301788,0.010381746105849743,0.7195637226104736,0.22683852910995483,0.010027349926531315
0.7826040387153625,0.01954832300543785,0.13216474652290344,0.0012763127451762557,0.0277541670948267,0.014984323643147945,0.021668056026101112
0.0023070666939020157,0.0205118078738451,0.020607097074389458,0.004436042625457048,0.11652209609746933,0.8080225586891174,0.02759343758225441
0.3441881835460663,0.16771352291107178,0.00844272505491972,0.004207141697406769,0.23178039491176605,0.227833554148674,0.015834501013159752
0.7730867862701416,0.16089904308319092,0.004939412698149681,0.0009559516329318285,0.03900032863020897,0.018913839012384415,0.0022045073565095663
0.04573587700724602,0.01700984314084053,0.20416699349880219,0.006881507579237223,0.28402164578437805,0.05752454325556755,0.3846595585346222
0.30419227480888367,0.49822407960891724,0.014925025403499603,0.0019495537271723151,0.08544810861349106,0.09108294546604156,0.0041780308820307255
0.2759948968887329,0.11109013110399246,0.009980163536965847,0.002614421071484685,0.24465250968933105,0.3436313569545746,0.012036537751555443
0.026399724185466766,0.017517631873488426,0.0047227670438587666,0.0044871484860777855,0.8105132579803467,0.126423642039299,0.009935829788446426
0.12588386237621307,0.14392520487308502,0.05630757659673691,0.004293216858059168,0.5391601920127869,0.05023541301488876,0.08019455522298813
0.8338841795921326,0.13988561928272247,0.0025566895492374897,0.0009496175334788859,0.009866058826446533,0.011229722760617733,0.0016283219447359443
0.0015188661636784673,0.002348113339394331,0.002872603479772806,0.0016981002409011126,0.007133536506444216,0.9786913394927979,0.005737426690757275
0.007732917554676533,0.011511875316500664,0.0026442413218319416,0.003445808542892337,0.9400044083595276,0.008374624885618687,0.026286127045750618
0.07306376099586487,0.23964518308639526,0.014506415463984013,0.003123881760984659,0.4659980535507202,0.19820787012577057,0.005454845726490021
0.012486857362091541,0.024241482838988304,0.01300788763910532,0.004214765038341284,0.8747749328613281,0.06524503976106644,0.006029005628079176
0.021083999425172806,0.050138648599386215,0.012256518006324768,0.0019224232528358698,0.8391124606132507,0.04805484414100647,0.02743111178278923
