anger,disgust,fear,joy,neutral,sadness,surprise
0.02632610872387886,0.1559627801179886,0.3162633180618286,0.04710594564676285,0.426571249961853,0.014497010968625546,0.013273635879158974
0.27293577790260315,0.5018646717071533,0.08771984279155731,0.0026016710326075554,0.05270909518003464,0.07576026022434235,0.0064086513593792915
0.059511393308639526,0.016544107347726822,0.39038512110710144,0.03081435337662697,0.1795598715543747,0.021149862557649612,0.30203527212142944
0.31811103224754333,0.2807166576385498,0.1799689382314682,0.002108200453221798,0.06413251161575317,0.1517324596643448,0.0032301796600222588
0.01766250468790531,0.00798546802252531,0.9031332731246948,0.0006315241917036474,0.008519851602613926,0.049946099519729614,0.012121322564780712
0.002555800136178732,0.02012852393090725,0.005060953088104725,0.023094002157449722,0.9134031534194946,0.016499733552336693,0.019257808104157448
0.18802906572818756,0.16115692257881165,0.5837981700897217,0.001440148102119565,0.025043990463018417,0.02939859963953495,0.011133049614727497
0.14912652969360352,0.21113263070583344,0.03289555013179779,0.0015651044668629766,0.07120649516582489,0.5216079950332642,0.0124657042324543
0.9067226648330688,0.013459323905408382,0.008038660511374474,0.0007668547914363444,0.006987664382904768,0.0027955109253525734,0.06122930347919464
0.44163158535957336,0.31177133321762085,0.030393488705158234,0.009412240236997604,0.18275213241577148,0.022413648664951324,0.0016256512608379126
0.10208824276924133,0.8628684878349304,0.008105751127004623,0.001289226463995874,0.017744185402989388,0.006845483090728521,0.0010586123680695891
0.006620642729103565,0.971563994884491,0.00799507275223732,0.0004934559110552073,0.008722225204110146,0.0035661994479596615,0.0010384301422163844
0.22762174904346466,0.021869752556085587,0.5598470568656921,0.0024943468160927296,0.08742858469486237,0.03192580118775368,0.06881266087293625
0.2022283375263214,0.3128006160259247,0.02819337695837021,0.0013563878601416945,0.0790388211607933,0.3697255551815033,0.006656868848949671
0.793780505657196,0.14445462822914124,0.005549259949475527,0.0013521737419068813,0.04280170798301697,0.009120643138885498,0.0029410915449261665
0.30481886863708496,0.5840116739273071,0.020360728725790977,0.0020863530226051807,0.07908805459737778,0.007910068146884441,0.0017241762252524495
0.5641419291496277,0.30133527517318726,0.006245845463126898,0.0010337464045733213,0.06906353682279587,0.05559852346777916,0.002581176348030567
0.3942476212978363,0.21090225875377655,0.309945285320282,0.002597156446427107,0.06963277608156204,0.009022827260196209,0.003651960752904415
0.0359521247446537,0.17756208777427673,0.22808833420276642,0.00449844915419817,0.4666096866130829,0.008380063809454441,0.07890928536653519
0.25491365790367126,0.05113949254155159,0.1738610565662384,0.022580258548259735,0.44309818744659424,0.03848683089017868,0.015920478850603104
0.3422921597957611,0.10698142647743225,0.05738366022706032,0.006305421236902475,0.4303029477596283,0.05047710984945297,0.006257166620343924
0.14566583931446075,0.07434283196926117,0.4245438277721405,0.003201301209628582,0.31704509258270264,0.028664838522672653,0.006536230910569429
0.004088432993739843,0.015938710421323776,0.0033663774374872446,0.12791970372200012,0.8220303058624268,0.01000248547643423,0.01665393076837063
0.02022682875394821,0.01066703349351883,0.005258636083453894,0.006644747219979763,0.9195483922958374,0.011813491582870483,0.02584085799753666
0.03606985881924629,0.07496364414691925,0.5212411880493164,0.004952744580805302,0.32466092705726624,0.024764912202954292,0.013346649706363678
0.09655217081308365,0.37760213017463684,0.028369275853037834,0.009056167677044868,0.4130263030529022,0.07261723279953003,0.0027766479179263115
0.00913106370717287,0.08542590588331223,0.006552376784384251,0.0031394455581903458,0.07837914675474167,0.8102665543556213,0.007105473428964615
0.04194718599319458,0.43330514430999756,0.23549354076385498,0.0021118943113833666,0.09398778527975082,0.17558546364307404,0.01756899245083332
0.25064876675605774,0.0978192687034607,0.0595845989882946,0.010481134988367558,0.4972496032714844,0.06920132786035538,0.015015365555882454
0.2881656289100647,0.5322133898735046,0.0307167898863554,0.002665962791070342,0.08477645367383957,0.05929413437843323,0.0021676812320947647
