anger,disgust,fear,joy,neutral,sadness,surprise
0.004335633013397455,0.00400301581248641,0.0036744424141943455,0.014230256900191307,0.011894412338733673,0.9569413065910339,0.004920929670333862
0.07028768956661224,0.004669292364269495,0.008988241665065289,0.15840519964694977,0.6647953987121582,0.01141800731420517,0.0814361423254013
0.06448589265346527,0.05506375432014465,0.010038714855909348,0.006484863813966513,0.835828423500061,0.02507033944129944,0.0030280444771051407
0.00353211909532547,0.009215855039656162,0.0023762458004057407,0.09686078131198883,0.10342526435852051,0.7690708637237549,0.015518895350396633
0.01196028757840395,0.015891235321760178,0.0034821820445358753,0.3480152487754822,0.5603460669517517,0.027343101799488068,0.03296193107962608
0.01424030214548111,0.10513964295387268,0.011182122863829136,0.714482307434082,0.10875603556632996,0.02334916777908802,0.02285042405128479
0.0864674523472786,0.6570315957069397,0.02440766803920269,0.008364737033843994,0.15818502008914948,0.062236376106739044,0.0033071504440158606
0.18100795149803162,0.05634276196360588,0.035575054585933685,0.005430416204035282,0.5887007117271423,0.11056525260210037,0.022377872839570045
0.01980631798505783,0.07607244700193405,0.012011305429041386,0.0346936360001564,0.2528669834136963,0.4601353406906128,0.144414022564888
0.00736885005608201,0.012258166447281837,0.002110169269144535,0.41840171813964844,0.39466843008995056,0.11419618874788284,0.050996460020542145
0.07624538242816925,0.17152400314807892,0.02281288430094719,0.004806538112461567,0.2321656048297882,0.48142361640930176,0.011021959595382214
0.01698235608637333,0.017384903505444527,0.005633530672639608,0.7183693647384644,0.19622720777988434,0.03931098431348801,0.006091618444770575
0.02544950693845749,0.5467188358306885,0.0027586950454860926,0.003319649724289775,0.03503727540373802,0.3819247782230377,0.004791242070496082
0.13668633997440338,0.3855792284011841,0.2741987705230713,0.014385602436959743,0.11925975233316422,0.050353437662124634,0.01953681744635105
0.7758869528770447,0.06730447709560394,0.013696137815713882,0.0014817368937656283,0.049229323863983154,0.0888858512043953,0.003515390446409583
0.8764466643333435,0.07201908528804779,0.007806932553648949,0.0010494845919311047,0.021670719608664513,0.02007511630654335,0.000931970018427819
0.15141557157039642,0.0487138107419014,0.46661844849586487,0.01838826574385166,0.15542292594909668,0.13247695565223694,0.02696399763226509
0.008670667186379433,0.08588361740112305,0.15784995257854462,0.011034669354557991,0.22526301443576813,0.5047559142112732,0.006542138289660215
0.0042525846511125565,0.011296505108475685,0.004713239148259163,0.25667160749435425,0.6712549924850464,0.04348968714475632,0.008321455679833889
0.007576703559607267,0.0017804440576583147,0.003622309071943164,0.06032085791230202,0.06867727637290955,0.4863813817501068,0.37164106965065
0.012601429596543312,0.05666940286755562,0.004937116988003254,0.5659675002098083,0.017354920506477356,0.33976641297340393,0.002703171456232667
