anger,disgust,fear,joy,neutral,sadness,surprise
0.37790602445602417,0.18335363268852234,0.11016398668289185,0.022917965427041054,0.17393387854099274,0.12717823684215546,0.004546214360743761
0.0126841114833951,0.026378940790891647,0.15425750613212585,0.009746995754539967,0.73426353931427,0.045185256749391556,0.017483582720160484
0.010395767167210579,0.019672248512506485,0.016684990376234055,0.002715974347665906,0.07340860366821289,0.8740817308425903,0.003040674142539501
0.6664537191390991,0.20690935850143433,0.01315517257899046,0.001493654097430408,0.06269552558660507,0.03766424208879471,0.011628384701907635
0.004504731390625238,0.02683977596461773,0.001938463537953794,0.017775559797883034,0.9124431610107422,0.026178009808063507,0.010320335626602173
0.02544284053146839,0.7153493165969849,0.004142307676374912,0.08005093783140182,0.12053615599870682,0.05128106847405434,0.0031973838340491056
0.040000054985284805,0.059299953281879425,0.00495619373396039,0.12880124151706696,0.6677555441856384,0.005383908748626709,0.09380307793617249
0.03328718617558479,0.0901821032166481,0.0028817669954150915,0.49938419461250305,0.35476619005203247,0.007142624817788601,0.01235593669116497
0.015569720417261124,0.037220653146505356,0.6682332754135132,0.04050028324127197,0.1499588042497635,0.0849057212471962,0.003611561143770814
0.0020278608426451683,0.0017184201860800385,0.9742703437805176,0.0017588878981769085,0.009945922531187534,0.008704395033419132,0.0015741696115583181
0.03344925493001938,0.1771019548177719,0.0035031181760132313,0.24445877969264984,0.48970478773117065,0.04713737964630127,0.004644747357815504
