anger,disgust,fear,joy,neutral,sadness,surprise
0.00399285601451993,0.0015714284963905811,0.003881404409185052,0.9179248809814453,0.0553973987698555,0.008279894478619099,0.008952150121331215
0.020476114004850388,0.19275686144828796,0.005634908564388752,0.013100829906761646,0.48184946179389954,0.27826666831970215,0.007915114052593708
0.005372676067054272,0.010536723770201206,0.0182854775339365,0.0015609298134222627,0.023745937272906303,0.937934935092926,0.002563247224316001
0.016939744353294373,0.005403105169534683,0.00405684532597661,0.04137146472930908,0.04898808151483536,0.8509958982467651,0.03224479407072067
0.06914516538381577,0.6432768106460571,0.010555882938206196,0.004828416742384434,0.2453584223985672,0.022668765857815742,0.004166535567492247
0.35643309354782104,0.4540309011936188,0.03598249703645706,0.016786731779575348,0.06629705429077148,0.06723339110612869,0.0032363201025873423
0.3367373049259186,0.015850527212023735,0.5766195058822632,0.0018255871254950762,0.029521163552999496,0.03315900266170502,0.006286939140409231
0.1033538430929184,0.23272845149040222,0.16672305762767792,0.009637071751058102,0.4499295949935913,0.014745894819498062,0.022882049903273582
0.05758185684680939,0.21752777695655823,0.002137616975232959,0.006499228533357382,0.4435209631919861,0.21723857522010803,0.05549399554729462
0.005730952601879835,0.9863678812980652,0.0027052571531385183,0.00039125612238422036,0.0031809930223971605,0.0007986440323293209,0.0008251458639279008
0.02614329755306244,0.8874951601028442,0.015699760988354683,0.0010988996364176273,0.06140843406319618,0.003820459358394146,0.004333879798650742
0.19081974029541016,0.20242318511009216,0.002343861386179924,0.007644105702638626,0.5001335144042969,0.07725875824689865,0.019376838579773903
0.105979323387146,0.3846200704574585,0.422105073928833,0.0019555948674678802,0.02910538949072361,0.041106466203927994,0.01512809656560421
0.17084908485412598,0.32860133051872253,0.034172940999269485,0.005493141710758209,0.4326636791229248,0.019835907965898514,0.008383793756365776
0.011277939192950726,0.023769717663526535,0.0007382683106698096,0.6248917579650879,0.3031613230705261,0.011147103272378445,0.02501380443572998
0.024845071136951447,0.02484552375972271,0.008682474493980408,0.06288169324398041,0.8278892636299133,0.019730428233742714,0.03112550638616085
0.007664203178137541,0.011427042074501514,0.0016873575514182448,0.709008514881134,0.2575439214706421,0.007425893098115921,0.0052431621588766575
0.03295817971229553,0.9547048807144165,0.00225225486792624,0.0003731521428562701,0.00449381722137332,0.004285838920623064,0.0009318427182734013
0.019532788544893265,0.05594955012202263,0.2246885746717453,0.00763337267562747,0.40999940037727356,0.16528181731700897,0.11691446602344513
0.08997032791376114,0.019417375326156616,0.5245696902275085,0.011228262446820736,0.3305915892124176,0.015469970181584358,0.0087527334690094
0.050541482865810394,0.025198686867952347,0.016245324164628983,0.007455077487975359,0.8592416048049927,0.028837626799941063,0.0124801741912961
0.1146654561161995,0.047835323959589005,0.004940821789205074,0.003379336791113019,0.13805891573429108,0.6812868118286133,0.009833341464400291
0.03905265033245087,0.15139134228229523,0.020390348508954048,0.004559622146189213,0.27445632219314575,0.5066182017326355,0.0035314897540956736
0.002698526019230485,0.004835533909499645,0.0007534321048296988,0.9350147247314453,0.043660834431648254,0.005548016168177128,0.007488957606256008
0.02496139146387577,0.0367308035492897,0.007189647760242224,0.09395453333854675,0.8039659261703491,0.016707662492990494,0.016490120440721512
0.020891238003969193,0.020966393873095512,0.0009052283712662756,0.018357327207922935,0.9256742596626282,0.009313173592090607,0.0038924438413232565
0.013388475403189659,0.009110098704695702,0.06726927310228348,0.03377058729529381,0.7590489983558655,0.09273441880941391,0.024678142741322517
0.015098406001925468,0.008533340878784657,0.0009813093347474933,0.04478655755519867,0.9119690656661987,0.0031856901478022337,0.015445577912032604
0.16289953887462616,0.04935428127646446,0.007115225773304701,0.019299175590276718,0.6870383620262146,0.00929394830018282,0.06499946862459183
0.03202563524246216,0.013101198710501194,0.0007900973432697356,0.8032187819480896,0.11949360370635986,0.004536028951406479,0.026834771037101746
0.008459929376840591,0.8341171145439148,0.006050798110663891,0.02072850801050663,0.11091067641973495,0.002523858565837145,0.017209257930517197
