anger,disgust,fear,joy,neutral,sadness,surprise
0.006264867261052132,0.0055059269070625305,0.009073623456060886,0.3196561932563782,0.6063932180404663,0.008862845599651337,0.04424329847097397
0.10925909876823425,0.09047233313322067,0.0032941261306405067,0.18037933111190796,0.5541406273841858,0.053492676466703415,0.008961783722043037
0.022698458284139633,0.027934234589338303,0.0009794376092031598,0.03901831805706024,0.15924440324306488,0.7212322354316711,0.02889294922351837
0.011673047207295895,0.14583738148212433,0.02019812911748886,0.005034505855292082,0.680809497833252,0.0239394698292017,0.11250796169042587
0.004808320663869381,0.15150608122348785,0.013023766689002514,0.008357795886695385,0.3875464200973511,0.3576529920101166,0.07710471004247665
0.1639108508825302,0.2398117333650589,0.007250978611409664,0.00688613997772336,0.5395044088363647,0.029606925323605537,0.013028954155743122
0.008024080656468868,0.012384340167045593,0.0013153731124475598,0.012729429639875889,0.26894932985305786,0.00487372325733304,0.6917237043380737
0.007866847328841686,0.00826351623982191,0.30813342332839966,0.006679981481283903,0.3214636445045471,0.30987975001335144,0.03771284222602844
0.006744987331330776,0.007280964870005846,0.887671172618866,0.003410279517993331,0.07039382308721542,0.0068475473672151566,0.017651140689849854
0.06844339519739151,0.6842144727706909,0.08468083292245865,0.005261671729385853,0.14501924812793732,0.0068137021735310555,0.0055666733533144
0.48358452320098877,0.2216840535402298,0.04035266488790512,0.007329368032515049,0.1055581122636795,0.13439136743545532,0.00709993951022625
0.03506368398666382,0.18822389841079712,0.012467777356505394,0.0031428681686520576,0.7394124269485474,0.0070223938673734665,0.014666911214590073
0.792729914188385,0.08666261285543442,0.010008865967392921,0.002259486820548773,0.05484134331345558,0.0458684116601944,0.007629344239830971
0.8482475280761719,0.012462160550057888,0.11405669152736664,0.0037227743305265903,0.011543499305844307,0.007590549532324076,0.002376660006120801
0.022391635924577713,0.03216775506734848,0.2108682096004486,0.003955760505050421,0.07298437505960464,0.5033813714981079,0.15425090491771698
0.009520487859845161,0.015344575978815556,0.005900186020880938,0.1966143250465393,0.5952295064926147,0.06412139534950256,0.11326956003904343
0.035059697926044464,0.9293699860572815,0.0038229830097407103,0.0036747076082974672,0.01957913674414158,0.0068067340180277824,0.0016867495141923428
0.005102281458675861,0.0016987464623525739,0.0014278022572398186,0.6834004521369934,0.17145991325378418,0.009701414033770561,0.12720942497253418
0.004521952476352453,0.015081734396517277,0.0030079849530011415,0.33920812606811523,0.5867315530776978,0.036179132759571075,0.015269480645656586
