anger,disgust,fear,joy,neutral,sadness,surprise
0.005233080592006445,0.01568240486085415,0.002676560776308179,0.1675916314125061,0.7795111536979675,0.020115267485380173,0.009189949370920658
0.03670571371912956,0.08850393444299698,0.6712830066680908,0.003240106161683798,0.16604799032211304,0.026416555047035217,0.007802681066095829
0.2216426283121109,0.5976682305335999,0.007494979538023472,0.0015181632479652762,0.07990746200084686,0.08320257812738419,0.008566043339669704
0.005300805903971195,0.006769403349608183,0.00709432503208518,0.003070968436077237,0.015767857432365417,0.959481418132782,0.002515191212296486
0.005845078267157078,0.010037221945822239,0.001119451131671667,0.008204561658203602,0.9513443112373352,0.004035125486552715,0.019414318725466728
0.014734691940248013,0.022783199325203896,0.0010518442140892148,0.14021341502666473,0.7282644510269165,0.07407453656196594,0.018877865746617317
0.005539647303521633,0.006958274636417627,0.0021630730479955673,0.5496359467506409,0.3247171938419342,0.02341413125395775,0.08757167309522629
0.008572876453399658,0.004030593670904636,0.0053528486751019955,0.05195537209510803,0.03017393872141838,0.007590752560645342,0.8923236727714539
0.039276372641325,0.8007811903953552,0.0060882228426635265,0.004345871042460203,0.12688224017620087,0.02113865315914154,0.0014874681364744902
0.0659092515707016,0.07172387838363647,0.017076890915632248,0.004924593959003687,0.7817962169647217,0.026562273502349854,0.03200690075755119
0.0033104438334703445,0.02791089192032814,0.002048624213784933,0.01056725438684225,0.8125131130218506,0.12845799326896667,0.015191817656159401
0.18210220336914062,0.16302771866321564,0.004979973658919334,0.002272708108648658,0.07111471891403198,0.5716885328292847,0.004814152605831623
0.0708760917186737,0.8998674750328064,0.003119930624961853,0.0008468843880109489,0.014369141310453415,0.009705157950520515,0.001215257914736867
0.028477059677243233,0.011013748124241829,0.0027798505034297705,0.5768830180168152,0.3142402768135071,0.04864824190735817,0.017957815900444984
0.009971036575734615,0.05428782477974892,0.015217126347124577,0.04407636821269989,0.42515987157821655,0.44184836745262146,0.0094394376501441
0.016921384260058403,0.025553738698363304,0.008215595036745071,0.19815805554389954,0.4496506154537201,0.082386814057827,0.21911384165287018
0.02207116223871708,0.08038665354251862,0.014530494809150696,0.14789074659347534,0.7145519852638245,0.009065931662917137,0.011503082700073719
0.004389503505080938,0.005507682915776968,0.0007977494387887418,0.7943363189697266,0.15702441334724426,0.011491718702018261,0.02645261399447918
0.32780060172080994,0.03471611812710762,0.006284420378506184,0.001200964441522956,0.025491779670119286,0.5962580442428589,0.008248158730566502
0.003939011134207249,0.0030019350815564394,0.001882663811556995,0.75002121925354,0.19236887991428375,0.008846145123243332,0.03994007408618927
0.008893013000488281,0.9803609251976013,0.0012911135563626885,0.0012068324722349644,0.005571434739977121,0.001968125347048044,0.000708580540958792
0.07727327197790146,0.8499240279197693,0.007617960684001446,0.0010650247568264604,0.04293641075491905,0.018811138346791267,0.0023721514735370874
0.018301863223314285,0.015300050377845764,0.01618470437824726,0.030172592028975487,0.8949130773544312,0.015083909034729004,0.010043840855360031
0.23886550962924957,0.10854195058345795,0.008486242033541203,0.05903401970863342,0.41884034872055054,0.1630755215883255,0.0031563877128064632
0.07479096204042435,0.04072800651192665,0.002388342982158065,0.19306425750255585,0.6299639344215393,0.05101728439331055,0.008047116920351982
0.6564751863479614,0.2625907063484192,0.005040353164076805,0.0016286785248667002,0.05159889534115791,0.021240616217255592,0.0014255513669922948
0.012492581270635128,0.005610492080450058,0.008359928615391254,0.03312327712774277,0.42398136854171753,0.47499340772628784,0.04143901541829109
0.046575162559747696,0.07314397394657135,0.009683546610176563,0.012063777074217796,0.7891859412193298,0.06553152948617935,0.0038159701507538557
0.004264357034116983,0.012493317015469074,0.005563410930335522,0.00736647192388773,0.08321546018123627,0.8759138584136963,0.011183018796145916
0.01063728891313076,0.026045655831694603,0.19700857996940613,0.01873915083706379,0.49956777691841125,0.03341793641448021,0.2145836353302002
0.03136007487773895,0.06589768826961517,0.1521793007850647,0.005390459671616554,0.5724837779998779,0.055539846420288086,0.11714880913496017
