anger,disgust,fear,joy,neutral,sadness,surprise
0.09884201735258102,0.07638947665691376,0.0329182967543602,0.4229182004928589,0.310804158449173,0.03394794091582298,0.024179859086871147
0.0722963735461235,0.027989640831947327,0.0029879966750741005,0.00588753679767251,0.03434108570218086,0.8523281812667847,0.004169137217104435
0.025521013885736465,0.024697698652744293,0.09328139573335648,0.2355133444070816,0.29294243454933167,0.31359636783599854,0.014447741210460663
0.5225316882133484,0.06554471701383591,0.006204232107847929,0.0018964373739436269,0.0780399739742279,0.3207238018512726,0.005059233400970697
0.08760351687669754,0.015002085827291012,0.010225491598248482,0.0012317592045292258,0.02912394143640995,0.00393595639616251,0.8528772592544556
0.00435149110853672,0.0014579783892259002,0.9698255658149719,0.0007570329471491277,0.009584801271557808,0.011672473512589931,0.0023506288416683674
0.18949492275714874,0.1319195181131363,0.034726083278656006,0.010916092433035374,0.18653219938278198,0.43776628375053406,0.008644879795610905
0.9606397747993469,0.012272135354578495,0.0033013708889484406,0.0005103785661049187,0.019386589527130127,0.002228880301117897,0.001660848269239068
0.00528601324185729,0.0021153653506189585,0.0036466182209551334,0.2980481684207916,0.6388782262802124,0.014870312996208668,0.037155330181121826
0.07512360066175461,0.07488739490509033,0.004434045869857073,0.31916704773902893,0.4859313666820526,0.022908948361873627,0.017547674477100372
0.3085193336009979,0.522439181804657,0.009219308383762836,0.004806898068636656,0.10007797926664352,0.053379256278276443,0.001558035844936967
0.029576698318123817,0.17847837507724762,0.053884487599134445,0.004888811148703098,0.4558359682559967,0.2722967267036438,0.0050389692187309265
0.537248969078064,0.245525524020195,0.018887685611844063,0.003113851184025407,0.09799737483263016,0.09321582317352295,0.004010812845081091
0.14031513035297394,0.02026844397187233,0.28083574771881104,0.0028615903574973345,0.018338745459914207,0.5303380489349365,0.007042355835437775
0.06613176316022873,0.05104750022292137,0.016354190185666084,0.0044187018647789955,0.5705119967460632,0.04363718628883362,0.2478986531496048
0.9736965298652649,0.01091651152819395,0.0024857502430677414,0.0003727396542672068,0.009130729362368584,0.0018323974218219519,0.0015653398586437106
0.6872227191925049,0.04759303480386734,0.20408283174037933,0.0029870171565562487,0.015694545581936836,0.040708255022764206,0.0017116342205554247
0.00141733733471483,0.0042544640600681305,0.003310119267553091,0.0011325605446472764,0.013950643129646778,0.9698814153671265,0.006053416524082422
0.028517840430140495,0.01279660314321518,0.40834295749664307,0.005017424467951059,0.41077423095703125,0.1025874987244606,0.03196340799331665
0.3783908486366272,0.2522290050983429,0.04215594381093979,0.0022293890360742807,0.2459276020526886,0.07361344248056412,0.005453805904835463
0.010703837499022484,0.08497846126556396,0.00897544901818037,0.09042706340551376,0.6395983695983887,0.01175703201442957,0.15355978906154633
0.09904173761606216,0.09015008062124252,0.003300757147371769,0.0012220159405842423,0.014324340038001537,0.7903677225112915,0.0015933860559016466
0.29346486926078796,0.055702801793813705,0.09695787727832794,0.0018357448279857635,0.05668157339096069,0.47147268056869507,0.02388439141213894
0.592371940612793,0.03848344832658768,0.2879941463470459,0.0034030356910079718,0.04388865455985069,0.031217185780405998,0.002641588682308793
0.3446190357208252,0.11027684807777405,0.018875259906053543,0.013493853621184826,0.3298832178115845,0.16796833276748657,0.014883462339639664
