anger,disgust,fear,joy,neutral,sadness,surprise
0.06484480947256088,0.009912174195051193,0.12040748447179794,0.027033554390072823,0.6557066440582275,0.046833235770463943,0.07526209205389023
0.019086210057139397,0.04390566423535347,0.10634196549654007,0.009118340909481049,0.7491697072982788,0.060594670474529266,0.011783456429839134
0.03128562122583389,0.058809198439121246,0.2578032612800598,0.0028014397248625755,0.08450532704591751,0.5451059937477112,0.019689183682203293
0.15737149119377136,0.05386338010430336,0.02353488653898239,0.08456458896398544,0.3754202127456665,0.29886680841445923,0.0063785952515900135
0.0014269368257373571,0.0015757139772176743,0.0005337377660907805,0.007845739834010601,0.012389198876917362,0.9715389013290405,0.004689710680395365
0.0656847134232521,0.8300750255584717,0.020775936543941498,0.0007668118341825902,0.07121185213327408,0.0070488848723471165,0.004436804447323084
0.19905608892440796,0.061097703874111176,0.15020765364170074,0.0018760532839223742,0.3601776659488678,0.17233002185821533,0.055254749953746796
0.21030192077159882,0.3809822201728821,0.014329614117741585,0.003559055970981717,0.1902974396944046,0.18462644517421722,0.015903307124972343
0.10094142705202103,0.27877363562583923,0.003612192114815116,0.08293558657169342,0.3495878577232361,0.1795903444290161,0.004558892920613289
0.025129610672593117,0.028826219961047173,0.34056660532951355,0.0018584602512419224,0.028798606246709824,0.56815105676651,0.006669481284916401
0.002674135146662593,0.007641764357686043,0.01933150924742222,0.0029503379482775927,0.026367325335741043,0.9299220442771912,0.011112893000245094
