anger,disgust,fear,joy,neutral,sadness,surprise
0.01639888621866703,0.12240413576364517,0.33913400769233704,0.014209180139005184,0.4081093370914459,0.01562768965959549,0.08411674946546555
0.0031301951967179775,0.018750783056020737,0.9138346314430237,0.0008676266297698021,0.016707872971892357,0.03296268731355667,0.01374625600874424
0.003893020562827587,0.023925235494971275,0.006892072036862373,0.004911549389362335,0.9210026264190674,0.0028172547463327646,0.03655821830034256
0.003311584936454892,0.038818664848804474,0.008552617393434048,0.05915054678916931,0.829342782497406,0.00854039192199707,0.05228342488408089
0.03834884241223335,0.12492388486862183,0.016561921685934067,0.01499903667718172,0.7582994699478149,0.01788528822362423,0.02898162230849266
0.034842222929000854,0.24985232949256897,0.5118213295936584,0.0200476236641407,0.14581480622291565,0.01286112517118454,0.02476050704717636
0.01207643561065197,0.3617296516895294,0.21745476126670837,0.011374074965715408,0.33495086431503296,0.017613308504223824,0.04480086266994476
0.005616817157715559,0.011321750469505787,0.0021737220231443644,0.002320024883374572,0.943068265914917,0.007012128829956055,0.028487320989370346
0.0014782887883484364,0.00356297311373055,0.0013914910377934575,0.9532310962677002,0.019570225849747658,0.0159391388297081,0.004826839081943035
0.004058551508933306,0.005570950917899609,0.014958853833377361,0.8538174629211426,0.05860466882586479,0.004705921281129122,0.058283597230911255
0.03128975257277489,0.19862176477909088,0.08174710720777512,0.005853454116731882,0.5684400200843811,0.02598208375275135,0.08806586265563965
