anger,disgust,fear,joy,neutral,sadness,surprise
0.031196944415569305,0.0972159132361412,0.055137503892183304,0.00471585663035512,0.7849922776222229,0.01993623934686184,0.006805317476391792
0.011524416506290436,0.02712581492960453,0.0047958591021597385,0.0020343968644738197,0.9060297012329102,0.006697900127619505,0.041791949421167374
0.039333175867795944,0.9005259275436401,0.001982886577025056,0.002252020174637437,0.04928741976618767,0.005072472151368856,0.0015460720751434565
0.055865880101919174,0.7164272665977478,0.1506011039018631,0.0015763187548145652,0.04021250084042549,0.02790885604918003,0.007408073637634516
0.031852222979068756,0.7813825607299805,0.007191838696599007,0.00484955171123147,0.15380261838436127,0.0070656645111739635,0.013855467550456524
0.5262004733085632,0.33062630891799927,0.0047891223803162575,0.0012812293134629726,0.09830117970705032,0.03543104976415634,0.0033707416150718927
0.4151752293109894,0.19018132984638214,0.012663308531045914,0.013660773634910583,0.34309154748916626,0.01912122219800949,0.006106609478592873
0.21532711386680603,0.009620712138712406,0.45043298602104187,0.006416643038392067,0.24407920241355896,0.051312923431396484,0.02281045727431774
0.016868697479367256,0.028795409947633743,0.016345571726560593,0.015148607082664967,0.849858820438385,0.020680394023656845,0.05230243504047394
0.3907446563243866,0.027117209509015083,0.08216433227062225,0.005576916970312595,0.36106908321380615,0.06405752897262573,0.06927026063203812
0.024697154760360718,0.03585812449455261,0.01036258414387703,0.06117035076022148,0.8334157466888428,0.028346512466669083,0.006149499211460352
0.10252354294061661,0.027348967269062996,0.04486494138836861,0.008524497970938683,0.7714375257492065,0.028503719717264175,0.0167967788875103
0.0763828381896019,0.09055237472057343,0.046646155416965485,0.004269842524081469,0.7647796273231506,0.009077263064682484,0.008291860111057758
0.4334121346473694,0.10390868782997131,0.007300822529941797,0.013661910779774189,0.3976433277130127,0.033577971160411835,0.010495096445083618
0.016744308173656464,0.07528897374868393,0.0062697757966816425,0.040480561554431915,0.8132308721542358,0.040156252682209015,0.00782928615808487
