anger,disgust,fear,joy,neutral,sadness,surprise
0.01809045672416687,0.08518467098474503,0.0013405149802565575,0.05727627873420715,0.791708767414093,0.010043641552329063,0.036355625838041306
0.024042854085564613,0.35577359795570374,0.0014425007393583655,0.21436357498168945,0.37642642855644226,0.011260733008384705,0.016690364107489586
0.08243360370397568,0.4996172785758972,0.02540946938097477,0.002858632942661643,0.1284988671541214,0.25345954298973083,0.007722520735114813
0.09460033476352692,0.14533528685569763,0.004321723245084286,0.009414437226951122,0.6940135955810547,0.048859935253858566,0.003454639110714197
0.41739094257354736,0.2729969620704651,0.02850973606109619,0.014343976974487305,0.23466701805591583,0.02710123173892498,0.004990119952708483
0.5414156317710876,0.3094262480735779,0.01905813254415989,0.0017288945382460952,0.10390811413526535,0.013349087908864021,0.011113805696368217
0.03703990951180458,0.024751896038651466,0.004663888830691576,0.027016950771212578,0.6833452582359314,0.00874216016381979,0.2144399732351303
0.023250851780176163,0.07157310843467712,0.0022448471281677485,0.3835611939430237,0.44217345118522644,0.059872012585401535,0.01732463389635086
0.06610942631959915,0.05421343818306923,0.2576768100261688,0.011099078692495823,0.560343325138092,0.018213408067822456,0.03234461694955826
0.2629471719264984,0.2466416209936142,0.015765612944960594,0.00718185119330883,0.43445295095443726,0.02550644800066948,0.00750425411388278
0.0028867118526250124,0.0025507721584290266,0.9349938035011292,0.012711924500763416,0.03763353452086449,0.0033329217694699764,0.005890475586056709
0.043101966381073,0.7218993902206421,0.11419317126274109,0.0006580265471711755,0.08615816384553909,0.017819490283727646,0.01616985723376274
0.02799455262720585,0.05610017850995064,0.06437651813030243,0.005354487802833319,0.6488421559333801,0.01103957649320364,0.18629249930381775
0.023801203817129135,0.012756215408444405,0.817437469959259,0.0014035209314897656,0.08021083474159241,0.007024870254099369,0.057365890592336655
0.02361995354294777,0.04286449775099754,0.7820214629173279,0.0024687666445970535,0.12178643047809601,0.021262092515826225,0.005976834800094366
0.008649828843772411,0.021908799186348915,0.025897864252328873,0.023317323997616768,0.7080516219139099,0.19866116344928741,0.013513426296412945
0.016042040660977364,0.004944834392517805,0.0015420028939843178,0.4539589285850525,0.41460394859313965,0.015055246651172638,0.0938529521226883
0.0031093840952962637,0.006810604128986597,0.0011102806311100721,0.0013771862722933292,0.014040282927453518,0.970136821269989,0.003415479091927409
0.25672590732574463,0.11736830323934555,0.3276097774505615,0.0033331087324768305,0.1110716313123703,0.0877504050731659,0.09614087641239166
0.43545687198638916,0.3705679476261139,0.06939653307199478,0.0020054648630321026,0.049928173422813416,0.06830478459596634,0.004340264946222305
0.8275401592254639,0.02711227908730507,0.07125043869018555,0.0010020663030445576,0.02431870438158512,0.0387481227517128,0.0100281722843647
0.567685604095459,0.29839417338371277,0.0889151394367218,0.0018945613410323858,0.024909615516662598,0.008740034885704517,0.009460821747779846
0.02639465406537056,0.01657915860414505,0.022628454491496086,0.06808663159608841,0.7603656053543091,0.028780780732631683,0.0771646797657013
0.8715032339096069,0.04418778792023659,0.03767823055386543,0.0016278104158118367,0.01103903353214264,0.031505294144153595,0.002458590781316161
0.1365526169538498,0.03204040229320526,0.38390275835990906,0.003458558116108179,0.3071533143520355,0.09278275072574615,0.04410958290100098
