anger,disgust,fear,joy,neutral,sadness,surprise
0.198518306016922,0.2063850313425064,0.01833486184477806,0.001962966751307249,0.08651353418827057,0.48433753848075867,0.003947779070585966
0.1692822426557541,0.6888631582260132,0.024719346314668655,0.0020623444579541683,0.08007241040468216,0.0314316488802433,0.0035687750205397606
0.009552842937409878,0.7607277631759644,0.018571922555565834,0.014350700192153454,0.16747896373271942,0.008620033971965313,0.02069787308573723
0.31755176186561584,0.5774098038673401,0.014965022914111614,0.004401312675327063,0.05069509521126747,0.034122008830308914,0.0008550519705750048
0.4339841306209564,0.1974571943283081,0.006109519861638546,0.002573116682469845,0.14407216012477875,0.2032177597284317,0.012586095370352268
0.06325830519199371,0.8463903069496155,0.0036026739981025457,0.00409908639267087,0.060428861528635025,0.010446283034980297,0.01177443191409111
0.9376070499420166,0.022332554683089256,0.005051931366324425,0.0009372287895530462,0.025789504870772362,0.003805140033364296,0.004476548638194799
0.016053203493356705,0.013039063662290573,0.001423944253474474,0.8353715538978577,0.11436545848846436,0.002440778771415353,0.01730605959892273
0.019075078889727592,0.03656544163823128,0.001248723128810525,0.05544471740722656,0.806207537651062,0.03536246344447136,0.04609595984220505
0.022096166387200356,0.07348047196865082,0.02105410024523735,0.003958050161600113,0.81361985206604,0.012094467878341675,0.05369681492447853
0.05711676552891731,0.0600818507373333,0.017167329788208008,0.015491551719605923,0.33420929312705994,0.49695539474487305,0.018977848812937737
0.11477333307266235,0.4953511357307434,0.015823490917682648,0.00825811643153429,0.3100079596042633,0.032542601227760315,0.02324344590306282
0.014303277246654034,0.02571818418800831,0.005078067071735859,0.0010588117875158787,0.019937632605433464,0.9306979775428772,0.003206102177500725
0.0013409535167738795,0.01870281994342804,0.006145093590021133,0.0042517283000051975,0.03788646310567856,0.9225152134895325,0.009157744236290455
0.38959550857543945,0.4765242338180542,0.010351396165788174,0.001407252042554319,0.04430010914802551,0.07567646354436874,0.0021450696513056755
0.006994061172008514,0.04386407509446144,0.00385979562997818,0.008917342871427536,0.8985598683357239,0.025593794882297516,0.012211093679070473
0.7737043499946594,0.06494951993227005,0.013849541544914246,0.001853342168033123,0.09969459474086761,0.041943036019802094,0.004005611874163151
0.01226064469665289,0.004248279612511396,0.2992948293685913,0.0043877242133021355,0.01266211736947298,0.6650598049163818,0.0020866382401436567
0.012610530480742455,0.4714736342430115,0.018782468512654305,0.08041327446699142,0.35437747836112976,0.010616715997457504,0.05172590911388397
0.6237059235572815,0.11730634421110153,0.0068116504698991776,0.003309802617877722,0.1685701459646225,0.07826296985149384,0.0020331547129899263
0.031960003077983856,0.022831479087471962,0.001473287004046142,0.05758686736226082,0.85096675157547,0.022121818736195564,0.013059827499091625
