anger,disgust,fear,joy,neutral,sadness,surprise
0.0964672788977623,0.6047243475914001,0.1785193830728531,0.005378413945436478,0.08681190013885498,0.015095395036041737,0.013003318570554256
0.033055610954761505,0.20504726469516754,0.24476708471775055,0.0386078916490078,0.2535359859466553,0.2040390968322754,0.02094714157283306
0.00991254672408104,0.022370988503098488,0.00787783320993185,0.41467979550361633,0.22247201204299927,0.3193754553794861,0.003311355132609606
0.006439908407628536,0.03134796395897865,0.0020721345208585262,0.19561193883419037,0.742005467414856,0.015831850469112396,0.006690756883472204
0.013994480483233929,0.010920551605522633,0.5088509917259216,0.37489309906959534,0.04173298180103302,0.0473131500184536,0.0022947238758206367
0.014341576024889946,0.7016310095787048,0.03487294539809227,0.025491241365671158,0.18078270554542542,0.020735038444399834,0.022145522758364677
0.006380379665642977,0.09649566560983658,0.009335512295365334,0.07226356863975525,0.7830682992935181,0.0058670020662248135,0.02658964693546295
0.009618578478693962,0.054210372269153595,0.04709664732217789,0.047548774629831314,0.8097995519638062,0.009815848432481289,0.021910173818469048
0.01514638215303421,0.4778796136379242,0.006743972189724445,0.36006486415863037,0.07483497262001038,0.05422936752438545,0.011100854724645615
0.1431027203798294,0.3654728829860687,0.009966248646378517,0.014958234503865242,0.4333806335926056,0.03027791902422905,0.002841377165168524
0.008036831393837929,0.11030274629592896,0.006064630579203367,0.002254658378660679,0.8322112560272217,0.02274966426193714,0.018380217254161835
0.007999181747436523,0.11721839755773544,0.0024477741681039333,0.42761489748954773,0.40761062502861023,0.03384837880730629,0.0032607633620500565
0.022269759327173233,0.4149206280708313,0.0100746750831604,0.12226056307554245,0.40399491786956787,0.006401291582733393,0.020078212022781372
0.026361193507909775,0.0813867598772049,0.01312616840004921,0.0036092696245759726,0.2658194303512573,0.006964958738535643,0.6027321815490723
0.2453886717557907,0.594312310218811,0.005178868304938078,0.001782550709322095,0.10106369853019714,0.024765191599726677,0.027508756145834923
0.003609733423218131,0.004309085197746754,0.0002869571326300502,0.9603972434997559,0.021936390548944473,0.004063061438500881,0.005397383123636246
0.00641988031566143,0.007903357967734337,0.00922261830419302,0.0017579167615622282,0.012673167511820793,0.9474925398826599,0.014530573040246964
