anger,disgust,fear,joy,neutral,sadness,surprise
0.01380732748657465,0.1257571130990982,0.28327542543411255,0.0034116024617105722,0.5265246033668518,0.014586200006306171,0.03263770043849945
0.010198519565165043,0.014992335811257362,0.0028856133576482534,0.3661566972732544,0.5364668965339661,0.022594060748815536,0.04670586809515953
0.008802840486168861,0.07359994202852249,0.008318230509757996,0.03125181794166565,0.8363898396492004,0.03171057999134064,0.009926664642989635
0.014795784838497639,0.7323834896087646,0.008714413270354271,0.004417821299284697,0.2093127965927124,0.0060500227846205235,0.024325646460056305
0.006793748587369919,0.054252076894044876,0.00888394471257925,0.3053935766220093,0.5498257279396057,0.01734064519405365,0.057510167360305786
0.00430723000317812,0.04753981530666351,0.02735350839793682,0.004245101939886808,0.07298202067613602,0.8249680995941162,0.01860417239367962
0.08757474273443222,0.8461148738861084,0.03501753881573677,0.0007877242169342935,0.017298473045229912,0.006633935496211052,0.006572653539478779
0.09233197569847107,0.031850092113018036,0.3927105963230133,0.004879673011600971,0.32222265005111694,0.1158444955945015,0.04016054794192314
0.010895386338233948,0.03136588633060455,0.006453495938330889,0.010497869923710823,0.9048210978507996,0.02694627270102501,0.009020015597343445
0.020730355754494667,0.02843165211379528,0.2525975704193115,0.002364109270274639,0.05965433269739151,0.5959728956222534,0.04024912416934967
0.012100825086236,0.05513013154268265,0.25824299454689026,0.15860825777053833,0.38862910866737366,0.02848868817090988,0.09880001097917557
0.08932006359100342,0.11659694463014603,0.02703792415559292,0.014045048505067825,0.2493387907743454,0.4980316460132599,0.0056295739486813545
0.00458245724439621,0.006581911351531744,0.7801426649093628,0.0019955458119511604,0.014260801486670971,0.1714545488357544,0.0209820494055748
0.0034400993026793003,0.00960915070027113,0.005070236511528492,0.09895754605531693,0.6374238133430481,0.06872070580720901,0.17677854001522064
0.4335944354534149,0.46069979667663574,0.014565144665539265,0.002429771702736616,0.02340296469628811,0.05933981016278267,0.005968141835182905
0.012711205519735813,0.06438249349594116,0.003855687566101551,0.008809301070868969,0.14135213196277618,0.7638646960258484,0.005024534184485674
0.007751018740236759,0.011457907035946846,0.0019349163630977273,0.7185149192810059,0.13420216739177704,0.10029448568820953,0.025844542309641838
0.03139202669262886,0.06103404238820076,0.0013815818820148706,0.28562065958976746,0.590002179145813,0.020125972107052803,0.010443481616675854
0.02907116711139679,0.05310430750250816,0.05141805112361908,0.003300077049061656,0.3351943790912628,0.51334547996521,0.014566526748239994
0.009473297744989395,0.7266465425491333,0.025933939963579178,0.0046756453812122345,0.1950799524784088,0.013743947260081768,0.02444666624069214
0.003522411221638322,0.006172030232846737,0.9604382514953613,0.0012858598493039608,0.016121238470077515,0.004071332048624754,0.008388850837945938
0.00500808609649539,0.9843095541000366,0.004098527133464813,0.0006187107064761221,0.003890360239893198,0.0014758355682715774,0.000598812592215836
0.007067715283483267,0.9661827087402344,0.01903815194964409,0.00035591208143159747,0.0039969393983483315,0.002585334237664938,0.0007733667152933776
0.00397243769839406,0.0025889715179800987,0.004451094660907984,0.001565021462738514,0.006385901942849159,0.001189077622257173,0.9798475503921509
0.1835530400276184,0.754220187664032,0.04153674840927124,0.0009642409859225154,0.011098509654402733,0.00725565105676651,0.001371591817587614
0.04373108968138695,0.14932866394519806,0.11206719279289246,0.010897161439061165,0.6502370834350586,0.023238690569996834,0.010500115342438221
0.5697950124740601,0.12405425310134888,0.012947533279657364,0.0023630966898053885,0.19895631074905396,0.0870930477976799,0.004790652077645063
0.5514042377471924,0.0845147967338562,0.20359812676906586,0.0017395669128745794,0.056227315217256546,0.09346809983253479,0.009047867730259895
0.01399780623614788,0.021558746695518494,0.8707181215286255,0.0016262338031083345,0.07714744657278061,0.011583445593714714,0.003368339966982603
0.02354791760444641,0.03424714133143425,0.004573745187371969,0.009310910478234291,0.8061988353729248,0.00857175886631012,0.11354973912239075
0.8137511014938354,0.02857881784439087,0.05664074048399925,0.0015578068559989333,0.054143887013196945,0.04105210676789284,0.004275470972061157
0.0075608049519360065,0.017925528809428215,0.31862786412239075,0.0035726872738450766,0.030234353616833687,0.005839409306645393,0.6162393093109131
0.23733466863632202,0.34236305952072144,0.03480390086770058,0.003356220433488488,0.33451321721076965,0.03870461508631706,0.008924296125769615
0.2546182870864868,0.15897460281848907,0.041560299694538116,0.0013516356702893972,0.09865953773260117,0.4366130828857422,0.008222464472055435
0.04195523262023926,0.925725519657135,0.0026445798575878143,0.002025224734097719,0.023395966738462448,0.0029325317591428757,0.0013209632597863674
0.11116893589496613,0.07773817330598831,0.09199599176645279,0.0027333663310855627,0.5632930994033813,0.12997841835021973,0.023091917857527733
0.008853878825902939,0.010269585996866226,0.01291763037443161,0.047701090574264526,0.8566628694534302,0.00844667386263609,0.05514834448695183
0.454618364572525,0.056410904973745346,0.045198626816272736,0.004040652886033058,0.4141744077205658,0.00672931456938386,0.01882769912481308
0.5216456651687622,0.31962287425994873,0.06978978961706161,0.0015716897323727608,0.057803865522146225,0.022350570186972618,0.007215565536171198
0.02599787712097168,0.039381302893161774,0.7647675275802612,0.0025230010505765676,0.1367017775774002,0.011233486235141754,0.019395126029849052
0.018645431846380234,0.8202930688858032,0.10017617791891098,0.001327928272075951,0.02618681639432907,0.01635093428194523,0.017019696533679962
0.0032683787867426872,0.02366209216415882,0.0038686073385179043,0.5088295936584473,0.35669004917144775,0.09087010473012924,0.012811248190701008
