anger,disgust,fear,joy,neutral,sadness,surprise
0.017677292227745056,0.01539845485240221,0.25543633103370667,0.05854178965091705,0.5425989031791687,0.028662070631980896,0.08168519288301468
0.019825689494609833,0.026732182130217552,0.01779252290725708,0.023767059668898582,0.2522750496864319,0.6416189074516296,0.01798856072127819
0.6472046375274658,0.1568748652935028,0.003550775581970811,0.038219183683395386,0.11996018886566162,0.030801305547356606,0.0033890516497194767
0.060889776796102524,0.3036205768585205,0.02165675349533558,0.011643236503005028,0.5721569657325745,0.015728848055005074,0.014303762465715408
0.7442560195922852,0.07464375346899033,0.07477488368749619,0.0012059942819178104,0.04589293524622917,0.04354771226644516,0.015678618103265762
0.07335982471704483,0.0743807777762413,0.011958022601902485,0.6019541025161743,0.20614978671073914,0.019118525087833405,0.013079004362225533
0.006196323782205582,0.9872384071350098,0.0012594744330272079,0.0003681155212689191,0.0031459082383662462,0.0012035309337079525,0.0005883569247089326
0.02126576378941536,0.020862378180027008,0.7428252100944519,0.0035101529210805893,0.1763802468776703,0.024540074169635773,0.010616187937557697
0.49364906549453735,0.08406293392181396,0.0161915123462677,0.011858614161610603,0.28047478199005127,0.10873844474554062,0.005024803802371025
0.13631078600883484,0.7307339310646057,0.05977258458733559,0.0007672297651879489,0.020709536969661713,0.0479264035820961,0.003779539605602622
0.2202022522687912,0.10055387765169144,0.02014337293803692,0.025536540895700455,0.5005257725715637,0.13070543110370636,0.0023327788803726435
0.9765323400497437,0.009184850379824638,0.0018466764595359564,0.0005485035362653434,0.00729172071442008,0.0026443994138389826,0.0019514986779540777
0.004639096558094025,0.008844612166285515,0.9758093953132629,0.0006330819451250136,0.0029468333814293146,0.0025883920025080442,0.004538549110293388
0.6140809059143066,0.19540511071681976,0.005431097466498613,0.004015750717371702,0.025321582332253456,0.15276023745536804,0.002985230181366205
0.014351134188473225,0.9714113473892212,0.0035613947547972202,0.0010911901481449604,0.004168952815234661,0.004245204385370016,0.0011708381352946162
0.8929335474967957,0.06621909886598587,0.003224496264010668,0.0014665728667750955,0.021546928212046623,0.011598044075071812,0.0030113710090517998
0.008677124045789242,0.006339930929243565,0.0028957584872841835,0.07280606031417847,0.8459778428077698,0.04415568709373474,0.019147617742419243
0.5089383125305176,0.024362653493881226,0.11688663065433502,0.003350749146193266,0.06271692365407944,0.26974597573280334,0.013998783193528652
0.2577180564403534,0.011438976973295212,0.6580125093460083,0.003283800557255745,0.04142916202545166,0.011437869630753994,0.016679562628269196
0.8954600691795349,0.046620067209005356,0.0022046167869120836,0.0009948572842404246,0.04219178110361099,0.01013784296810627,0.0023906363639980555
0.6112781763076782,0.07083289325237274,0.09234619140625,0.0024294592440128326,0.035767052322626114,0.18506523966789246,0.0022810634691268206
0.6509729623794556,0.20990225672721863,0.043691523373126984,0.002311854623258114,0.06118046119809151,0.030566563829779625,0.0013744351454079151
0.5298285484313965,0.3387790322303772,0.006902514025568962,0.0018718939973041415,0.08545997738838196,0.03266170248389244,0.004496315028518438
0.018377747386693954,0.004548753146082163,0.7528132200241089,0.03933650255203247,0.12566915154457092,0.04517580196261406,0.014078864827752113
0.19474154710769653,0.008691237308084965,0.2334890216588974,0.0026459607761353254,0.013889455236494541,0.044424958527088165,0.5021178126335144
0.7498456239700317,0.12226283550262451,0.04571651294827461,0.0012482936726883054,0.042964015156030655,0.03651771694421768,0.0014449938898906112
0.002714501926675439,0.006713502574712038,0.004373680800199509,0.0012221476063132286,0.02464856021106243,0.9547916054725647,0.0055360314436256886
0.9848371148109436,0.00231624161824584,0.003541580867022276,0.00041802297346293926,0.0038323067128658295,0.0032967734150588512,0.001757964724674821
0.19625699520111084,0.27401718497276306,0.006998566444963217,0.0052673411555588245,0.39373356103897095,0.11950024962425232,0.004226060584187508
0.01977398619055748,0.008180627599358559,0.015119616873562336,0.00559977674856782,0.775117814540863,0.0542939268052578,0.12191422283649445
0.008955859579145908,0.7272017002105713,0.025426195934414864,0.0037959646433591843,0.190450981259346,0.007243907079100609,0.03692542389035225
0.06265817582607269,0.017851324751973152,0.003440533298999071,0.19361871480941772,0.15442682802677155,0.011471129953861237,0.5565333366394043
0.4504944682121277,0.4603334069252014,0.029669739305973053,0.0011872102040797472,0.04247298091650009,0.013614155352115631,0.002228108001872897
0.11484595388174057,0.7575775980949402,0.0656571313738823,0.001462901826016605,0.03567980229854584,0.019261978566646576,0.005514571908861399
0.0450805239379406,0.09887704253196716,0.547455906867981,0.0023651188239455223,0.0341881699860096,0.26850658655166626,0.003526597050949931
0.9849649667739868,0.006152571178972721,0.0016503813676536083,0.00035683391615748405,0.004111952148377895,0.001562760560773313,0.0012006282340735197
0.01890762895345688,0.8323805332183838,0.021324070170521736,0.0035701156593859196,0.08138632029294968,0.03159274160861969,0.01083857286721468
