anger,disgust,fear,joy,neutral,sadness,surprise
0.16402004659175873,0.1414550244808197,0.6549791097640991,0.0020462435204535723,0.014823663048446178,0.01517159678041935,0.007504356559365988
0.2276463657617569,0.005640342831611633,0.6631709337234497,0.0034059262834489346,0.008601399138569832,0.08634970337152481,0.005185365676879883
0.008040498942136765,0.007484844420105219,0.04751022905111313,0.0014138463884592056,0.02559500001370907,0.8944480419158936,0.015507552772760391
0.47772830724716187,0.20697255432605743,0.18039527535438538,0.00271996995434165,0.02111826278269291,0.10511837899684906,0.005947201978415251
0.2650228440761566,0.06912887841463089,0.11657194048166275,0.02003394439816475,0.5023263096809387,0.01667298935353756,0.010243051685392857
0.0707191601395607,0.03246910870075226,0.0014268322847783566,0.0705944076180458,0.8052924275398254,0.009771849028766155,0.009726166725158691
0.7370570302009583,0.09190811961889267,0.09598822891712189,0.002027463400736451,0.0461377277970314,0.01963186450302601,0.0072494931519031525
0.5085166096687317,0.28541889786720276,0.03218074142932892,0.005665777716785669,0.12395306676626205,0.04063204675912857,0.0036328372079879045
0.46085166931152344,0.05534638464450836,0.16861356794834137,0.002532906597480178,0.152507483959198,0.1240941733121872,0.0360538586974144
0.004113074392080307,0.04341549053788185,0.006632138509303331,0.017126936465501785,0.8097236156463623,0.096278116106987,0.02271055243909359
