anger,disgust,fear,joy,neutral,sadness,surprise
0.01958276331424713,0.11700613796710968,0.0023368538822978735,0.017067912966012955,0.8261947631835938,0.013395381160080433,0.004416316282004118
0.09872634708881378,0.747123122215271,0.030483746901154518,0.0027991330716758966,0.10278640687465668,0.014065061695873737,0.00401616096496582
0.041953325271606445,0.5714871883392334,0.01777937449514866,0.005813010968267918,0.3433588743209839,0.014311816543340683,0.005296437069773674
0.12533560395240784,0.06416743248701096,0.0081171914935112,0.004040945321321487,0.7797678112983704,0.011805865913629532,0.006765197962522507
0.13630928099155426,0.12094587087631226,0.01572294533252716,0.0027667642571032047,0.6785399913787842,0.027278965339064598,0.0184361282736063
0.650924563407898,0.06614429503679276,0.012203263118863106,0.0038376867305487394,0.2255438268184662,0.037230029702186584,0.004116327967494726
0.458771675825119,0.23591867089271545,0.018360499292612076,0.011114303953945637,0.2399795651435852,0.03045506589114666,0.0054003335535526276
0.1206478402018547,0.039265889674425125,0.006613376084715128,0.5039157271385193,0.16059215366840363,0.09665001928806305,0.07231496274471283
0.019559398293495178,0.013528515584766865,0.016914285719394684,0.16808390617370605,0.5822897553443909,0.1345139443874359,0.06511014699935913
0.14010949432849884,0.19940586388111115,0.020468223839998245,0.005264689214527607,0.16382195055484772,0.46375951170921326,0.007170319557189941
0.5996556282043457,0.07495369762182236,0.02554979920387268,0.0016269538318738341,0.039398957043886185,0.24838301539421082,0.010431945323944092
0.12230172008275986,0.0899917408823967,0.00856628268957138,0.03701150044798851,0.7267130017280579,0.008822012692689896,0.006593829486519098
0.1174975335597992,0.589243471622467,0.05265520513057709,0.0016342331655323505,0.19041357934474945,0.021047815680503845,0.027508186176419258
0.11365076154470444,0.02891572378575802,0.009016876108944416,0.020818250253796577,0.7390227913856506,0.012179609388113022,0.0763959214091301
0.12136165052652359,0.039951883256435394,0.006351027172058821,0.008204568177461624,0.8048275113105774,0.013433613814413548,0.005869722459465265
0.24945791065692902,0.03599128872156143,0.6111511588096619,0.00236505176872015,0.031396836042404175,0.06535343080759048,0.0042843446135520935
