anger,disgust,fear,joy,neutral,sadness,surprise
0.007182209752500057,0.010969246737658978,0.0010995918419212103,0.010564712807536125,0.9537448883056641,0.010319066233932972,0.0061202701181173325
0.012093905359506607,0.1019774079322815,0.015981400385499,0.004174197558313608,0.7488144636154175,0.07515370845794678,0.041804924607276917
0.06860076636075974,0.27091744542121887,0.01775277405977249,0.16299840807914734,0.24196767807006836,0.042174018919467926,0.1955888420343399
0.001991439610719681,0.006762681994587183,0.0038552710320800543,0.007333268877118826,0.04656960070133209,0.9221725463867188,0.011315126903355122
0.7071751356124878,0.06041092798113823,0.032472316175699234,0.0018546301871538162,0.10237526148557663,0.08869162946939468,0.007020164746791124
0.008688870817422867,0.03683585301041603,0.004690355621278286,0.004952044691890478,0.7816908955574036,0.1258627474308014,0.03727920725941658
0.8135645389556885,0.115972600877285,0.0027168579399585724,0.001149859162978828,0.04274909198284149,0.01649964600801468,0.007347343023866415
0.038929373025894165,0.04968203231692314,0.00844663567841053,0.005987219978123903,0.7724459171295166,0.06212925910949707,0.062379635870456696
0.018216390162706375,0.02727513760328293,0.005339899566024542,0.0021766936406493187,0.017918208613991737,0.008049017749726772,0.9210246801376343
0.06026417389512062,0.011638364754617214,0.19727753102779388,0.013301746919751167,0.2049722969532013,0.16484646499156952,0.34769943356513977
0.0054124752059578896,0.005237872246652842,0.0036384747363626957,0.007671110797673464,0.8707969188690186,0.043626923114061356,0.06361615657806396
0.004176831338554621,0.0140822883695364,0.007274131756275892,0.2320801019668579,0.27095744013786316,0.004703268874436617,0.4667259752750397
0.027034541592001915,0.054070618003606796,0.004924786277115345,0.256168007850647,0.6079388856887817,0.007718170527368784,0.042144954204559326
0.003407543059438467,0.000843508169054985,0.0006518930313177407,0.05182674527168274,0.02041669376194477,0.0038169336039572954,0.9190366268157959
0.02394142933189869,0.01347721740603447,0.0015424152370542288,0.6203722357749939,0.3287883400917053,0.0045122080482542515,0.007366223726421595
0.02226708084344864,0.012391039170324802,0.008814818225800991,0.009719407185912132,0.8396683931350708,0.015443653799593449,0.0916956216096878
0.03014557994902134,0.011463306844234467,0.03170400857925415,0.038923390209674835,0.383561909198761,0.021946702152490616,0.48225513100624084
0.031062424182891846,0.012694625183939934,0.01604178547859192,0.20773392915725708,0.4087603986263275,0.0693909153342247,0.25431591272354126
0.024750415235757828,0.011037955991923809,0.6756924390792847,0.016190947964787483,0.1768348664045334,0.02643236704170704,0.0690610259771347
0.0024339822120964527,0.0018018411938101053,0.00039793580072000623,0.9587455987930298,0.004674872383475304,0.026589825749397278,0.005356048233807087
0.015297548845410347,0.011820533312857151,0.07196283340454102,0.010657917708158493,0.8271954655647278,0.02134062349796295,0.04172511026263237
0.01829969324171543,0.014706483110785484,0.009600133635103703,0.02284417301416397,0.813348114490509,0.05391949787735939,0.06728189438581467
0.03220844268798828,0.058135174214839935,0.014235172420740128,0.0061071184463799,0.631141722202301,0.0578535795211792,0.2003188580274582
0.02005091682076454,0.01675344817340374,0.008306830190122128,0.0666411966085434,0.6535869240760803,0.011984147131443024,0.22267650067806244
0.0042573073878884315,0.003071073442697525,0.004806341137737036,0.09702048450708389,0.36553141474723816,0.45337581634521484,0.07193755358457565
0.13317742943763733,0.777702271938324,0.0018994415877386928,0.005595833994448185,0.07303471118211746,0.007313006557524204,0.0012772512855008245
0.036641981452703476,0.020226139575242996,0.0747511088848114,0.0968843623995781,0.5610954761505127,0.06182381510734558,0.14857716858386993
0.01691232994198799,0.03183583542704582,0.0023941057734191418,0.29076606035232544,0.5926626920700073,0.039856236428022385,0.02557276375591755
0.005569725297391415,0.032095205038785934,0.01754453219473362,0.006833267863839865,0.9115748405456543,0.004233699291944504,0.022148769348859787
0.011750893667340279,0.21163040399551392,0.006739133037626743,0.01308432500809431,0.38967791199684143,0.18087582290172577,0.18624147772789001
0.16166675090789795,0.38573089241981506,0.04642559960484505,0.004981896374374628,0.23522831499576569,0.07750889658927917,0.08845764398574829
0.05690284073352814,0.8861302733421326,0.017475496977567673,0.0020145028829574585,0.028045546263456345,0.008210744708776474,0.0012205950915813446
0.058657385408878326,0.07447342574596405,0.0462116114795208,0.0036198776215314865,0.7122434377670288,0.0847126841545105,0.02008155919611454
0.0473419688642025,0.03416100889444351,0.012502402067184448,0.017537010833621025,0.6683690547943115,0.03076913394033909,0.18931938707828522
0.01574665680527687,0.003639495000243187,0.0025573803577572107,0.8023273944854736,0.07636714726686478,0.006546853110194206,0.09281507134437561
0.04240874946117401,0.09396424144506454,0.003814036725088954,0.0031844484619796276,0.20150648057460785,0.6284707188606262,0.026651330292224884
0.007088627200573683,0.018010077998042107,0.0027722527738660574,0.002476463792845607,0.9404703378677368,0.012965136207640171,0.016217118129134178
0.125108540058136,0.05492440238595009,0.08292809873819351,0.005308089777827263,0.596504807472229,0.126708984375,0.008517119102180004
0.04732383415102959,0.010140289552509785,0.004539416637271643,0.15313974022865295,0.4980161488056183,0.20872166752815247,0.07811888307332993
0.019502341747283936,0.05295458808541298,0.018808890134096146,0.01712869480252266,0.7983733415603638,0.08869034051895142,0.004541733302175999
0.23120038211345673,0.07080519199371338,0.05125080421566963,0.003033625427633524,0.17807035148143768,0.3585999310016632,0.10703975707292557
0.0025071778800338507,0.006452907808125019,0.0010788694489747286,0.8809004426002502,0.06879067420959473,0.011287261731922626,0.02898263745009899
0.007801561616361141,0.0038602063432335854,0.004424136597663164,0.0012505528284236789,0.10132505744695663,0.004239697940647602,0.877098798751831
0.01572997495532036,0.008477810770273209,0.0018384795403108,0.12607088685035706,0.8021966218948364,0.009493906050920486,0.03619231656193733
0.01803525909781456,0.08297277241945267,0.007285186089575291,0.002720804652199149,0.8355554342269897,0.02286016009747982,0.030570322647690773
0.008985164575278759,0.0035220019053667784,0.004829626530408859,0.0013237952953204513,0.09546700865030289,0.0032713699620217085,0.8826010227203369
0.015837449580430984,0.02479017712175846,0.003848342690616846,0.00318275298923254,0.9354636073112488,0.0044565326534211636,0.012421216815710068
0.17462529242038727,0.7542780041694641,0.005071399267762899,0.000735540350433439,0.03688418120145798,0.020146096125245094,0.00825953297317028
0.01349651999771595,0.006210338324308395,0.01145248580724001,0.0718441754579544,0.8622974157333374,0.012091368436813354,0.02260765992105007
0.03557571768760681,0.02961023710668087,0.01662782020866871,0.00912038516253233,0.8252463936805725,0.00790233351290226,0.07591719180345535
0.12339463829994202,0.20079058408737183,0.007199233863502741,0.0056371185928583145,0.5886043310165405,0.06412447243928909,0.010249624028801918
0.12201932817697525,0.06921443343162537,0.0061426726169884205,0.00450172321870923,0.2994110584259033,0.1966407746076584,0.3020700514316559
0.013070264831185341,0.18330664932727814,0.026872165501117706,0.0017329155234619975,0.6847803592681885,0.02894585207104683,0.06129175052046776
0.015025991015136242,0.005583546590059996,0.0025995599571615458,0.0032338660676032305,0.21479178965091705,0.0028158666100353003,0.7559493780136108
0.002622467465698719,0.006713788490742445,0.0027706820983439684,0.0696641281247139,0.8268207907676697,0.055852241814136505,0.03555586189031601
0.05506201460957527,0.28868168592453003,0.035999808460474014,0.013208038173615932,0.5794569253921509,0.008027576841413975,0.01956385374069214
0.2045908272266388,0.11626683175563812,0.010863032191991806,0.0029579682741314173,0.6313339471817017,0.02800261601805687,0.005984795745462179
0.005879477132111788,0.009941398166120052,0.0016028163954615593,0.04237495735287666,0.8826317191123962,0.002889772644266486,0.054679740220308304
0.005896233953535557,0.4078037142753601,0.024095293134450912,0.0034397642593830824,0.2031981498003006,0.33454856276512146,0.021018298342823982
0.06387946754693985,0.23573793470859528,0.06986737251281738,0.01067392062395811,0.5443443655967712,0.04508516192436218,0.030411778017878532
0.017487796023488045,0.0068228766322135925,0.03715062886476517,0.005769157782196999,0.8189249038696289,0.0718790590763092,0.04196557402610779
0.08670156449079514,0.4712756872177124,0.0029303713236004114,0.03354167193174362,0.38100653886795044,0.020636405795812607,0.003907645586878061
0.06311720609664917,0.0723380595445633,0.11486433446407318,0.015947921201586723,0.5931313633918762,0.0476045198738575,0.09299661219120026
0.08367414772510529,0.13359396159648895,0.0309851486235857,0.001773201860487461,0.6605848073959351,0.0198072362691164,0.06958148628473282
0.01165833231061697,0.09255753457546234,0.0021782563999295235,0.06407570838928223,0.807604968547821,0.018884530290961266,0.0030405877623707056
0.022891970351338387,0.09222354739904404,0.003010250860825181,0.01639707013964653,0.8073439002037048,0.01044541411101818,0.04768787696957588
0.08331187814474106,0.018218670040369034,0.020251942798495293,0.021158389747142792,0.8143768310546875,0.030741360038518906,0.011940861120820045
0.054893992841243744,0.006744427140802145,0.018694641068577766,0.013448345474898815,0.3414310812950134,0.021176228299736977,0.5436112880706787
0.2879079282283783,0.317726194858551,0.23843805491924286,0.003958508372306824,0.09141889959573746,0.04858526214957237,0.011965209618210793
0.0027307665441185236,0.002293460303917527,0.9632629156112671,0.0023534493520855904,0.020610971376299858,0.005473460536450148,0.0032749371603131294
0.01296908687800169,0.026827475056052208,0.0012754346244037151,0.021666698157787323,0.9106298089027405,0.01111611258238554,0.01551543828099966
0.021454129368066788,0.10707444697618484,0.11496886610984802,0.003222016617655754,0.5897988080978394,0.009255239740014076,0.15422649681568146
0.009010757319629192,0.008942689746618271,0.004674875643104315,0.0033493360970169306,0.939297616481781,0.011895367875695229,0.022829394787549973
0.008259949274361134,0.004839027300477028,0.002923180116340518,0.01791008748114109,0.7907398343086243,0.025400511920452118,0.14992740750312805
0.009212309494614601,0.004286619368940592,0.00788126140832901,0.005982393864542246,0.13351117074489594,0.0048734648153185844,0.8342527151107788
0.014279063791036606,0.002806011587381363,0.03380238637328148,0.021504055708646774,0.24146944284439087,0.21474315226078033,0.47139590978622437
0.03479716554284096,0.047308143228292465,0.006438075099140406,0.008984506130218506,0.5209566950798035,0.011796750128269196,0.36971861124038696
0.068337582051754,0.8993015885353088,0.003595036920160055,0.0006371920462697744,0.010231329128146172,0.0031047568190842867,0.014792507514357567
0.056314658373594284,0.11796941608190536,0.03332361578941345,0.003756146179512143,0.13991668820381165,0.012107910588383675,0.6366115808486938
0.05027446150779724,0.1273217350244522,0.0016123187961056828,0.3872055113315582,0.40614989399909973,0.019002798944711685,0.008433264680206776
0.016382727771997452,0.018178677186369896,0.0037237335927784443,0.2974289059638977,0.6162646412849426,0.01966944895684719,0.02835187502205372
0.18562836945056915,0.4367418885231018,0.0391119085252285,0.0018502658931538463,0.17329317331314087,0.1514001488685608,0.011974235996603966
0.09152362495660782,0.576561689376831,0.02919120341539383,0.007076820824295282,0.278216153383255,0.009437799453735352,0.007992713712155819
0.018779965117573738,0.14847959578037262,0.002436246955767274,0.003932671621441841,0.7750740051269531,0.01066074799746275,0.040636781603097916
0.0981333926320076,0.37899908423423767,0.0037269822787493467,0.04146134853363037,0.3034507632255554,0.1638401448726654,0.010388263501226902
0.015544024296104908,0.008021606132388115,0.005056440830230713,0.010474825277924538,0.8880108594894409,0.0048437598161399364,0.06804846972227097
0.008856046944856644,0.013774249702692032,0.008834043517708778,0.0012146647786721587,0.924033522605896,0.012068995274603367,0.031218526884913445
0.01036042533814907,0.008822962641716003,0.001069041551090777,0.0061417859978973866,0.9612130522727966,0.004385623149573803,0.008007091470062733
0.03612174466252327,0.027568193152546883,0.0015637476462870836,0.008088978938758373,0.9168305397033691,0.0032567281741648912,0.006570028141140938
0.05582825094461441,0.1951395720243454,0.02412225492298603,0.0037358496338129044,0.6861241459846497,0.008659065701067448,0.026390865445137024
0.07137160748243332,0.7171991467475891,0.020073674619197845,0.004905622452497482,0.1658915877342224,0.01566588692367077,0.0048923916183412075
0.0722382590174675,0.036263108253479004,0.014345047064125538,0.15641804039478302,0.47413113713264465,0.04582849517464638,0.2007758468389511
0.024913592264056206,0.007183796260505915,0.008902347646653652,0.009090708568692207,0.7654655575752258,0.0069479611702263355,0.17749591171741486
0.05957433953881264,0.02772078849375248,0.021108271554112434,0.0038269557990133762,0.729057788848877,0.018193036317825317,0.14051882922649384
0.009738658554852009,0.01020223181694746,0.006272705737501383,0.0033004984725266695,0.33255141973495483,0.0039654262363910675,0.6339690089225769
0.024325121194124222,0.020726017653942108,0.005291041452437639,0.0035759962629526854,0.8796619772911072,0.018282484263181686,0.048137299716472626
0.021899037063121796,0.003614499932155013,0.017282364889979362,0.017018476501107216,0.10161305218935013,0.009737893007695675,0.8288347125053406
0.012252040207386017,0.004432575311511755,0.004408253822475672,0.004699166864156723,0.7341189384460449,0.013840739615261555,0.22624832391738892
0.006286905147135258,0.0029032230377197266,0.0028251977637410164,0.10808231681585312,0.6959112882614136,0.034577906131744385,0.1494131237268448
0.016299577429890633,0.012238320894539356,0.007045850623399019,0.004848651122301817,0.5270942449569702,0.011399824172258377,0.4210735857486725
0.0052147191017866135,0.004248667974025011,0.001816484029404819,0.01740935444831848,0.9304208159446716,0.014522048644721508,0.026367872953414917
0.020405825227499008,0.020459312945604324,0.02295958250761032,0.03229573741555214,0.847711443901062,0.042717136442661285,0.013451023027300835
0.007785643916577101,0.012845076620578766,0.001418541301973164,0.016502128913998604,0.9485408663749695,0.0066360305063426495,0.006271726451814175
0.004319504834711552,0.01158472802489996,0.004958563018590212,0.0987432673573494,0.8061367273330688,0.020900283008813858,0.05335697531700134
0.05294142663478851,0.032445020973682404,0.01882876828312874,0.05442233383655548,0.5947995781898499,0.012214748188853264,0.2343480885028839
0.0052730729803442955,0.02384098246693611,0.013517631217837334,0.001969254110008478,0.04694278910756111,0.8976184725761414,0.010837866924703121
0.018934715539216995,0.02756008878350258,0.0035437282640486956,0.007784793619066477,0.8623862862586975,0.007913920097053051,0.07187657803297043
0.016907978802919388,0.010729177854955196,0.0024868592154234648,0.03460067883133888,0.7990654110908508,0.0239713117480278,0.11223864555358887
0.5126326680183411,0.07233492285013199,0.15559755265712738,0.006541939917951822,0.09649690985679626,0.013371934182941914,0.14302413165569305
0.010871455073356628,0.004938976839184761,0.0034789005294442177,0.013919058255851269,0.8807122707366943,0.014149872586131096,0.07192949205636978
0.03212830796837807,0.00882992334663868,0.010429411195218563,0.0018518510041758418,0.024396345019340515,0.011578424833714962,0.9107857346534729
0.08677869290113449,0.13067343831062317,0.010809246450662613,0.062109097838401794,0.49944034218788147,0.0190589539706707,0.19113019108772278
0.023120587691664696,0.017301294952630997,0.008507715538144112,0.008020647801458836,0.771425724029541,0.007739529013633728,0.1638844907283783
0.00286150723695755,0.00410408666357398,0.0021938576828688383,0.6822519898414612,0.21320375800132751,0.01246266346424818,0.08292219787836075
0.006000520195811987,0.009571804665029049,0.0015723842661827803,0.009234918281435966,0.9614924192428589,0.003953465260565281,0.008174516260623932
0.0034791205544024706,0.003858888056129217,0.0003564292856026441,0.9399729371070862,0.02899640053510666,0.011363919824361801,0.011972266249358654
0.513306200504303,0.20124325156211853,0.0037598859053105116,0.003048329148441553,0.23697347939014435,0.023450545966625214,0.018218373879790306
0.13858111202716827,0.29557347297668457,0.07459098100662231,0.0033714764285832644,0.4380452632904053,0.03907899558544159,0.01075876597315073
0.003969275392591953,0.004630804993212223,0.00042132704402320087,0.9560185670852661,0.028646618127822876,0.0017713571432977915,0.004542059730738401
0.053592268377542496,0.06214829534292221,0.0018726283451542258,0.25916779041290283,0.5942173004150391,0.011212003417313099,0.017789723351597786
0.006252364255487919,0.004191272426396608,0.002151062013581395,0.0013856005389243364,0.006752843037247658,0.0013331992086023092,0.9779336452484131
0.05666690319776535,0.011175855994224548,0.01750967465341091,0.0012756979558616877,0.011346607469022274,0.8810098171234131,0.021015381440520287
0.019796883687376976,0.0529092438519001,0.008707655593752861,0.0017830155557021499,0.6833241581916809,0.04317597299814224,0.1903030425310135
0.005550077650696039,0.007528313901275396,0.003775890450924635,0.02503899671137333,0.9343311190605164,0.015211949124932289,0.008563611656427383
0.021237879991531372,0.015210562385618687,0.007135679479688406,0.03317497298121452,0.914314329624176,0.0052064890041947365,0.003720095381140709
0.0009674035245552659,0.0010044336086139083,0.0017936001531779766,0.0007597936200909317,0.005251232068985701,0.984531044960022,0.005692517850548029
0.04528256505727768,0.005914324428886175,0.1382908970117569,0.012300951406359673,0.08792996406555176,0.6661103963851929,0.04417093098163605
0.02789854072034359,0.03149101510643959,0.004163885954767466,0.007197613827884197,0.9086856842041016,0.008685631677508354,0.01187765970826149
0.003253659699112177,0.0044053406454622746,0.005087949801236391,0.011481293477118015,0.47599196434020996,0.34691300988197327,0.15286673605442047
0.009807788766920567,0.009962961077690125,0.004126709420233965,0.0006969476235099137,0.01069447211921215,0.9564730525016785,0.008238140493631363
0.010397220030426979,0.01192160788923502,0.010877225548028946,0.003010890446603298,0.0326654426753521,0.6935838460922241,0.2375437468290329
0.0014401969965547323,0.005792492069303989,0.001277287257835269,0.0011515978258103132,0.013695630244910717,0.972412645816803,0.004230135586112738
0.019569754600524902,0.13607552647590637,0.005544489715248346,0.002281571738421917,0.049717843532562256,0.7851848006248474,0.0016260339180007577
0.003910839557647705,0.0012190473498776555,0.9280283451080322,0.002369779394939542,0.007914930582046509,0.0021736915223300457,0.05438340827822685
0.04681918025016785,0.011662181466817856,0.012984495609998703,0.0032036902848631144,0.048738472163677216,0.8622965812683105,0.014295469969511032
0.008387899026274681,0.0556829459965229,0.016493596136569977,0.004202463664114475,0.35700029134750366,0.4676661789417267,0.09056664258241653
0.02911713533103466,0.04795057326555252,0.0649217814207077,0.002057938603684306,0.8228307962417603,0.02666463330388069,0.006457133684307337
0.03486054018139839,0.0051023163832724094,0.13198132812976837,0.17478080093860626,0.5849785208702087,0.02581624872982502,0.042480241507291794
0.09327562898397446,0.03030969575047493,0.32978227734565735,0.0018143784254789352,0.4600067138671875,0.05221620574593544,0.0325951986014843
0.09540297836065292,0.15753008425235748,0.05709431692957878,0.001709083910100162,0.33592602610588074,0.2537359893321991,0.0986015722155571
0.3210568130016327,0.08900949358940125,0.11403356492519379,0.001379055087454617,0.3770280182361603,0.04335334151983261,0.05413971468806267
0.09045018255710602,0.02616046741604805,0.1555413454771042,0.005543933250010014,0.414004385471344,0.19081877171993256,0.11748085916042328
0.0137489577755332,0.013290602713823318,0.03670428693294525,0.0026730583049356937,0.24512824416160583,0.27696964144706726,0.4114852845668793
