anger,disgust,fear,joy,neutral,sadness,surprise
0.18391409516334534,0.6568464040756226,0.05528070405125618,0.0020694308914244175,0.08372046053409576,0.006309984251856804,0.011858858168125153
0.11315681040287018,0.0067580826580524445,0.7653191685676575,0.00505424989387393,0.012419162318110466,0.0069945622235536575,0.09029804915189743
0.16052590310573578,0.04944342002272606,0.026509499177336693,0.00915792677551508,0.2263832688331604,0.510457456111908,0.017522519454360008
0.23052817583084106,0.4900508522987366,0.00692377332597971,0.006397236604243517,0.10426917672157288,0.1561478227376938,0.0056829736568033695
0.051908012479543686,0.6777298450469971,0.1458762288093567,0.0009143020142801106,0.02256973832845688,0.09832506626844406,0.002676761709153652
0.021942932158708572,0.07400937378406525,0.0033019131515175104,0.004652082920074463,0.8794355988502502,0.0039248340763151646,0.012733140960335732
0.0787385031580925,0.04355486109852791,0.6981801986694336,0.005117352120578289,0.14309774339199066,0.005469252821058035,0.025842031463980675
0.157845601439476,0.30003368854522705,0.326964795589447,0.003478219034150243,0.18461205065250397,0.01184864155948162,0.01521702017635107
0.4065357446670532,0.3936908543109894,0.08999767154455185,0.003039354458451271,0.09458597749471664,0.005807576235383749,0.006342680659145117
0.8188940286636353,0.10879821330308914,0.017600778490304947,0.001173331867903471,0.021253863349556923,0.027393067255616188,0.00488671800121665
0.5255707502365112,0.39180076122283936,0.04039793089032173,0.0019796232227236032,0.026745472103357315,0.009428361430764198,0.004077169578522444
0.33219584822654724,0.3797396421432495,0.09870932996273041,0.004561647307127714,0.16866444051265717,0.010377137921750546,0.005752036813646555
0.7197931408882141,0.19842611253261566,0.03601115569472313,0.0011207584757357836,0.03315877169370651,0.008033468388020992,0.0034565178211778402
0.6548841595649719,0.1326502561569214,0.14262685179710388,0.003214065684005618,0.04434274137020111,0.01571950688958168,0.006562469992786646
0.5527967810630798,0.07790838181972504,0.33266475796699524,0.0013665558071807027,0.01724724844098091,0.011074484325945377,0.006941759958863258
0.2919435501098633,0.4998356103897095,0.08903530240058899,0.0015433542430400848,0.08899886906147003,0.021963700652122498,0.006679652724415064
0.0015269438736140728,0.002457164926454425,0.9830718636512756,0.001130406861193478,0.005552454385906458,0.0022313634399324656,0.004029886797070503
0.12812669575214386,0.07812541723251343,0.10898014158010483,0.005437326617538929,0.27861180901527405,0.3471572697162628,0.05356134474277496
0.5742917656898499,0.30315786600112915,0.022512488067150116,0.001341919181868434,0.04563833028078079,0.04949600622057915,0.0035616508685052395
0.006830645725131035,0.025452082976698875,0.004639488644897938,0.062065236270427704,0.8526126742362976,0.02618582546710968,0.022213948890566826
0.01123624388128519,0.015155727975070477,0.003827004926279187,0.0026179831475019455,0.8260684609413147,0.017352687194943428,0.12374190986156464
0.0019815184641629457,0.0008345586829818785,0.00099900271743536,0.9517349600791931,0.0208309106528759,0.0029086985159665346,0.020710455253720284
