anger,disgust,fear,joy,neutral,sadness,surprise
0.007037461269646883,0.00705051701515913,0.0018224971136078238,0.6412728428840637,0.294619083404541,0.04090474545955658,0.007292880676686764
0.04116211086511612,0.0016980065265670419,0.7685548067092896,0.010461004450917244,0.017280060797929764,0.12579123675823212,0.03505270183086395
0.10657232254743576,0.015685614198446274,0.045992717146873474,0.056757852435112,0.26497340202331543,0.4869309067726135,0.023087304085493088
0.9662631750106812,0.0015215331222862005,0.005331255029886961,0.0008652861579321325,0.00936170481145382,0.011455200612545013,0.005201857071369886
0.005803215317428112,0.0014572726795449853,0.0020403251983225346,0.18171927332878113,0.6966456174850464,0.020164044573903084,0.09217032790184021
0.060842014849185944,0.02483474835753441,0.2800382971763611,0.009303421713411808,0.5392933487892151,0.051270466297864914,0.03441772237420082
0.019720569252967834,0.07572822272777557,0.0014694099081680179,0.08134506642818451,0.7666297554969788,0.010678217746317387,0.04442876577377319
0.0732513964176178,0.6304805278778076,0.010195979848504066,0.0019980252254754305,0.2617023289203644,0.009815027937293053,0.012556668370962143
0.013395906426012516,0.02288786508142948,0.860205352306366,0.00281893159262836,0.05309000238776207,0.005750780925154686,0.04185105487704277
0.011579066514968872,0.13098987936973572,0.8111519813537598,0.00157372304238379,0.019707441329956055,0.005346737336367369,0.019651152193546295
0.1173243522644043,0.09130626916885376,0.023598603904247284,0.002389468252658844,0.08041553944349289,0.6762096881866455,0.00875607505440712
0.012085150927305222,0.005698069930076599,0.016012510284781456,0.005085069220513105,0.2523209750652313,0.026005014777183533,0.6827932000160217
0.03962486609816551,0.0632447600364685,0.0028486400842666626,0.003084498457610607,0.8497435450553894,0.01642714999616146,0.025026530027389526
0.009571793489158154,0.9247708916664124,0.008475150913000107,0.000830307777505368,0.01856868341565132,0.03130923584103584,0.0064739347435534
0.6009381413459778,0.08775025606155396,0.10255566239356995,0.006148341111838818,0.14286263287067413,0.04955784231424332,0.010187149047851562
0.021756697446107864,0.007132024969905615,0.6944957375526428,0.003263372229412198,0.06258533149957657,0.0038263346068561077,0.20694048702716827
0.07506661117076874,0.00581843638792634,0.358641117811203,0.0023859066423028708,0.028209136798977852,0.019220838323235512,0.5106579661369324
0.07793843001127243,0.04250539094209671,0.061031047254800797,0.007172326557338238,0.7510866522789001,0.049926068633794785,0.010340144857764244
0.020548004657030106,0.004956155549734831,0.9208427667617798,0.001870801905170083,0.030814416706562042,0.017969777807593346,0.002998284064233303
0.009451654739677906,0.8532212972640991,0.007126775104552507,0.008828945457935333,0.10955667495727539,0.005541082937270403,0.006273674312978983
0.02774844318628311,0.5838445425033569,0.03008297272026539,0.004497042391449213,0.3220958709716797,0.003617492038756609,0.028113598003983498
0.10015427321195602,0.045967958867549896,0.34221136569976807,0.003255571471527219,0.21568456292152405,0.2252315729856491,0.06749458611011505
0.005941989831626415,0.02097765915095806,0.0031333565711975098,0.0066963485442101955,0.949127733707428,0.005309353116899729,0.008813637308776379
0.025759397074580193,0.08948376029729843,0.07708238065242767,0.004275333136320114,0.5533584356307983,0.22644594311714172,0.02359474077820778
0.07888595759868622,0.03140079602599144,0.15981626510620117,0.045446109026670456,0.6686835289001465,0.010538997128605843,0.0052284239791333675
0.006400786340236664,0.8255450129508972,0.024214521050453186,0.0038896959740668535,0.11645324528217316,0.008473931811749935,0.015022896230220795
0.05276291072368622,0.9069533348083496,0.0033495754469186068,0.0011778766056522727,0.030256453901529312,0.004557403735816479,0.0009424976306036115
0.10218799859285355,0.02497774548828602,0.007258157711476088,0.009311086498200893,0.8152150511741638,0.008872131817042828,0.03217780217528343
0.022406142204999924,0.016289740800857544,0.0074446662329137325,0.0057487208396196365,0.13929978013038635,0.00892289262264967,0.799888014793396
0.06320666521787643,0.835077702999115,0.016552651301026344,0.0011204688344150782,0.0683065727353096,0.011737586930394173,0.003998415544629097
