anger,disgust,fear,joy,neutral,sadness,surprise
0.9140990376472473,0.05056915804743767,0.0036571628879755735,0.005701590329408646,0.009021638892591,0.00862304400652647,0.00832841545343399
0.03126022592186928,0.018057076260447502,0.07088372111320496,0.01498351339250803,0.17904271185398102,0.6684605479240417,0.01731220819056034
0.10967503488063812,0.14749597012996674,0.004441001918166876,0.005273080430924892,0.7141421437263489,0.01162626314908266,0.00734648946672678
0.02081492729485035,0.01514145266264677,0.001128590782172978,0.546561062335968,0.344931960105896,0.011200123466551304,0.06022190675139427
0.0864480510354042,0.1734991818666458,0.006706767715513706,0.11541340500116348,0.5611048936843872,0.021232638508081436,0.03559510409832001
0.03615949675440788,0.01574346423149109,0.021124601364135742,0.036927882581949234,0.6620497703552246,0.10948766022920609,0.11850718408823013
0.24596260488033295,0.22935256361961365,0.007517400197684765,0.04577820003032684,0.41130366921424866,0.057456620037555695,0.0026288770604878664
0.005885724909603596,0.006921933963894844,0.004577250685542822,0.015266867354512215,0.9159982204437256,0.0031827809289097786,0.04816727712750435
0.007160812616348267,0.029767047613859177,0.002350960625335574,0.05656509846448898,0.8689166307449341,0.005245652049779892,0.029993830248713493
0.01238106470555067,0.015460701659321785,0.003811271395534277,0.012300757691264153,0.9450388550758362,0.0031008427031338215,0.00790653470903635
0.04699475318193436,0.13513565063476562,0.0038499319925904274,0.016085093840956688,0.7804835438728333,0.01177988015115261,0.005671110935509205
0.2779221534729004,0.31576746702194214,0.06142473965883255,0.003429739037528634,0.24656011164188385,0.07373639941215515,0.02115938998758793
0.3433152437210083,0.16731701791286469,0.37412184476852417,0.003262838814407587,0.02422524057328701,0.06587817519903183,0.02187962457537651
0.029568856582045555,0.01771502196788788,0.8267371654510498,0.002903831424191594,0.10629367083311081,0.013975818641483784,0.0028055321890860796
0.02698582038283348,0.14347408711910248,0.012704480439424515,0.0027406876906752586,0.6906344890594482,0.08490829169750214,0.03855215758085251
0.31253111362457275,0.05982009693980217,0.02936621569097042,0.14188672602176666,0.08362071216106415,0.0163849089294672,0.3563902676105499
0.6559751033782959,0.04857991635799408,0.009559930302202702,0.06245804205536842,0.03294426575303078,0.008712155744433403,0.18177065253257751
0.8939497470855713,0.038568828254938126,0.038657788187265396,0.003032972803339362,0.014065478928387165,0.006861573550850153,0.004863593727350235
