anger,disgust,fear,joy,neutral,sadness,surprise
0.05543600022792816,0.024663608521223068,0.215952530503273,0.22782978415489197,0.3363420069217682,0.02377239800989628,0.11600363999605179
0.003447112161666155,0.0014629290672019124,0.00038552036858163774,0.9436535239219666,0.022157568484544754,0.005970722995698452,0.022922590374946594
0.4311051070690155,0.24796727299690247,0.1780177354812622,0.009873311035335064,0.11491233855485916,0.009980574250221252,0.008143672719597816
0.003869378939270973,0.0065249730832874775,0.954197108745575,0.0009768236195668578,0.01499535795301199,0.016854844987392426,0.0025814794935286045
0.010385447181761265,0.02784007228910923,0.003570589004084468,0.7973815202713013,0.1514057219028473,0.004403037950396538,0.005013549234718084
0.03084164671599865,0.3214985728263855,0.07345353066921234,0.05454316735267639,0.46273115277290344,0.03711427003145218,0.019817644730210304
0.0736609473824501,0.112164206802845,0.003530480433255434,0.24703802168369293,0.5363615155220032,0.022587839514017105,0.004656968172639608
0.008670642971992493,0.011365651153028011,0.002201688475906849,0.3753364384174347,0.5761106610298157,0.00392112135887146,0.02239372394979
0.05170074850320816,0.339373379945755,0.0019099967321380973,0.2302267849445343,0.3496707081794739,0.02382548339664936,0.0032928879372775555
0.0014471159083768725,0.004442728590220213,0.0030861797276884317,0.004353438038378954,0.025127725675702095,0.9548512697219849,0.006691521033644676
0.0014759094920009375,0.0085863396525383,0.011130805127322674,0.004188974387943745,0.06761007010936737,0.8902156352996826,0.01679222844541073
0.0877634808421135,0.09199272096157074,0.10345105826854706,0.00359744462184608,0.5493337512016296,0.1514042764902115,0.012457295320928097
0.7953967452049255,0.090862937271595,0.005286829080432653,0.001840077806264162,0.08315696567296982,0.018121488392353058,0.005335090681910515
0.27781856060028076,0.6537940502166748,0.002869861200451851,0.001118747517466545,0.0519513264298439,0.010923905298113823,0.0015235614264383912
0.0051543135195970535,0.5125842690467834,0.006505519151687622,0.011253337375819683,0.3277881443500519,0.11435825377702713,0.022356107831001282
0.9700010418891907,0.00793467741459608,0.011022097431123257,0.0006715265335515141,0.006703699938952923,0.0023651241790503263,0.0013018273748457432
0.9191809296607971,0.014123054221272469,0.0016096074832603335,0.002063918858766556,0.05089174211025238,0.008590075187385082,0.0035406232345849276
