anger,disgust,fear,joy,neutral,sadness,surprise
0.08975183218717575,0.05806707963347435,0.22264327108860016,0.12916314601898193,0.1625775843858719,0.29605093598365784,0.04174618422985077
0.0918811783194542,0.13439704477787018,0.006241920869797468,0.01053332444280386,0.5105297565460205,0.23469790816307068,0.011718880385160446
0.31589609384536743,0.15533363819122314,0.01986260898411274,0.02236279286444187,0.4631735682487488,0.018865132704377174,0.004506207071244717
0.040192365646362305,0.045550353825092316,0.018981516361236572,0.014416632242500782,0.8398551940917969,0.03332371637225151,0.00768021447584033
0.2604100704193115,0.33460181951522827,0.0077937692403793335,0.003011974971741438,0.26675930619239807,0.1185891255736351,0.008833888918161392
0.10491546988487244,0.15858501195907593,0.011240091174840927,0.0024170128162950277,0.014502550475299358,0.705142617225647,0.00319730956107378
0.18579430878162384,0.7784270644187927,0.0024163303896784782,0.0014123594155535102,0.022990664467215538,0.007672823034226894,0.0012863812735304236
0.03203575685620308,0.18416950106620789,0.016022110357880592,0.006235099397599697,0.44336941838264465,0.3069997727870941,0.011168352328240871
0.23848973214626312,0.5047484040260315,0.019012335687875748,0.004904306493699551,0.03461857885122299,0.05078970268368721,0.1474369317293167
0.023828577250242233,0.05377503111958504,0.012058005668222904,0.0007271845242939889,0.014647466130554676,0.8907421827316284,0.004221571609377861
0.0091834282502532,0.007745794951915741,0.0011683304328471422,0.6526269912719727,0.24377040565013885,0.018263353034853935,0.06724171340465546
0.03308950737118721,0.8232559561729431,0.01008167490363121,0.003145515685901046,0.07943084090948105,0.04804705083370209,0.0029494063928723335
