anger,disgust,fear,joy,neutral,sadness,surprise
0.019631637260317802,0.010938744060695171,0.0014673394616693258,0.6861975193023682,0.16487307846546173,0.02654315158724785,0.0903485119342804
0.007246536202728748,0.0369715616106987,0.006241158582270145,0.3307781517505646,0.5744903683662415,0.035437196493148804,0.00883505493402481
0.008401574566960335,0.04222111031413078,0.0023665069602429867,0.8563787937164307,0.06989458948373795,0.010705377906560898,0.010032105259597301
0.03479461744427681,0.3312460780143738,0.016386859118938446,0.09325015544891357,0.48633435368537903,0.0320277102291584,0.005960238166153431
0.04258102923631668,0.008644497953355312,0.8864806890487671,0.001628811121918261,0.03467594459652901,0.01648499257862568,0.009504024870693684
0.7738196849822998,0.09102997183799744,0.004396435804665089,0.0013311287621036172,0.03463711962103844,0.09303350746631622,0.0017521301051601768
0.005605585873126984,0.06342599540948868,0.041324909776449203,0.002111878478899598,0.0733799859881401,0.804778516292572,0.009373106062412262
0.010425209067761898,0.05804509297013283,0.6604225635528564,0.009114164859056473,0.012484293431043625,0.24649599194526672,0.003012608038261533
0.14723137021064758,0.5307328104972839,0.0036952204536646605,0.007827147841453552,0.25345849990844727,0.0539948008954525,0.0030601080507040024
0.4350084960460663,0.3483614921569824,0.1418130099773407,0.0010909023694694042,0.025014512240886688,0.04334810748696327,0.005363582633435726
0.8289299607276917,0.09248552471399307,0.017878005281090736,0.0014558463590219617,0.05009302496910095,0.007899870164692402,0.0012577606830745935
0.014366313815116882,0.3290698230266571,0.022227557376027107,0.005163416266441345,0.12667977809906006,0.497613787651062,0.004879308864474297
0.3918737769126892,0.5606027245521545,0.0028137131594121456,0.0011667510261759162,0.023132717236876488,0.018222317099571228,0.0021879381965845823
0.006424722261726856,0.019173739477992058,0.00817236676812172,0.7303877472877502,0.043885812163352966,0.18010851740837097,0.01184703316539526
0.936467170715332,0.031464748084545135,0.0013229981996119022,0.001065639196895063,0.015543349087238312,0.012453804723918438,0.0016822513425722718
0.01846829243004322,0.6531755924224854,0.0016055486630648375,0.20495563745498657,0.08218919485807419,0.026138924062252045,0.013466750271618366
0.6500946879386902,0.03310982137918472,0.005707285832613707,0.0019666722510010004,0.03827444091439247,0.267680823802948,0.0031663160771131516
0.00538464542478323,0.002760437084361911,0.9793701767921448,0.0009277950739488006,0.004234370309859514,0.0012991111725568771,0.00602350989356637
