anger,disgust,fear,joy,neutral,sadness,surprise
0.0031673493795096874,0.006127572152763605,0.07219472527503967,0.0031696094665676355,0.03561556711792946,0.8600450754165649,0.019680019468069077
0.013062426820397377,0.009756259620189667,0.00847869273275137,0.0027477708645164967,0.9380457997322083,0.004851771518588066,0.023057151585817337
0.061486441642045975,0.12092383205890656,0.027402041479945183,0.23907460272312164,0.4730618894100189,0.014790029264986515,0.06326122581958771
0.13433924317359924,0.6472026109695435,0.009403545409440994,0.0014499485259875655,0.1612885594367981,0.029432574287056923,0.01688351295888424
0.1267266869544983,0.588275671005249,0.004582141991704702,0.019718997180461884,0.23428888618946075,0.016141381114721298,0.010266154073178768
0.0017174659296870232,0.00754826795309782,0.004319267813116312,0.002942614024505019,0.022050360217690468,0.9510358572006226,0.010386127047240734
0.018113363534212112,0.025213193148374557,0.1265726536512375,0.7586595416069031,0.0518130399286747,0.01554499939084053,0.00408323435112834
0.019579749554395676,0.08807849138975143,0.008370824158191681,0.0014368131523951888,0.041373882442712784,0.8389357924461365,0.002224359195679426
0.0029213731177151203,0.012367093935608864,0.002028813585639,0.019126813858747482,0.9071102142333984,0.023866724222898483,0.0325789637863636
0.030780047178268433,0.06297804415225983,0.003544736886397004,0.011234953999519348,0.866370677947998,0.011578806675970554,0.013512818142771721
0.013649708591401577,0.07420387119054794,0.012081589549779892,0.4645301401615143,0.3797920346260071,0.033486686646938324,0.02225593477487564
0.02032247744500637,0.015313386917114258,0.0029722440522164106,0.000919506186619401,0.013978843577206135,0.9379794597625732,0.008514140732586384
0.009981774725019932,0.027272118255496025,0.00986742228269577,0.0018961027963086963,0.12924180924892426,0.8061231970787048,0.015617516823112965
0.02112768031656742,0.01932457461953163,0.016354357823729515,0.0011761528439819813,0.07298983633518219,0.8469076752662659,0.022119656205177307
0.004478860180824995,0.0035385400988161564,0.01863745227456093,0.6594026684761047,0.09679385274648666,0.11260649561882019,0.10454219579696655
0.009436119347810745,0.04810948669910431,0.5966464877128601,0.010260330513119698,0.30903735756874084,0.01856221631169319,0.007948036305606365
0.06455053389072418,0.7576951384544373,0.005900448653846979,0.002422632882371545,0.11047208309173584,0.05508093535900116,0.00387824815697968
0.13413558900356293,0.07165182381868362,0.026820844039320946,0.006090209819376469,0.6145725846290588,0.13472826778888702,0.01200072467327118
0.5574265718460083,0.06116745248436928,0.10163532197475433,0.001167000737041235,0.037285007536411285,0.22410467267036438,0.017213895916938782
0.08011670410633087,0.6067059636116028,0.01076476089656353,0.00470051309093833,0.27117446064949036,0.019926462322473526,0.006611056160181761
0.9628599286079407,0.008613874204456806,0.0030382361728698015,0.0006530041573569179,0.017320867627859116,0.004896574188023806,0.00261740293353796
0.05171773210167885,0.9010056853294373,0.0048046051524579525,0.0005439931992441416,0.02485249750316143,0.01371865626424551,0.003356860252097249
0.26633134484291077,0.535484790802002,0.007834697142243385,0.0020467208232730627,0.14719447493553162,0.030585218220949173,0.01052271481603384
0.9471287131309509,0.011181522160768509,0.003499120008200407,0.0007883489597588778,0.025544865056872368,0.00788682047277689,0.003970669582486153
0.0029713886324316263,0.0029920043889433146,0.015100151300430298,0.03175128623843193,0.17568153142929077,0.5993250012397766,0.17217861115932465
0.022663524374365807,0.06708376109600067,0.001872616121545434,0.43197399377822876,0.43504106998443604,0.02759581059217453,0.013769316487014294
0.020265040919184685,0.5241180658340454,0.023472556844353676,0.0034743824508041143,0.16346301138401031,0.23109295964241028,0.034114014357328415
0.009076532907783985,0.013115126639604568,0.002779581118375063,0.0008761325152590871,0.022091533988714218,0.9494710564613342,0.002590005751699209
0.03158426284790039,0.01544997375458479,0.008250937797129154,0.5745949745178223,0.3253650963306427,0.009501557797193527,0.035253074020147324
0.5206682682037354,0.277829110622406,0.05975579470396042,0.002663187449797988,0.1013936921954155,0.02777143381536007,0.009918534196913242
0.005804926156997681,0.0044196308590471745,0.0017800956266000867,0.006696183234453201,0.032171156257390976,0.9339455962181091,0.015182464383542538
0.05577241629362106,0.6021848917007446,0.00238925707526505,0.028550302609801292,0.2940921187400818,0.013982121832668781,0.00302889384329319
0.03418257459998131,0.19974105060100555,0.005397202912718058,0.013981126248836517,0.71297287940979,0.02680404856801033,0.006921060848981142
0.0690126121044159,0.7809801697731018,0.023565981537103653,0.0013991977320984006,0.06317271292209625,0.05571144446730614,0.006157943978905678
0.006452509202063084,0.004075360484421253,0.8852896094322205,0.022363223135471344,0.07105247676372528,0.005219832994043827,0.005546971224248409
0.012238149531185627,0.03721556067466736,0.042682237923145294,0.00882935430854559,0.8499177098274231,0.03535912558436394,0.013757851906120777
0.08193904161453247,0.38144850730895996,0.006704956293106079,0.006158281583338976,0.4995468854904175,0.011755830608308315,0.012446477077901363
0.5553460121154785,0.22734934091567993,0.07184246182441711,0.002691426081582904,0.0735413134098053,0.0651841014623642,0.00404532253742218
0.011531409807503223,0.008839458227157593,0.006028308067470789,0.0012295637279748917,0.028139013797044754,0.9397461414337158,0.004486110992729664
0.006104493513703346,0.010965638794004917,0.004026259295642376,0.2773757576942444,0.6118265986442566,0.07648011296987534,0.013221201486885548
0.0345030203461647,0.045445628464221954,0.006201302632689476,0.6376045346260071,0.18402864038944244,0.034556370228528976,0.05766046419739723
0.005047752987593412,0.016165107488632202,0.002437637420371175,0.4344386160373688,0.3623964488506317,0.1697576493024826,0.009756708517670631
0.015634391456842422,0.21074599027633667,0.00963507778942585,0.004289589356631041,0.7383738160133362,0.014575273729860783,0.006745832972228527
