anger,disgust,fear,joy,neutral,sadness,surprise
0.001455976627767086,0.0030550567898899317,0.0003401000867597759,0.9721004962921143,0.017460735514760017,0.002443090081214905,0.00314460345543921
0.051384203135967255,0.06107140704989433,0.04589139297604561,0.776513934135437,0.027707921341061592,0.0203427542001009,0.0170883908867836
0.0248922947794199,0.135981947183609,0.0034275627695024014,0.0022551552392542362,0.7698304653167725,0.030416512861847878,0.033196110278367996
0.06970349699258804,0.43829771876335144,0.004951144568622112,0.004410033114254475,0.37027740478515625,0.05999729782342911,0.052362874150276184
0.009772475808858871,0.010879509150981903,0.0683659240603447,0.2675873935222626,0.6158899068832397,0.007415547966957092,0.020089175552129745
0.01131696067750454,0.27802014350891113,0.06208915635943413,0.01075520645827055,0.18605677783489227,0.44240063428878784,0.00936107151210308
0.11093036830425262,0.5012130737304688,0.004171440843492746,0.03189489245414734,0.33365505933761597,0.013852575793862343,0.004282676614820957
0.035006020218133926,0.053660593926906586,0.0443052276968956,0.00568368099629879,0.685418426990509,0.1575736552476883,0.01835237815976143
0.0074922023341059685,0.004055456258356571,0.010367240756750107,0.021055098623037338,0.8713556528091431,0.04691309109330177,0.03876123204827309
0.006116055883467197,0.015357413329184055,0.0034836423583328724,0.758962869644165,0.18789999186992645,0.00617596972733736,0.02200404740869999
