anger,disgust,fear,joy,neutral,sadness,surprise
0.26593130826950073,0.18693678081035614,0.40742290019989014,0.10143408179283142,0.01554425060749054,0.015588543377816677,0.0071420674212276936
0.003883357858285308,0.01840979792177677,0.0025638884399086237,0.041658248752355576,0.9034231901168823,0.00797894038259983,0.022082624956965446
0.0024942243471741676,0.0033250506967306137,0.914665937423706,0.0036557288840413094,0.06474184989929199,0.005876382812857628,0.005240732803940773
0.9570531249046326,0.0023551620543003082,0.025350308045744896,0.0007092567393556237,0.004149764310568571,0.00375730381347239,0.006625024601817131
0.7036581039428711,0.018880344927310944,0.11661290377378464,0.004228509962558746,0.1040090024471283,0.028888404369354248,0.02372269332408905
0.0057054548524320126,0.012593540363013744,0.0109403720125556,0.004630828741937876,0.16321122646331787,0.7005105018615723,0.10240811109542847
0.52738356590271,0.31327322125434875,0.013826332986354828,0.0026332938577979803,0.1253749579191208,0.013011372648179531,0.0044972714968025684
0.1354203075170517,0.2963227331638336,0.02086803875863552,0.3478928804397583,0.18532037734985352,0.00638863118365407,0.007787066046148539
0.0012434442760422826,0.0007434856961481273,0.00030061963479965925,0.9894127249717712,0.0022553573362529278,0.0013352225068956614,0.00470901420339942
0.9811514019966125,0.009402885101735592,0.001524917664937675,0.0005346016259863973,0.004737784620374441,0.0012226239778101444,0.0014257292496040463
0.43210697174072266,0.016643550246953964,0.02865448407828808,0.003646601689979434,0.034350279718637466,0.4720304608345032,0.01256762258708477
