anger,disgust,fear,joy,neutral,sadness,surprise
0.05938578397035599,0.29954826831817627,0.09855622053146362,0.12703880667686462,0.30426540970802307,0.10231757164001465,0.008887949399650097
0.006241499446332455,0.9648414850234985,0.004596414044499397,0.005816339049488306,0.011370333842933178,0.0040498897433280945,0.003083953633904457
0.013834977522492409,0.007628372870385647,0.0039028727915138006,0.022542638704180717,0.8961710929870605,0.03266331925988197,0.023256661370396614
0.009954867884516716,0.011398829519748688,0.0016939318738877773,0.7988780736923218,0.15471559762954712,0.005922941956669092,0.01743575930595398
0.06702806800603867,0.029043395072221756,0.021837545558810234,0.004031944088637829,0.8374915719032288,0.031584251672029495,0.00898324977606535
0.030080363154411316,0.06342045962810516,0.0014502853155136108,0.1648021638393402,0.725730836391449,0.011297721415758133,0.0032181127462536097
0.022216064855456352,0.5199442505836487,0.00910747330635786,0.14605176448822021,0.2722913324832916,0.0109149981290102,0.01947403885424137
0.1653990000486374,0.24888697266578674,0.008123734034597874,0.002893083496019244,0.4013240933418274,0.1704205721616745,0.0029525957070291042
0.02253718115389347,0.9594283103942871,0.003006868064403534,0.0019137740600854158,0.009180466644465923,0.0027582943439483643,0.0011750714620575309
0.14336033165454865,0.22208784520626068,0.01890602894127369,0.15108071267604828,0.4426240921020508,0.013372507877647877,0.008568471297621727
0.04398230463266373,0.9108462333679199,0.012556970119476318,0.0005133611848577857,0.017816543579101562,0.013084463775157928,0.0012000133283436298
0.35684773325920105,0.04990954324603081,0.011964438483119011,0.008955104276537895,0.5000439882278442,0.0654902383685112,0.006788885220885277
0.17081451416015625,0.35539984703063965,0.00775138521566987,0.054116569459438324,0.35942429304122925,0.047966137528419495,0.004527237731963396
0.16706505417823792,0.34014320373535156,0.007186400704085827,0.003333616303279996,0.23950901627540588,0.23794211447238922,0.004820575006306171
0.8145137429237366,0.04873286560177803,0.0031522184144705534,0.004102258011698723,0.0883532240986824,0.03754725307226181,0.0035984653513878584
0.1947869211435318,0.5498393177986145,0.059439580887556076,0.015401700511574745,0.16487900912761688,0.010653161443769932,0.005000293254852295
0.10969957709312439,0.2633921504020691,0.006087980233132839,0.0018807174637913704,0.02357901819050312,0.5915471911430359,0.003813386196270585
0.8165262937545776,0.11729700118303299,0.006045282818377018,0.0013834062265232205,0.04391869530081749,0.013282416388392448,0.0015470398357138038
0.07685327529907227,0.1397687941789627,0.7153773307800293,0.0026211782824248075,0.052828773856163025,0.00819700863212347,0.004353690426796675
0.01542322151362896,0.01651080511510372,0.0033320693764835596,0.004558238200843334,0.8262085914611816,0.03048795647919178,0.10347913950681686
0.3364814221858978,0.4892936646938324,0.009810750372707844,0.0014570779167115688,0.04427780956029892,0.11358288675546646,0.005096436943858862
0.032096974551677704,0.1845606416463852,0.00955650769174099,0.0026984522119164467,0.7266680002212524,0.02819054387509823,0.016228903084993362
0.038724157959222794,0.022404156625270844,0.3471946120262146,0.006745917722582817,0.4901440739631653,0.015208633616566658,0.0795784518122673
