anger,disgust,fear,joy,neutral,sadness,surprise
0.006975856609642506,0.009317571297287941,0.0043900650925934315,0.012749583460390568,0.28489091992378235,0.6538048386573792,0.02787117101252079
0.2610135078430176,0.24444128572940826,0.06062266230583191,0.006662600673735142,0.15596123039722443,0.2613842785358429,0.009914416819810867
0.007663138676434755,0.9124266505241394,0.008077309466898441,0.0024882603902369738,0.044362928718328476,0.02260853722691536,0.0023731067776679993
0.03385551646351814,0.0022377909626811743,0.9514689445495605,0.0012943585170432925,0.006709676701575518,0.001978378277271986,0.002455259906128049
0.10911613702774048,0.489568829536438,0.0028392495587468147,0.05474812909960747,0.264568954706192,0.059075407683849335,0.02008322812616825
0.15403735637664795,0.37777507305145264,0.0032466608099639416,0.009066051803529263,0.24710197746753693,0.20517995953559875,0.003592958441004157
0.14506369829177856,0.015270478092133999,0.816585898399353,0.0015906631015241146,0.012810619547963142,0.004798467271029949,0.0038800754118710756
0.09526368230581284,0.19335009157657623,0.014364003203809261,0.013960473239421844,0.5671843886375427,0.1134752556681633,0.0024020790588110685
0.0854533314704895,0.08643340319395065,0.010499270632863045,0.0022484746295958757,0.16072995960712433,0.6490621566772461,0.005573400761932135
0.23001615703105927,0.052534446120262146,0.010487313382327557,0.018020765855908394,0.5985103845596313,0.08786778897047043,0.0025631228927522898
0.4565983712673187,0.010886364616453648,0.3539809286594391,0.00997711531817913,0.1293094903230667,0.01937994360923767,0.01986781321465969
0.011780224740505219,0.06265352666378021,0.016554469242691994,0.0035812545102089643,0.12103310227394104,0.7776821851730347,0.006715191528201103
0.14262467622756958,0.8277846574783325,0.004096888937056065,0.0008792387670837343,0.013915990479290485,0.008971944451332092,0.0017265621572732925
0.02391732670366764,0.0887996256351471,0.003136520506814122,0.10446903109550476,0.7526734471321106,0.01860259287059307,0.008401568047702312
