anger,disgust,fear,joy,neutral,sadness,surprise
0.08184818923473358,0.8449108600616455,0.028223393484950066,0.00104930205270648,0.029963774606585503,0.007950622588396072,0.0060538616962730885
0.02278883568942547,0.7247719764709473,0.03481549769639969,0.0019318766426295042,0.09576526284217834,0.10143574327230453,0.01849079132080078
0.009587722830474377,0.5337033271789551,0.01078990288078785,0.06997296959161758,0.35012635588645935,0.013972494751214981,0.011847266927361488
0.11887413263320923,0.5521198511123657,0.01043053437024355,0.0027943591121584177,0.28003591299057007,0.019238915294408798,0.016506221145391464
0.6433100700378418,0.15663586556911469,0.002738184994086623,0.0031792260706424713,0.1550828069448471,0.03630055487155914,0.0027533452957868576
0.022137857973575592,0.4062625467777252,0.11505176872015,0.002445454243570566,0.16787151992321014,0.22890228033065796,0.057328615337610245
0.01045819092541933,0.02782147377729416,0.8106253147125244,0.0017037492943927646,0.10998981446027756,0.01603105291724205,0.02337043359875679
0.3185877203941345,0.5236365795135498,0.01670561544597149,0.0010959890205413103,0.11689751595258713,0.010271335951983929,0.012805270031094551
0.23145635426044464,0.1271466761827469,0.10285662114620209,0.001789367408491671,0.42496317625045776,0.042660169303417206,0.06912757456302643
0.017525743693113327,0.017592063173651695,0.003741807769984007,0.007319700438529253,0.9323646426200867,0.00633184565231204,0.015124314464628696
0.03646247088909149,0.03204840421676636,0.0019485661759972572,0.01738917827606201,0.8958721160888672,0.003555281087756157,0.01272398792207241
0.07458674907684326,0.2255597561597824,0.01694885641336441,0.0023963991552591324,0.3482583463191986,0.32252371311187744,0.009726228192448616
0.3678179085254669,0.5447875261306763,0.004581963177770376,0.003974617458879948,0.04823962599039078,0.023562580347061157,0.007035720162093639
0.0035158502869307995,0.9661046266555786,0.014632022008299828,0.0010021257912740111,0.00797139573842287,0.0019301663851365447,0.004843836184591055
0.04276924207806587,0.03503914922475815,0.025346487760543823,0.038707781583070755,0.7072394490242004,0.1451921910047531,0.00570569047704339
0.09692725539207458,0.6720827221870422,0.10682496428489685,0.0011783562367781997,0.06790906190872192,0.036426935344934464,0.018650643527507782
0.3453396260738373,0.4492020905017853,0.018902188166975975,0.00322511768899858,0.12081015855073929,0.059772223234176636,0.0027486311737447977
0.013683837838470936,0.017953749746084213,0.005039456766098738,0.002788249868899584,0.9484761953353882,0.007089478429406881,0.004969045054167509
0.024974187836050987,0.2512139081954956,0.10778262466192245,0.001483578816987574,0.4241943955421448,0.13736885786056519,0.05298245698213577
0.02707984670996666,0.5107319951057434,0.07068873941898346,0.07845946401357651,0.2827783524990082,0.007813896983861923,0.02244771271944046
0.24932317435741425,0.716855525970459,0.011380288749933243,0.0010985260596498847,0.01420343667268753,0.0056232912465929985,0.001515751238912344
0.03854799643158913,0.15201233327388763,0.018587231636047363,0.0204818956553936,0.7376977801322937,0.009894219227135181,0.02277856320142746
0.004921105224639177,0.9883188009262085,0.0011783539084717631,0.0004251906066201627,0.003588577499613166,0.0009959591552615166,0.0005720168119296432
0.1815481334924698,0.7920352220535278,0.011045386083424091,0.0009111457038670778,0.00752167496830225,0.0057221283204853535,0.0012162838829681277
0.668412983417511,0.2734380066394806,0.004468120634555817,0.001237782184034586,0.03594876453280449,0.012823331169784069,0.0036710912827402353
0.21145372092723846,0.044730640947818756,0.18025460839271545,0.025777263566851616,0.4748348295688629,0.04638180509209633,0.016567055135965347
0.11132436245679855,0.6598519086837769,0.03117881529033184,0.0009226758265867829,0.05305562913417816,0.1295308917760849,0.014135701581835747
0.011724281124770641,0.02501074969768524,0.0072103263810276985,0.028768733143806458,0.381155788898468,0.5335440635681152,0.012586027383804321
0.008054000325500965,0.019624631851911545,0.3253582715988159,0.03674593195319176,0.4316149652004242,0.07835974544286728,0.1002425029873848
0.02167789824306965,0.026449115946888924,0.005013975314795971,0.005785697605460882,0.36573928594589233,0.01743423379957676,0.5578997731208801
0.031222358345985413,0.05962703377008438,0.001318965689279139,0.46986475586891174,0.405831515789032,0.026974251493811607,0.005161064676940441
