anger,disgust,fear,joy,neutral,sadness,surprise
0.14115473628044128,0.34864404797554016,0.002369119320064783,0.008771185763180256,0.10610334575176239,0.38725948333740234,0.005697999149560928
0.7295386791229248,0.04501590505242348,0.007409123703837395,0.001416352461092174,0.03138534724712372,0.1826457530260086,0.0025887934025377035
0.10984765738248825,0.3967619240283966,0.01784607023000717,0.043802134692668915,0.3200136423110962,0.04270388185977936,0.06902474910020828
0.5781973004341125,0.17377132177352905,0.09537573903799057,0.004651329945772886,0.07552586495876312,0.056309401988983154,0.01616906002163887
0.05472101643681526,0.16738702356815338,0.023685120046138763,0.0017169800121337175,0.1355956792831421,0.6038959622383118,0.012998203746974468
0.028894126415252686,0.08022686839103699,0.043536122888326645,0.0024225551169365644,0.2571871280670166,0.5595709681510925,0.02816230244934559
0.5460400581359863,0.37981390953063965,0.005816216580569744,0.0015018134145066142,0.034496329724788666,0.024255024269223213,0.008076678030192852
0.028163570910692215,0.010898294858634472,0.9009836912155151,0.0012044799514114857,0.024929560720920563,0.03158946707844734,0.002230975776910782
0.790366530418396,0.08070565015077591,0.005048917606472969,0.0015660296194255352,0.08501337468624115,0.0352201871573925,0.0020793061703443527
0.06440825760364532,0.0458403117954731,0.09017616510391235,0.004014273174107075,0.6225913763046265,0.07075085490942001,0.10221876204013824
0.03066881187260151,0.016535241156816483,0.05848017334938049,0.0031522056087851524,0.6508975028991699,0.08517024666070938,0.15509584546089172
0.031117897480726242,0.011616041883826256,0.0436837412416935,0.005135546438395977,0.7841213941574097,0.02203337475657463,0.10229211300611496
0.009242384694516659,0.01852089911699295,0.003796896431595087,0.011994179338216782,0.9443758130073547,0.00515695009380579,0.006912871263921261
