anger,disgust,fear,joy,neutral,sadness,surprise
0.5256362557411194,0.1090933233499527,0.10520459711551666,0.1928369402885437,0.03687280789017677,0.02544626221060753,0.0049097612500190735
0.04891518875956535,0.9202588796615601,0.0017712513217702508,0.0015043700113892555,0.018808618187904358,0.008099108934402466,0.0006425228784792125
0.9355577826499939,0.032061003148555756,0.0027395053766667843,0.0017752554267644882,0.01800624653697014,0.00910149421542883,0.0007584759150631726
0.03730705380439758,0.8932417035102844,0.0074387239292263985,0.001325292862020433,0.02016061544418335,0.0392877459526062,0.0012387826573103666
0.2148238569498062,0.362093448638916,0.21279041469097137,0.0017422453965991735,0.13486796617507935,0.019841356202960014,0.053840674459934235
0.011079249903559685,0.007053570821881294,0.8920109272003174,0.002108560409396887,0.05493232235312462,0.0021307191345840693,0.03068462572991848
0.033668152987957,0.059747032821178436,0.024283939972519875,0.003985843621194363,0.8192526698112488,0.00957949087023735,0.04948284476995468
0.1851801574230194,0.07371838390827179,0.09744924306869507,0.0024842238053679466,0.15864130854606628,0.47722670435905457,0.005300028249621391
0.007559808436781168,0.004578724969178438,0.9453583359718323,0.0013849923852831125,0.034422919154167175,0.003288295352831483,0.0034067935775965452
0.928537130355835,0.040930766612291336,0.007848463952541351,0.0008200420415960252,0.016428330913186073,0.003436559345573187,0.0019986366387456656
0.0023379612248390913,0.004345118999481201,0.5308571457862854,0.002729980740696192,0.013766277581453323,0.4418046176433563,0.004158920142799616
0.006988416891545057,0.9859675765037537,0.001170655945315957,0.0002690950350370258,0.003669203259050846,0.0013275236124172807,0.0006075751152820885
0.002391016110777855,0.004429716616868973,0.004578030202537775,0.7596960067749023,0.031008800491690636,0.19554245471954346,0.002354013966396451
0.09029923379421234,0.014778883196413517,0.13785149157047272,0.007384349126368761,0.664755642414093,0.043462395668029785,0.04146795719861984
0.633301854133606,0.06285787373781204,0.08214587718248367,0.002213044324889779,0.06921384483575821,0.13730491697788239,0.012962594628334045
0.9261199235916138,0.02632872201502323,0.010592028498649597,0.0008858093642629683,0.019179418683052063,0.01281943079084158,0.00407479889690876
0.05633179098367691,0.026456018909811974,0.571539580821991,0.0071503412909805775,0.3084504008293152,0.009021754376590252,0.021050112321972847
0.004169723950326443,0.012824414297938347,0.00847114622592926,0.29792895913124084,0.6171507239341736,0.01074370089918375,0.048711251467466354
0.0037560926284641027,0.003645565826445818,0.0017825468676164746,0.00811941921710968,0.036216720938682556,0.0013470288831740618,0.9451326727867126
0.5143844485282898,0.32072019577026367,0.08503250777721405,0.0031764358282089233,0.05850279703736305,0.012609994038939476,0.005573652219027281
