anger,disgust,fear,joy,neutral,sadness,surprise
0.015988726168870926,0.015847038477659225,0.01762584038078785,0.32636964321136475,0.5806992053985596,0.0048055946826934814,0.03866393119096756
0.5648402571678162,0.2703956365585327,0.013436506502330303,0.0010178926168009639,0.030772512778639793,0.10716120898723602,0.012375998310744762
0.01593802683055401,0.12188799679279327,0.004835189785808325,0.15230663120746613,0.3867519497871399,0.3087535798549652,0.009526634588837624
0.24569283425807953,0.5157239437103271,0.021879488602280617,0.0014645936898887157,0.1888512223958969,0.02154296077787876,0.00484493700787425
0.004709484986960888,0.9865942001342773,0.0033008370082825422,0.0010571087477728724,0.0028473613783717155,0.0009706993005238473,0.0005202643224038184
0.010364798828959465,0.004375164862722158,0.004121307283639908,0.6300980448722839,0.2757505178451538,0.00929721724241972,0.06599298864603043
0.128109410405159,0.5487249493598938,0.2379559725522995,0.003486788598820567,0.06847579777240753,0.0048401858657598495,0.00840688031166792
0.02630525827407837,0.023542655631899834,0.001406308263540268,0.39834514260292053,0.27647119760513306,0.24405434727668762,0.029875176027417183
0.06149054691195488,0.18696105480194092,0.004927291069179773,0.0031473012641072273,0.6504899859428406,0.08508635312318802,0.007897524163126945
0.05747046321630478,0.44309699535369873,0.04047210142016411,0.007763286121189594,0.3620508015155792,0.011584887281060219,0.07756154239177704
0.015160167589783669,0.0036437136586755514,0.032872505486011505,0.19924402236938477,0.7005050182342529,0.03010682761669159,0.018467675894498825
0.00493245106190443,0.004661340732127428,0.013300667516887188,0.01972384937107563,0.9127264022827148,0.007830348797142506,0.03682487830519676
0.003903051372617483,0.0009816954843699932,0.001774506876245141,0.004401840269565582,0.010445949621498585,0.0014081416884437203,0.977084755897522
0.7038140296936035,0.08061441034078598,0.0772835910320282,0.0011401916854083538,0.02705635130405426,0.10606580227613449,0.004025626461952925
0.012786215171217918,0.1471739560365677,0.030261285603046417,0.0786595568060875,0.46709439158439636,0.25529634952545166,0.008728224784135818
0.002487688325345516,0.0032549023162573576,0.0015373450005427003,0.9353548884391785,0.04147734493017197,0.0035778190940618515,0.012310013175010681
0.009446428157389164,0.0031493245624005795,0.0033033040817826986,0.19018971920013428,0.7370383739471436,0.006477086339145899,0.05039578676223755
0.041798606514930725,0.019749047234654427,0.7234731316566467,0.005090880673378706,0.1711595058441162,0.013025584630668163,0.025703182443976402
0.008736535906791687,0.009579005651175976,0.03033951297402382,0.019105462357401848,0.8538631796836853,0.008019106462597847,0.07035713642835617
0.2372857630252838,0.062077008187770844,0.6805986166000366,0.0010168435983359814,0.008959050290286541,0.006918605882674456,0.0031440621241927147
0.10338834673166275,0.5644491314888,0.04707325994968414,0.0015474166721105576,0.23098696768283844,0.045172274112701416,0.007382615003734827
0.00690819788724184,0.09067592024803162,0.005350073799490929,0.7542957067489624,0.10948016494512558,0.027788978070020676,0.005500976927578449
0.010705620981752872,0.564112663269043,0.041279472410678864,0.0034149799030274153,0.19286507368087769,0.1796547919511795,0.007967501878738403
0.03215426951646805,0.016566578298807144,0.0018049826612696052,0.6092732548713684,0.32007870078086853,0.013291345909237862,0.006830874364823103
0.11360429972410202,0.020187057554721832,0.4444843828678131,0.0018379464745521545,0.0503617562353611,0.34959688782691956,0.019927607849240303
0.0780549868941307,0.4309973418712616,0.3100387752056122,0.002519153291359544,0.15660510957241058,0.009827873669564724,0.01195678673684597
0.06917848438024521,0.40047353506088257,0.0030804623384028673,0.013531246222555637,0.3748389780521393,0.1354188323020935,0.003478461876511574
0.006917200051248074,0.03041362203657627,0.004138350021094084,0.14268888533115387,0.7747595310211182,0.0318029560148716,0.009279485791921616
0.24019798636436462,0.4389151632785797,0.011863566003739834,0.007871796377003193,0.04828992486000061,0.25056296586990356,0.002298493403941393
0.046781446784734726,0.04494895040988922,0.8816076517105103,0.002088268054649234,0.010492819361388683,0.009535415098071098,0.00454548979178071
0.2903900444507599,0.160653218626976,0.04275152459740639,0.002149331383407116,0.10327989608049393,0.38654959201812744,0.014226354658603668
0.10449062287807465,0.04760284349322319,0.09695090353488922,0.002437873976305127,0.2903696596622467,0.4089040160179138,0.04924402013421059
0.015146677382290363,0.2409246414899826,0.1724114865064621,0.0016392441466450691,0.033494509756565094,0.5190650224685669,0.017318448051810265
0.012073460035026073,0.8649563789367676,0.07817897945642471,0.0012665101094171405,0.029535090550780296,0.00393509678542614,0.010054539889097214
0.03848377987742424,0.44279035925865173,0.011470276862382889,0.006741669028997421,0.48560720682144165,0.010810727253556252,0.004096005577594042
0.026351751759648323,0.012624025344848633,0.3444702625274658,0.009421790950000286,0.4941445589065552,0.032569341361522675,0.08041819930076599
0.5528768301010132,0.3663787841796875,0.017639126628637314,0.00146455445792526,0.023683367297053337,0.03528798744082451,0.002669492969289422
0.30284321308135986,0.18512672185897827,0.4464205503463745,0.002053201198577881,0.028171375393867493,0.030627598986029625,0.004757218528538942
0.02526964619755745,0.03149757906794548,0.07581527531147003,0.028669124469161034,0.8016851544380188,0.029304105788469315,0.007759105879813433
0.489364892244339,0.1492307484149933,0.05612850934267044,0.008608083240687847,0.20498351752758026,0.08062287420034409,0.011061354540288448
