anger,disgust,fear,joy,neutral,sadness,surprise
0.013706349767744541,0.0021816224325448275,0.40635135769844055,0.17616228759288788,0.2102251648902893,0.027835849672555923,0.16353730857372284
0.010066220536828041,0.009775877930223942,0.005176469683647156,0.002503965049982071,0.9366737008094788,0.010929018259048462,0.024874800816178322
0.0022670612670481205,0.0050089056603610516,0.0013263826258480549,0.9314739108085632,0.05528653413057327,0.0028124116361141205,0.0018248080741614103
0.027916891500353813,0.29653507471084595,0.030516978353261948,0.002924351254478097,0.5742964744567871,0.061367835849523544,0.0064423950389027596
0.014462435618042946,0.036724526435136795,0.0037639967631548643,0.013316795229911804,0.912046492099762,0.004338378086686134,0.015347303822636604
0.04294109344482422,0.10297231376171112,0.025227677077054977,0.0018862357828766108,0.009077846072614193,0.8026642799377441,0.015230568125844002
0.021228138357400894,0.02731831930577755,0.010647065006196499,0.038356732577085495,0.8421108722686768,0.03578351438045502,0.024555359035730362
0.20764698088169098,0.23499521613121033,0.01150998193770647,0.03287948668003082,0.4609193801879883,0.04355645179748535,0.008492509834468365
0.005103998351842165,0.006175526883453131,0.0018236924661323428,0.004981819540262222,0.049775026738643646,0.0014955111546441913,0.9306443929672241
0.006019477732479572,0.010684982873499393,0.002093913033604622,0.2993980646133423,0.6468189358711243,0.016664044931530952,0.01832067035138607
0.07679809629917145,0.06316320598125458,0.40876513719558716,0.014982495456933975,0.39552876353263855,0.03631727397441864,0.0044450233690440655
0.014848267659544945,0.9707820415496826,0.00429221335798502,0.0044077495113015175,0.00088480394333601,0.004231572151184082,0.0005533923394978046
0.3938593864440918,0.22452326118946075,0.014472353272140026,0.0019438599701970816,0.07190719246864319,0.29076120257377625,0.0025327168405056
0.01126339752227068,0.020360829308629036,0.009319815784692764,0.14696043729782104,0.5740655660629272,0.013620597310364246,0.2244093418121338
0.10429675877094269,0.05720105022192001,0.04940791428089142,0.008883120492100716,0.6632257699966431,0.06450800597667694,0.052477359771728516
0.010186366736888885,0.054792311042547226,0.6771058440208435,0.003953423351049423,0.1553540974855423,0.09511865675449371,0.003489319933578372
0.019213415682315826,0.009919704869389534,0.9348832368850708,0.0021705436520278454,0.02005879208445549,0.012673982419073582,0.0010804845951497555
0.038477618247270584,0.3861461579799652,0.02467016503214836,0.0018368990859016776,0.04312894493341446,0.4846954047679901,0.021044813096523285
0.5394650101661682,0.13178415596485138,0.019966114312410355,0.002440705895423889,0.11901877075433731,0.18143805861473083,0.005887110251933336
0.0051927026361227036,0.00858253799378872,0.0011241961037740111,0.03661007806658745,0.9206060171127319,0.010861607268452644,0.017022889107465744
0.03191322833299637,0.012358434498310089,0.004106768872588873,0.2115039974451065,0.5947113037109375,0.061146486550569534,0.08425980806350708
0.010282202623784542,0.018103724345564842,0.004835984669625759,0.14451734721660614,0.726028323173523,0.06828656792640686,0.027945905923843384
0.5430681705474854,0.39534035325050354,0.0038251762744039297,0.0009237129706889391,0.0366864949464798,0.01802133582532406,0.0021347585134208202
0.2978474497795105,0.06778182089328766,0.023906409740447998,0.004714095499366522,0.19388754665851593,0.4067703187465668,0.005092329811304808
0.01561281830072403,0.019255228340625763,0.009373733773827553,0.01476277131587267,0.8380234241485596,0.04592745006084442,0.0570446141064167
0.9173750877380371,0.0420093834400177,0.0047878543846309185,0.001092824386432767,0.031016496941447258,0.0020393654704093933,0.001678992877714336
0.4485991299152374,0.143794447183609,0.08602841198444366,0.013134499080479145,0.28469181060791016,0.008551210165023804,0.015200451016426086
0.19896827638149261,0.5043267607688904,0.016087256371974945,0.004414832219481468,0.24565689265727997,0.016303399577736855,0.014242593199014664
0.04389435052871704,0.01959674246609211,0.010542497038841248,0.008673291653394699,0.9032806158065796,0.011302417144179344,0.0027101151645183563
0.008438903838396072,0.010945014655590057,0.001205004402436316,0.032106220722198486,0.9349883794784546,0.00561569957062602,0.006700783036649227
0.8874852061271667,0.04692692309617996,0.04934610426425934,0.0012244872050359845,0.004850467666983604,0.009731397964060307,0.00043542051571421325
0.9719274640083313,0.011411161161959171,0.00249280221760273,0.0003926660865545273,0.009578423574566841,0.001972425961866975,0.0022250397596508265
0.013250831514596939,0.010571854189038277,0.04830092564225197,0.01187795028090477,0.08208156377077103,0.8201415538787842,0.013775241561233997
0.005305661354213953,0.8966181874275208,0.015693379566073418,0.007312905043363571,0.02431468851864338,0.04584686458110809,0.004908317234367132
0.001068247016519308,0.0007187054725363851,0.0006833055522292852,0.989188015460968,0.0032065557315945625,0.0014411821030080318,0.0036938637495040894
0.031422171741724014,0.05745210498571396,0.003436623839661479,0.0023517885711044073,0.8784863352775574,0.012426909990608692,0.01442406140267849
0.006075015291571617,0.9731480479240417,0.0020698108710348606,0.0005249381065368652,0.006522378418594599,0.010381636209785938,0.001278239767998457
0.12834562361240387,0.7013307809829712,0.004570985212922096,0.002001082757487893,0.1343192160129547,0.02597646228969097,0.0034559990745037794
0.10417663305997849,0.2737407088279724,0.002810509642586112,0.016863476485013962,0.5668516159057617,0.01907220669090748,0.01648481748998165
0.02070666290819645,0.04314921796321869,0.014956294558942318,0.00478243688121438,0.3782804310321808,0.4514988660812378,0.0866260826587677
0.0014581154100596905,0.001184604479931295,0.9762856960296631,0.0015402392018586397,0.010736771859228611,0.0020626045297831297,0.0067319683730602264
