anger,disgust,fear,joy,neutral,sadness,surprise
0.08873340487480164,0.03885217010974884,0.07118431478738785,0.3162391483783722,0.27924373745918274,0.08765330910682678,0.11809385567903519
0.18931393325328827,0.13114407658576965,0.002892071846872568,0.011691514402627945,0.1096934974193573,0.5433392524719238,0.01192567404359579
0.0032128484454005957,0.0047129131853580475,0.00256429985165596,0.02793031372129917,0.12601181864738464,0.8287488222122192,0.006818958092480898
0.005776951555162668,0.0057336133904755116,0.0037292400375008583,0.07294447720050812,0.6400213241577148,0.005001723766326904,0.2667927145957947
0.050814881920814514,0.10242364555597305,0.08966223895549774,0.0020522065460681915,0.4715888202190399,0.13255402445793152,0.15090420842170715
0.006797876674681902,0.006592998746782541,0.0063290586695075035,0.677247941493988,0.2800077199935913,0.0056098937056958675,0.017414528876543045
0.0072670490480959415,0.0024987466167658567,0.004389926791191101,0.7602682709693909,0.14210401475429535,0.0705583319067955,0.012913607060909271
0.09823403507471085,0.03498970717191696,0.005739303771406412,0.0010525229154154658,0.019255390390753746,0.8384617567062378,0.002267224481329322
0.029864994809031487,0.5697747468948364,0.08113190531730652,0.0026142895221710205,0.17312876880168915,0.14002461731433868,0.0034605530090630054
0.013735896907746792,0.06133865565061569,0.02304585464298725,0.01232941821217537,0.7142606973648071,0.16129720211029053,0.013992255553603172
0.03657063841819763,0.29674556851387024,0.004213634412735701,0.003085237229242921,0.5521983504295349,0.09830530732870102,0.008881276473402977
0.10399506986141205,0.008204384706914425,0.5517024993896484,0.004187169950455427,0.2469637244939804,0.024883266538381577,0.06006387248635292
0.03649524226784706,0.02093999646604061,0.004387800116091967,0.0316966287791729,0.35891562700271606,0.24326501786708832,0.3042997121810913
0.09282660484313965,0.3782542049884796,0.006263677962124348,0.00973761547356844,0.42712271213531494,0.07694951444864273,0.008845587261021137
0.023372957482933998,0.07987552136182785,0.004351722076535225,0.23634742200374603,0.6272608637809753,0.015314197167754173,0.013477250933647156
0.043239668011665344,0.2792647182941437,0.002975388430058956,0.002221164293587208,0.6457668542861938,0.019753385335206985,0.0067788404412567616
0.2772727906703949,0.3756817579269409,0.06838160008192062,0.0015472330851480365,0.03759336844086647,0.23232924938201904,0.007193957455456257
0.007974526844918728,0.0030391558539122343,0.0009640721254982054,0.8635497689247131,0.10529360175132751,0.008712989278137684,0.010465912520885468
0.1328154057264328,0.289093017578125,0.006900342181324959,0.13450069725513458,0.40638768672943115,0.02697942405939102,0.0033234218135476112
0.0159381665289402,0.7375138998031616,0.0051354775205254555,0.10036177188158035,0.12917843461036682,0.004444402642548084,0.007427916396409273
0.004548782017081976,0.017525414004921913,0.007530875038355589,0.7689104080200195,0.1493547409772873,0.02671445719897747,0.02541525289416313
