anger,disgust,fear,joy,neutral,sadness,surprise
0.000983502482995391,0.001450965879485011,0.0014223154867067933,0.00745577085763216,0.01358422264456749,0.9703912138938904,0.004711957648396492
0.08384813368320465,0.23723968863487244,0.0022579680662602186,0.02508937381207943,0.6142800450325012,0.03185337781906128,0.005431401077657938
0.0036597559228539467,0.0020836396142840385,0.0023087053559720516,0.014274859800934792,0.022499466314911842,0.945720911026001,0.009452637284994125
0.08460910618305206,0.7951750755310059,0.006231952458620071,0.0015880782157182693,0.050648268312215805,0.059184350073337555,0.002563235815614462
0.039460379630327225,0.9377539753913879,0.005068127531558275,0.00047356559662148356,0.0034619239158928394,0.013081696815788746,0.0007003549835644662
0.13426965475082397,0.04978419095277786,0.021117381751537323,0.004522268194705248,0.11068371683359146,0.6753384470939636,0.004284307360649109
0.020352806895971298,0.05185706168413162,0.022180035710334778,0.002461513504385948,0.04268427565693855,0.8527630567550659,0.0077012390829622746
0.1148681715130806,0.0055148787796497345,0.7992083430290222,0.0029358863830566406,0.051752086728811264,0.007563136983662844,0.01815764792263508
0.501926064491272,0.24114590883255005,0.200008824467659,0.001894573331810534,0.026626093313097954,0.023099608719348907,0.005298863165080547
0.011596514843404293,0.007199869956821203,0.1296035200357437,0.06967408955097198,0.7314326167106628,0.0300764050334692,0.02041708119213581
0.2635887563228607,0.16157250106334686,0.0903749093413353,0.002875852631404996,0.32352790236473083,0.15196435153484344,0.006095660384744406
0.020392930135130882,0.008314745500683784,0.0008673524716868997,0.7796151638031006,0.15026666224002838,0.034149061888456345,0.006394084542989731
