anger,disgust,fear,joy,neutral,sadness,surprise
0.004295450635254383,0.003596533089876175,0.0025845211930572987,0.046447526663541794,0.9174037575721741,0.004123761784285307,0.021548444405198097
0.018749063834547997,0.4695262312889099,0.0027481340803205967,0.08651900291442871,0.3688196837902069,0.037294238805770874,0.01634359359741211
0.007790885865688324,0.03574920445680618,0.012673183344304562,0.024075746536254883,0.8482160568237305,0.010546990670263767,0.060947950929403305
0.028060026466846466,0.21873259544372559,0.005751221906393766,0.4426679313182831,0.2674955129623413,0.030330292880535126,0.006962537299841642
0.011331197805702686,0.5659968852996826,0.005688460078090429,0.00997840240597725,0.38617387413978577,0.012406574562191963,0.008424630388617516
0.7255743741989136,0.22791269421577454,0.018330838531255722,0.0020798302721232176,0.005694933235645294,0.017929982393980026,0.0024771890603005886
0.016228139400482178,0.0904812142252922,0.012617587111890316,0.02248437888920307,0.4825534522533417,0.372254341840744,0.003380886511877179
0.025870876386761665,0.9591891765594482,0.0010429603280499578,0.001449208240956068,0.008815732784569263,0.003072296967729926,0.0005597913404926658
0.004646096844226122,0.0016128725837916136,0.001522074919193983,0.002799048786982894,0.006319968495517969,0.001682798727415502,0.9814171195030212
0.011700778268277645,0.036692917346954346,0.0018787913722917438,0.010341018438339233,0.8779380917549133,0.01023928727954626,0.05120918154716492
0.04121784120798111,0.3572002649307251,0.0018627289682626724,0.004982882644981146,0.5582213997840881,0.008448947221040726,0.028065882623195648
0.06477651745080948,0.24499012529850006,0.0017118261894211173,0.09271550178527832,0.5725455284118652,0.011884842999279499,0.011375589296221733
0.012506327591836452,0.224364772439003,0.006492793094366789,0.0026213449891656637,0.051086362451314926,0.6993594169616699,0.0035689512733370066
0.11897104233503342,0.8371083736419678,0.005501909181475639,0.0017204806208610535,0.031093211844563484,0.004311676602810621,0.0012933247489854693
0.1553851068019867,0.742453396320343,0.01723528280854225,0.0005068635800853372,0.04642602056264877,0.034523855894804,0.0034695181529968977
0.03453875333070755,0.8963691592216492,0.005995224695652723,0.0018173976568505168,0.04761119931936264,0.00301200314424932,0.01065629068762064
0.11601287871599197,0.08326669782400131,0.013213327154517174,0.0021313894540071487,0.7158074378967285,0.05743241310119629,0.012135962024331093
0.00818723812699318,0.053056519478559494,0.0051492005586624146,0.20942769944667816,0.5342671871185303,0.02071511000394821,0.16919708251953125
0.058152638375759125,0.8465054035186768,0.012677126564085484,0.004093996714800596,0.061496853828430176,0.015837453305721283,0.001236607669852674
0.01243343111127615,0.44774022698402405,0.004869467578828335,0.01661425270140171,0.4816283583641052,0.008204142563045025,0.028510116040706635
0.09272054582834244,0.5196550488471985,0.010154330171644688,0.00547774275764823,0.3521389961242676,0.012599550187587738,0.007253771182149649
0.01173530425876379,0.029541626572608948,0.0024055112153291702,0.4591710567474365,0.4538651406764984,0.017110425978899002,0.026170926168560982
0.00391601026058197,0.9885318279266357,0.0011143876472488046,0.00046692308387719095,0.0037032647524029016,0.001461224746890366,0.0008062910637818277
0.3058094382286072,0.24093802273273468,0.005636310670524836,0.03140725940465927,0.3931084871292114,0.01449623517692089,0.008604205213487148
