anger,disgust,fear,joy,neutral,sadness,surprise
0.009965266101062298,0.0505111888051033,0.005844413302838802,0.12185301631689072,0.7661536335945129,0.016359562054276466,0.029312826693058014
0.01832720823585987,0.04634690657258034,0.0024298366624861956,0.045789528638124466,0.870835542678833,0.00811714492738247,0.00815393216907978
0.028821974992752075,0.15422309935092926,0.010155667550861835,0.023567967116832733,0.7717887759208679,0.006440036464482546,0.005002440884709358
0.0036500359419733286,0.02191837504506111,0.019482852891087532,0.0035023223608732224,0.06257811933755875,0.8707115054130554,0.01815679855644703
0.002691644476726651,0.010284480638802052,0.016333365812897682,0.0019206400029361248,0.029511310160160065,0.925199568271637,0.014058954082429409
0.0036718074698001146,0.037817683070898056,0.005600621458142996,0.041457194834947586,0.7481691837310791,0.15256546437740326,0.01071810070425272
0.003940504509955645,0.014293639920651913,0.001260033925063908,0.003338523441925645,0.027606355026364326,0.9455808401107788,0.003980108071118593
0.00706934928894043,0.018331749364733696,0.03528185188770294,0.009634764865040779,0.7620029449462891,0.07532572001218796,0.09235352277755737
0.011387198232114315,0.9684838652610779,0.008961837738752365,0.00034499415778554976,0.007742404006421566,0.0013860701583325863,0.0016935463063418865
0.03307528421282768,0.04763907194137573,0.02170972153544426,0.0031161915976554155,0.1868523806333542,0.6464323401451111,0.061174940317869186
0.4080352485179901,0.16859355568885803,0.32715895771980286,0.0017842320958152413,0.026830393821001053,0.06122541427612305,0.006372158415615559
0.019855618476867676,0.11744427680969238,0.006688687019050121,0.43661123514175415,0.3950096666812897,0.0051037766970694065,0.0192867498844862
0.14337605237960815,0.13002674281597137,0.017738601192831993,0.0027955255936831236,0.6407895088195801,0.05207902565598488,0.013194568455219269
0.17424438893795013,0.023818720132112503,0.39200854301452637,0.012141412124037743,0.3001309335231781,0.01913583092391491,0.07852017879486084
0.02994563803076744,0.022532396018505096,0.004571893718093634,0.04332590475678444,0.7182523012161255,0.0678153783082962,0.11355647444725037
0.031877730041742325,0.03130194544792175,0.0019432769622653723,0.0033562537282705307,0.9102144241333008,0.016141513362526894,0.0051648435182869434
0.03296864777803421,0.011132655665278435,0.0031817846465855837,0.01648821495473385,0.9027205109596252,0.011937430128455162,0.02157074771821499
0.0029859880451112986,0.011673886328935623,0.004885371774435043,0.012510063126683235,0.9274733662605286,0.025751540437340736,0.014719787985086441
0.23448345065116882,0.2821502983570099,0.10514921694993973,0.002293078228831291,0.27893880009651184,0.09454234689474106,0.0024427517782896757
0.09437321871519089,0.08848440647125244,0.03505392000079155,0.01767316646873951,0.6408818960189819,0.10146760195493698,0.022065823897719383
0.3618215024471283,0.10020775347948074,0.11903035640716553,0.012269468046724796,0.3602551221847534,0.01903012953698635,0.027385715395212173
0.018704913556575775,0.03961673378944397,0.012667957693338394,0.003496592165902257,0.3160841166973114,0.5002722144126892,0.10915746539831161
0.32063883543014526,0.535737156867981,0.07166101038455963,0.0016640207031741738,0.04496505856513977,0.019429750740528107,0.005904157646000385
0.07066410779953003,0.044497355818748474,0.037909455597400665,0.003122815629467368,0.37827903032302856,0.4338344931602478,0.03169262409210205
0.6982834935188293,0.014913249760866165,0.025334689766168594,0.002863517729565501,0.22813637554645538,0.023045025765895844,0.0074236951768398285
0.005977047141641378,0.0036905910819768906,0.0039012953639030457,0.06607523560523987,0.849757730960846,0.016510354354977608,0.05408775061368942
0.6788525581359863,0.08001790195703506,0.06350655108690262,0.002919454826042056,0.0923195332288742,0.0684242770075798,0.013959787786006927
0.5888611674308777,0.12241050601005554,0.16869843006134033,0.003982836380600929,0.08508748561143875,0.01928159035742283,0.011677920818328857
0.025634177029132843,0.007431338541209698,0.7244541049003601,0.010099438019096851,0.20227278769016266,0.0070327278226614,0.02307538501918316
0.017526153475046158,0.018537327647209167,0.01587069407105446,0.0065551633015275,0.8307135701179504,0.011008929461240768,0.09978809952735901
0.1553778350353241,0.5136737823486328,0.008605871349573135,0.0032014427706599236,0.2943969964981079,0.01564651168882847,0.009097550064325333
0.6339231729507446,0.004133407957851887,0.3403940498828888,0.0014073229394853115,0.008997958153486252,0.0040497975423932076,0.007094207685440779
0.4555858373641968,0.33787935972213745,0.043345857411623,0.013578916899859905,0.09558357298374176,0.02134479396045208,0.032681655138731
0.018517209216952324,0.008575722575187683,0.0032659408170729876,0.022143490612506866,0.8276490569114685,0.0030325038824230433,0.11681602895259857
0.11586888879537582,0.018345637246966362,0.17957136034965515,0.004846436437219381,0.6001073122024536,0.01791156455874443,0.06334879249334335
0.681501030921936,0.03256778046488762,0.17408449947834015,0.0012976906727999449,0.01739570125937462,0.08356040716171265,0.009592926129698753
0.6173945069313049,0.03748856484889984,0.12640179693698883,0.003767989343032241,0.1360638439655304,0.0566709041595459,0.022212451323866844
0.02218034863471985,0.300454705953598,0.010137556120753288,0.004960484337061644,0.6064298152923584,0.03996292129158974,0.015874242410063744
0.003081510541960597,0.004648934584110975,0.005563629791140556,0.0021217716857790947,0.043449096381664276,0.91924649477005,0.021888459101319313
0.020438876003026962,0.012164547108113766,0.0038519338704645634,0.00843528937548399,0.9367272257804871,0.011758415959775448,0.006623685359954834
0.009994715452194214,0.013965176418423653,0.014684326015412807,0.009729944169521332,0.9196422696113586,0.012989054434001446,0.01899445801973343
0.1249568909406662,0.22915546596050262,0.0322558619081974,0.00276776310056448,0.5343328714370728,0.06027080491185188,0.016260458156466484
0.5126479864120483,0.22065573930740356,0.017326002940535545,0.0016832917463034391,0.18772050738334656,0.05198163911700249,0.007984845899045467
0.04379621893167496,0.20438942313194275,0.02485356293618679,0.0024162016343325377,0.04500195011496544,0.6711057424545288,0.008436943404376507
0.13146382570266724,0.17948217689990997,0.008419089950621128,0.009643449448049068,0.6462831497192383,0.019817302003502846,0.004890964366495609
0.2673425078392029,0.024280549958348274,0.15319998562335968,0.006327999755740166,0.5039935111999512,0.01831485703587532,0.026540573686361313
0.12322229892015457,0.07253411412239075,0.045046087354421616,0.006689161527901888,0.2365068942308426,0.3923611044883728,0.12364037334918976
0.07256346940994263,0.0401669405400753,0.795581042766571,0.001803992548957467,0.04292592406272888,0.0034650119487196207,0.04349363222718239
0.1825219839811325,0.04147034510970116,0.05279330536723137,0.013292037881910801,0.6539093255996704,0.04987860098481178,0.006134456489235163
0.0009490668890066445,0.002271080855280161,0.9803788661956787,0.002238411922007799,0.00927798729389906,0.002138101728633046,0.002746505429968238
0.10272715985774994,0.03092675656080246,0.0209477748721838,0.014541488140821457,0.8036192059516907,0.005653999745845795,0.021583693102002144
0.008775336667895317,0.0068586720153689384,0.010582689195871353,0.023678243160247803,0.9011600613594055,0.008911017328500748,0.04003394767642021
0.017703823745250702,0.013365020044147968,0.0280901025980711,0.012812229804694653,0.8931427001953125,0.023182375356554985,0.011703806929290295
0.006834309548139572,0.007895994000136852,0.00482085021212697,0.018753953278064728,0.9234796166419983,0.00857127457857132,0.029643969610333443
0.6063586473464966,0.07667474448680878,0.09739909321069717,0.0046451459638774395,0.19078156352043152,0.010080794803798199,0.014059999026358128
0.016499053686857224,0.007040879689157009,0.06037326529622078,0.00834252592176199,0.8719885349273682,0.02259458601474762,0.013161259703338146
0.00738569488748908,0.007227251771837473,0.002838337328284979,0.01121115405112505,0.9062615633010864,0.007557622157037258,0.05751850828528404
0.009688162244856358,0.0036513262894004583,0.9159508943557739,0.0029818937182426453,0.04901106655597687,0.011171587742865086,0.0075450981967151165
0.003591695101931691,0.0033903412986546755,0.0037846313789486885,0.010016637854278088,0.9235260486602783,0.010797020047903061,0.04489357769489288
0.42532312870025635,0.13298408687114716,0.011732485145330429,0.009991640225052834,0.37513428926467896,0.035346660763025284,0.009487779811024666
0.003529324196279049,0.006413464900106192,0.9400950074195862,0.003445006674155593,0.03279878944158554,0.00931506510823965,0.004403343424201012
0.00475750956684351,0.002433209680020809,0.9742283821105957,0.0014228380750864744,0.012575377710163593,0.0025876343715935946,0.001995149767026305
0.012711189687252045,0.004788543563336134,0.003861792152747512,0.012527260929346085,0.9062338471412659,0.014654844999313354,0.04522249475121498
0.009151254780590534,0.005126395728439093,0.023102911189198494,0.004942999687045813,0.791110098361969,0.019360577687621117,0.1472056806087494
0.05240673944354057,0.008421662263572216,0.011437119916081429,0.011843279004096985,0.9045384526252747,0.0034031521063297987,0.007949559949338436
0.015901057049632072,0.01730719767510891,0.048939298838377,0.007122615817934275,0.8797555565834045,0.00649947440251708,0.02447483129799366
0.057925790548324585,0.2755182385444641,0.012569235637784004,0.013222753070294857,0.6278797388076782,0.006359364837408066,0.006525006610900164
0.1501959264278412,0.45281943678855896,0.05415063723921776,0.008701278828084469,0.2849060893058777,0.03171766176819801,0.017508918419480324
0.012765846215188503,0.024180326610803604,0.020531663671135902,0.006049659103155136,0.862381100654602,0.016943776980042458,0.05714749917387962
0.045272234827280045,0.8492274284362793,0.035701241344213486,0.0020362765062600374,0.04799647629261017,0.00997606199234724,0.009790265932679176
0.28915974497795105,0.10750634223222733,0.12874473631381989,0.00626696040853858,0.43148043751716614,0.02248252183198929,0.014359178952872753
0.11487336456775665,0.5993247032165527,0.031713519245386124,0.002093274611979723,0.22276049852371216,0.016571147367358208,0.012663530185818672
0.01897476240992546,0.024253999814391136,0.8504467010498047,0.0029926742427051067,0.046058204025030136,0.005305912345647812,0.05196787416934967
0.23022593557834625,0.007175516802817583,0.37658509612083435,0.01720801554620266,0.26033449172973633,0.03095017932355404,0.07752073556184769
0.28442806005477905,0.12410024553537369,0.22311094403266907,0.0025128531269729137,0.3167973756790161,0.019903933629393578,0.029146607965230942
0.058918070048093796,0.013950556516647339,0.03413575142621994,0.0022256833035498857,0.8606458902359009,0.014257821254432201,0.015866169705986977
0.013938781805336475,0.041566152125597,0.010584572330117226,0.00639283237978816,0.5573703050613403,0.008460606448352337,0.3616867661476135
0.6088943481445312,0.05227228254079819,0.056260913610458374,0.002802634611725807,0.10755404084920883,0.16627521812915802,0.005940540693700314
0.020749488845467567,0.009521374478936195,0.031161382794380188,0.006876611150801182,0.9124394655227661,0.005308722611516714,0.013942926190793514
0.015122153796255589,0.017989546060562134,0.1506146490573883,0.013764286413788795,0.7127547264099121,0.012363089248538017,0.07739148288965225
0.004903995897620916,0.004690023139119148,0.0021964197512716055,0.005346283782273531,0.8373486399650574,0.07533194869756699,0.07018262147903442
0.21657046675682068,0.12509778141975403,0.18124732375144958,0.0031637330539524555,0.40994417667388916,0.05022379010915756,0.013752653263509274
0.01914762146770954,0.019247056916356087,0.22833377122879028,0.007348914630711079,0.7042273283004761,0.012941750697791576,0.008753620088100433
0.0026639506686478853,0.003138869535177946,0.9795544147491455,0.0008830875158309937,0.009326649829745293,0.002284316811710596,0.0021486692130565643
0.006978577468544245,0.01943693682551384,0.002435654867440462,0.3506622314453125,0.5539706349372864,0.05616810917854309,0.010347855277359486
0.5570641756057739,0.08131101727485657,0.07015816122293472,0.004069179762154818,0.2615984082221985,0.01658586971461773,0.009213223122060299
0.08259640634059906,0.04071466252207756,0.7107081413269043,0.0049032592214643955,0.08708445727825165,0.0650096982717514,0.008983351290225983
0.2570418119430542,0.013543586246669292,0.01120877917855978,0.02375609613955021,0.6550711989402771,0.01041602436453104,0.028962451964616776
0.07831113040447235,0.031062494963407516,0.022608129307627678,0.0046053314581513405,0.09096181392669678,0.14305736124515533,0.6293937563896179
0.01467922329902649,0.02161286398768425,0.01737937144935131,0.010020829737186432,0.5516491532325745,0.015852047130465508,0.3688064515590668
0.02612992376089096,0.01598326303064823,0.06611426919698715,0.0028411641251295805,0.8637806177139282,0.017701169475913048,0.007449656259268522
0.2970357835292816,0.529496967792511,0.014669286087155342,0.003379479283466935,0.14100688695907593,0.009069300256669521,0.005342250224202871
0.08424973487854004,0.8489177823066711,0.012808321043848991,0.0029557421803474426,0.04431667923927307,0.004125040024518967,0.0026266849599778652
0.012809165753424168,0.010695519857108593,0.007442884612828493,0.005026604980230331,0.9417598247528076,0.00928367767482996,0.012982403859496117
0.005564673338085413,0.007424228824675083,0.002979949815198779,0.018153946846723557,0.9292742609977722,0.019347431138157845,0.017255574464797974
0.07257366180419922,0.01064728107303381,0.8406583070755005,0.0016072222497314215,0.03307293355464935,0.031161898747086525,0.010278637520968914
0.013825112953782082,0.01144751999527216,0.002852397970855236,0.01274458970874548,0.9351449012756348,0.005649709142744541,0.018335772678256035
0.3875150680541992,0.020355938002467155,0.43377190828323364,0.005623519420623779,0.12504586577415466,0.016042528674006462,0.011645205318927765
0.0667659342288971,0.017012881115078926,0.8405784368515015,0.0026223543100059032,0.02117449790239334,0.019916174933314323,0.03192971646785736
0.4946806728839874,0.03805074840784073,0.10413454473018646,0.0033052670769393444,0.09270038455724716,0.08871946483850479,0.17840896546840668
0.14863817393779755,0.014237827621400356,0.6878633499145508,0.004684374202042818,0.10823092609643936,0.014063606038689613,0.022281697019934654
0.18062295019626617,0.2586841285228729,0.17182403802871704,0.005447821691632271,0.30054861307144165,0.07869702577590942,0.004175448790192604
0.08967873454093933,0.7762983441352844,0.04472312703728676,0.001342135015875101,0.03828992694616318,0.04096043482422829,0.008707305416464806
0.20821158587932587,0.4638355076313019,0.0252754595130682,0.0024290368892252445,0.18372324109077454,0.11142675578594208,0.005098413676023483
0.19950631260871887,0.13217543065547943,0.017011357471346855,0.012537992559373379,0.5452682375907898,0.046469997614622116,0.04703066125512123
0.027517808601260185,0.040008507668972015,0.011187411844730377,0.0026500977110117674,0.5851644277572632,0.28403976559638977,0.049431946128606796
0.33273908495903015,0.18771371245384216,0.008166634477674961,0.015345895662903786,0.4222881495952606,0.031176263466477394,0.0025701471604406834
0.022580334916710854,0.0240862388163805,0.004998441785573959,0.010822436772286892,0.9251476526260376,0.008531312458217144,0.003833560738712549
0.012840844690799713,0.07609888166189194,0.009189714677631855,0.005930568091571331,0.8191021084785461,0.05088702589273453,0.025950947776436806
0.01177486963570118,0.0220070518553257,0.0468154214322567,0.015001682564616203,0.6831539869308472,0.006275247782468796,0.21497172117233276
0.06575039029121399,0.24292698502540588,0.020277006551623344,0.4234926998615265,0.23231540620326996,0.010128892958164215,0.005108729936182499
0.0035980602260679007,0.010211638174951077,0.0011593337403610349,0.056028835475444794,0.06281426548957825,0.862034022808075,0.00415381696075201
0.003477368736639619,0.006274105980992317,0.0017289286479353905,0.8301699757575989,0.11969579011201859,0.011227035894989967,0.027426743879914284
