anger,disgust,fear,joy,neutral,sadness,surprise
0.12507514655590057,0.07243313640356064,0.1390562802553177,0.017558295279741287,0.4322505295276642,0.18400703370571136,0.029619578272104263
0.003972572740167379,0.022282777354121208,0.009195209480822086,0.003247105050832033,0.036384377628564835,0.9206955432891846,0.004222404677420855
0.021563364192843437,0.1048758253455162,0.0037388980854302645,0.0032578702084720135,0.7696365118026733,0.07058295607566833,0.02634451910853386
0.009866678155958652,0.0024793213233351707,0.008496941067278385,0.15742649137973785,0.5438019037246704,0.06573812663555145,0.21219050884246826
0.015798311680555344,0.13567426800727844,0.16572187840938568,0.00914264190942049,0.3225989043712616,0.303233802318573,0.047830142080783844
0.5073849558830261,0.121416836977005,0.006359834223985672,0.001601151772774756,0.3340323567390442,0.017720304429531097,0.011484558694064617
0.032755520194768906,0.8843455910682678,0.0175674669444561,0.0008772112196311355,0.04343055561184883,0.012056094594299793,0.008967510424554348
0.03106476366519928,0.0198993980884552,0.8147034049034119,0.0028374879620969296,0.02010032907128334,0.09730355441570282,0.014091156423091888
0.024198951199650764,0.07377764582633972,0.001722745830193162,0.5868258476257324,0.07486709207296371,0.22913949191570282,0.009468121454119682
0.010877533815801144,0.06904705613851547,0.5628511905670166,0.011832738295197487,0.31664350628852844,0.019136086106300354,0.009611907415091991
0.02927781082689762,0.04571104794740677,0.0042353239841759205,0.007956777699291706,0.5353862047195435,0.36915406584739685,0.008278767578303814
0.42317208647727966,0.14195537567138672,0.08720147609710693,0.005821641534566879,0.3170788586139679,0.014359953813254833,0.010410672053694725
0.006834514904767275,0.029897572472691536,0.0028234736528247595,0.13204263150691986,0.7455801963806152,0.02059575915336609,0.06222588196396828
0.03551563620567322,0.126493901014328,0.00693934690207243,0.5921544432640076,0.2222900241613388,0.007555503398180008,0.009051183238625526
0.4036024808883667,0.5225059390068054,0.0067227124236524105,0.001968139549717307,0.04642661660909653,0.017705047503113747,0.0010690521448850632
0.012834537774324417,0.008030646480619907,0.033513206988573074,0.0013521461514756083,0.04353252798318863,0.8875032663345337,0.013233707286417484
0.845767617225647,0.059588707983493805,0.008105195127427578,0.002329615643247962,0.06605099141597748,0.014833997003734112,0.0033238695468753576
0.007884404622018337,0.011394566856324673,0.0014409556752070785,0.03562357276678085,0.9234424829483032,0.005677889101207256,0.014536132104694843
0.006796152796596289,0.021560946479439735,0.0008478331728838384,0.5665570497512817,0.3820282518863678,0.009889022447168827,0.012320694513618946
0.09511295706033707,0.005423667840659618,0.5020710825920105,0.007398839108645916,0.12477244436740875,0.17819559574127197,0.08702537417411804
0.36094924807548523,0.15916462242603302,0.006085606757551432,0.005700995214283466,0.34160396456718445,0.09806498140096664,0.028430605307221413
0.00782736111432314,0.03250710666179657,0.012453659437596798,0.004596523009240627,0.5961779952049255,0.3156639337539673,0.030773339793086052
0.00375064997933805,0.002655650256201625,0.002826562151312828,0.013811299577355385,0.009257000871002674,0.0011057488154619932,0.9665930867195129
0.013793273828923702,0.020711686462163925,0.009234385564923286,0.00905848853290081,0.2743270695209503,0.4371872842311859,0.23568779230117798
0.37888479232788086,0.14748552441596985,0.0841931700706482,0.007974191568791866,0.32252466678619385,0.042842939496040344,0.01609468087553978
0.010180127806961536,0.004489113576710224,0.001665179617702961,0.3485419750213623,0.5698090195655823,0.004734945949167013,0.06057961657643318
0.011228691786527634,0.0028309295885264874,0.008141515776515007,0.4125118851661682,0.4048649072647095,0.014684916473925114,0.1457371562719345
0.1192014291882515,0.5025354027748108,0.01493969839066267,0.0019161914242431521,0.29304593801498413,0.06159987300634384,0.006761578377336264
0.016635185107588768,0.27460697293281555,0.006890014745295048,0.007773262914270163,0.653895914554596,0.007556152530014515,0.03264257311820984
0.00590830622240901,0.0023992210626602173,0.014850118197500706,0.003209179500117898,0.00812467746436596,0.001715998281724751,0.9637925028800964
0.014050271362066269,0.018347492441534996,0.005484369583427906,0.013585642911493778,0.6693830490112305,0.26682013273239136,0.01232908945530653
