anger,disgust,fear,joy,neutral,sadness,surprise
0.11177235841751099,0.09220375120639801,0.737429141998291,0.0022805165499448776,0.04218137264251709,0.009370057843625546,0.004762791562825441
0.05827144533395767,0.09447894245386124,0.1004602462053299,0.0029477893840521574,0.06190137937664986,0.6724424958229065,0.00949766580015421
0.007593345828354359,0.20191508531570435,0.07687170058488846,0.005801158957183361,0.22160765528678894,0.47442692518234253,0.011784094385802746
0.006972478702664375,0.005797258578240871,0.03652710095047951,0.08374905586242676,0.7213161587715149,0.07963413000106812,0.06600381433963776
0.35837799310684204,0.04416218772530556,0.06743969768285751,0.019231529906392097,0.25119733810424805,0.22044385969638824,0.039147358387708664
0.02621046081185341,0.1149706169962883,0.23957644402980804,0.007281655445694923,0.5191832780838013,0.08025655150413513,0.012521005235612392
0.02040461264550686,0.05238315463066101,0.3835030794143677,0.003976101987063885,0.4785805642604828,0.05174247547984123,0.009409903548657894
0.03915630653500557,0.27770110964775085,0.030076639726758003,0.002784606534987688,0.5986828804016113,0.04828701913356781,0.003311406122520566
0.05228106677532196,0.5277988314628601,0.3591926395893097,0.0009655170142650604,0.021410036832094193,0.03351648151874542,0.004835388157516718
0.016793563961982727,0.006138694938272238,0.865760862827301,0.0019255089573562145,0.04172240197658539,0.05619901418685913,0.011459932662546635
0.053392406553030014,0.24809415638446808,0.23904363811016083,0.006751442793756723,0.41448715329170227,0.02076745219528675,0.017463795840740204
0.13246604800224304,0.2596723735332489,0.036801137030124664,0.00798557884991169,0.024504592642188072,0.5362064242362976,0.002363821491599083
0.03127796947956085,0.8711548447608948,0.04509545490145683,0.0013226595474407077,0.02989180013537407,0.018694421276450157,0.0025628614239394665
0.08406724780797958,0.03684861212968826,0.19706563651561737,0.005799620877951384,0.25344425439834595,0.35396209359169006,0.06881251931190491
0.019627097994089127,0.17303194105625153,0.2504148781299591,0.004400535486638546,0.33644452691078186,0.20449191331863403,0.011589057743549347
0.04470083862543106,0.03194306045770645,0.2277241051197052,0.01890331692993641,0.4692831039428711,0.18903100490570068,0.018414558842778206
0.005444988142699003,0.1015157625079155,0.02708597108721733,0.011211365461349487,0.6596345901489258,0.15701568126678467,0.03809162229299545
0.008200570940971375,0.006262165028601885,0.8687215447425842,0.0027524849865585566,0.0797048956155777,0.026976844295859337,0.007381467614322901
0.0052513680420815945,0.018553897738456726,0.016105815768241882,0.004617961589246988,0.9155998826026917,0.009621289558708668,0.030249876901507378
0.043597880750894547,0.05201137065887451,0.005493905860930681,0.006898476276546717,0.8787906765937805,0.01082545891404152,0.002382222330197692
0.016703277826309204,0.004746756982058287,0.04861896112561226,0.012203609570860863,0.8985236883163452,0.00954840611666441,0.009655271656811237
0.09011092782020569,0.013717547990381718,0.1911453902721405,0.0038148299790918827,0.03553948551416397,0.5558710694313049,0.1098007932305336
0.016487475484609604,0.037124332040548325,0.004595388192683458,0.00238161557354033,0.9167810678482056,0.019235294312238693,0.003394858445972204
0.03327052667737007,0.823903501033783,0.10428526252508163,0.0013611031463369727,0.0212241318076849,0.013309859670698643,0.0026456955820322037
