anger,disgust,fear,joy,neutral,sadness,surprise
0.02248215489089489,0.025245780125260353,0.006900445092469454,0.001787999994121492,0.1369221806526184,0.7765052318572998,0.030156200751662254
0.03026646003127098,0.04401826113462448,0.011214696802198887,0.011771471239626408,0.8841086626052856,0.01444335374981165,0.004176990129053593
0.002724351594224572,0.9901694655418396,0.003729369258508086,0.0006412948132492602,0.0013058849144726992,0.0009837107500061393,0.000446000718511641
0.023798860609531403,0.9274541139602661,0.005533580668270588,0.0018381163245067,0.03421962261199951,0.005043076816946268,0.0021126791834831238
0.04470481723546982,0.8123038411140442,0.028353357687592506,0.0019345051841810346,0.09372692555189133,0.017260655760765076,0.0017158358823508024
0.057458508759737015,0.07144223898649216,0.010713484138250351,0.011872279457747936,0.7202489376068115,0.12385482341051102,0.004409741144627333
0.09275506436824799,0.061794377863407135,0.3194689154624939,0.01143421046435833,0.460369348526001,0.025132158771157265,0.02904609590768814
0.027101080864667892,0.1381421834230423,0.016351714730262756,0.004561429377645254,0.5106337666511536,0.013286225497722626,0.2899235785007477
0.01147477887570858,0.021184738725423813,0.0017818883061408997,0.03560544550418854,0.8965693712234497,0.02081778086721897,0.012565981596708298
