anger,disgust,fear,joy,neutral,sadness,surprise
0.004578827414661646,0.006096070632338524,0.050497133284807205,0.015382465906441212,0.7801311016082764,0.01555658783763647,0.12775781750679016
0.011425448581576347,0.9637052416801453,0.012764913961291313,0.0008945958106778562,0.006064218003302813,0.0017887804424390197,0.0033567827194929123
0.032860301434993744,0.4546659290790558,0.08392304927110672,0.11252088844776154,0.17574606835842133,0.02207210101187229,0.11821165680885315
0.32716071605682373,0.27050742506980896,0.0775073692202568,0.00316264177672565,0.22471018135547638,0.08033701777458191,0.016614606603980064
0.021528154611587524,0.7022315859794617,0.013044893741607666,0.013022550381720066,0.22166845202445984,0.012180614285171032,0.016323674470186234
0.007568506523966789,0.7564260363578796,0.016355019062757492,0.007735562510788441,0.192382350564003,0.004831649828702211,0.014700855128467083
0.0037304044235497713,0.0016826727660372853,0.002409248845651746,0.6302593350410461,0.29164138436317444,0.019586533308029175,0.050690487027168274
0.05482856556773186,0.2989579141139984,0.18535244464874268,0.004234078340232372,0.4165593981742859,0.033389199525117874,0.006678460631519556
0.31901815533638,0.18030883371829987,0.05756163224577904,0.017071353271603584,0.39347365498542786,0.01836809329688549,0.014198334887623787
0.020448336377739906,0.7632198929786682,0.0095631442964077,0.01640024594962597,0.16591095924377441,0.009117143228650093,0.015340317040681839
0.1881188154220581,0.17664583027362823,0.00628975173458457,0.00190887285862118,0.03728121891617775,0.5821148753166199,0.00764061976224184
0.006440766621381044,0.1802489012479782,0.017385797575116158,0.014381610788404942,0.6968873739242554,0.04221365600824356,0.04244194179773331
0.004106002859771252,0.006726532708853483,0.0018276923801749945,0.015841785818338394,0.9558130502700806,0.00654472503811121,0.00914029311388731
0.009887724183499813,0.04308174178004265,0.00486757280305028,0.04030158370733261,0.3849688768386841,0.49494510889053345,0.021947337314486504
0.01499686948955059,0.1805025190114975,0.00487088318914175,0.18942217528820038,0.49145060777664185,0.11416155844926834,0.004595310892909765
0.04381508752703667,0.9066711664199829,0.010422930121421814,0.001353558269329369,0.02870236150920391,0.0069995662197470665,0.0020353507716208696
0.004895694088190794,0.003517996985465288,0.0024994439445436,0.14762261509895325,0.7629619836807251,0.019550137221813202,0.05895209312438965
0.007054460700601339,0.010017321445047855,0.005044171120971441,0.06379599124193192,0.8945634961128235,0.00591836404055357,0.013606267981231213
0.009595988318324089,0.02640020288527012,0.015273106284439564,0.014707024209201336,0.14674362540245056,0.7718388438224792,0.015441164374351501
0.140537828207016,0.6427207589149475,0.0052717444486916065,0.0019114426104351878,0.18889044225215912,0.01736733317375183,0.003300494747236371
0.6749566197395325,0.11672117561101913,0.009149583987891674,0.0020425226539373398,0.18110191822052002,0.010804956778883934,0.005223196465522051
0.010335146449506283,0.018204182386398315,0.009642509743571281,0.002071663038805127,0.06720876693725586,0.8654564619064331,0.027081359177827835
0.23974885046482086,0.0848490297794342,0.2873400151729584,0.004480382427573204,0.3463006913661957,0.020926740020513535,0.016354335471987724
0.12127234786748886,0.059548091143369675,0.10513081401586533,0.0031860079616308212,0.18874487280845642,0.06118633970618248,0.4609314799308777
0.7386027574539185,0.06653085350990295,0.1341044008731842,0.00092070217942819,0.024826716631650925,0.03143315017223358,0.0035813585855066776
0.02708260901272297,0.32123449444770813,0.01312661450356245,0.011897560209035873,0.5943844318389893,0.018785104155540466,0.01348917093127966
0.39475470781326294,0.3873191177845001,0.05828933045268059,0.0012587780365720391,0.07543107867240906,0.06950762122869492,0.013439289294183254
0.2278721034526825,0.07920774072408676,0.06537485122680664,0.024111967533826828,0.5593922138214111,0.029092807322740555,0.014948250725865364
0.21870166063308716,0.4459663927555084,0.02761049196124077,0.0036485353484749794,0.1957973837852478,0.10323628038167953,0.005039335694164038
0.04141240566968918,0.45678600668907166,0.020523488521575928,0.0014139730483293533,0.34434470534324646,0.042033515870571136,0.09348580241203308
0.09829061478376389,0.5797972679138184,0.09695654362440109,0.002358627738431096,0.19644077122211456,0.017512576654553413,0.00864358525723219
0.10037515312433243,0.8195159435272217,0.023161107674241066,0.0007565724081359804,0.01752680353820324,0.03662950545549393,0.0020349835976958275
0.14858856797218323,0.027906930074095726,0.45669978857040405,0.01017607282847166,0.15276390314102173,0.19914016127586365,0.004724622704088688
0.29474812746047974,0.5534116625785828,0.04312285780906677,0.0013852467527613044,0.044034045189619064,0.05984291806817055,0.003455072408542037
0.025033989921212196,0.043610915541648865,0.012663577683269978,0.061797816306352615,0.7131422758102417,0.06273647397756577,0.08101493865251541
0.045494984835386276,0.7602238059043884,0.025009535253047943,0.0018727729329839349,0.12060068547725677,0.015558389946818352,0.03123987838625908
0.3421417772769928,0.3800479769706726,0.17129793763160706,0.001502851489931345,0.07596099376678467,0.023181404918432236,0.005867074243724346
0.4442916810512543,0.3053784966468811,0.025805899873375893,0.00418701721355319,0.1818680316209793,0.03385350853204727,0.00461535295471549
0.5423033237457275,0.22441886365413666,0.1263064444065094,0.002955844858661294,0.08199692517518997,0.01293326634913683,0.009085302241146564
0.7962620258331299,0.09769236296415329,0.045242104679346085,0.0012593877036124468,0.03897709399461746,0.015103532001376152,0.0054634506814181805
0.007820301689207554,0.014931891113519669,0.0131898894906044,0.042263150215148926,0.8308805227279663,0.07365887612104416,0.017255354672670364
0.23383083939552307,0.4643264412879944,0.011162006296217442,0.002706174273043871,0.18575726449489594,0.08378957957029343,0.018427709117531776
