anger,disgust,fear,joy,neutral,sadness,surprise
0.026062708348035812,0.013152661733329296,0.0017459915252402425,0.7615864872932434,0.14204417169094086,0.05045878142118454,0.004949130117893219
0.027772044762969017,0.05482092499732971,0.11242029815912247,0.015974290668964386,0.08806437253952026,0.6785041093826294,0.022444013506174088
0.40698933601379395,0.24053306877613068,0.03475887328386307,0.0021224336232990026,0.020486950874328613,0.29094719886779785,0.004162126686424017
0.5333590507507324,0.14912183582782745,0.09581770747900009,0.007338611874729395,0.1478075534105301,0.061529986560344696,0.005025226157158613
0.17319682240486145,0.03582479804754257,0.0884348452091217,0.10452715307474136,0.5448698997497559,0.04544752091169357,0.007698929402977228
0.007456379011273384,0.014105670154094696,0.05293862521648407,0.015863731503486633,0.8384968042373657,0.007078757509589195,0.06406006217002869
0.016906436532735825,0.9370187520980835,0.031095946207642555,0.000639161909930408,0.007654652930796146,0.0047287228517234325,0.0019562316592782736
0.028045352548360825,0.008410857059061527,0.869563639163971,0.0013745608739554882,0.012633079662919044,0.07724291831254959,0.0027297225315123796
0.025574879720807076,0.006004181690514088,0.017659394070506096,0.10837452858686447,0.7210742235183716,0.07086841762065887,0.050444345921278
0.04125025123357773,0.8108981847763062,0.005469821393489838,0.003401379566639662,0.1228545606136322,0.01432722806930542,0.0017985679442062974
0.866630494594574,0.017773082479834557,0.0614292211830616,0.007462803740054369,0.016827814280986786,0.014673727564513683,0.015202897600829601
0.6404938697814941,0.07795277237892151,0.03000122494995594,0.0012330709723755717,0.02743878960609436,0.21801982820034027,0.00486037228256464
0.0382605642080307,0.08935723453760147,0.024556608870625496,0.007954620756208897,0.08768203109502792,0.7431288361549377,0.009060014970600605
0.028853313997387886,0.02675962634384632,0.014062630943953991,0.0008946564048528671,0.047351542860269547,0.8718240261077881,0.010254205204546452
0.7654898166656494,0.10474146902561188,0.0878988578915596,0.0018758525839075446,0.023597219958901405,0.013725509867072105,0.002671225694939494
