anger,disgust,fear,joy,neutral,sadness,surprise
0.01785576529800892,0.002847610739991069,0.03282969072461128,0.4042946696281433,0.2021752893924713,0.19199156761169434,0.1480054259300232
0.008110720664262772,0.025089716538786888,0.0018505135085433722,0.009058710187673569,0.9149535298347473,0.019705427810549736,0.021231476217508316
0.07232581079006195,0.6510180234909058,0.03356176242232323,0.006141516845673323,0.16074030101299286,0.06781699508428574,0.008395583368837833
0.6462787389755249,0.1600811779499054,0.034212417900562286,0.0029722056351602077,0.1407272070646286,0.0067133717238903046,0.009014856070280075
0.015145299956202507,0.03568162024021149,0.00520064402371645,0.026325814425945282,0.8975638747215271,0.012884872034192085,0.007197876926511526
0.123084656894207,0.27637380361557007,0.16463039815425873,0.030298203229904175,0.3836268186569214,0.011042415164411068,0.010943758301436901
0.07273729890584946,0.680980920791626,0.013217722997069359,0.018725378438830376,0.19446255266666412,0.017813323065638542,0.0020629081409424543
0.07064677774906158,0.90842604637146,0.006560173351317644,0.0010738724377006292,0.009147326461970806,0.0029183474835008383,0.0012275335611775517
0.06768058985471725,0.1639985293149948,0.0027189143002033234,0.03199075907468796,0.7050656676292419,0.02084409072995186,0.007701497059315443
0.055455535650253296,0.8565571904182434,0.03435259684920311,0.0008794697350822389,0.020069630816578865,0.030335500836372375,0.0023500933311879635
0.02222386933863163,0.048454996198415756,0.002148550469428301,0.08732926845550537,0.6554991602897644,0.1764349490404129,0.007909230887889862
0.5428719520568848,0.054985880851745605,0.32954683899879456,0.004341724794358015,0.04349178075790405,0.01903260312974453,0.005729158874601126
0.12063663452863693,0.11518826335668564,0.0030820737592875957,0.0966886505484581,0.2308957278728485,0.423326313495636,0.010182258673012257
0.1339550018310547,0.34342026710510254,0.038202255964279175,0.0013425924116745591,0.426870197057724,0.03269413858652115,0.023515503853559494
0.07307609915733337,0.016091814264655113,0.011162643320858479,0.057160232216119766,0.38748040795326233,0.20331957936286926,0.2517092823982239
0.8320938944816589,0.020334234461188316,0.12060434371232986,0.0010070366552099586,0.01865074411034584,0.004615589044988155,0.0026941553223878145
0.015447176061570644,0.005736298859119415,0.0013555235927924514,0.2724185883998871,0.6638228893280029,0.007246532943099737,0.03397293761372566
0.016695259138941765,0.21809133887290955,0.01193972583860159,0.020029110834002495,0.6129582524299622,0.10568217188119888,0.014604153111577034
0.00872745644301176,0.09174013882875443,0.001960173947736621,0.11427882313728333,0.7600210309028625,0.010193917900323868,0.01307845488190651
0.08402495086193085,0.2811000943183899,0.008149598725140095,0.005880899727344513,0.19574524462223053,0.411670982837677,0.0134282186627388
0.021623395383358,0.03562382608652115,0.012583364732563496,0.03383234888315201,0.8098169565200806,0.009702392853796482,0.07681764662265778
