anger,disgust,fear,joy,neutral,sadness,surprise
0.03439607843756676,0.5233402848243713,0.3832865357398987,0.0016434999415650964,0.047552626579999924,0.004916188772767782,0.004864748101681471
0.0588696151971817,0.862831711769104,0.015119818039238453,0.0009504073532298207,0.05340014398097992,0.004516329616308212,0.004311881493777037
0.6607443690299988,0.14265930652618408,0.07288883626461029,0.002833596197888255,0.04076521471142769,0.05006038770079613,0.03004833683371544
0.015129860490560532,0.004787025973200798,0.005026645492762327,0.4599846601486206,0.2530434727668762,0.04582737386226654,0.21620097756385803
0.02984209917485714,0.058764901012182236,0.010713416151702404,0.42627212405204773,0.14543746411800385,0.31261080503463745,0.01635916717350483
0.4220893085002899,0.183928981423378,0.13176783919334412,0.024105744436383247,0.17475831508636475,0.058841511607170105,0.004508433863520622
0.4866235852241516,0.040370114147663116,0.298725426197052,0.0029666016343981028,0.1540587693452835,0.009348111227154732,0.007907441817224026
0.5078245997428894,0.06139010190963745,0.05089353770017624,0.004301109351217747,0.3474058210849762,0.02595360577106476,0.002231268212199211
0.4730564057826996,0.05277012288570404,0.08904644101858139,0.004195397719740868,0.3340950310230255,0.042902927845716476,0.003933772910386324
0.007155860308557749,0.015219084918498993,0.003113041864708066,0.13128584623336792,0.7936985492706299,0.027440203353762627,0.022087445482611656
0.25586509704589844,0.054141815751791,0.12755511701107025,0.005587320309132338,0.3636666536331177,0.03789219632744789,0.15529175102710724
0.05145185440778732,0.006409500725567341,0.9059284925460815,0.0021869842894375324,0.028444793075323105,0.0032716847490519285,0.0023065521381795406
0.005489479284733534,0.0707429051399231,0.0026714641135185957,0.01705368235707283,0.8856871724128723,0.010812947526574135,0.0075423638336360455
0.844646692276001,0.07894648611545563,0.008414050564169884,0.001226400607265532,0.04577278718352318,0.014841517433524132,0.006152056623250246
0.015603942796587944,0.013048509135842323,0.9416765570640564,0.0013975583715364337,0.01500939205288887,0.0022577238269150257,0.011006342247128487
0.006802539341151714,0.9860615730285645,0.0013739971909672022,0.00043649450526572764,0.002797922817990184,0.0017239376902580261,0.0008036689250729978
0.8140913248062134,0.04133069887757301,0.03345952928066254,0.0018724279943853617,0.08619482815265656,0.019682131707668304,0.0033689592964947224
0.187665656208992,0.14288347959518433,0.0420067124068737,0.003889648010954261,0.5921945571899414,0.01672583445906639,0.014634116552770138
0.04324878379702568,0.9265802502632141,0.015352188609540462,0.0005422792746685445,0.008565069176256657,0.004181082360446453,0.0015303679974749684
0.09035409986972809,0.060413505882024765,0.5129261016845703,0.004299851134419441,0.26071593165397644,0.01349949836730957,0.05779096484184265
0.012868041172623634,0.009754891507327557,0.004340630955994129,0.006056106183677912,0.9544285535812378,0.00581560330465436,0.006736110895872116
0.24275949597358704,0.40107476711273193,0.2097630649805069,0.001708838390186429,0.11393879354000092,0.015307839028537273,0.015447244979441166
0.006464335136115551,0.02033848874270916,0.015477200970053673,0.009036971256136894,0.9152683019638062,0.016910839825868607,0.016503827646374702
0.011750451289117336,0.015924176201224327,0.7905358672142029,0.0018358872039243579,0.01993950642645359,0.005127911921590567,0.15488609671592712
0.046219758689403534,0.025888018310070038,0.3263806104660034,0.001830692053772509,0.05072677880525589,0.006846184376627207,0.5421079993247986
