anger,disgust,fear,joy,neutral,sadness,surprise
0.019010135903954506,0.010746140033006668,0.15992751717567444,0.03469660505652428,0.6724849343299866,0.009410868398845196,0.09372378140687943
0.007192673161625862,0.02051750011742115,0.0013888418907299638,0.005293901078402996,0.9372230172157288,0.022166291251778603,0.006217768415808678
0.03686612844467163,0.38231202960014343,0.005468032788485289,0.20977184176445007,0.3394247591495514,0.01101495698094368,0.015142216347157955
0.010073458775877953,0.010787442326545715,0.0031523783691227436,0.0072417487390339375,0.943347692489624,0.0099135497584939,0.015483741648495197
0.024678170680999756,0.019517207518219948,0.001417746883817017,0.07486461102962494,0.8520446419715881,0.004693851340562105,0.022783752530813217
0.1316632628440857,0.10773217678070068,0.00513434037566185,0.002988157095387578,0.06474830210208893,0.6724751591682434,0.0152586055919528
0.006902589928358793,0.009459340013563633,0.001992517150938511,0.02602776326239109,0.9241245985031128,0.02303200773894787,0.008461134508252144
0.011012038215994835,0.02785063534975052,0.007615124806761742,0.004612213000655174,0.9110479354858398,0.018046321347355843,0.019815709441900253
0.13038478791713715,0.04831259325146675,0.22146260738372803,0.0051648844964802265,0.3531647324562073,0.19971761107444763,0.04179275780916214
0.2607913017272949,0.011039333418011665,0.6902384757995605,0.002350923139601946,0.024742059409618378,0.007830269634723663,0.0030076908878982067
0.0819864496588707,0.07292978465557098,0.011918564327061176,0.00902028288692236,0.4118805527687073,0.4088435769081116,0.0034208267461508512
0.022197622805833817,0.034270990639925,0.002572848228737712,0.011278587393462658,0.8964948654174805,0.027445737272500992,0.005739344749599695
0.11189448088407516,0.12119179219007492,0.020567717030644417,0.036643337458372116,0.6939479112625122,0.013695305213332176,0.0020594799425452948
0.02118864469230175,0.11606976389884949,0.0016952375881373882,0.3528061509132385,0.4732570946216583,0.03112700767815113,0.0038561851251870394
0.008106266148388386,0.011363206431269646,0.0009906269842758775,0.6238747239112854,0.31122395396232605,0.01127059105783701,0.03317064791917801
0.1964797079563141,0.20884904265403748,0.002821324160322547,0.007831527851521969,0.5552553534507751,0.021593846380710602,0.007169205695390701
0.027490073814988136,0.10943982750177383,0.025662949308753014,0.035383373498916626,0.6441539525985718,0.04456516355276108,0.11330468207597733
0.007903745397925377,0.015245717950165272,0.009924016892910004,0.07527028024196625,0.8655300140380859,0.006857380270957947,0.019268864765763283
0.007230546325445175,0.9645460844039917,0.0013697134563699365,0.0007773536490276456,0.011469652876257896,0.0013232482597231865,0.013283370062708855
0.04401307925581932,0.4507904350757599,0.21632933616638184,0.009668881073594093,0.2122715711593628,0.05263052508234978,0.014296131208539009
0.003995078150182962,0.020584961399435997,0.003208015812560916,0.0012568511301651597,0.015283768065273762,0.9535289406776428,0.0021423292346298695
0.028900453820824623,0.03077481873333454,0.005280732177197933,0.0056363800540566444,0.5081034302711487,0.41340190172195435,0.007902325130999088
0.01831151731312275,0.04447219520807266,0.6920760273933411,0.004789718426764011,0.13293814659118652,0.08309685438871384,0.024315424263477325
0.017493484541773796,0.02988435886800289,0.003428804222494364,0.08419480174779892,0.6251323819160461,0.22613242268562317,0.013733739033341408
0.020105035975575447,0.009523897431790829,0.0014264961937442422,0.21979732811450958,0.7163928747177124,0.011631298810243607,0.02112305536866188
0.00441648019477725,0.004236874170601368,0.0010862484341487288,0.012109844014048576,0.898506224155426,0.01254841685295105,0.06709589809179306
0.02190646156668663,0.015731267631053925,0.1161201000213623,0.059080999344587326,0.6244555711746216,0.04174661636352539,0.12095896899700165
