anger,disgust,fear,joy,neutral,sadness,surprise
0.042289841920137405,0.01873360015451908,0.09430795907974243,0.037171438336372375,0.7325955629348755,0.04628954082727432,0.02861207351088524
0.0037229086738079786,0.0018649573903530836,0.0020973379723727703,0.006692003924399614,0.9749626517295837,0.004921421874314547,0.005738737061619759
0.14471587538719177,0.08655150979757309,0.1039196327328682,0.008617064915597439,0.6147187352180481,0.017565404996275902,0.023911762982606888
0.10096552222967148,0.053559526801109314,0.4195532500743866,0.0023751393891870975,0.05070127174258232,0.01124664768576622,0.3615986704826355
0.9300223588943481,0.015993252396583557,0.0053785075433552265,0.0011013922048732638,0.04020160064101219,0.00390546303242445,0.0033975583501160145
0.12507903575897217,0.04651453346014023,0.48089590668678284,0.0026857645716518164,0.29624760150909424,0.030675332993268967,0.01790182664990425
0.005479905288666487,0.007928282953798771,0.004488637670874596,0.0025461618788540363,0.022055411711335182,0.9542567729949951,0.0032448284327983856
0.6629372239112854,0.13478070497512817,0.08574987947940826,0.004322693217545748,0.0949619859457016,0.008526097983121872,0.008721486665308475
0.0009642465156503022,0.0018068348290398717,0.0013053850270807743,0.0037340361159294844,0.01123927254229784,0.9770023822784424,0.003947840072214603
0.10182112455368042,0.014521502889692783,0.05580809339880943,0.004762188997119665,0.7379714846611023,0.06583438813686371,0.019281256943941116
0.8784052729606628,0.044413600116968155,0.006240378133952618,0.0016919621266424656,0.0583978146314621,0.00801107008010149,0.0028399310540407896
0.015856759622693062,0.16004037857055664,0.032719582319259644,0.34740063548088074,0.37621206045150757,0.013152999803423882,0.05461753159761429
0.039592839777469635,0.017503295093774796,0.2105739414691925,0.008942114189267159,0.6772236227989197,0.02546750195324421,0.020696714520454407
0.09921612590551376,0.37396159768104553,0.05738304182887077,0.006284404546022415,0.43809422850608826,0.019922057166695595,0.005138567183166742
0.4022822082042694,0.550684928894043,0.004019799176603556,0.0010148263536393642,0.03248566761612892,0.007477160543203354,0.0020353631116449833
0.3535093069076538,0.5324939489364624,0.027127601206302643,0.0012985490029677749,0.04735898971557617,0.03450647369027138,0.003705105511471629
0.06642462313175201,0.22885210812091827,0.27362334728240967,0.0059414757415652275,0.3983387351036072,0.01365573052316904,0.01316408347338438
0.03982662782073021,0.7543972730636597,0.13936738669872284,0.0009807993192225695,0.03712429478764534,0.016137154772877693,0.012166422791779041
0.19272856414318085,0.04299820959568024,0.49136120080947876,0.003219473408535123,0.11132915318012238,0.027588102966547012,0.1307753622531891
0.005115356761962175,0.012761425226926804,0.930228590965271,0.0021891403011977673,0.03838203102350235,0.003073782194405794,0.008249652571976185
0.03775819391012192,0.007485486101359129,0.9289582371711731,0.0014324955409392715,0.015566411428153515,0.0027551392558962107,0.006043984089046717
0.6031873226165771,0.2622719705104828,0.006467994302511215,0.0011786806862801313,0.06655654311180115,0.04322494938969612,0.01711261086165905
0.14740756154060364,0.11705943942070007,0.18011002242565155,0.0025227083824574947,0.38578248023986816,0.04180610179901123,0.12531167268753052
0.6804211139678955,0.09308099001646042,0.11957941204309464,0.003989888820797205,0.0855076014995575,0.011552572250366211,0.005868377164006233
0.1442382037639618,0.024037182331085205,0.12193402647972107,0.008975288830697536,0.6289783716201782,0.05462929978966713,0.017207656055688858
0.00931544043123722,0.026660120114684105,0.003735765116289258,0.025718724355101585,0.8718737959861755,0.026461562141776085,0.03623460233211517
0.008979822508990765,0.01806780882179737,0.004008641932159662,0.0032194708473980427,0.9282175898551941,0.005756485741585493,0.03175023943185806
0.23674575984477997,0.057798516005277634,0.013741862028837204,0.010596292093396187,0.5801736116409302,0.09240324050188065,0.008540695533156395
0.016757911071181297,0.008154530078172684,0.9665586352348328,0.0007378369919024408,0.0035195813979953527,0.002125593600794673,0.0021458063274621964
0.022635070607066154,0.04404209926724434,0.003937022294849157,0.006825780030339956,0.775481641292572,0.00991526897996664,0.1371632069349289
0.03926996514201164,0.008227024227380753,0.10117564350366592,0.007306234445422888,0.8149263858795166,0.014115937985479832,0.014978736639022827
0.041935376822948456,0.016491452232003212,0.0057655638083815575,0.005489983130246401,0.9131278395652771,0.013252227567136288,0.003937512636184692
0.46346843242645264,0.11890318989753723,0.30067259073257446,0.004058425780385733,0.09220927208662033,0.013836808502674103,0.006851173471659422
0.016506999731063843,0.003466468071565032,0.0017685417551547289,0.003833079943433404,0.051774654537439346,0.0017858768114820123,0.9208644032478333
