anger,disgust,fear,joy,neutral,sadness,surprise
0.10190030187368393,0.46774792671203613,0.399762362241745,0.0027987456414848566,0.018072662875056267,0.005488194525241852,0.0042298343032598495
0.1544131636619568,0.3372769057750702,0.04023198410868645,0.013867530971765518,0.4359135925769806,0.012987006455659866,0.005309848580509424
0.0026329606771469116,0.003847915679216385,0.0038653824012726545,0.005514505784958601,0.9142212271690369,0.012404082342982292,0.05751390755176544
0.013851023279130459,0.013013743795454502,0.009219356812536716,0.005299798212945461,0.9091684222221375,0.021088045090436935,0.02835961990058422
0.014819550327956676,0.012674896977841854,0.004565805196762085,0.007688579149544239,0.8312860131263733,0.0660882368683815,0.06287697702646255
0.2733045220375061,0.4900526702404022,0.011885009706020355,0.04529768228530884,0.13847170770168304,0.03854132816195488,0.0024470174685120583
0.10056962817907333,0.0548415333032608,0.013893070630729198,0.002643038285896182,0.016398757696151733,0.7868195176124573,0.02483445778489113
0.13658678531646729,0.07286642491817474,0.2722340524196625,0.014313544146716595,0.39130306243896484,0.009788937866687775,0.10290724039077759
0.03313680365681648,0.029353361576795578,0.33080601692199707,0.006858792155981064,0.5252663493156433,0.017264490947127342,0.0573141947388649
0.12614670395851135,0.0026889259461313486,0.1459515392780304,0.14336998760700226,0.2686661183834076,0.11619775742292404,0.19697897136211395
0.027687275782227516,0.467159628868103,0.301259309053421,0.0019072837894782424,0.025365106761455536,0.17336151003837585,0.0032599095720797777
0.017957810312509537,0.8611070513725281,0.10439472645521164,0.0005645842174999416,0.007797465659677982,0.00611475296318531,0.0020636513363569975
0.4755384624004364,0.32019147276878357,0.034941405057907104,0.0018046667100861669,0.05015390366315842,0.11238494515419006,0.004985152278095484
0.017112456262111664,0.012438049539923668,0.02768862619996071,0.029838642105460167,0.8527047038078308,0.02081306092441082,0.03940443694591522
0.015132742933928967,0.014189821667969227,0.004235757049173117,0.008363118395209312,0.8277139067649841,0.06699807941913605,0.06336653977632523
