anger,disgust,fear,joy,neutral,sadness,surprise
0.004266761709004641,0.9423854351043701,0.03588727116584778,0.0016104786191135645,0.008349952287971973,0.0063177659176290035,0.00118235033005476
0.02100115455687046,0.003926598466932774,0.954284131526947,0.001669340766966343,0.010913679376244545,0.005506505724042654,0.002698575146496296
0.3733491897583008,0.35968562960624695,0.03121521882712841,0.0033157863654196262,0.19756588339805603,0.018149923533201218,0.016718445345759392
0.01696203276515007,0.736465573310852,0.058346595615148544,0.0019438036251813173,0.13938075304031372,0.037326935678720474,0.009574207477271557
0.014668057672679424,0.011066838167607784,0.05703635513782501,0.15014755725860596,0.649590253829956,0.06271085888147354,0.054780036211013794
0.0031537022441625595,0.0022108922712504864,0.0017417798517271876,0.6274081468582153,0.279215544462204,0.012508983723819256,0.07376094907522202
0.007891964167356491,0.004067862872034311,0.9750588536262512,0.0008780569187365472,0.0055643185041844845,0.0048268563114106655,0.001712054363451898
0.005173817742615938,0.009507499635219574,0.002387103857472539,0.05967370793223381,0.5215615630149841,0.21600241959095,0.1856938600540161
0.2210310399532318,0.028223151341080666,0.5159830451011658,0.006176014430820942,0.20182545483112335,0.008783710189163685,0.01797756925225258
0.012126696296036243,0.9041608572006226,0.014812002889811993,0.005344119388610125,0.04056772217154503,0.02010444551706314,0.0028839423321187496
0.028480036184191704,0.7593244314193726,0.029969055205583572,0.0012503111502155662,0.08474577218294144,0.033143989741802216,0.06308633089065552
0.2515682280063629,0.40740635991096497,0.008062727749347687,0.0024246403481811285,0.3149830400943756,0.011562150903046131,0.003992898855358362
0.8049626350402832,0.038050130009651184,0.011064067482948303,0.0009206301183439791,0.015461214818060398,0.12697432935237885,0.0025669720489531755
0.10831788927316666,0.12782105803489685,0.7250338196754456,0.0013560232473537326,0.011666742153465748,0.01844639517366886,0.007357999216765165
0.009353166446089745,0.016934333369135857,0.0031753063667565584,0.006531409453600645,0.13814900815486908,0.8171148300170898,0.008741922676563263
0.09387139976024628,0.30826014280319214,0.020620102062821388,0.0070421574637293816,0.4822744131088257,0.07294155657291412,0.014990188181400299
0.021953847259283066,0.1935039758682251,0.015953192487359047,0.004105987027287483,0.37277209758758545,0.02219925820827484,0.3695116341114044
0.014604136347770691,0.930271327495575,0.025323960930109024,0.0005110001075081527,0.015031211078166962,0.008262038230895996,0.005996352527290583
0.014737562276422977,0.07830988615751266,0.008909880183637142,0.004971491638571024,0.8307678699493408,0.05498155206441879,0.00732165202498436
0.025044742971658707,0.9512718319892883,0.003470462281256914,0.00030613740091212094,0.012758743949234486,0.005678022745996714,0.0014699340099468827
0.00247502070851624,0.005139371380209923,0.10996360331773758,0.002875225618481636,0.04535825178027153,0.798306405544281,0.03588208183646202
0.014010337181389332,0.017603566870093346,0.013922622427344322,0.006859068293124437,0.808872401714325,0.09241868555545807,0.046313393861055374
0.015118569135665894,0.85986328125,0.023777801543474197,0.0008958092075772583,0.058296676725149155,0.024279708042740822,0.017768122255802155
0.005322292912751436,0.9467726349830627,0.015963826328516006,0.0005169062060303986,0.02199956215918064,0.006782196927815676,0.002642520470544696
0.010535373352468014,0.09804926067590714,0.003587255021557212,0.12118921428918839,0.749609112739563,0.006935015320777893,0.010094743221998215
0.02992151491343975,0.9072912335395813,0.007788832765072584,0.0019050849368795753,0.03988709673285484,0.011535254307091236,0.001670941594056785
0.786151111125946,0.15294338762760162,0.009261392056941986,0.0013567921705543995,0.039489831775426865,0.004963874351233244,0.005833640694618225
0.011724499985575676,0.9613626003265381,0.007471282966434956,0.0008067472954280674,0.011860526166856289,0.004365233238786459,0.0024090283550322056
0.16422030329704285,0.32870176434516907,0.004680330865085125,0.003222364466637373,0.43072062730789185,0.06281714886426926,0.00563734071329236
0.026248101145029068,0.8778632879257202,0.030323470011353493,0.0007543349638581276,0.02656206302344799,0.005271091125905514,0.03297777473926544
0.19334876537322998,0.17177681624889374,0.0716298520565033,0.005437178071588278,0.49906155467033386,0.05480210855603218,0.003943713381886482
0.09904064983129501,0.04400114342570305,0.4819638133049011,0.0031080031767487526,0.1793372929096222,0.17123310267925262,0.02131599374115467
0.01053494680672884,0.9493070840835571,0.008183661848306656,0.0006641026120632887,0.022543933242559433,0.0023642631713300943,0.006401992868632078
0.0619329996407032,0.13624517619609833,0.6634261012077332,0.001682757749222219,0.06710807234048843,0.06619822978973389,0.0034066163934767246
0.6266879439353943,0.21580548584461212,0.008381085470318794,0.0006525935023091733,0.04001685604453087,0.09684166312217712,0.01161440834403038
0.02740662544965744,0.025987932458519936,0.6273280382156372,0.0035687906201928854,0.2755506634712219,0.023855242878198624,0.01630270667374134
0.07288439571857452,0.3696574866771698,0.013302849605679512,0.0025553726591169834,0.5268958806991577,0.004608773160725832,0.0100952023640275
0.06935857236385345,0.01497133169323206,0.8773579597473145,0.0008816291810944676,0.012791519053280354,0.012789187952876091,0.011849964037537575
0.00773342652246356,0.04704507440328598,0.03762399032711983,0.00467788428068161,0.15043394267559052,0.7386902570724487,0.013795498758554459
0.023182859644293785,0.12763966619968414,0.5327736139297485,0.003674688283354044,0.14303317666053772,0.12335813045501709,0.046337876468896866
0.03177992254495621,0.4946459233760834,0.016800174489617348,0.0021178056485950947,0.265836626291275,0.013350061140954494,0.1754695475101471
0.21205614507198334,0.5225456357002258,0.020583610981702805,0.0029659371357411146,0.18189547955989838,0.04799462482333183,0.0119585320353508
0.021908028051257133,0.053614310920238495,0.0012790858745574951,0.01867457665503025,0.885607123374939,0.006381764076650143,0.012535108253359795
0.08951538801193237,0.24564503133296967,0.05267432704567909,0.004573598969727755,0.27297669649124146,0.3296688199043274,0.004946121945977211
0.1424858570098877,0.5730484127998352,0.12668673694133759,0.0016762946033850312,0.11747152358293533,0.01351549755781889,0.025115549564361572
0.48505067825317383,0.09637627005577087,0.19706407189369202,0.0018742531538009644,0.05888959392905235,0.13422991335391998,0.0265151746571064
0.11029430478811264,0.06648699194192886,0.6305897235870361,0.0024237397592514753,0.021368257701396942,0.1580033153295517,0.010833688080310822
0.07085668295621872,0.7426804304122925,0.0444483682513237,0.0027871583588421345,0.0624174103140831,0.0498579666018486,0.026952050626277924
0.025598907843232155,0.10120687633752823,0.2107737958431244,0.004280250519514084,0.15176469087600708,0.4480034410953522,0.05837208405137062
0.20402418076992035,0.046973228454589844,0.6699616312980652,0.001263235928490758,0.008740963414311409,0.06666050851345062,0.00237626233138144
0.09222517907619476,0.3035435080528259,0.005152638535946608,0.00660684984177351,0.5278329849243164,0.02823532745242119,0.03640352934598923
0.04851467162370682,0.0725339725613594,0.03074762411415577,0.003236103802919388,0.48886924982070923,0.3442607820034027,0.011837605386972427
0.09810515493154526,0.5893440246582031,0.19999182224273682,0.0024799497332423925,0.08579516410827637,0.008424478583037853,0.015859421342611313
0.029392795637249947,0.0686984434723854,0.010379906743764877,0.052019987255334854,0.7760809659957886,0.05469971522688866,0.008728191256523132
0.014002667739987373,0.02943551540374756,0.011655638925731182,0.005991745740175247,0.9187155365943909,0.010193269699811935,0.010005624033510685
