anger,disgust,fear,joy,neutral,sadness,surprise
0.008757542818784714,0.0031265243887901306,0.013448231853544712,0.07463118433952332,0.7734259963035583,0.0065161921083927155,0.12009426951408386
0.09484174847602844,0.048715267330408096,0.003273650538176298,0.023241393268108368,0.788316547870636,0.02842201106250286,0.013189464807510376
0.06817743927240372,0.097849540412426,0.022661199793219566,0.4311518967151642,0.263379842042923,0.05301764979958534,0.0637623593211174
0.09394201636314392,0.517921507358551,0.007031397894024849,0.0077422624453902245,0.020954549312591553,0.34916576743125916,0.003242547158151865
0.7978394031524658,0.10811066627502441,0.0027032557409256697,0.003352462314069271,0.05008412152528763,0.01591951586306095,0.021990714594721794
0.005123315844684839,0.0016105708200484514,0.004047091118991375,0.047938697040081024,0.016767114400863647,0.0043149227276444435,0.9201983213424683
0.013977505266666412,0.032566554844379425,0.037604399025440216,0.012857268564403057,0.8726948499679565,0.005007260479032993,0.02529219724237919
0.022176731377840042,0.021041112020611763,0.01994773931801319,0.02106599509716034,0.41564443707466125,0.003006251761689782,0.4971177875995636
0.10906659811735153,0.4479138255119324,0.2198197990655899,0.018951011821627617,0.18348446488380432,0.014042606577277184,0.006721741519868374
0.002453381195664406,0.0007069224375300109,0.0007031129207462072,0.020260781049728394,0.01263643428683281,0.00264993985183537,0.9605893492698669
0.048157259821891785,0.024792730808258057,0.07202932983636856,0.011021288111805916,0.5035998225212097,0.09087605029344559,0.2495235651731491
0.9765833616256714,0.005499823018908501,0.006411112379282713,0.0005274918512441218,0.006489346269518137,0.0012994291028007865,0.0031894026324152946
0.1036147028207779,0.3676118552684784,0.05990797281265259,0.017650632187724113,0.09925868362188339,0.3508841097354889,0.0010720905847847462
0.03672540560364723,0.20119503140449524,0.010957772843539715,0.5194490551948547,0.19061824679374695,0.0383426658809185,0.0027118276339024305
0.050136443227529526,0.4936189651489258,0.013101216405630112,0.010766318999230862,0.40014100074768066,0.016436133533716202,0.0157998688519001
0.35028016567230225,0.012862644158303738,0.5847235321998596,0.002084271749481559,0.03094678744673729,0.009308109991252422,0.009794531390070915
0.08536472171545029,0.023791059851646423,0.8313676714897156,0.009249569848179817,0.02168913371860981,0.0169402826577425,0.01159759983420372
0.01888125203549862,0.04785693436861038,0.0336875393986702,0.0015796328661963344,0.046889688819646835,0.8480834364891052,0.0030214409343898296
0.006811897270381451,0.0030344994738698006,0.04673071578145027,0.17426465451717377,0.34541478753089905,0.03867790102958679,0.3850655257701874
0.008475863374769688,0.0027955002151429653,0.0008739692275412381,0.805878758430481,0.11582634598016739,0.00414542481303215,0.06200408190488815
0.10087653994560242,0.03864571079611778,0.030930448323488235,0.1609167903661728,0.26535308361053467,0.02382199838757515,0.37945544719696045
0.01501370407640934,0.016689389944076538,0.0016825750935822725,0.10488235205411911,0.8065999746322632,0.010917751118540764,0.04421430081129074
0.014563213102519512,0.0032512156758457422,0.0065874685533344746,0.6456042528152466,0.0681847631931305,0.00821191817522049,0.2535971999168396
0.0022676780354231596,0.0032567917369306087,0.00041593366768211126,0.9545279145240784,0.030164627358317375,0.0037010128144174814,0.005665984936058521
0.004313004668802023,0.006022933404892683,0.004468097817152739,0.00858964305371046,0.9305479526519775,0.00259777600876987,0.04346054047346115
