anger,disgust,fear,joy,neutral,sadness,surprise
0.01204354502260685,0.03477667272090912,0.019170887768268585,0.010971133597195148,0.860802948474884,0.012849070131778717,0.049385830760002136
0.017702559009194374,0.360721230506897,0.0017195317195728421,0.014066881500184536,0.5890383124351501,0.007225721143186092,0.009525829926133156
0.02186342515051365,0.1992378830909729,0.5567123889923096,0.004062063060700893,0.14614202082157135,0.003864347469061613,0.06811787933111191
0.006156653165817261,0.019144857302308083,0.0025142498780041933,0.31078752875328064,0.5907797813415527,0.041833583265542984,0.028783340007066727
0.0027802714612334967,0.9892998933792114,0.0011076104128733277,0.0006432393565773964,0.0043211085721850395,0.0012283658143132925,0.0006195646128617227
0.3966597616672516,0.03336787968873978,0.003661197843030095,0.004699569661170244,0.3413833975791931,0.0820455327630043,0.13818271458148956
0.0026438082568347454,0.006321587599813938,0.0028256713412702084,0.011762616224586964,0.07481598854064941,0.8778991103172302,0.023731164634227753
0.1981603503227234,0.602171778678894,0.002364971674978733,0.03819357603788376,0.1310502588748932,0.02384628728032112,0.004212910309433937
0.974175751209259,0.01230939757078886,0.001426570932380855,0.0005156894330866635,0.007740525994449854,0.002685536863282323,0.0011464027920737863
0.038491662591695786,0.08454775810241699,0.005900735035538673,0.006656683515757322,0.8320767879486084,0.031106872484087944,0.0012194403680041432
0.3555501699447632,0.43056485056877136,0.046993058174848557,0.002204733667895198,0.14108675718307495,0.01982725039124489,0.0037733239587396383
