anger,disgust,fear,joy,neutral,sadness,surprise
0.03256039693951607,0.0050546699203550816,0.24161267280578613,0.2120368629693985,0.35504505038261414,0.044882774353027344,0.10880755633115768
0.0035438614431768656,0.9655311703681946,0.014635279774665833,0.0031416413839906454,0.006849634926766157,0.003984799142926931,0.0023137524258345366
0.6488414406776428,0.06879392266273499,0.15692372620105743,0.0052244579419493675,0.05388670042157173,0.05838711932301521,0.007942738011479378
0.19684989750385284,0.09142302721738815,0.0042412844486534595,0.044738076627254486,0.6340539455413818,0.021890658885240555,0.006803145166486502
0.17342036962509155,0.7443038821220398,0.01267150230705738,0.0012367258314043283,0.028545474633574486,0.038524337112903595,0.001297710812650621
0.034007277339696884,0.036806005984544754,0.0168838482350111,0.002045661211013794,0.7791452407836914,0.02358478121459484,0.10752712190151215
0.26642045378685,0.5515247583389282,0.011670858599245548,0.0011937834788113832,0.09233784675598145,0.07462901622056961,0.0022232732735574245
0.027695899829268456,0.6612515449523926,0.0025371310766786337,0.019126059487462044,0.27034738659858704,0.012172878719866276,0.006869072560220957
0.6234707832336426,0.0902886763215065,0.15702171623706818,0.0014637095155194402,0.06586796790361404,0.05812549591064453,0.0037616253830492496
0.04510410130023956,0.43104133009910583,0.09174738079309464,0.0015565729700028896,0.10705651342868805,0.2885673940181732,0.03492670878767967
0.4689621925354004,0.01680135726928711,0.2703176438808441,0.0035246689803898335,0.20621633529663086,0.010146177373826504,0.02403159812092781
0.5315812230110168,0.06020199507474899,0.13532647490501404,0.0014775024028494954,0.10283447802066803,0.15071478486061096,0.017863523215055466
0.02894729934632778,0.05241324007511139,0.0054438854567706585,0.002112423535436392,0.028082532808184624,0.8808030486106873,0.0021975859999656677
