anger,disgust,fear,joy,neutral,sadness,surprise
0.016122179105877876,0.07031527906656265,0.10704723000526428,0.008361320942640305,0.7696370482444763,0.01727624051272869,0.011240790598094463
0.020786572247743607,0.020088909193873405,0.015292340889573097,0.003079907037317753,0.7007700800895691,0.11722782254219055,0.12275446206331253
0.019962619990110397,0.009390977211296558,0.015341128222644329,0.004831147845834494,0.7534091472625732,0.006579822860658169,0.19048519432544708
0.1353391855955124,0.10932307690382004,0.628123939037323,0.001977201784029603,0.10353656113147736,0.017265409231185913,0.004434492439031601
0.028848247602581978,0.06388246268033981,0.028856094926595688,0.0024406402371823788,0.1533113718032837,0.004917444661259651,0.7177437543869019
0.010121054016053677,0.12112794816493988,0.006425393279641867,0.015751762315630913,0.6213520169258118,0.003974635619670153,0.22124716639518738
0.05333155021071434,0.5891757011413574,0.01653406396508217,0.0026183989830315113,0.1781420260667801,0.03753576800227165,0.1226625069975853
0.4524744749069214,0.024517228826880455,0.21072150766849518,0.006302724126726389,0.052838828414678574,0.10444627702236176,0.14869892597198486
0.10510711371898651,0.21176910400390625,0.08199020475149155,0.009679353795945644,0.511039137840271,0.005571575369685888,0.07484349608421326
0.006201629992574453,0.01534179039299488,0.003245644737035036,0.13621141016483307,0.810917317867279,0.0061130099929869175,0.021969133988022804
0.10400272905826569,0.5479056239128113,0.07445669919252396,0.0016847660299390554,0.250343918800354,0.01416030339896679,0.007445960771292448
0.09238943457603455,0.009417802095413208,0.3243795335292816,0.002986859530210495,0.042886119335889816,0.10452469438314438,0.42341554164886475
