anger,disgust,fear,joy,neutral,sadness,surprise
0.010172772221267223,0.025389159098267555,0.0033621410839259624,0.031412795186042786,0.8880507349967957,0.019387880340218544,0.02222457341849804
0.02904488518834114,0.24603113532066345,0.19114992022514343,0.010776571929454803,0.46333301067352295,0.02195850759744644,0.03770602494478226
0.03536256030201912,0.061368055641651154,0.0712728500366211,0.025358129292726517,0.5964838862419128,0.10613060742616653,0.10402391850948334
0.017872704192996025,0.03129962459206581,0.453914076089859,0.0031847695354372263,0.04257836565375328,0.4461578130722046,0.0049927071668207645
0.005944397300481796,0.013087275438010693,0.004853702150285244,0.0074445693753659725,0.9484591484069824,0.0043308730237185955,0.01588013581931591
0.013521476648747921,0.025423206388950348,0.01561056450009346,0.00820251926779747,0.9094176292419434,0.006430299952626228,0.021394357085227966
0.013451501727104187,0.016342923045158386,0.012125624343752861,0.2817211151123047,0.30732691287994385,0.0027481087017804384,0.3662838637828827
0.0021343559492379427,0.0026457414496690035,0.0010403795167803764,0.9030664563179016,0.07937736064195633,0.0023620063439011574,0.009373593144118786
0.2506004273891449,0.06249872222542763,0.10068173706531525,0.006608960218727589,0.4769138693809509,0.0699274092912674,0.032768942415714264
0.0077128601260483265,0.031183186918497086,0.08665403723716736,0.007849584333598614,0.6586265563964844,0.06442225724458694,0.1435515433549881
0.029742861166596413,0.03373222053050995,0.005989463534206152,0.4702623784542084,0.2683982849121094,0.003890752559527755,0.18798395991325378
0.005597397685050964,0.013727047480642796,0.0021564378403127193,0.33260056376457214,0.5977351665496826,0.023722032085061073,0.02446134202182293
0.1019386574625969,0.010335416533052921,0.34959495067596436,0.013156697154045105,0.3432027995586395,0.009066194295883179,0.17270520329475403
0.020059499889612198,0.5317952036857605,0.02425897680222988,0.06161060184240341,0.2780684530735016,0.01562715880572796,0.06858006864786148
0.005986589938402176,0.03293279930949211,0.005799627862870693,0.019857032224535942,0.6966060400009155,0.011268229223787785,0.227549746632576
0.013061807490885258,0.01930021122097969,0.025633133947849274,0.04196799546480179,0.7352688908576965,0.003453591139987111,0.16131432354450226
0.019731389358639717,0.2791476249694824,0.08649728447198868,0.0801028236746788,0.46146902441978455,0.038095295429229736,0.03495652973651886
0.2487058937549591,0.21978823840618134,0.053612176328897476,0.004697808995842934,0.4237615764141083,0.04216628894209862,0.007268005050718784
0.018348393961787224,0.14221200346946716,0.009970326907932758,0.0028948409017175436,0.7954404354095459,0.023115860298275948,0.008018159307539463
0.028049344196915627,0.2882636487483978,0.0036935871466994286,0.2845374345779419,0.38168102502822876,0.009059753268957138,0.004715113900601864
0.9773312211036682,0.0037948370445519686,0.001817918149754405,0.0006809898768551648,0.008743549697101116,0.004816123284399509,0.002815277548506856
