anger,disgust,fear,joy,neutral,sadness,surprise
0.020792609080672264,0.8943489789962769,0.024903753772377968,0.0009282067185267806,0.02441534586250782,0.030746862292289734,0.0038643484003841877
0.7712516188621521,0.027487749233841896,0.09457431733608246,0.001272982801310718,0.04274782910943031,0.059733882546424866,0.0029316546861082315
0.025197423994541168,0.35505029559135437,0.15465492010116577,0.0014260608004406095,0.19204720854759216,0.24610598385334015,0.025518035516142845
0.0314677432179451,0.3315880298614502,0.011826332658529282,0.0012590487021952868,0.035677384585142136,0.5833982229232788,0.004783203359693289
0.012886794283986092,0.007503497414290905,0.004285498056560755,0.3875676393508911,0.5008742809295654,0.008871279656887054,0.07801100611686707
0.01901853084564209,0.253914475440979,0.05895068123936653,0.012111997231841087,0.37017104029655457,0.013280944898724556,0.27255240082740784
0.007595542818307877,0.018155045807361603,0.0017250498058274388,0.0039664627984166145,0.9570600986480713,0.003056081011891365,0.008441781625151634
0.05098516866564751,0.1146714985370636,0.00778073538094759,0.008959482423961163,0.7891703248023987,0.025957774370908737,0.002475053770467639
0.4099373519420624,0.1226351261138916,0.23335056006908417,0.009394352324306965,0.18833056092262268,0.03130608797073364,0.0050459494814276695
0.08910104632377625,0.03706110641360283,0.26134541630744934,0.010692700743675232,0.09027629345655441,0.04257248714566231,0.46895092725753784
0.014302186667919159,0.12969107925891876,0.38620179891586304,0.005953607149422169,0.4251140058040619,0.014724100939929485,0.024013221263885498
