anger,disgust,fear,joy,neutral,sadness,surprise
0.003135909326374531,0.034923139959573746,0.004510701633989811,0.6862631440162659,0.24520348012447357,0.021238870918750763,0.004724686965346336
0.004684566520154476,0.01162950973957777,0.0026875969488173723,0.5877741575241089,0.3580899238586426,0.02847244404256344,0.006661766674369574
0.016142910346388817,0.2917054295539856,0.010668784379959106,0.25486183166503906,0.31976380944252014,0.08643055707216263,0.02042675018310547
0.03377855196595192,0.03200942277908325,0.0033752478193491697,0.002707479055970907,0.08441411703824997,0.8252043128013611,0.018510842695832253
0.1577780693769455,0.14305531978607178,0.011272067204117775,0.0021532136015594006,0.19034674763679504,0.48579859733581543,0.009595951996743679
0.005879036616533995,0.028469372540712357,0.00559465354308486,0.10129613429307938,0.8431951403617859,0.011634904891252518,0.003930686507374048
0.19541651010513306,0.7526944875717163,0.03699146956205368,0.0008923358400352299,0.005434955470263958,0.006445496808737516,0.002124808030202985
0.008946473710238934,0.01051181647926569,0.006550556980073452,0.0075382571667432785,0.06167049705982208,0.005383672192692757,0.899398684501648
0.004324228968471289,0.004919529892504215,0.002735970774665475,0.09827882051467896,0.8199569582939148,0.010320001281797886,0.059464532881975174
0.0088259382173419,0.1314302235841751,0.0033764506224542856,0.010279308073222637,0.03448115289211273,0.8100696206092834,0.001537327654659748
0.005386341363191605,0.015171186998486519,0.006686273962259293,0.24044610559940338,0.636694610118866,0.012439554557204247,0.08317594230175018
0.9164921045303345,0.06656921654939651,0.002822201233357191,0.0005908274906687438,0.007591004017740488,0.004391266964375973,0.0015434898668900132
0.7948163151741028,0.1194789707660675,0.005638547707349062,0.002179622882977128,0.06289474666118622,0.009189832024276257,0.00580201530829072
0.02598324976861477,0.9621152877807617,0.0025314197409898043,0.0003668892604764551,0.00650034099817276,0.0016415220452472568,0.000861367501784116
0.0173651110380888,0.11298845708370209,0.0041038780473172665,0.27295878529548645,0.5594607591629028,0.010840190574526787,0.022282803431153297
0.14217889308929443,0.6796929836273193,0.005564532708376646,0.004071599803864956,0.03172151744365692,0.13477180898189545,0.001998688094317913
0.03545556217432022,0.024479500949382782,0.02108835056424141,0.002666146494448185,0.8385935425758362,0.06339414417743683,0.01432276051491499
0.3607920706272125,0.5209515690803528,0.04796631634235382,0.0010809049708768725,0.02931990846991539,0.027925441041588783,0.01196383498609066
0.010023783892393112,0.10424716025590897,0.09027379751205444,0.006403920240700245,0.6211043000221252,0.12912732362747192,0.03881968557834625
0.8203800320625305,0.1155625581741333,0.0027267613913863897,0.001571525470353663,0.04070832580327988,0.01578518934547901,0.003265612293034792
0.01180137787014246,0.07988035678863525,0.021383004263043404,0.5399048328399658,0.29741981625556946,0.02120000310242176,0.028410617262125015
0.007212966680526733,0.007598943542689085,0.0022181267850100994,0.20637479424476624,0.701189398765564,0.0457330048084259,0.02967279776930809
0.9244975447654724,0.017328139394521713,0.0037943727802485228,0.0012828203616663814,0.04158724471926689,0.006911310832947493,0.00459858775138855
0.019057881087064743,0.005884622689336538,0.00823692325502634,0.0051291510462760925,0.9075157046318054,0.0024430425837635994,0.051732659339904785
0.023863814771175385,0.048310715705156326,0.003765752539038658,0.16938179731369019,0.6308349967002869,0.034551989287137985,0.08929095417261124
0.7576169371604919,0.09263613820075989,0.02190278470516205,0.0009626484243199229,0.046218130737543106,0.07717456668615341,0.003488687099888921
0.002798669971525669,0.0026651869993656874,0.8940699696540833,0.012808755040168762,0.011289983987808228,0.03416290134191513,0.04220454767346382
0.06190807744860649,0.7252550721168518,0.03100961446762085,0.005925849080085754,0.14271481335163116,0.030405692756175995,0.00278089614585042
0.8621349930763245,0.09035006165504456,0.003012584988027811,0.0014922453556209803,0.034162070602178574,0.006207625847309828,0.002640404272824526
0.5241885185241699,0.23851802945137024,0.09675908833742142,0.0027142162434756756,0.044030021876096725,0.08869665861129761,0.005093455780297518
0.04205949604511261,0.14245957136154175,0.00562868919223547,0.028484439477324486,0.7683032155036926,0.005535392090678215,0.007529221475124359
0.0916837826371193,0.2982618510723114,0.0025587566196918488,0.03473757579922676,0.5104394555091858,0.0551472045481205,0.007171365898102522
0.038020744919776917,0.18231996893882751,0.00824634451419115,0.013852115720510483,0.21703077852725983,0.531337559223175,0.00919252634048462
0.030537189915776253,0.04120500013232231,0.007740079890936613,0.030036527663469315,0.47371116280555725,0.392826646566391,0.023943360894918442
0.026981238275766373,0.16902296245098114,0.0016168507281690836,0.05915972590446472,0.4485839605331421,0.28641805052757263,0.00821721088141203
0.04200783371925354,0.6033085584640503,0.012114505283534527,0.009226733818650246,0.2977214753627777,0.01953790709376335,0.016082949936389923
