anger,disgust,fear,joy,neutral,sadness,surprise
0.08973795920610428,0.01569383591413498,0.015703096985816956,0.01614871621131897,0.8311486840248108,0.016085049137473106,0.015482778660953045
0.06100142002105713,0.08127915859222412,0.005926497280597687,0.042591046541929245,0.7958995699882507,0.010822638869285583,0.002479673596099019
0.014917098917067051,0.01726510189473629,0.006304318085312843,0.0033527188934385777,0.4347381293773651,0.47085273265838623,0.05256996676325798
0.1909582018852234,0.1641181856393814,0.008989419788122177,0.0031530028209090233,0.19116351008415222,0.43346107006073,0.008156629279255867
0.03736920282244682,0.03468918055295944,0.0206883754581213,0.09049975872039795,0.7724350690841675,0.014532344415783882,0.029786041006445885
0.05026901885867119,0.05172816663980484,0.005651765502989292,0.021640419960021973,0.6911545991897583,0.17597085237503052,0.003585166996344924
0.05723490193486214,0.3564547598361969,0.0036486804019659758,0.0425969623029232,0.5129472613334656,0.024589471518993378,0.002527940785512328
0.04193714261054993,0.0075784786604344845,0.001930243568494916,0.44509124755859375,0.44690048694610596,0.006513028871268034,0.05004937946796417
0.36711615324020386,0.15871718525886536,0.00998071487993002,0.00870573427528143,0.4082465171813965,0.02912672981619835,0.018106838688254356
0.07177717983722687,0.03896531090140343,0.003826387459412217,0.006352610886096954,0.8578212857246399,0.015373420901596546,0.0058837467804551125
0.00875009037554264,0.013044039718806744,0.0023391868453472853,0.006830228958278894,0.9252626895904541,0.011329934000968933,0.03244396671652794
0.04377647489309311,0.09634529054164886,0.009348071180284023,0.02520061284303665,0.57341068983078,0.24928301572799683,0.0026357879396528006
0.0045526460744440556,0.00811847299337387,0.002364580286666751,0.6245830655097961,0.3099691569805145,0.01578603684902191,0.034626103937625885
0.032079342752695084,0.0049283187836408615,0.0024701119400560856,0.01742507517337799,0.8819514513015747,0.011031175963580608,0.0501144602894783
0.09548729658126831,0.056081049144268036,0.03297971189022064,0.004143531899899244,0.42471203207969666,0.07803665101528168,0.308559775352478
0.009149792604148388,0.008783209137618542,0.011855965480208397,0.009441975504159927,0.847960889339447,0.05810176953673363,0.05470653250813484
