anger,disgust,fear,joy,neutral,sadness,surprise
0.030735962092876434,0.019331874325871468,0.14493733644485474,0.005022747442126274,0.22381068766117096,0.03275585174560547,0.5434055328369141
0.05412731692194939,0.7925379276275635,0.041967712342739105,0.0008185770129784942,0.08166013658046722,0.01256254967302084,0.01632578857243061
0.37197306752204895,0.566169261932373,0.03280619531869888,0.0016626003198325634,0.01683506928384304,0.0023715586867183447,0.008182169869542122
0.00515343202278018,0.008014941588044167,0.9441050887107849,0.0012079791631549597,0.03501592576503754,0.0035534068010747433,0.0029493055772036314
0.011841163039207458,0.014624743722379208,0.02904140204191208,0.0030058047268539667,0.009085006080567837,0.9301534295082092,0.002248508157208562
0.04403476417064667,0.05859607458114624,0.015552015975117683,0.036771513521671295,0.8287087082862854,0.009983686730265617,0.006353226490318775
0.5973608493804932,0.2881672978401184,0.008109529502689838,0.0030318654607981443,0.06431731581687927,0.038095954805612564,0.0009172172285616398
0.025681279599666595,0.03781171888113022,0.007972827181220055,0.0023538810200989246,0.8895111680030823,0.026596447452902794,0.010072634555399418
0.1504087895154953,0.14787337183952332,0.185754656791687,0.006692855153232813,0.4870307445526123,0.014552834443747997,0.007686751428991556
0.043103720992803574,0.8982593417167664,0.012110164389014244,0.0008923397399485111,0.033844560384750366,0.01053247693926096,0.001257425989024341
0.9771378040313721,0.010533752851188183,0.0053715575486421585,0.0003393588413018733,0.0028820906300097704,0.0031476374715566635,0.0005879186792299151
0.20322713255882263,0.041796743869781494,0.515588641166687,0.0071249548345804214,0.21452467143535614,0.014064713381230831,0.0036730868741869926
0.6584270596504211,0.1728760153055191,0.09338576346635818,0.0015415683155879378,0.054096024483442307,0.015842244029045105,0.0038312773685902357
0.012802560813724995,0.032251402735710144,0.004500823561102152,0.005808589048683643,0.00816905777901411,0.9356738328933716,0.000793707964476198
0.025643503293395042,0.020420454442501068,0.03084271401166916,0.0028811143711209297,0.8558518290519714,0.015678055584430695,0.048682231456041336
0.02199557237327099,0.03613556548953056,0.00731946574524045,0.021472487598657608,0.86445552110672,0.046143319457769394,0.002478067297488451
0.016665780916810036,0.008945110253989697,0.04874230921268463,0.005335353780537844,0.8687291741371155,0.005826178472489119,0.04575604572892189
