anger,disgust,fear,joy,neutral,sadness,surprise
0.015908673405647278,0.36059296131134033,0.07428731769323349,0.08301328122615814,0.44133031368255615,0.01764770783483982,0.007219729945063591
0.04656677320599556,0.028003288432955742,0.01442005392163992,0.002598460530862212,0.01967192441225052,0.7551411390304565,0.13359834253787994
0.008264533244073391,0.0033907988108694553,0.002374979667365551,0.7144020795822144,0.24156348407268524,0.014584362506866455,0.01541968435049057
0.009518708102405071,0.03342664614319801,0.02951711043715477,0.04919948801398277,0.3442992568016052,0.43918731808662415,0.09485156834125519
0.1083860844373703,0.7959264516830444,0.07971733063459396,0.0012555932626128197,0.00790654867887497,0.005228643771260977,0.001579377567395568
0.0755554735660553,0.01394116971641779,0.8831697702407837,0.0010548486607149243,0.017044249922037125,0.006676787044852972,0.0025577109772711992
0.04121930152177811,0.5434973835945129,0.006891997996717691,0.0532575324177742,0.2566506564617157,0.06134724244475365,0.03713585063815117
0.09967974573373795,0.8365275859832764,0.027585526928305626,0.0012158171739429235,0.016840893775224686,0.01713142730295658,0.0010189999593421817
0.2667768597602844,0.6812768578529358,0.0061350069008767605,0.00132296746596694,0.024171218276023865,0.016495179384946823,0.0038218495901674032
0.40740668773651123,0.05414232984185219,0.09009989351034164,0.010271172039210796,0.41857215762138367,0.011563342064619064,0.007944412529468536
0.038716986775398254,0.04915742948651314,0.002542210277169943,0.05694304779171944,0.8325441479682922,0.009352254681289196,0.010743970051407814
0.44476011395454407,0.08335113525390625,0.011821744963526726,0.00820308830589056,0.43747225403785706,0.007669155951589346,0.00672247214242816
0.0017237478168681264,0.0025971359573304653,0.9788966774940491,0.0010471699060872197,0.011188719421625137,0.002335319994017482,0.0022111916914582253
0.07727967202663422,0.31475377082824707,0.009185497649013996,0.046207912266254425,0.47295787930488586,0.07390410453081131,0.005711220670491457
0.016993707045912743,0.021145276725292206,0.0033370221499353647,0.13048996031284332,0.8071787357330322,0.01131593156605959,0.009539379738271236
0.004337781108915806,0.004390895366668701,0.005372464656829834,0.002755965106189251,0.04257674887776375,0.9307790398597717,0.00978708453476429
0.036331746727228165,0.03539171814918518,0.001705245696939528,0.16580842435359955,0.7386932969093323,0.010334151796996593,0.011735365726053715
0.26024577021598816,0.5000595450401306,0.0152163440361619,0.0030547042842954397,0.05299043655395508,0.051769357174634933,0.11666389554738998
0.039237722754478455,0.049248646944761276,0.020123440772294998,0.0027724707033485174,0.08469415456056595,0.8008109331130981,0.00311268144287169
0.02255147695541382,0.060942113399505615,0.13363017141819,0.005382006987929344,0.449821412563324,0.3014805018901825,0.026192285120487213
0.028963753953576088,0.07200147956609726,0.0012484606122598052,0.017064278945326805,0.8639394044876099,0.013373554684221745,0.003409084165468812
0.009260074235498905,0.056807536631822586,0.0025170589797198772,0.06731908768415451,0.790950357913971,0.025928214192390442,0.047217659652233124
0.004903180990368128,0.0019891923293471336,0.00029674774850718677,0.9367265105247498,0.03818653151392937,0.0060760159976780415,0.011821867898106575
