anger,disgust,fear,joy,neutral,sadness,surprise
0.005001989658921957,0.0171759445220232,0.9479823708534241,0.002204929245635867,0.00742119736969471,0.006263913121074438,0.01394975557923317
0.019063226878643036,0.054681871086359024,0.05604252591729164,0.05196692422032356,0.7537609338760376,0.03125526010990143,0.033229246735572815
0.2382201999425888,0.263857364654541,0.20787718892097473,0.0029837097972631454,0.13585296273231506,0.08727708458900452,0.06393148005008698
0.0018768692389130592,0.002685287967324257,0.0020670210942626,0.001502811093814671,0.007225218694657087,0.9788291454315186,0.005813640542328358
0.11578145623207092,0.11916391551494598,0.05013793706893921,0.003491433337330818,0.6410937905311584,0.058040719479322433,0.012290721759200096
0.17657843232154846,0.08325584977865219,0.2016994059085846,0.002200969262048602,0.4073355197906494,0.12197259068489075,0.006957187782973051
0.06856793165206909,0.013609370216727257,0.7904514670372009,0.007178699132055044,0.07440140843391418,0.016679903492331505,0.029111342504620552
0.0999368280172348,0.05168764665722847,0.03205762431025505,0.019414644688367844,0.7733268141746521,0.01274341531097889,0.010832997970283031
0.016429614275693893,0.009735764935612679,0.012965882197022438,0.015475785359740257,0.903197169303894,0.007277550641447306,0.034918155521154404
0.05196771025657654,0.03878139704465866,0.02140883542597294,0.00931861437857151,0.2341596484184265,0.6277220249176025,0.016641750931739807
0.2627502381801605,0.1584867537021637,0.01150384359061718,0.0015785598661750555,0.03425349295139313,0.525221586227417,0.006205442827194929
0.2734836935997009,0.37323057651519775,0.021207423880696297,0.015817396342754364,0.2858501076698303,0.027319403365254402,0.0030913525260984898
0.3541164696216583,0.01430221926420927,0.4451347589492798,0.008314772509038448,0.11258959770202637,0.01642698049545288,0.04911527410149574
0.11139819025993347,0.011846257373690605,0.85714191198349,0.00133285962510854,0.011002792045474052,0.005037877708673477,0.002240139525383711
0.479295939207077,0.027275435626506805,0.30709967017173767,0.009719587862491608,0.10087604820728302,0.038141313940286636,0.03759205341339111
0.011150089092552662,0.023520320653915405,0.36220890283584595,0.009759323671460152,0.26481810212135315,0.20258428156375885,0.12595902383327484
0.009057721123099327,0.008497624658048153,0.012333241291344166,0.09790647774934769,0.8246300220489502,0.03151911497116089,0.016055945307016373
