anger,disgust,fear,joy,neutral,sadness,surprise
0.685829222202301,0.14258313179016113,0.008588281460106373,0.05380721017718315,0.04016297683119774,0.0373358391225338,0.03169339522719383
0.029119981452822685,0.00862809456884861,0.009546874091029167,0.1396411657333374,0.6671307682991028,0.08605857193470001,0.05987456068396568
0.513939619064331,0.15780940651893616,0.007004451006650925,0.002015849109739065,0.10954941064119339,0.1996658444404602,0.010015398263931274
0.002558632055297494,0.001951487036421895,0.0025108123663812876,0.003745886730030179,0.01041980367153883,0.9738671183586121,0.004946277942508459
0.007269129157066345,0.005604652687907219,0.00568191846832633,0.7008609771728516,0.25383442640304565,0.004710512235760689,0.022038398310542107
0.36820700764656067,0.39333808422088623,0.006908033508807421,0.0021896464750170708,0.1014314815402031,0.12447068840265274,0.0034551366697996855
0.07878576964139938,0.02500380203127861,0.006324607413262129,0.002694659633561969,0.050794053822755814,0.8285675048828125,0.007829602807760239
0.02768789790570736,0.04182146117091179,0.02575661800801754,0.0065511176362633705,0.5720927715301514,0.2994535565376282,0.026636505499482155
0.11130157113075256,0.2919441759586334,0.012116231955587864,0.0029282551258802414,0.5587964653968811,0.01700652949512005,0.0059067485854029655
0.4735969603061676,0.23928731679916382,0.008379807695746422,0.003883348312228918,0.21500112116336823,0.05686432495713234,0.0029871605802327394
0.06418042629957199,0.043448999524116516,0.01101052574813366,0.011235011741518974,0.579372763633728,0.273017942905426,0.017734279856085777
0.010079615749418736,0.017349157482385635,0.012372732162475586,0.002859673695638776,0.055568207055330276,0.8960850834846497,0.00568554038181901
0.008489573374390602,0.009850786067545414,0.016281791031360626,0.09021496027708054,0.8579272627830505,0.007794467266649008,0.009441085159778595
0.015017211437225342,0.15605175495147705,0.04288865253329277,0.0035476903431117535,0.2897402048110962,0.39295148849487305,0.09980299323797226
0.047768767923116684,0.028161361813545227,0.025776617228984833,0.005729016847908497,0.1779266893863678,0.7119070291519165,0.0027305062394589186
0.010015365667641163,0.00583147956058383,0.004839916713535786,0.2959830164909363,0.6236948370933533,0.03141950070858002,0.02821590192615986
0.02425428107380867,0.015627650544047356,0.003706076182425022,0.4553273022174835,0.3898061513900757,0.06214359030127525,0.04913501814007759
0.04286014661192894,0.1613478660583496,0.002769187558442354,0.028854234144091606,0.7288163900375366,0.028525574132800102,0.006826537661254406
0.01668335124850273,0.00979037955403328,0.0010350840166211128,0.020827148109674454,0.8545611500740051,0.004591642413288355,0.09251128882169724
