anger,disgust,fear,joy,neutral,sadness,surprise
0.02632112056016922,0.0065046134404838085,0.04801318421959877,0.023546621203422546,0.8299347758293152,0.011299308389425278,0.05438046529889107
0.012400127947330475,0.011145762167870998,0.0012548323720693588,0.8509895205497742,0.11345624923706055,0.004929911810904741,0.005823604762554169
0.05211407318711281,0.009001395665109158,0.07161104679107666,0.026234256103634834,0.4689548909664154,0.12397018074989319,0.24811416864395142
0.019445965066552162,0.013759383000433445,0.113246850669384,0.028078880161046982,0.2198188602924347,0.5908668041229248,0.014783310703933239
0.006682944484055042,0.002719172975048423,0.009279272519052029,0.39188745617866516,0.35289984941482544,0.011564713902771473,0.2249666452407837
0.020654307678341866,0.0188833549618721,0.07580897212028503,0.0032381543423980474,0.15130071341991425,0.004197783302515745,0.7259167432785034
0.009157163091003895,0.02566816471517086,0.07690958678722382,0.004611101932823658,0.12383203953504562,0.7393121719360352,0.020509714260697365
0.14509481191635132,0.02392737753689289,0.010996981523931026,0.0023867529816925526,0.14908497035503387,0.6571810841560364,0.011328049935400486
0.03141799196600914,0.01792876608669758,0.006220770534127951,0.00854414701461792,0.8990119099617004,0.034811832010746,0.002064691623672843
0.5457648634910583,0.12335442006587982,0.05256779119372368,0.002664780942723155,0.17007827758789062,0.09013422578573227,0.015435746870934963
0.07529029250144958,0.038398273289203644,0.22940899431705475,0.005012196488678455,0.2700645625591278,0.09554412215948105,0.2862815856933594
0.012266566045582294,0.030728809535503387,0.007024517748504877,0.15139316022396088,0.6673949956893921,0.03636163845658302,0.09483027458190918
0.005380661226809025,0.0050288657657802105,0.0021675187163054943,0.004313851706683636,0.9533482193946838,0.004487347789108753,0.025273514911532402
0.004472758155316114,0.004311917815357447,0.004652143456041813,0.42742452025413513,0.4138844907283783,0.09117099642753601,0.054083213210105896
0.009909742511808872,0.004438966512680054,0.003972257953137159,0.4077700078487396,0.502842128276825,0.008333220146596432,0.06273369491100311
0.00446487870067358,0.0035040355287492275,0.004265997093170881,0.13659001886844635,0.7689414024353027,0.012943319045007229,0.069290392100811
0.019310008734464645,0.020426005125045776,0.0048455046489834785,0.03744262456893921,0.7340389490127563,0.1448158472776413,0.039121080189943314
0.9909250736236572,0.002070561284199357,0.0012503531761467457,0.0005322161596268415,0.0016284841112792492,0.0022372384555637836,0.001356141292490065
0.019496116787195206,0.008809033781290054,0.675374448299408,0.004516619723290205,0.18874648213386536,0.029752476140856743,0.07330487668514252
0.13977620005607605,0.02394120953977108,0.5318947434425354,0.002734264824539423,0.02657475695014,0.226986363530159,0.04809248074889183
0.009394034743309021,0.0073713213205337524,0.019755220040678978,0.09477637708187103,0.8381884098052979,0.02373592182993889,0.006778711918741465
0.04437502473592758,0.028753016144037247,0.6307448148727417,0.0042314003221690655,0.09476501494646072,0.07940936833620071,0.11772140860557556
0.2820148766040802,0.01273521687835455,0.17745991051197052,0.0018480075523257256,0.030857974663376808,0.4774886667728424,0.01759534887969494
0.06840434670448303,0.11474151909351349,0.04628060385584831,0.0060037532821297646,0.6003624796867371,0.04144405201077461,0.1227632611989975
0.0772034302353859,0.04863983392715454,0.6929846405982971,0.005668030120432377,0.058195073157548904,0.005809932481497526,0.1114991083741188
0.019229194149374962,0.641089141368866,0.28754881024360657,0.0007996242493391037,0.01958966627717018,0.01933126524090767,0.012412255629897118
0.9570229053497314,0.0071203503757715225,0.003780951024964452,0.0010892385616898537,0.01659386232495308,0.008600076660513878,0.005792697425931692
0.0011171213118359447,0.002408952685073018,0.0033191354013979435,0.001936931861564517,0.013249270617961884,0.9754142165184021,0.002554405713453889
0.02687816508114338,0.01796022430062294,0.012134957127273083,0.001920381560921669,0.15866409242153168,0.7654870748519897,0.016955099999904633
0.4063415229320526,0.14656966924667358,0.06261389702558517,0.003788633970543742,0.3423222601413727,0.02082829177379608,0.017535777762532234
0.08097771555185318,0.03590741008520126,0.15679854154586792,0.0047568827867507935,0.6457544565200806,0.060330580919981,0.015474461019039154
0.08433475345373154,0.019030090421438217,0.4349746108055115,0.012719470076262951,0.41158148646354675,0.018201133236289024,0.01915844902396202
0.13578473031520844,0.027240289375185966,0.26331186294555664,0.0024830896873027086,0.02455982193350792,0.5095375180244446,0.03708268702030182
0.006764858495444059,0.004519459325820208,0.0017651058733463287,0.019604947417974472,0.8027526140213013,0.008991435170173645,0.15560154616832733
0.07970967143774033,0.0244638379663229,0.0020877851638942957,0.04384700953960419,0.8069987297058105,0.03496074303984642,0.00793218519538641
0.37085723876953125,0.1989613175392151,0.047353047877550125,0.006742703728377819,0.2962552011013031,0.07521829754114151,0.004612215794622898
