anger,disgust,fear,joy,neutral,sadness,surprise
0.013819129206240177,0.015928268432617188,0.022682147100567818,0.15542654693126678,0.6799156665802002,0.051872871816158295,0.06035535782575607
0.026132458820939064,0.010877666063606739,0.05937366187572479,0.27843257784843445,0.20542490482330322,0.27463796734809875,0.14512071013450623
0.3267420828342438,0.4017636477947235,0.007132577244192362,0.004208499565720558,0.09281381219625473,0.1630672961473465,0.004272161517292261
0.02004227042198181,0.8668857216835022,0.0037350626662373543,0.006780577823519707,0.08477349579334259,0.01584484800696373,0.0019381018355488777
0.017485642805695534,0.008924717083573341,0.755487859249115,0.06615417450666428,0.10732600092887878,0.004047488793730736,0.04057404771447182
0.010537054389715195,0.007153694983571768,0.0034067626111209393,0.319404274225235,0.5875965356826782,0.01655850000679493,0.05534316971898079
0.16785871982574463,0.7437861561775208,0.004694401286542416,0.003511584596708417,0.03941561281681061,0.03741493821144104,0.003318514907732606
0.3708997964859009,0.27524131536483765,0.021120550110936165,0.002894297707825899,0.24663130939006805,0.07833719998598099,0.004875524900853634
0.04279516264796257,0.014288287609815598,0.0045397477224469185,0.03777732327580452,0.7601469159126282,0.11068391799926758,0.029768750071525574
0.009293890558183193,0.003835194744169712,0.00284491921775043,0.6403065323829651,0.3107762932777405,0.00438222149387002,0.028560934588313103
0.008105279877781868,0.07166266441345215,0.013758356682956219,0.612433910369873,0.23811748623847961,0.019874513149261475,0.0360478051006794
0.0017335277516394854,0.002906688954681158,0.004860525950789452,0.002366617089137435,0.024931026622653008,0.9433044195175171,0.01989728771150112
0.5257787108421326,0.09402172267436981,0.007390318438410759,0.0019009698880836368,0.07672689110040665,0.29108354449272156,0.003097875276580453
0.05756554380059242,0.08931970596313477,0.00860616099089384,0.06206938624382019,0.149897962808609,0.6299200654029846,0.002621178515255451
0.037409696727991104,0.034734174609184265,0.06371856480836868,0.010747936554253101,0.5842183828353882,0.21434520184993744,0.0548260398209095
0.3561689257621765,0.06729303300380707,0.016074450686573982,0.19179828464984894,0.34976986050605774,0.010101436637341976,0.0087939677760005
0.02615942992269993,0.010258322581648827,0.0010813878616318107,0.7847272753715515,0.15777179598808289,0.006596301216632128,0.01340553816407919
0.0071937087923288345,0.0033931017387658358,0.0015178703470155597,0.7341079115867615,0.21005262434482574,0.017659517005085945,0.026075320318341255
0.0049157957546412945,0.0024866906460374594,0.002474656095728278,0.7533925175666809,0.16667434573173523,0.024264004081487656,0.045791976153850555
0.6676329970359802,0.28659525513648987,0.0061568608507514,0.000849108851980418,0.029598694294691086,0.006388725712895393,0.002778371563181281
0.4117940366268158,0.5404277443885803,0.008379633538424969,0.0013549132272601128,0.028710922226309776,0.007596566341817379,0.0017361817881464958
0.20361889898777008,0.1685466766357422,0.007205824367702007,0.008051521144807339,0.571182370185852,0.03792322427034378,0.003471535164862871
0.15107949078083038,0.24187684059143066,0.029601264744997025,0.00414084130898118,0.16978667676448822,0.40142181515693665,0.002093099756166339
0.10142448544502258,0.0686073899269104,0.010914385318756104,0.022524971514940262,0.6342646479606628,0.15174266695976257,0.01052147801965475
0.03491592779755592,0.18398761749267578,0.01986772194504738,0.0504179373383522,0.3877772092819214,0.31501418352127075,0.008019372820854187
0.02173725701868534,0.22015830874443054,0.00921802967786789,0.2642495632171631,0.3522396385669708,0.11194563657045364,0.020451592281460762
0.006692072376608849,0.42095062136650085,0.009997203946113586,0.30140891671180725,0.19365951418876648,0.05968181788921356,0.00760988611727953
0.03024057112634182,0.05180136859416962,0.0035173927899450064,0.09292105585336685,0.7436754703521729,0.07257012277841568,0.005274026654660702
0.005271413829177618,0.14345820248126984,0.15246565639972687,0.006432332564145327,0.04554503411054611,0.6406497955322266,0.006177631206810474
0.009607492946088314,0.7235001921653748,0.006555750034749508,0.049008481204509735,0.1948939710855484,0.011699890717864037,0.004734140355139971
0.012488367035984993,0.05411866307258606,0.009520565159618855,0.23847463726997375,0.6207588315010071,0.056300025433301926,0.0083389263600111
