anger,disgust,fear,joy,neutral,sadness,surprise
0.0065773241221904755,0.00741096306592226,0.002766297198832035,0.7103127837181091,0.2354031503200531,0.0130520174279809,0.024477481842041016
0.006498492322862148,0.048637520521879196,0.001736166886985302,0.006922049913555384,0.05309170484542847,0.875694990158081,0.007419044617563486
0.01624968834221363,0.030737221240997314,0.007970182225108147,0.003652253421023488,0.3489034175872803,0.009504669345915318,0.58298259973526
0.098398357629776,0.4333251416683197,0.004187784157693386,0.005821183789521456,0.06377977132797241,0.39164862036705017,0.0028390525840222836
0.0625276267528534,0.645176112651825,0.07939408719539642,0.005015984643250704,0.020246494561433792,0.18566147983074188,0.0019781971350312233
0.15720948576927185,0.18634767830371857,0.019788263365626335,0.010853254236280918,0.4046521484851837,0.21848076581954956,0.0026683949399739504
0.3335205316543579,0.01952560432255268,0.6174764633178711,0.0015719608636572957,0.0169829074293375,0.00776886148378253,0.00315368571318686
0.009054669179022312,0.10219523310661316,0.011430254206061363,0.07064104825258255,0.7443907856941223,0.03193214535713196,0.030355922877788544
0.11417046189308167,0.02794364094734192,0.004156700801104307,0.0369902029633522,0.45497044920921326,0.343301385641098,0.01846715249121189
0.036095939576625824,0.21956497430801392,0.004001413471996784,0.3703436851501465,0.3077114224433899,0.018434861674904823,0.04384773224592209
0.015669967979192734,0.1321413815021515,0.0033660896588116884,0.20191225409507751,0.6029653549194336,0.030014224350452423,0.013930669054389
0.00579238822683692,0.0235199686139822,0.804436981678009,0.0050175548531115055,0.14736036956310272,0.007820894941687584,0.006051749922335148
0.2254789024591446,0.3084254860877991,0.01613365113735199,0.003112281206995249,0.10338909924030304,0.3389298915863037,0.004530731588602066
0.003479145932942629,0.0012184418737888336,0.9757035970687866,0.0007721608271822333,0.0019965984392911196,0.010472174733877182,0.006357897538691759
0.2842215597629547,0.030135590583086014,0.03712017461657524,0.0012186532840132713,0.027773022651672363,0.5773133039474487,0.0422176793217659
0.002489738864824176,0.005440855398774147,0.09795892238616943,0.002198742236942053,0.018214304000139236,0.8695896863937378,0.004107764456421137
0.07162678241729736,0.07090830057859421,0.017945365980267525,0.026993941515684128,0.7248359322547913,0.016993585973978043,0.07069612294435501
0.008372589014470577,0.006477679591625929,0.9358684420585632,0.0022215989883989096,0.03882778808474541,0.006724376697093248,0.0015074253315106034
0.06522419303655624,0.026787178590893745,0.6800215840339661,0.004927396308630705,0.17058949172496796,0.04951385036110878,0.0029363345820456743
0.022040395066142082,0.1009441614151001,0.0031626184936612844,0.2672625482082367,0.5321979522705078,0.06261599808931351,0.01177635695785284
0.008173622190952301,0.04277116432785988,0.008014424704015255,0.01832430437207222,0.8900167346000671,0.028270525857806206,0.004429284017533064
0.7010513544082642,0.19878651201725006,0.010647319257259369,0.0007612246554344893,0.034440502524375916,0.05204296484589577,0.0022701513953506947
0.01263786107301712,0.03966406732797623,0.010445211082696915,0.03536844626069069,0.49106788635253906,0.40633806586265564,0.004478578921407461
0.005240362603217363,0.030081208795309067,0.1107933297753334,0.0023810076527297497,0.08621629327535629,0.736136257648468,0.029151640832424164
0.08619750291109085,0.059105679392814636,0.008069182746112347,0.12248595803976059,0.18889795243740082,0.5295208692550659,0.00572287617251277
0.002670224057510495,0.003211740404367447,0.0010528049897402525,0.9214563965797424,0.037571147084236145,0.012366989627480507,0.021670617163181305
0.07746592164039612,0.08797232806682587,0.003466026159003377,0.06192382797598839,0.7043886184692383,0.0615508072078228,0.003232479328289628
0.1019725501537323,0.2962184548377991,0.008094663731753826,0.0033219121396541595,0.1563771814107895,0.43076932430267334,0.00324593810364604
0.18391647934913635,0.3676530718803406,0.01679072342813015,0.003765792353078723,0.36587780714035034,0.0601065531373024,0.00188951485324651
0.014181620441377163,0.04617398977279663,0.001478956313803792,0.6607591509819031,0.20813524723052979,0.06290523707866669,0.006365845445543528
