anger,disgust,fear,joy,neutral,sadness,surprise
0.015478214249014854,0.010852503590285778,0.0035691384691745043,0.011030187830328941,0.9054834842681885,0.006306810770183802,0.04727974161505699
0.02130349911749363,0.04097573831677437,0.01197898294776678,0.0029125879518687725,0.8556361198425293,0.007082828786224127,0.06011021509766579
0.21537616848945618,0.08675830811262131,0.10305321216583252,0.0026412855368107557,0.28218793869018555,0.13558627665042877,0.174396812915802
0.03553002327680588,0.06814616173505783,0.007778668776154518,0.005843117367476225,0.8338103294372559,0.025693167001008987,0.023198438808321953
0.03088475577533245,0.3755256235599518,0.016274427995085716,0.006215638481080532,0.30307695269584656,0.2622923254966736,0.0057303099893033504
0.005017395131289959,0.04785699024796486,0.0016893113497644663,0.13111135363578796,0.7731413841247559,0.029720894992351532,0.011462642811238766
0.027363119646906853,0.16597314178943634,0.013637633062899113,0.02676861360669136,0.599831759929657,0.16056989133358002,0.005855802446603775
0.034571725875139236,0.09743230044841766,0.6191369295120239,0.06030018627643585,0.15170076489448547,0.03286413475871086,0.003993896767497063
0.13603252172470093,0.0053171804174780846,0.8402450084686279,0.0007887355168350041,0.003484168788418174,0.010289154946804047,0.0038433775771409273
0.6807720065116882,0.03275401517748833,0.0032283926848322153,0.004053163807839155,0.15744587779045105,0.09743507206439972,0.024311471730470657
0.17698368430137634,0.08888670802116394,0.12069058418273926,0.004150835331529379,0.2990461587905884,0.30428969860076904,0.005952273961156607
0.02514411322772503,0.025815827772021294,0.14068549871444702,0.005334379617124796,0.6664472818374634,0.06650186330080032,0.07007106393575668
0.04000889137387276,0.01166763249784708,0.13465486466884613,0.0034464928321540356,0.30019184947013855,0.48340269923210144,0.0266275517642498
0.029497094452381134,0.02467297576367855,0.02162458933889866,0.001921728951856494,0.8155754804611206,0.08875766396522522,0.017950452864170074
0.010842546820640564,0.027337605133652687,0.0037184341344982386,0.009630441665649414,0.8921958208084106,0.0071076578460633755,0.049167465418577194
0.25955966114997864,0.111977219581604,0.08483670651912689,0.00335299177095294,0.398182213306427,0.11687468737363815,0.02521648444235325
0.008960491977632046,0.006303631700575352,0.0007419047178700566,0.08213044703006744,0.8689066171646118,0.016974393278360367,0.015982545912265778
0.056168973445892334,0.019994448870420456,0.02945941686630249,0.002371635055169463,0.07086633890867233,0.4449635148048401,0.3761756718158722
0.0030604053754359484,0.0009691320592537522,0.9794675707817078,0.0012003227602690458,0.009255587123334408,0.002357658464461565,0.0036893398500978947
0.008329550735652447,0.014277652837336063,0.006428523454815149,0.005165325477719307,0.8957344889640808,0.0370001345872879,0.03306424617767334
0.10705757886171341,0.14229856431484222,0.1218695193529129,0.004222346469759941,0.46607592701911926,0.15240922570228577,0.006066735368221998
0.8671020269393921,0.039889734238386154,0.004417928867042065,0.0013133881147950888,0.07492563128471375,0.010415485128760338,0.00193583476357162
0.005779966711997986,0.0059724291786551476,0.0060274917632341385,0.008547582663595676,0.8697867393493652,0.06688736379146576,0.036998432129621506
0.018527202308177948,0.11856348067522049,0.03209727257490158,0.05382804572582245,0.634107232093811,0.0044439868070185184,0.13843271136283875
0.07031413912773132,0.24051262438297272,0.0035856773611158133,0.22862330079078674,0.4163157343864441,0.02088133804500103,0.019767113029956818
0.12755823135375977,0.010436881333589554,0.7329068779945374,0.005626201629638672,0.08925186842679977,0.026005346328020096,0.008214580826461315
0.31642481684684753,0.04730246588587761,0.0874873623251915,0.0035380125045776367,0.3923583924770355,0.1112346351146698,0.041654303669929504
0.021574871614575386,0.016289811581373215,0.03497504070401192,0.0012275459012016654,0.02150632068514824,0.873284637928009,0.03114176169037819
0.04618360847234726,0.34355273842811584,0.007445081137120724,0.00578163331374526,0.4591875970363617,0.13085626065731049,0.006993062328547239
0.11154652386903763,0.06225625425577164,0.39901307225227356,0.03195574879646301,0.31419193744659424,0.074864462018013,0.0061721038073301315
0.058383967727422714,0.003940427675843239,0.0353616401553154,0.00427141971886158,0.8562273383140564,0.013537854887545109,0.028277363628149033
0.5938149094581604,0.2031882405281067,0.0045233252458274364,0.003498462727293372,0.1288134753704071,0.06387074291706085,0.0022908539976924658
0.03755916655063629,0.019771473482251167,0.11450708657503128,0.0010302021401003003,0.02690284140408039,0.7855173349380493,0.014711802825331688
0.013589139096438885,0.011576082557439804,0.00891964416950941,0.0030423919670283794,0.9184548258781433,0.029797552153468132,0.014620293863117695
0.21076181530952454,0.006038244813680649,0.6310793161392212,0.006120759062469006,0.11260266602039337,0.019379673525691032,0.01401753444224596
0.012394605204463005,0.030191993340849876,0.010153018869459629,0.0077551729045808315,0.29128095507621765,0.6449727416038513,0.0032515311613678932
0.4204322397708893,0.15167741477489471,0.028272299095988274,0.004240731243044138,0.37226346135139465,0.015433294698596,0.007680510636419058
0.07643692940473557,0.012655197642743587,0.006551051512360573,0.01992105320096016,0.857046365737915,0.011063922196626663,0.016325457021594048
0.1936907172203064,0.18326571583747864,0.00631605414673686,0.005717209540307522,0.37821802496910095,0.22857196629047394,0.004220356699079275
0.08993040770292282,0.060577765107154846,0.006050415337085724,0.01337483711540699,0.7752456665039062,0.03413529694080353,0.02068554237484932
0.3898477256298065,0.4000188112258911,0.013058560900390148,0.003469608025625348,0.089431993663311,0.07839126139879227,0.025782044976949692
0.5076492428779602,0.017618197947740555,0.38042914867401123,0.0036515502724796534,0.07585686445236206,0.007946208119392395,0.006848831195384264
0.04479778930544853,0.07280374318361282,0.00523926829919219,0.006005842238664627,0.2383023351430893,0.6089081168174744,0.02394290640950203
0.004393404349684715,0.0024108916986733675,0.003659965703263879,0.0070733483880758286,0.963591456413269,0.0052158464677631855,0.013655103743076324
0.021882183849811554,0.008001875132322311,0.00846139807254076,0.005257159471511841,0.9049534201622009,0.018485795706510544,0.03295813500881195
0.022543564438819885,0.33010512590408325,0.13884131610393524,0.003121416550129652,0.27619776129722595,0.17819702625274658,0.050993844866752625
0.14519928395748138,0.1277124583721161,0.00669070752337575,0.004359264392405748,0.6852940917015076,0.0230195764452219,0.007724589668214321
0.0215570330619812,0.3252333998680115,0.008669186383485794,0.004544813651591539,0.2762061357498169,0.34057220816612244,0.02321723662316799
0.010672950185835361,0.09729903191328049,0.005636119283735752,0.010047507472336292,0.8579487800598145,0.009223179891705513,0.009172322228550911
0.1340605914592743,0.08104180544614792,0.5597686767578125,0.006258185487240553,0.1920376718044281,0.00945027731359005,0.017382822930812836
