anger,disgust,fear,joy,neutral,sadness,surprise
0.0030462227296084166,0.02185663767158985,0.02193283475935459,0.09040264785289764,0.7031605243682861,0.012339126318693161,0.1472620815038681
0.04517292603850365,0.0636356845498085,0.0026382531505078077,0.005182284861803055,0.054052822291851044,0.8239468932151794,0.005371135659515858
0.022786317393183708,0.28197160363197327,0.010235169902443886,0.0069228666834533215,0.6606302857398987,0.013594556599855423,0.0038592435885220766
0.12724439799785614,0.24592502415180206,0.018321309238672256,0.27309128642082214,0.32198968529701233,0.007474076468497515,0.005954200867563486
0.02261916734278202,0.05519573390483856,0.0066183945164084435,0.36967262625694275,0.49615478515625,0.004330119118094444,0.04540914297103882
0.8536468148231506,0.09269864112138748,0.020581496879458427,0.000942481157835573,0.023794323205947876,0.006490242667496204,0.001845929422415793
0.16654697060585022,0.31060972809791565,0.004877831321209669,0.005834139883518219,0.1699458658695221,0.3360278904438019,0.006157600320875645
0.7568690776824951,0.049616191536188126,0.10028932243585587,0.0022804811596870422,0.041592471301555634,0.04595658555626869,0.0033958323765546083
0.046823058277368546,0.9148296117782593,0.007606132421642542,0.0028885514475405216,0.01916329190135002,0.008033845573663712,0.0006555363652296364
0.4018007516860962,0.41185906529426575,0.007349221967160702,0.0018159678438678384,0.07454173266887665,0.1001613512635231,0.0024718460626900196
0.950230062007904,0.016937516629695892,0.0017590727657079697,0.0008354359888471663,0.022388074547052383,0.0058567156083881855,0.0019932403229177
0.017141995951533318,0.36594250798225403,0.1754823625087738,0.007045762147754431,0.31715720891952515,0.1071622297167778,0.01006789319217205
0.1834128499031067,0.5294046998023987,0.17306505143642426,0.0016011620173230767,0.07848659157752991,0.02964409627020359,0.004385571461170912
0.34907209873199463,0.5424531698226929,0.0426224060356617,0.0006543551571667194,0.015726465731859207,0.047560784965753555,0.0019107603002339602
0.20636770129203796,0.4556652307510376,0.0944804921746254,0.0018717196071520448,0.02632790245115757,0.21181833744049072,0.003468512324616313
0.022364690899848938,0.6708143353462219,0.037920739501714706,0.005029234103858471,0.06568652391433716,0.1964329034090042,0.0017516033258289099
