anger,disgust,fear,joy,neutral,sadness,surprise
0.12283910065889359,0.7716169953346252,0.043024443089962006,0.002692361595109105,0.040008850395679474,0.017328863963484764,0.002489331644028425
0.07962661236524582,0.887739360332489,0.008110404945909977,0.00035704110632650554,0.005259302910417318,0.01788678765296936,0.001020606723614037
0.11171716451644897,0.35505861043930054,0.17923931777477264,0.0020783254876732826,0.29019755125045776,0.0565304271876812,0.0051786648109555244
0.07667766511440277,0.8970432877540588,0.00932394154369831,0.0003274467308074236,0.005431098397821188,0.010232817381620407,0.0009638008777983487
0.8663427233695984,0.08058737963438034,0.031624242663383484,0.0008962218416854739,0.011700368486344814,0.006446716841310263,0.002402287209406495
0.04872893914580345,0.013562234118580818,0.004352857358753681,0.014321248978376389,0.006196105387061834,0.9099107980728149,0.002927781781181693
0.7407684922218323,0.06922110915184021,0.07536647468805313,0.001822345657274127,0.09538718312978745,0.01259271427989006,0.004841764457523823
0.43956488370895386,0.34005504846572876,0.025177158415317535,0.0026693777181208134,0.17004376649856567,0.015070777386426926,0.007418937515467405
0.19667567312717438,0.335297554731369,0.005459943320602179,0.0033236206509172916,0.37845975160598755,0.06908240914344788,0.011701051145792007
0.0059141553938388824,0.08444026857614517,0.006117908749729395,0.04122307524085045,0.8117173910140991,0.009703422896564007,0.04088373854756355
