anger,disgust,fear,joy,neutral,sadness,surprise
0.006514270324259996,0.016138343140482903,0.7842611074447632,0.0027263546362519264,0.055548444390296936,0.006388943642377853,0.1284225434064865
0.002998865908011794,0.01863786205649376,0.033354178071022034,0.04333307594060898,0.7191951274871826,0.15106523036956787,0.031415726989507675
0.029377685859799385,0.26139938831329346,0.023033004254102707,0.032616738229990005,0.05341760069131851,0.5971209406852722,0.0030346547719091177
0.013431370258331299,0.015791134908795357,0.9366763234138489,0.001061888411641121,0.014490876346826553,0.004819008056074381,0.013729439117014408
0.05349618196487427,0.07488441467285156,0.08050158619880676,0.019361069425940514,0.636742889881134,0.009540987201035023,0.12547291815280914
0.011236719787120819,0.0137943672016263,0.013429404236376286,0.0880923941731453,0.7235700488090515,0.04634322598576546,0.10353385657072067
0.009180689230561256,0.039802320301532745,0.015448672696948051,0.024813637137413025,0.3719249367713928,0.5332640409469604,0.005565603729337454
0.005829453002661467,0.9806596636772156,0.0014778716722503304,0.004651733208447695,0.0028814133256673813,0.003806168446317315,0.0006936626159586012
0.09081296622753143,0.5859999656677246,0.058381520211696625,0.0031395137775689363,0.10524214804172516,0.1538025438785553,0.002621351508423686
0.0021810526959598064,0.0014853670727461576,0.9866527915000916,0.0008972568321041763,0.004948790650814772,0.0022921557538211346,0.0015425155870616436
0.01276024617254734,0.008473318070173264,0.9469677805900574,0.0016254879301413894,0.014651845209300518,0.0077804746106266975,0.007740912493318319
0.13157962262630463,0.17515888810157776,0.059784695506095886,0.001777817727997899,0.07758709788322449,0.5428037643432617,0.011308098211884499
0.19702623784542084,0.702605664730072,0.02264644391834736,0.004690807778388262,0.05994878336787224,0.010151018388569355,0.0029310951940715313
0.24980458617210388,0.5028505921363831,0.0961822122335434,0.002064458094537258,0.029651394113898277,0.11477600783109665,0.004670728929340839
0.3052157759666443,0.07000052183866501,0.033495523035526276,0.0931384488940239,0.3372863531112671,0.15500898659229279,0.005854403600096703
0.20338591933250427,0.09446833282709122,0.031151069328188896,0.004256601445376873,0.16027742624282837,0.4679715037345886,0.038489099591970444
