anger,disgust,fear,joy,neutral,sadness,surprise
0.010038095526397228,0.006540586706250906,0.03991914913058281,0.001131505356170237,0.0496179573237896,0.8767339587211609,0.01601879484951496
0.0027837473899126053,0.015056095086038113,0.9641200304031372,0.0007336915587075055,0.003273209324106574,0.0029811824206262827,0.011051829904317856
0.005685755517333746,0.009448820725083351,0.17252762615680695,0.018987976014614105,0.7108502984046936,0.043852224946022034,0.03864727541804314
0.00463947793468833,0.012221775949001312,0.01163517590612173,0.0015825583832338452,0.919201672077179,0.03496613726019859,0.01575315371155739
0.029733169823884964,0.0766892209649086,0.010119108483195305,0.01275725569576025,0.8349805474281311,0.020847192034125328,0.014873522333800793
0.29382336139678955,0.07153361290693283,0.016594110056757927,0.0026828825939446688,0.521039605140686,0.08795875310897827,0.006367705762386322
0.022802507504820824,0.05508224293589592,0.024594757705926895,0.057912688702344894,0.7310135364532471,0.02804502099752426,0.08054924756288528
0.028036242350935936,0.24155603349208832,0.027742544189095497,0.0017807609401643276,0.2365397959947586,0.42767417430877686,0.03667044639587402
0.044663917273283005,0.03030855767428875,0.009038636460900307,0.006455172784626484,0.8953645825386047,0.005511695519089699,0.008657488040626049
0.017410995438694954,0.030844449996948242,0.006506187375634909,0.0034522495698183775,0.8846060633659363,0.007196420803666115,0.04998357594013214
0.024859443306922913,0.4858117699623108,0.44270434975624084,0.0012294143671169877,0.008782810531556606,0.009683473035693169,0.026928752660751343
0.04839394986629486,0.7958132028579712,0.025420797988772392,0.0009369341423735023,0.11766039580106735,0.008290685713291168,0.00348397227935493
0.48931604623794556,0.0897040143609047,0.04734395816922188,0.0031622485257685184,0.35476505756378174,0.012017862871289253,0.0036908132024109364
0.035401590168476105,0.7115509510040283,0.05240333825349808,0.0014347407268360257,0.16565705835819244,0.024836931377649307,0.008715427480638027
0.0031042706687003374,0.003704979782924056,0.004092597868293524,0.06605251878499985,0.8850805163383484,0.00801745057106018,0.02994772605597973
0.010628149844706059,0.0044494313187897205,0.009133877232670784,0.0015410816995427012,0.9161335229873657,0.008837871253490448,0.04927605018019676
0.005447284784168005,0.008756795898079872,0.0019332550000399351,0.3315524458885193,0.5977729558944702,0.012055686675012112,0.042481500655412674
0.007729915902018547,0.09236488491296768,0.7816417813301086,0.001597674679942429,0.04312875121831894,0.004689483903348446,0.06884751468896866
