anger,disgust,fear,joy,neutral,sadness,surprise
0.012116874568164349,0.04835933446884155,0.023140929639339447,0.001654531224630773,0.024149561300873756,0.8853514194488525,0.005227440502494574
0.01055891253054142,0.9724626541137695,0.006069142371416092,0.0005585983744822443,0.004836523439735174,0.0038575127255171537,0.001656552660278976
0.47471290826797485,0.062567338347435,0.0038545711431652308,0.0028886247891932726,0.021214181557297707,0.43120500445365906,0.0035572820343077183
0.116425059735775,0.3665171265602112,0.011610359884798527,0.008235763758420944,0.47660648822784424,0.009490114636719227,0.011115203611552715
0.0064391521736979485,0.05096777155995369,0.010331968776881695,0.00466978270560503,0.057746995240449905,0.8673036098480225,0.00254075531847775
0.4361913204193115,0.17932483553886414,0.007011693436652422,0.0010908552212640643,0.08747917413711548,0.2811262011528015,0.007775861769914627
0.10409380495548248,0.7744494080543518,0.020732207223773003,0.0050978884100914,0.0745316669344902,0.01538164634257555,0.005713411141186953
0.06372707337141037,0.08109099417924881,0.010423555038869381,0.0023559865076094866,0.8099277019500732,0.028732817620038986,0.003741880878806114
0.016432369127869606,0.14366109669208527,0.02050646021962166,0.001467327936552465,0.024557292461395264,0.7893082499504089,0.00406716438010335
0.02521621063351631,0.05462774261832237,0.4043898582458496,0.0044938949868083,0.3136846125125885,0.18113458156585693,0.016453072428703308
0.19321148097515106,0.6977438926696777,0.005644028540700674,0.0020926627330482006,0.028476860374212265,0.06818211078643799,0.004648982547223568
0.005240422207862139,0.060884539037942886,0.01416108664125204,0.0017689462983980775,0.035639580339193344,0.8796237707138062,0.00268169934861362
0.017050184309482574,0.04072650149464607,0.01064389105886221,0.17989987134933472,0.708716630935669,0.024250220507383347,0.018712714314460754
0.019128479063510895,0.01804649829864502,0.8801317811012268,0.0015974544221535325,0.06605180352926254,0.006178867071866989,0.008865158073604107
0.023419002071022987,0.08708348125219345,0.0036472089122980833,0.03420082852244377,0.8247363567352295,0.011416898109018803,0.015496226027607918
0.010691477917134762,0.07913640886545181,0.054913751780986786,0.0015137826558202505,0.040683481842279434,0.7881691455841064,0.02489200048148632
0.09850271791219711,0.13798928260803223,0.18375356495380402,0.005625322926789522,0.44436317682266235,0.10626977682113647,0.023496102541685104
0.13018783926963806,0.48513925075531006,0.03588871657848358,0.0034716168884187937,0.31461670994758606,0.02660321816802025,0.0040925717912614346
0.017337707802653313,0.08176937699317932,0.0029241363517940044,0.2654761075973511,0.575573742389679,0.014670376665890217,0.042248550802469254
0.6820598840713501,0.10567259788513184,0.16075929999351501,0.002433367306366563,0.03806279972195625,0.007849914021790028,0.003162078093737364
0.21354816854000092,0.5681188702583313,0.045703452080488205,0.0026349800173193216,0.03547598421573639,0.1307430863380432,0.0037754822988063097
0.08972349762916565,0.027134526520967484,0.49266529083251953,0.002789023332297802,0.08880351483821869,0.13844889402389526,0.1604352593421936
0.008243280462920666,0.09641879051923752,0.03467116132378578,0.03506341204047203,0.26929357647895813,0.538009762763977,0.018300054594874382
