anger,disgust,fear,joy,neutral,sadness,surprise
0.008754811249673367,0.06134217977523804,0.023118454962968826,0.0799114778637886,0.8103582262992859,0.009609132073819637,0.006905724294483662
0.029788969084620476,0.016479097306728363,0.008961588144302368,0.10673429816961288,0.7973285913467407,0.02735261805355549,0.013354841619729996
0.00674032187089324,0.006287612486630678,0.00664052227512002,0.748216450214386,0.13159094750881195,0.04433676600456238,0.05618743225932121
0.069648377597332,0.15210600197315216,0.010242129676043987,0.0026748429518193007,0.0549749955534935,0.7070497870445251,0.0033038018736988306
0.01995793916285038,0.10137521475553513,0.0014254559064283967,0.41451412439346313,0.4454365372657776,0.012503881938755512,0.004786864388734102
0.09654060751199722,0.645577609539032,0.0014924206770956516,0.011352010071277618,0.23326165974140167,0.00824128556996584,0.0035344348289072514
0.005734170321375132,0.0013895061565563083,0.0017600376158952713,0.8392670750617981,0.04431076720356941,0.024356406182050705,0.08318202942609787
0.03838285058736801,0.27941542863845825,0.002908691531047225,0.018303167074918747,0.620246946811676,0.006609966047108173,0.034133024513721466
0.047353774309158325,0.12211282551288605,0.015075387433171272,0.5757800340652466,0.1624395251274109,0.05074412748217583,0.02649434469640255
0.08319009840488434,0.22687454521656036,0.004981073550879955,0.009173952043056488,0.6497412919998169,0.010062065906822681,0.015977026894688606
0.10762199759483337,0.6791788339614868,0.05462409928441048,0.008041937835514545,0.08963912725448608,0.056313786655664444,0.004580274689942598
0.004291825462132692,0.033797916024923325,0.0022371329832822084,0.012581217102706432,0.08058038353919983,0.8630352020263672,0.0034762558061629534
0.6418192386627197,0.03186355158686638,0.12136103212833405,0.001739000203087926,0.028032047674059868,0.16943368315696716,0.005751469638198614
0.03609941154718399,0.011975575238466263,0.03233281895518303,0.49035441875457764,0.22734501957893372,0.1749321073293686,0.026960667222738266
0.44893258810043335,0.3662693500518799,0.003267675405368209,0.007228099275380373,0.06266193836927414,0.10987541079521179,0.001764829270541668
0.5906884074211121,0.37118324637413025,0.009063835255801678,0.0018183873035013676,0.017476385459303856,0.007725585717707872,0.0020441433880478144
0.020389031618833542,0.03469426557421684,0.0038540386594831944,0.003977913409471512,0.8834826946258545,0.016668260097503662,0.036933783441782
