anger,disgust,fear,joy,neutral,sadness,surprise
0.03880200535058975,0.36321917176246643,0.0028264615684747696,0.28150027990341187,0.2565891444683075,0.017050670459866524,0.04001230001449585
0.025073345750570297,0.7786664366722107,0.014397025108337402,0.013005618937313557,0.1561017781496048,0.010585595853626728,0.002170198829844594
0.0690954327583313,0.0686430111527443,0.002053359989076853,0.4609823226928711,0.3467070758342743,0.04189487546682358,0.010623849928379059
0.5065940022468567,0.40531125664711,0.009810183197259903,0.0016600291710346937,0.0432068295776844,0.03226995840668678,0.0011477404041215777
0.9335494041442871,0.03707830235362053,0.004228898324072361,0.0010642106644809246,0.01509363017976284,0.006969638634473085,0.0020158118568360806
0.2052304446697235,0.599103569984436,0.006151384674012661,0.0017918030498549342,0.15452834963798523,0.008898020721971989,0.024296533316373825
0.8025264143943787,0.10877752304077148,0.05428280681371689,0.001245217747054994,0.02227533608675003,0.005874152760952711,0.00501851923763752
0.05273332819342613,0.6373240947723389,0.009871034882962704,0.002599039813503623,0.2777976095676422,0.011085539124906063,0.008589457720518112
0.0054270923137664795,0.008828717283904552,0.0042038667015731335,0.0017434058245271444,0.028372300788760185,0.9491461515426636,0.002278420142829418
0.023888912051916122,0.8479770421981812,0.0069564878940582275,0.005703819449990988,0.06660877168178558,0.0076091294176876545,0.041255783289670944
0.005937255918979645,0.0033589531667530537,0.020774606615304947,0.15789133310317993,0.39708349108695984,0.3580280840396881,0.05692632868885994
0.05550750344991684,0.8779556155204773,0.02499900572001934,0.0015808439347893,0.032363224774599075,0.0037084927316755056,0.0038853464648127556
0.17728744447231293,0.3483986258506775,0.015713853761553764,0.00431639002636075,0.379833847284317,0.0698029100894928,0.004646929446607828
