anger,disgust,fear,joy,neutral,sadness,surprise
0.11369848996400833,0.151558980345726,0.6249949336051941,0.004037229344248772,0.08476441353559494,0.011346017010509968,0.009600008837878704
0.030772533267736435,0.7979738712310791,0.0863901898264885,0.002257632091641426,0.06717976927757263,0.011025793850421906,0.0044002411887049675
0.2339329868555069,0.05400459095835686,0.26647111773490906,0.028986597433686256,0.019538793712854385,0.3933916389942169,0.0036743287928402424
0.020954545587301254,0.07955706119537354,0.0427565760910511,0.03467931970953941,0.7472355365753174,0.006098399870097637,0.06871864199638367
0.01750587299466133,0.1790430247783661,0.5775842070579529,0.0016458714380860329,0.07769817858934402,0.13342562317848206,0.013097126968204975
0.014052700251340866,0.3969355523586273,0.014625931158661842,0.0038817720487713814,0.5192745923995972,0.008160839788615704,0.04306865856051445
0.0334017239511013,0.08281279355287552,0.04618486016988754,0.005893622525036335,0.7576147317886353,0.0060694958083331585,0.06802278757095337
0.04938742518424988,0.8565784692764282,0.011367592960596085,0.0025623897090554237,0.06649231165647507,0.010342328809201717,0.0032694623805582523
0.03878633677959442,0.2875368297100067,0.013776874169707298,0.005654324311763048,0.5535290837287903,0.01826571673154831,0.08245079964399338
0.010265215300023556,0.1726602017879486,0.010878156870603561,0.005811108276247978,0.7686260342597961,0.0051449672318995,0.026614224538207054
0.027190489694476128,0.9643037915229797,0.0019022248452529311,0.0007095379987731576,0.0030707442201673985,0.0022792909294366837,0.0005438797525130212
0.02125721424818039,0.134275883436203,0.0407998263835907,0.007268759422004223,0.6114670038223267,0.011930951848626137,0.1730002909898758
0.13304641842842102,0.8474230170249939,0.00779573293402791,0.0005715297884307802,0.005593989044427872,0.004962644539773464,0.0006064788904041052
0.09151630103588104,0.8787655234336853,0.009928029030561447,0.0007544821710325778,0.013293078169226646,0.0049244798719882965,0.0008181770681403577
0.09128192067146301,0.8946545124053955,0.006903648842126131,0.0006242171511985362,0.0022615024354308844,0.0037093008868396282,0.0005648229853250086
0.971194863319397,0.011073040775954723,0.0034340890124440193,0.0005105393356643617,0.009597769938409328,0.002196180634200573,0.0019935169257223606
0.2877470552921295,0.522549569606781,0.012302927672863007,0.006618300918489695,0.14861354231834412,0.011226405389606953,0.010942150838673115
0.2901168465614319,0.6269969940185547,0.010835463181138039,0.0017738062888383865,0.04810518026351929,0.019635511562228203,0.002536240965127945
0.08602657914161682,0.1105680763721466,0.1951463222503662,0.00246935966424644,0.4733167588710785,0.08708701282739639,0.045385945588350296
0.06280038505792618,0.923949658870697,0.0022832017857581377,0.0006587517564184964,0.004154479131102562,0.005516396835446358,0.0006372139323502779
0.06340310722589493,0.8753791451454163,0.03355671092867851,0.0007827205117791891,0.02128932811319828,0.0041595157235860825,0.0014294191496446729
0.048243798315525055,0.9116585850715637,0.0028665291611105204,0.0008297677850350738,0.026740288361907005,0.007528330199420452,0.002132787834852934
0.009318248368799686,0.003086421173065901,0.9707814455032349,0.0009071207023225725,0.010100171901285648,0.0032525183632969856,0.0025540764909237623
0.00819374993443489,0.005394685547798872,0.0017127777682617307,0.09871947765350342,0.8283191323280334,0.0066499123349785805,0.051010310649871826
0.02450883388519287,0.8824611902236938,0.0012500749435275793,0.013342829421162605,0.07223931699991226,0.004111075773835182,0.0020866647828370333
0.11805388331413269,0.3002444803714752,0.4461033046245575,0.0030264356173574924,0.10573194921016693,0.005676157772541046,0.02116374857723713
0.5160581469535828,0.21273452043533325,0.016713466495275497,0.005746756214648485,0.23012037575244904,0.014406610280275345,0.0042201136238873005
0.014360985718667507,0.007719800807535648,0.001608041930012405,0.011374600231647491,0.8553544878959656,0.027553515508770943,0.0820285752415657
0.342405766248703,0.5874563455581665,0.025293001905083656,0.0013255377998575568,0.03374145179986954,0.005842994898557663,0.003934917971491814
0.9624442458152771,0.016737695783376694,0.0012265084078535438,0.0009995083091780543,0.012364705093204975,0.002878582337871194,0.0033486741594970226
0.310516893863678,0.01214687991887331,0.664583146572113,0.002171277068555355,0.004217085894197226,0.00233472790569067,0.00402990123257041
0.278940349817276,0.42872682213783264,0.15109999477863312,0.002080875914543867,0.1259014904499054,0.0074273222126066685,0.005823115818202496
0.7624777555465698,0.15069273114204407,0.014568920247256756,0.004195509944111109,0.05832485482096672,0.008160704746842384,0.0015796003863215446
0.1316988617181778,0.03301599994301796,0.574703574180603,0.0032590688206255436,0.21289782226085663,0.029061133041977882,0.015363526530563831
0.11695709079504013,0.005520464386790991,0.8395660519599915,0.0013233734061941504,0.011242388747632504,0.015103557147085667,0.01028706319630146
0.18933185935020447,0.6267043352127075,0.05364328250288963,0.002275108126923442,0.10646762698888779,0.015280618332326412,0.0062971957959234715
0.1380016952753067,0.017491137608885765,0.6509838104248047,0.0026274570263922215,0.13884510099887848,0.04305347800254822,0.008997294120490551
0.061718087643384933,0.022519415244460106,0.8863586187362671,0.0013579558581113815,0.020457357168197632,0.004179074428975582,0.00340949185192585
0.12666411697864532,0.708245038986206,0.026294507086277008,0.001394830527715385,0.052632398903369904,0.08180318027734756,0.00296585145406425
0.0013157522771507502,0.0047729648649692535,0.001853340887464583,0.00479863490909338,0.040441207587718964,0.9424892067909241,0.004328845534473658
0.00670534698292613,0.017995623871684074,0.9410219788551331,0.0010758194839581847,0.010813447646796703,0.017344698309898376,0.005043096374720335
0.6345688700675964,0.01614493690431118,0.2680099904537201,0.002027832670137286,0.0334368459880352,0.008892269805073738,0.03691926598548889
0.44897809624671936,0.41793233156204224,0.01465560682117939,0.0031680557876825333,0.10134170204401016,0.010323998518288136,0.0036001664120703936
0.46128955483436584,0.24905653297901154,0.049675628542900085,0.0017257854342460632,0.13613323867321014,0.07596815377473831,0.026151034981012344
0.18692894279956818,0.12679310142993927,0.05368663743138313,0.004746247082948685,0.28601354360580444,0.3373441994190216,0.0044873119331896305
0.7727808952331543,0.13673566281795502,0.017528537660837173,0.0013366196071729064,0.05190161615610123,0.017707061022520065,0.0020095992367714643
0.0072751943953335285,0.0020748376846313477,0.018759261816740036,0.0027792169712483883,0.006400907412171364,0.001127395429648459,0.961583137512207
0.7890867590904236,0.13941991329193115,0.019232135266065598,0.002062394516542554,0.031639792025089264,0.016140280291438103,0.002418653341010213
0.04233899712562561,0.40570488572120667,0.02747083641588688,0.006217427551746368,0.4226844906806946,0.034168727695941925,0.06141471490263939
