anger,disgust,fear,joy,neutral,sadness,surprise
0.13194608688354492,0.7919723987579346,0.04257668927311897,0.0014225189806893468,0.02221878618001938,0.0076776412315666676,0.002186003839597106
0.035624343901872635,0.4623429477214813,0.01804281584918499,0.003557837102562189,0.42441514134407043,0.00913165882229805,0.046885326504707336
0.014280683360993862,0.011067625135183334,0.6385776996612549,0.0016385397175326943,0.01931842975318432,0.29261526465415955,0.022501785308122635
0.04587899148464203,0.358500599861145,0.33286604285240173,0.00159908935893327,0.10210990905761719,0.031158631667494774,0.12788672745227814
0.3979775011539459,0.08490724116563797,0.15649738907814026,0.008204245008528233,0.31037235260009766,0.035358037799596786,0.006683199666440487
0.48618006706237793,0.3498009741306305,0.033528704196214676,0.003579750657081604,0.10834712535142899,0.005756731145083904,0.012806547805666924
0.06702452152967453,0.3153454065322876,0.05931776762008667,0.003004465950652957,0.1506093591451645,0.3122197687625885,0.09247871488332748
0.6653074622154236,0.1512787789106369,0.017839230597019196,0.001680927467532456,0.03868711367249489,0.11471464484930038,0.010491875000298023
0.021892376244068146,0.10023458302021027,0.01180737279355526,0.0022127358242869377,0.09263601154088974,0.7273718118667603,0.043845102190971375
0.3353886604309082,0.1729799062013626,0.030922885984182358,0.002208035672083497,0.28239744901657104,0.1624135673046112,0.013689447194337845
0.02385713718831539,0.01472870260477066,0.012426216155290604,0.006575742736458778,0.5315942168235779,0.2785254418849945,0.1322925090789795
0.10589724779129028,0.03568021208047867,0.7708669304847717,0.0019953525625169277,0.051712919026613235,0.02652321383357048,0.007324079982936382
0.9168165922164917,0.021491188555955887,0.028312120586633682,0.0007114345789887011,0.026515299454331398,0.0034143924713134766,0.0027390264440327883
0.009221335873007774,0.01117562223225832,0.01582898572087288,0.0008710571564733982,0.012180466204881668,0.9453216791152954,0.005400852300226688
0.25337448716163635,0.10853105038404465,0.007593503221869469,0.007302718702703714,0.5718004107475281,0.03864249959588051,0.012755385600030422
0.1689528524875641,0.1523895114660263,0.23993393778800964,0.0019813331309705973,0.17769533395767212,0.22118572890758514,0.03786132112145424
0.24463923275470734,0.11649855226278305,0.07893472909927368,0.0048506492748856544,0.5188243985176086,0.01126998569816351,0.02498244307935238
0.020336167886853218,0.25890353322029114,0.08085218816995621,0.004940389189869165,0.3906641900539398,0.22753532230854034,0.01676814630627632
