anger,disgust,fear,joy,neutral,sadness,surprise
0.020324572920799255,0.0264880433678627,0.9359096884727478,0.0032759092282503843,0.007737047038972378,0.004824323114007711,0.00144033448304981
0.030812889337539673,0.008711447939276695,0.026211204007267952,0.027118058875203133,0.28723520040512085,0.5871096253395081,0.03280157968401909
0.1035638302564621,0.033541858196258545,0.09870676696300507,0.002378638368099928,0.16958187520503998,0.11962898075580597,0.47259804606437683
0.013164620846509933,0.03465382382273674,0.011609680019319057,0.004845591727644205,0.8671486377716064,0.006403808481991291,0.06217385455965996
0.10202139616012573,0.02289043366909027,0.34771236777305603,0.0024512915406376123,0.01409421768039465,0.00991047639399767,0.5009198188781738
0.035767003893852234,0.012213884852826595,0.9162838459014893,0.0021164962090551853,0.025762680917978287,0.0019891499541699886,0.005866783205419779
0.768786609172821,0.19598349928855896,0.01478530466556549,0.0011924038408324122,0.011806858703494072,0.005209018476307392,0.0022363364696502686
0.09482020139694214,0.13033220171928406,0.04100000485777855,0.0037701178807765245,0.693348228931427,0.027460288256406784,0.009268958121538162
0.04152069240808487,0.04659385234117508,0.5302250385284424,0.004258966539055109,0.2442958801984787,0.02635977417230606,0.10674583911895752
0.4337698221206665,0.01700376719236374,0.24337279796600342,0.005153940059244633,0.15779440104961395,0.035261787474155426,0.10764340311288834
0.02780609019100666,0.03906827047467232,0.011781055480241776,0.0032002467196434736,0.5370486974716187,0.07296581566333771,0.30812984704971313
0.03419565409421921,0.08628252893686295,0.1789340376853943,0.005419864784926176,0.6539915800094604,0.028174465522170067,0.013001831248402596
0.021699022501707077,0.09132444113492966,0.005939196329563856,0.04111088439822197,0.7626596093177795,0.012570695020258427,0.06469615548849106
0.34964263439178467,0.1318870186805725,0.06634894013404846,0.0015282477252185345,0.25683167576789856,0.18160995841026306,0.012151612900197506
0.07082512974739075,0.3025124669075012,0.02331162430346012,0.003833036171272397,0.555407702922821,0.0302877314388752,0.01382229384034872
0.03493085503578186,0.02186606451869011,0.012149227783083916,0.0299882460385561,0.8405061960220337,0.004576172214001417,0.05598334223031998
0.05419566109776497,0.27435484528541565,0.016764681786298752,0.012912680394947529,0.32048529386520386,0.2952013909816742,0.02608538791537285
0.20024797320365906,0.5341160893440247,0.036382801830768585,0.010458781383931637,0.09326815605163574,0.01137480791658163,0.1141514703631401
0.08038215339183807,0.25004133582115173,0.07509636878967285,0.0450013093650341,0.3826318085193634,0.12566745281219482,0.04117956757545471
0.05647999793291092,0.5102989673614502,0.06667684018611908,0.01134255900979042,0.305406391620636,0.012953937985002995,0.03684130683541298
0.01285107433795929,0.012715766206383705,0.010372220538556576,0.0021413136273622513,0.07035006582736969,0.8457179665565491,0.04585155472159386
0.0191145408898592,0.008421861566603184,0.02047760598361492,0.006635311990976334,0.9281735420227051,0.009080998599529266,0.00809619389474392
0.04164474084973335,0.055867910385131836,0.35489267110824585,0.004886589478701353,0.4242922365665436,0.01914418302476406,0.09927164018154144
0.40871408581733704,0.08308695256710052,0.036402542144060135,0.005634848028421402,0.3115450143814087,0.1280188262462616,0.02659778855741024
0.3942411243915558,0.14925427734851837,0.08218696713447571,0.012776042334735394,0.30992457270622253,0.009151897393167019,0.0424652099609375
0.6880276799201965,0.12366604804992676,0.04182940348982811,0.002850028919056058,0.12342757731676102,0.012674566358327866,0.007524719927459955
0.08390247076749802,0.0231989324092865,0.3361545205116272,0.0034634002950042486,0.3930346667766571,0.1242331862449646,0.036012906581163406
