anger,disgust,fear,joy,neutral,sadness,surprise
0.06756884604692459,0.07033126056194305,0.13969160616397858,0.01777409017086029,0.1649606078863144,0.5315513610839844,0.00812225230038166
0.025059299543499947,0.7292543649673462,0.006668763235211372,0.016300590708851814,0.19445663690567017,0.010508180595934391,0.017752034589648247
0.058378323912620544,0.1444726586341858,0.003315721172839403,0.4035061001777649,0.21732109785079956,0.1662210375070572,0.006785080302506685
0.06428028643131256,0.2596469223499298,0.006414455361664295,0.4093429148197174,0.23568548262119293,0.021320514380931854,0.003309403546154499
0.8638445734977722,0.0820256695151329,0.005634652450680733,0.001259121927432716,0.021343979984521866,0.025179926306009293,0.0007119865622371435
0.038455747067928314,0.09424814581871033,0.10975883156061172,0.004880832973867655,0.42799147963523865,0.320483922958374,0.0041810255497694016
0.09628752619028091,0.20773373544216156,0.017463194206357002,0.0016851617256179452,0.018901795148849487,0.6563979983329773,0.0015306303976103663
0.017785966396331787,0.01228475570678711,0.003972128964960575,0.07224136590957642,0.8620972633361816,0.01609114184975624,0.015527400188148022
0.013643069192767143,0.0670124739408493,0.03319752588868141,0.009246336296200752,0.601743221282959,0.20605994760990143,0.06909739226102829
0.02773122675716877,0.020896000787615776,0.001238982193171978,0.618096649646759,0.29269593954086304,0.026962094008922577,0.012379081919789314
0.022169722244143486,0.05084499716758728,0.002792871557176113,0.8718545436859131,0.04209553450345993,0.0035652322694659233,0.00667709531262517
