anger,disgust,fear,joy,neutral,sadness,surprise
0.7498335838317871,0.16163909435272217,0.0063277343288064,0.0015362909762188792,0.04481831192970276,0.030976014211773872,0.0048689572140574455
0.7486623525619507,0.13888612389564514,0.025370784103870392,0.0015286128036677837,0.06521713733673096,0.015407359227538109,0.004927740432322025
0.179112046957016,0.3212612271308899,0.033159177750349045,0.003245400497689843,0.37415868043899536,0.07375741004943848,0.015306002460420132
0.021450510248541832,0.008619990199804306,0.00421933876350522,0.21487756073474884,0.725700855255127,0.0052755167707800865,0.019856195896863937
0.019153783097863197,0.010178569704294205,0.005829935893416405,0.325204998254776,0.6128052473068237,0.004978204611688852,0.021849220618605614
0.02096790447831154,0.025054240599274635,0.0059398771263659,0.007717633619904518,0.9220265746116638,0.00628959434106946,0.012004135176539421
0.008616444654762745,0.0041366880759596825,0.06726671010255814,0.14241205155849457,0.7041946649551392,0.008429287932813168,0.06494409590959549
0.37872523069381714,0.18002785742282867,0.007076888810843229,0.0045350478030741215,0.2485569417476654,0.17449159920215607,0.006586459930986166
0.8909561634063721,0.0711999237537384,0.015565633773803711,0.0007611747714690864,0.015135546214878559,0.0040355259552598,0.0023458402138203382
0.04288814216852188,0.1574046015739441,0.02619333192706108,0.0031020224560052156,0.5681309103965759,0.19591177999973297,0.006369205191731453
0.0168753694742918,0.03063380904495716,0.08451268821954727,0.02913590893149376,0.47787684202194214,0.35349568724632263,0.0074696168303489685
0.008367509581148624,0.013663741759955883,0.04062056541442871,0.16144290566444397,0.7340909838676453,0.031768377870321274,0.010045897215604782
0.010839445516467094,0.010376717895269394,0.0044380733743309975,0.0031607793644070625,0.9552285671234131,0.005774067249149084,0.01018232386559248
0.25700730085372925,0.04858424514532089,0.04364488273859024,0.013142207637429237,0.6176069378852844,0.01409190148115158,0.005922575015574694
0.07068715244531631,0.2963927686214447,0.017391297966241837,0.001586716971360147,0.498110830783844,0.005900630261749029,0.10993056744337082
0.016892150044441223,0.017533764243125916,0.010899020358920097,0.0027693677693605423,0.9223478436470032,0.006565651390701532,0.022992126643657684
0.0042269728146493435,0.009214594960212708,0.003896750044077635,0.05514569580554962,0.8569062352180481,0.029608922079205513,0.041000816971063614
0.006237901747226715,0.005272408947348595,0.00568025466054678,0.28293171525001526,0.5723309516906738,0.03432704880833626,0.09321963787078857
0.008156485855579376,0.021419523283839226,0.012108304537832737,0.12321558594703674,0.8027715682983398,0.017261134460568428,0.01506746280938387
