anger,disgust,fear,joy,neutral,sadness,surprise
0.011435512453317642,0.0020778938196599483,0.03018212877213955,0.052825286984443665,0.029262878000736237,0.864518940448761,0.00969731155782938
0.24406108260154724,0.043831419199705124,0.007187262177467346,0.001637326437048614,0.013642655685544014,0.6837640404701233,0.005876192823052406
0.0037261222023516893,0.01569667086005211,0.0022540453355759382,0.7192208170890808,0.11907374858856201,0.0219349954277277,0.11809361726045609
0.9553850889205933,0.024098463356494904,0.001886190613731742,0.0008738291217014194,0.010569794103503227,0.005247674882411957,0.0019390047527849674
0.03312509134411812,0.7977390885353088,0.00358936027623713,0.015322922728955746,0.1286047250032425,0.019970472902059555,0.0016483640065416694
0.0665150135755539,0.2005990892648697,0.015663037076592445,0.002364211715757847,0.027014153078198433,0.6869205832481384,0.0009239414357580245
0.07246337831020355,0.020976899191737175,0.5277585983276367,0.0025799782015383244,0.17290107905864716,0.18962302803993225,0.013696987181901932
0.0038197808898985386,0.004047113005071878,0.0025543353985995054,0.018678683787584305,0.8552922606468201,0.015130662359297276,0.10047710686922073
0.1975940465927124,0.11815629154443741,0.6429755091667175,0.001228156266734004,0.020028062164783478,0.0174697432667017,0.002548211021348834
