anger,disgust,fear,joy,neutral,sadness,surprise
0.02319670468568802,0.03940461203455925,0.00952996127307415,0.39739304780960083,0.49453264474868774,0.009566412307322025,0.026376599445939064
0.06197701767086983,0.03456424921751022,0.5433520674705505,0.008038505911827087,0.3278453052043915,0.009196880273520947,0.015026016160845757
0.007195617072284222,0.011490818113088608,0.8942553400993347,0.001974698156118393,0.07233012467622757,0.007674164604395628,0.005079225637018681
0.048037197440862656,0.6512847542762756,0.1580791026353836,0.0015986207872629166,0.06533605605363846,0.07288655638694763,0.002777674002572894
0.0057047028094530106,0.0019759938586503267,0.008876226842403412,0.9568948149681091,0.02189693972468376,0.003732608864083886,0.0009187301620841026
0.16043101251125336,0.034801337867975235,0.037862423807382584,0.00500146858394146,0.7306672930717468,0.02878212183713913,0.0024543905165046453
0.0495535247027874,0.028506791219115257,0.48594415187835693,0.004734148737043142,0.10351113229990005,0.014854276552796364,0.3128959536552429
0.06531183421611786,0.023815257474780083,0.0059695253148674965,0.01682465337216854,0.858487606048584,0.018813304603099823,0.010777853429317474
0.011377944611012936,0.04351532831788063,0.004561330657452345,0.033011969178915024,0.873748242855072,0.019546909257769585,0.014238317497074604
0.10270307958126068,0.15755067765712738,0.08402278274297714,0.003619324415922165,0.5738419890403748,0.01564544439315796,0.0626167431473732
0.02608516253530979,0.002985516097396612,0.9497791528701782,0.005110152065753937,0.010724624618887901,0.00363942445255816,0.0016758650308474898
0.006840837653726339,0.00341873150318861,0.0025807893835008144,0.0075877346098423,0.8558582067489624,0.006113154347985983,0.11760058254003525
0.010755735449492931,0.0063960859552025795,0.006518186070024967,0.004823106806725264,0.962827742099762,0.00520391296595335,0.00347519270144403
0.020703116431832314,0.04861605912446976,0.02818291261792183,0.004072545096278191,0.4367890954017639,0.4508700668811798,0.010766267776489258
0.04443792626261711,0.009065492078661919,0.8013143539428711,0.004512240178883076,0.06706839054822922,0.03506128489971161,0.03854021057486534
0.12645159661769867,0.21170920133590698,0.003664427436888218,0.007376473862677813,0.6244658827781677,0.023546162992715836,0.002786268712952733
0.017597829923033714,0.0032995129004120827,0.003739272942766547,0.009134306572377682,0.8079742193222046,0.0034518365282565355,0.1548030525445938
0.1958651840686798,0.013734427280724049,0.054385360330343246,0.007733638864010572,0.7013236880302429,0.011590545997023582,0.015367027372121811
0.032071467489004135,0.014412341639399529,0.6161238551139832,0.005776240956038237,0.26057201623916626,0.041630081832408905,0.029414048418402672
0.6747096180915833,0.10605321824550629,0.016480743885040283,0.004528612829744816,0.15349914133548737,0.03917742520570755,0.0055511691607534885
0.004603139590471983,0.011034063994884491,0.002057089004665613,0.20894601941108704,0.41989997029304504,0.3422854542732239,0.011174249462783337
0.009306888096034527,0.022377900779247284,0.0008049923926591873,0.13021288812160492,0.8178049921989441,0.005456740502268076,0.014035644009709358
0.005536796059459448,0.00447372579947114,0.002772250212728977,0.026806039735674858,0.8822123408317566,0.020770277827978134,0.05742865055799484
