anger,disgust,fear,joy,neutral,sadness,surprise
0.009546606801450253,0.0252920463681221,0.011963055469095707,0.8052669167518616,0.12024250626564026,0.02354462258517742,0.004144206177443266
0.032367169857025146,0.184114471077919,0.6689897775650024,0.016331519931554794,0.04908948391675949,0.040246058255434036,0.00886152870953083
0.08258222788572311,0.06478146463632584,0.00868502352386713,0.002191835781559348,0.15480248630046844,0.6777094602584839,0.009247495792806149
0.027630062773823738,0.0915674939751625,0.14297416806221008,0.01790407858788967,0.6615962386131287,0.05426443740725517,0.00406351312994957
0.11728452891111374,0.7653243541717529,0.005451804492622614,0.005025111138820648,0.0911533385515213,0.014330401085317135,0.0014305212534964085
0.01914367452263832,0.01149983610957861,0.6609859466552734,0.022086750715970993,0.25771385431289673,0.010218705050647259,0.018351387232542038
0.012761430814862251,0.016232609748840332,0.16845734417438507,0.0028969368431717157,0.043572064489126205,0.6772165298461914,0.0788630023598671
0.007053942885249853,0.005363959353417158,0.18417476117610931,0.003660469315946102,0.06947185099124908,0.7072979807853699,0.02297704480588436
0.0018484466709196568,0.005519255995750427,0.006126543506979942,0.0020725957583636045,0.019950320944190025,0.9376718997955322,0.026810865849256516
0.025528939440846443,0.011500799097120762,0.003047591308131814,0.8243106603622437,0.09364031255245209,0.03874679282307625,0.003224969608709216
0.026086350902915,0.04494985565543175,0.005341003183275461,0.1853819191455841,0.6891121864318848,0.03685588017106056,0.012272854335606098
0.427552193403244,0.21617579460144043,0.007253595627844334,0.04268009960651398,0.2314792275428772,0.0678926631808281,0.006966433487832546
0.010145394131541252,0.0035556857474148273,0.0006297766231000423,0.8880414962768555,0.07929317653179169,0.010479344055056572,0.007855135947465897
0.7443106174468994,0.1328849196434021,0.006736991927027702,0.0033936710096895695,0.0865674540400505,0.018791623413562775,0.007314595393836498
0.3922525644302368,0.40552109479904175,0.05758529156446457,0.0018121900502592325,0.11743540316820145,0.017143700271844864,0.00824984535574913
0.0062148794531822205,0.0011399288196116686,0.9688018560409546,0.0016865171492099762,0.01389013510197401,0.003025591839104891,0.005241152364760637
0.033058129251003265,0.04490826651453972,0.00929688848555088,0.009463817812502384,0.15565593540668488,0.7444096803665161,0.00320725841447711
0.5709365010261536,0.020531928166747093,0.103659987449646,0.00410888297483325,0.26308101415634155,0.021222449839115143,0.01645919308066368
0.025145893916487694,0.07169463485479355,0.00219332636334002,0.38058704137802124,0.48452094197273254,0.030116192996501923,0.005741962697356939
