anger,disgust,fear,joy,neutral,sadness,surprise
0.0035880606155842543,0.0015041744336485863,0.0016203763661906123,0.8964170217514038,0.07062659412622452,0.013584055937826633,0.012659668922424316
0.00877157412469387,0.012035759165883064,0.3148913085460663,0.013217571191489697,0.10358676314353943,0.4406697452068329,0.10682731121778488
0.020351750776171684,0.023251280188560486,0.0018709476571530104,0.012925036251544952,0.8746122121810913,0.05849549546837807,0.008493268862366676
0.02485123835504055,0.05709492415189743,0.0028897046577185392,0.00981541071087122,0.8341146111488342,0.059650320559740067,0.011583792045712471
0.14535203576087952,0.38265374302864075,0.01533601526170969,0.0022696428932249546,0.4017573297023773,0.0497930645942688,0.002838131273165345
0.03849853575229645,0.10230357199907303,0.00920912902802229,0.04991617798805237,0.7632078528404236,0.03357139974832535,0.0032933871261775494
0.021541381254792213,0.011700347065925598,0.018883924931287766,0.1490989476442337,0.7274572253227234,0.030539169907569885,0.04077892750501633
0.1520536094903946,0.6758847236633301,0.0038337716832756996,0.0033895112574100494,0.08419357985258102,0.0718768760561943,0.008767994120717049
0.16104404628276825,0.788632869720459,0.002706726547330618,0.0013653559144586325,0.022125326097011566,0.020210731774568558,0.003914995584636927
0.10117856413125992,0.04650910198688507,0.1171657145023346,0.004995020572096109,0.6398735642433167,0.02338028885424137,0.0668976828455925
0.86214679479599,0.05652012676000595,0.004850985947996378,0.002711938926950097,0.04520554840564728,0.026859652251005173,0.0017048418521881104
0.0024370732717216015,0.0012967276852577925,0.0007001905469223857,0.962804913520813,0.01228390634059906,0.0018024472519755363,0.018674705177545547
0.01784435473382473,0.03147253021597862,0.002713137771934271,0.006347278133034706,0.8685461282730103,0.024567224085330963,0.04850924760103226
0.038765329867601395,0.03689451143145561,0.0029351995326578617,0.015039220452308655,0.35115721821784973,0.30144408345222473,0.25376448035240173
0.006635513622313738,0.001436545280739665,0.001934407977387309,0.0942261591553688,0.763259768486023,0.010298028588294983,0.12220951914787292
0.00846074614673853,0.00465999823063612,0.0016526887193322182,0.437530517578125,0.4939596652984619,0.02645677514374256,0.02727953903377056
