anger,disgust,fear,joy,neutral,sadness,surprise
0.0062871053814888,0.008331719785928726,0.0034825766924768686,0.4503992795944214,0.11695808917284012,0.40364962816238403,0.010891541838645935
0.156814306974411,0.5284922122955322,0.015026161447167397,0.1794772893190384,0.06161101907491684,0.05519425868988037,0.003384779207408428
0.6206092834472656,0.07724284380674362,0.13604506850242615,0.004700883291661739,0.135329931974411,0.023965535685420036,0.0021063818130642176
0.5822532773017883,0.02699298784136772,0.16409043967723846,0.006266701966524124,0.19286908209323883,0.022420423105359077,0.005107139702886343
0.027056103572249413,0.0024059750139713287,0.009046557359397411,0.008486220613121986,0.05774678662419319,0.002854416612535715,0.8924039602279663
0.3395276963710785,0.5492408275604248,0.0356716513633728,0.0010637551313266158,0.013903975486755371,0.05584009736776352,0.004751948174089193
0.6404595375061035,0.29296252131462097,0.005129585973918438,0.0011507372837513685,0.02575450763106346,0.033516209572553635,0.0010269852355122566
0.2829021215438843,0.6592386960983276,0.02811708301305771,0.0013547813287004828,0.01954803429543972,0.007394565735012293,0.0014447018038481474
0.5395983457565308,0.254092276096344,0.009825803339481354,0.0019151679007336497,0.16032308340072632,0.03113829903304577,0.0031070783734321594
0.5792762637138367,0.21127499639987946,0.014376879669725895,0.00289811659604311,0.1802576780319214,0.00737876258790493,0.004537337459623814
0.08388819545507431,0.24919764697551727,0.4413384795188904,0.0019010580144822598,0.06778308749198914,0.008628918789327145,0.1472626030445099
0.7121055722236633,0.09906068444252014,0.008461770601570606,0.0010852302657440305,0.04470701888203621,0.13221633434295654,0.0023633241653442383
0.35684770345687866,0.133894145488739,0.13122521340847015,0.0025211561005562544,0.036432113498449326,0.32387739419937134,0.015202256850898266
0.0025742400903254747,0.011753824539482594,0.00445277476683259,0.0016218828968703747,0.014710218645632267,0.9600908160209656,0.004796168301254511
0.018180903047323227,0.033386774361133575,0.0013609194429591298,0.4181477427482605,0.5089759230613708,0.005172502715140581,0.014775270596146584
