anger,disgust,fear,joy,neutral,sadness,surprise
0.004265686497092247,0.010710956528782845,0.0018299190560355783,0.004577839281409979,0.13118970394134521,0.8274350762367249,0.0199908334761858
0.007833357900381088,0.030232539400458336,0.006932667922228575,0.11279621720314026,0.7891024947166443,0.023539945483207703,0.029562799260020256
0.14264802634716034,0.1306833177804947,0.31976979970932007,0.005765271373093128,0.365382581949234,0.01805277355015278,0.017698194831609726
0.41297027468681335,0.3936399817466736,0.08183421194553375,0.005619529634714127,0.08899087458848953,0.014179236255586147,0.0027659882325679064
0.13257716596126556,0.8064789175987244,0.035433389246463776,0.0005057629896327853,0.004685802850872278,0.01836078241467476,0.001958293840289116
0.05685265362262726,0.5372788906097412,0.08230501413345337,0.0026002945378422737,0.12493716925382614,0.18992796540260315,0.006098039448261261
0.02028745226562023,0.8182916641235352,0.006830089725553989,0.0017153110820800066,0.011624147184193134,0.14012762904167175,0.001123775728046894
0.502801239490509,0.3915282189846039,0.024809181690216064,0.002184586599469185,0.05673394352197647,0.02031644620001316,0.0016263540601357818
0.5472887754440308,0.41529396176338196,0.012752294540405273,0.0011826044647023082,0.00694658886641264,0.015526060946285725,0.0010096870828419924
