anger,disgust,fear,joy,neutral,sadness,surprise
0.004467969294637442,0.002059136750176549,0.004808168858289719,0.023909341543912888,0.8970729112625122,0.008673825301229954,0.05900857597589493
0.005448414012789726,0.00493401475250721,0.009442970156669617,0.064784474670887,0.8014148473739624,0.027664583176374435,0.08631061017513275
0.20004601776599884,0.1111023798584938,0.6341713666915894,0.0020347461104393005,0.025113089010119438,0.012454389594495296,0.01507793739438057
0.007551658432930708,0.020665651187300682,0.010055855847895145,0.0009780501713976264,0.03217445686459541,0.9222533702850342,0.006320994347333908
0.0792912095785141,0.02240590751171112,0.009370737709105015,0.006663037929683924,0.8663053512573242,0.011730486527085304,0.004233251325786114
0.008703419007360935,0.9332835078239441,0.02204878069460392,0.0013796841958537698,0.02535627782344818,0.006225949618965387,0.0030023471917957067
0.01694246008992195,0.9410526156425476,0.0034484127536416054,0.0022532532457262278,0.025788549333810806,0.008291492238640785,0.0022231959737837315
0.013364606536924839,0.07616450637578964,0.004874428268522024,0.4852040708065033,0.3980734646320343,0.01101674884557724,0.011302260681986809
0.040041252970695496,0.31132665276527405,0.0028289244510233402,0.007106979843229055,0.5508607625961304,0.07159034162759781,0.01624508574604988
0.04139574244618416,0.017159808427095413,0.008159728720784187,0.01299887616187334,0.8833631277084351,0.03279890492558479,0.004123718477785587
0.010561182163655758,0.1812412440776825,0.01094166561961174,0.02916066348552704,0.7439754009246826,0.003868474392220378,0.020251374691724777
0.033263880759477615,0.2886384427547455,0.010387556627392769,0.10071613639593124,0.361894816160202,0.19414961338043213,0.01094952505081892
0.381946861743927,0.491157591342926,0.003043321194127202,0.0018982040928676724,0.1032438650727272,0.014726895838975906,0.0039832410402596
0.39011260867118835,0.018967321142554283,0.0715613067150116,0.0011089479085057974,0.022110413759946823,0.4699805676937103,0.026158951222896576
0.007824230939149857,0.014466196298599243,0.005457363557070494,0.003244756255298853,0.013492352329194546,0.0018335304921492934,0.9536815881729126
0.8678882122039795,0.054331231862306595,0.022147145122289658,0.0014856817433610559,0.0340198390185833,0.01038065180182457,0.00974720437079668
0.055479783564805984,0.4817868769168854,0.051657065749168396,0.005915350746363401,0.24227382242679596,0.01672816090285778,0.14615888893604279
0.006596193183213472,0.012458465993404388,0.0009258040809072554,0.009294099174439907,0.9496136903762817,0.0031837690621614456,0.017928017303347588
0.004581150133162737,0.009020217694342136,0.01863899640738964,0.00538181746378541,0.12180789560079575,0.761906623840332,0.07866331934928894
0.03820418566465378,0.05607041344046593,0.012057923711836338,0.016905078664422035,0.8199470043182373,0.0072451382875442505,0.04957028478384018
0.06427039951086044,0.7078759074211121,0.009559073485434055,0.0064276172779500484,0.19680921733379364,0.005984466057270765,0.00907324068248272
0.03837573900818825,0.013957320712506771,0.016479764133691788,0.0016069570556282997,0.04178014397621155,0.873395562171936,0.014404595829546452
0.24148499965667725,0.31489017605781555,0.009006766602396965,0.0024510410148650408,0.2365867793560028,0.13261280953884125,0.06296743452548981
0.3359072208404541,0.16659027338027954,0.0013448229292407632,0.07625343650579453,0.3719331622123718,0.008550205267965794,0.039420828223228455
0.01892501674592495,0.091126948595047,0.0029343932401388884,0.01924104616045952,0.8119051456451416,0.006222821772098541,0.04964471608400345
0.0584481917321682,0.4550085663795471,0.1343224197626114,0.020572328940033913,0.30675357580184937,0.00821642391383648,0.016678381711244583
0.25679364800453186,0.6659101247787476,0.005727977957576513,0.0011650878004729748,0.026186112314462662,0.041352953761816025,0.0028640844393521547
0.002242963295429945,0.00872968602925539,0.008789561688899994,0.0013545270776376128,0.02983030676841736,0.942793071269989,0.006259913556277752
0.0025681538973003626,0.9751006960868835,0.0033613264095038176,0.000942333834245801,0.012905752286314964,0.0024426118470728397,0.002679128898307681
0.014535154215991497,0.016654785722494125,0.004440008196979761,0.014827647246420383,0.7705889940261841,0.13949285447597504,0.03946052864193916
0.004748512990772724,0.9871828556060791,0.0011657970026135445,0.0005205238703638315,0.004606353584676981,0.0012043805327266455,0.0005715313018299639
0.015540430322289467,0.08833510428667068,0.015983527526259422,0.0018683288944885135,0.065986767411232,0.8016666173934937,0.010619202628731728
0.002565089613199234,0.0010983194224536419,0.9810916185379028,0.0010840627364814281,0.008785100653767586,0.0022586353588849306,0.0031171846203505993
0.029418332502245903,0.01537015289068222,0.004485819488763809,0.25803086161613464,0.5715502500534058,0.017916390672326088,0.10322817414999008
0.012312010861933231,0.031787220388650894,0.0021211388520896435,0.13016171753406525,0.7923083305358887,0.02823939546942711,0.003070203121751547
0.11487055569887161,0.015557613223791122,0.01812676154077053,0.6376655697822571,0.0893663838505745,0.015488559380173683,0.10892456769943237
0.010202712379395962,0.008893169462680817,0.012603342533111572,0.006842960603535175,0.8501612544059753,0.017497416585683823,0.09379922598600388
0.2708910405635834,0.516048789024353,0.03068026900291443,0.0019564738031476736,0.15533633530139923,0.019252026453614235,0.005835060961544514
0.15977153182029724,0.7921051383018494,0.0012491409434005618,0.0009943118784576654,0.031215330585837364,0.006170705892145634,0.008493817411363125
0.41404566168785095,0.2564214766025543,0.010319329798221588,0.002410327782854438,0.09732188284397125,0.20715051889419556,0.01233086921274662
0.10781825333833694,0.7890661358833313,0.03362950310111046,0.0008161228033713996,0.022034604102373123,0.043124258518218994,0.0035112472251057625
0.8363104462623596,0.13495808839797974,0.004875500220805407,0.001446625217795372,0.014042682945728302,0.004658945370465517,0.0037076715379953384
0.19599132239818573,0.768444299697876,0.004052918870002031,0.0018156026490032673,0.021594617515802383,0.0051109567284584045,0.0029902909882366657
0.2199144959449768,0.5013776421546936,0.0334937684237957,0.002516614506021142,0.08537919074296951,0.011381678283214569,0.14593662321567535
0.03598596900701523,0.2633427381515503,0.013653790578246117,0.010595888830721378,0.6143611669540405,0.014831265434622765,0.047229234129190445
0.08411504328250885,0.010876495391130447,0.004032607655972242,0.009674898348748684,0.8724191784858704,0.012860178016126156,0.006021595094352961
0.011912960559129715,0.011137083172798157,0.0015348353190347552,0.06420449167490005,0.8804463744163513,0.007238790392875671,0.023525506258010864
0.010678356513381004,0.004864934366196394,0.011081947945058346,0.29603904485702515,0.6363147497177124,0.007418786641210318,0.03360215947031975
0.03869643062353134,0.823790967464447,0.016930153593420982,0.0015427161706611514,0.10018368810415268,0.010351772420108318,0.008504346013069153
0.0418342649936676,0.15683779120445251,0.02810586430132389,0.008851531893014908,0.5233434438705444,0.22990211844444275,0.011124943383038044
0.056769050657749176,0.6626730561256409,0.0027199056930840015,0.010565969161689281,0.14197508990764618,0.12079005688428879,0.00450681010261178
0.00385466031730175,0.014597972854971886,0.0037026728969067335,0.04405701160430908,0.9105626940727234,0.020080747082829475,0.003144147340208292
0.13644330203533173,0.41877034306526184,0.022667337208986282,0.003509768284857273,0.2743610143661499,0.1112932413816452,0.03295496851205826
0.02524334378540516,0.037752915173769,0.002653529867529869,0.34939438104629517,0.539291501045227,0.030552642419934273,0.015111656859517097
0.015766246244311333,0.3658023178577423,0.011380251497030258,0.005196972284466028,0.2947015166282654,0.29216697812080383,0.014985769987106323
0.012052916921675205,0.07648313045501709,0.004968403372913599,0.043843019753694534,0.83238685131073,0.019907712936401367,0.010358039289712906
0.006517502944916487,0.01328726951032877,0.0012074722908437252,0.015064040198922157,0.9411780834197998,0.006048588082194328,0.016697058454155922
0.0161568745970726,0.9388895034790039,0.002164250472560525,0.0015087341889739037,0.03188566118478775,0.003634870517998934,0.005760040134191513
0.0057767475955188274,0.010702257975935936,0.2960342466831207,0.0069587877951562405,0.039232153445482254,0.004453007597476244,0.6368427872657776
0.051243387162685394,0.10285903513431549,0.007129766047000885,0.3195074498653412,0.47461432218551636,0.01560280006378889,0.029043249785900116
