anger,disgust,fear,joy,neutral,sadness,surprise
0.018257873132824898,0.034149982035160065,0.1411595195531845,0.04769404977560043,0.6714656949043274,0.005704413168132305,0.08156848698854446
0.04658297449350357,0.038319025188684464,0.06779389828443527,0.020734725520014763,0.8003216981887817,0.013068935833871365,0.013178655877709389
0.002826322801411152,0.013391243293881416,0.0017651449888944626,0.005453175865113735,0.9622294902801514,0.004254116676747799,0.010080568492412567
0.024295339360833168,0.25380733609199524,0.007184444461017847,0.014554595574736595,0.656967282295227,0.03576347231864929,0.007427547127008438
0.011290418915450573,0.25436535477638245,0.01983925886452198,0.03040764480829239,0.6377366185188293,0.013517254963517189,0.032843492925167084
0.00622194679453969,0.01039738580584526,0.010330487042665482,0.2995541989803314,0.5241488814353943,0.03494115173816681,0.11440593004226685
0.04641064256429672,0.43273496627807617,0.00766159500926733,0.010934061370790005,0.44442251324653625,0.041640397161245346,0.016195759177207947
0.0033279426861554384,0.031253647059202194,0.001688173389993608,0.008047030307352543,0.9297971725463867,0.004414883442223072,0.021471170708537102
0.07492567598819733,0.26415741443634033,0.06547888368368149,0.0022361360024660826,0.05149630084633827,0.5345178842544556,0.0071877045556902885
0.013024416752159595,0.07216942310333252,0.004479721188545227,0.04736389219760895,0.6322585344314575,0.22277317941188812,0.007930812425911427
0.011156137101352215,0.04519113898277283,0.07192309945821762,0.3931140601634979,0.39742016792297363,0.03443322703242302,0.046762172132730484
0.005668098106980324,0.017703043296933174,0.0013987525599077344,0.3730505108833313,0.5440147519111633,0.020260445773601532,0.037904419004917145
0.017808612436056137,0.17730288207530975,0.009234598837792873,0.0040036956779658794,0.43773671984672546,0.22726790606975555,0.1266455352306366
0.01877623423933983,0.09221228212118149,0.005691193044185638,0.004560972098261118,0.8223229050636292,0.028343623504042625,0.02809278666973114
0.056884147226810455,0.48210522532463074,0.05417928844690323,0.0042933993972837925,0.38390064239501953,0.006807469762861729,0.011829784139990807
0.00745413126423955,0.15943878889083862,0.010702303610742092,0.016028443351387978,0.6946477890014648,0.08872265368700027,0.023005887866020203
0.02101859077811241,0.02247154526412487,0.029457494616508484,0.01845373399555683,0.8859159350395203,0.006319812033325434,0.016362948343157768
0.45388588309288025,0.326702743768692,0.12027151137590408,0.002970502246171236,0.06822120398283005,0.025578975677490234,0.0023692192044109106
0.017764434218406677,0.0207537654787302,0.05089426040649414,0.006994879804551601,0.8517681360244751,0.019206993281841278,0.032617535442113876
0.01268698088824749,0.009808924980461597,0.01177338045090437,0.009234958328306675,0.9170718789100647,0.03547554835677147,0.00394830759614706
0.40250012278556824,0.37378600239753723,0.04306265339255333,0.005331738386303186,0.14415369927883148,0.024204572662711143,0.006961197126656771
0.005002239253371954,0.013582237996160984,0.0011888116132467985,0.005332515109330416,0.9636269807815552,0.00557277025654912,0.005694498773664236
0.020924491807818413,0.042204808443784714,0.1846950352191925,0.013827741146087646,0.4223010241985321,0.3107762932777405,0.005270558409392834
0.004461556673049927,0.002484676195308566,0.0035755340941250324,0.0010983239626511931,0.010040273889899254,0.0014133015647530556,0.9769263863563538
0.01098597701638937,0.055336255580186844,0.003993740770965815,0.01445231307297945,0.8964783549308777,0.007788953837007284,0.010964524932205677
0.035325612872838974,0.7677947878837585,0.02524927444756031,0.0039934031665325165,0.1224851906299591,0.03663121908903122,0.008520547300577164
0.2508196234703064,0.189559206366539,0.34510180354118347,0.005928649101406336,0.16531117260456085,0.03074033185839653,0.012539275921881199
0.012038442306220531,0.007994316518306732,0.579058051109314,0.0032448123674839735,0.019635634496808052,0.37459275126457214,0.003436086932197213
0.008499163202941418,0.04075893014669418,0.007015000097453594,0.004728568252176046,0.909211277961731,0.005854621063917875,0.023932529613375664
0.8991680145263672,0.03629237413406372,0.005411913152784109,0.0009637362090870738,0.04541401565074921,0.008616275154054165,0.004133707378059626
0.8081693053245544,0.04486684128642082,0.059294212609529495,0.0013307980261743069,0.06565292924642563,0.018231064081192017,0.0024549898225814104
0.019045673310756683,0.030956242233514786,0.005323794670403004,0.004085924010723829,0.916693389415741,0.012984680943191051,0.010910364799201488
0.006307352799922228,0.008245396427810192,0.002659158781170845,0.015313307754695415,0.9534792304039001,0.0020231453236192465,0.011972540058195591
0.04689173027873039,0.5746790766716003,0.02169640362262726,0.002441808581352234,0.33582666516304016,0.00905522145330906,0.009409110061824322
0.5428400039672852,0.024878470227122307,0.1657966822385788,0.005506881978362799,0.10060425102710724,0.14664828777313232,0.013725405558943748
0.019045673310756683,0.030956242233514786,0.005323794670403004,0.004085924010723829,0.916693389415741,0.012984680943191051,0.010910364799201488
0.9247761964797974,0.025855252519249916,0.0066824848763644695,0.0007518709753639996,0.010344991460442543,0.030439302325248718,0.0011498541571199894
0.31811991333961487,0.24917718768119812,0.2346816211938858,0.0015561386244371533,0.09949186444282532,0.09351097047328949,0.0034622601233422756
0.012855561450123787,0.002612736076116562,0.9413483142852783,0.002150848275050521,0.027625797316432,0.007688451558351517,0.005718235392123461
0.7657343149185181,0.10205858200788498,0.017564477398991585,0.0014172212686389685,0.04458877816796303,0.06500078737735748,0.0036357499193400145
0.05952431261539459,0.5981293320655823,0.024284739047288895,0.006806718651205301,0.27280324697494507,0.03188858553767204,0.006563103757798672
0.11463826894760132,0.03170469030737877,0.8024411201477051,0.001742506748996675,0.013700283132493496,0.03300192952156067,0.0027711133006960154
0.023252110928297043,0.10567789524793625,0.05292263627052307,0.018105480819940567,0.1543126255273819,0.6407006978988647,0.005028571467846632
0.0026393141597509384,0.00638533802703023,0.9498302340507507,0.0020643756724894047,0.016070637851953506,0.019287109375,0.0037229545414447784
0.008452249690890312,0.03253692388534546,0.005732106976211071,0.0018875859677791595,0.0525415875017643,0.8871121406555176,0.011737439781427383
0.017397411167621613,0.059245191514492035,0.021140962839126587,0.06208204850554466,0.6993370652198792,0.13443976640701294,0.006357620935887098
0.7958715558052063,0.12651941180229187,0.003744624089449644,0.0009333087946288288,0.02393384650349617,0.0474279522895813,0.0015693639870733023
0.016232941299676895,0.01840112917125225,0.02189057506620884,0.03991078585386276,0.860076367855072,0.03488137945532799,0.00860680267214775
0.01040095929056406,0.05368196964263916,0.0055082496255636215,0.026844652369618416,0.8815982937812805,0.006198702845722437,0.01576714776456356
0.5245231986045837,0.11028744280338287,0.21322759985923767,0.003223018953576684,0.10237529873847961,0.0364256352186203,0.009937833994626999
0.34528324007987976,0.1322881579399109,0.11349385976791382,0.007416762877255678,0.11552293598651886,0.26785895228385925,0.018136098980903625
0.4261581301689148,0.1757144033908844,0.08865518867969513,0.0021317568607628345,0.26350417733192444,0.04090007767081261,0.0029362495988607407
0.07589370012283325,0.09724385291337967,0.006463057827204466,0.0672742947936058,0.7248837351799011,0.024750612676143646,0.003490700386464596
0.013302800245583057,0.026869865134358406,0.006286324467509985,0.014882161282002926,0.9251099824905396,0.008188687264919281,0.0053601996041834354
0.015086720697581768,0.8598311543464661,0.060699306428432465,0.001597712398506701,0.03798885643482208,0.020238691940903664,0.004557596519589424
0.01834988035261631,0.052609484642744064,0.004199006594717503,0.026778314262628555,0.8905801773071289,0.004734233021736145,0.0027489319909363985
0.1039515882730484,0.7623846530914307,0.013184280134737492,0.0013061945792287588,0.09595468640327454,0.020662814378738403,0.002555775921791792
0.012930321507155895,0.7155352830886841,0.009083151817321777,0.0535539947450161,0.18917156755924225,0.01792089268565178,0.0018048654310405254
0.026152020320296288,0.15617257356643677,0.0033256877213716507,0.1903008371591568,0.596075713634491,0.010908027179539204,0.01706518791615963
0.03966518118977547,0.1455046385526657,0.0018927318742498755,0.04022824391722679,0.7555189728736877,0.013687036000192165,0.0035031193401664495
0.5310947895050049,0.23850250244140625,0.20348063111305237,0.0010095875477418303,0.009661463089287281,0.014456354081630707,0.001794713782146573
0.03639814630150795,0.7059764862060547,0.023308224976062775,0.005559809971600771,0.20193833112716675,0.022529346868395805,0.004289686214178801
0.35015031695365906,0.1269383579492569,0.00862660352140665,0.0021839840337634087,0.4943850636482239,0.010359085164964199,0.0073566376231610775
0.011057098396122456,0.009039009921252728,0.0037813063245266676,0.2868804633617401,0.4340294897556305,0.2243412882089615,0.030871279537677765
0.16495798528194427,0.05456344038248062,0.06192859262228012,0.0031166388653218746,0.32621920108795166,0.036478955298662186,0.3527351915836334
0.005830916576087475,0.02226257510483265,0.016789868474006653,0.003453392768278718,0.9266089797019958,0.006336902268230915,0.018717242404818535
0.025523051619529724,0.03352400287985802,0.015078028663992882,0.01064211130142212,0.6483733654022217,0.203976109623909,0.06288331001996994
0.050045207142829895,0.035807810723781586,0.02420859970152378,0.013394379056990147,0.7515361309051514,0.024836469441652298,0.10017141699790955
0.005010536871850491,0.029654057696461678,0.0073744161054492,0.00371026829816401,0.8531383275985718,0.04063405841588974,0.06047844886779785
0.29504862427711487,0.11748027056455612,0.03528588265180588,0.005510676186531782,0.5212768316268921,0.016694264486432076,0.008703438565135002
0.0016047903336584568,0.001218443620018661,0.9877610206604004,0.0009721730602905154,0.005217171274125576,0.0016968847485259175,0.0015295755583792925
0.12316955626010895,0.08433110266923904,0.02847418561577797,0.005032354034483433,0.6731886863708496,0.0663672685623169,0.019436895847320557
0.03718968853354454,0.10332062095403671,0.022087441757321358,0.004154229536652565,0.14779408276081085,0.6624950766563416,0.022958826273679733
0.01598423346877098,0.0556597039103508,0.1233702078461647,0.010847522877156734,0.5275796055793762,0.21303018927574158,0.05352853238582611
