anger,disgust,fear,joy,neutral,sadness,surprise
0.025911802425980568,0.01295172143727541,0.11546983569860458,0.005723261274397373,0.682612955570221,0.05948547646403313,0.09784497320652008
0.010079397819936275,0.007712874561548233,0.002898217411711812,0.17062263190746307,0.6234207153320312,0.011846985667943954,0.1734192669391632
0.009536915458738804,0.4856633245944977,0.004892353434115648,0.049680501222610474,0.42196840047836304,0.014479723758995533,0.013778879307210445
0.010552721098065376,0.4392217695713043,0.006016476079821587,0.0047047738917171955,0.4989299476146698,0.0102497274056077,0.03032451495528221
0.056607816368341446,0.2752905488014221,0.005365573335438967,0.010210760869085789,0.6219971179962158,0.0251624658703804,0.0053658015094697475
0.05216756835579872,0.3412112891674042,0.09832531958818436,0.01571660302579403,0.36747172474861145,0.016170382499694824,0.10893704742193222
0.004365749191492796,0.008213227614760399,0.0014960829867050052,0.005867630708962679,0.9590032696723938,0.012265117838978767,0.00878888089209795
0.01732308231294155,0.06707615405321121,0.0013669232139363885,0.10774952918291092,0.7849778532981873,0.0035198135301470757,0.017986610531806946
0.009408727288246155,0.02298661135137081,0.0013758144341409206,0.0059763058088719845,0.8774034380912781,0.009820488281548023,0.0730285719037056
0.06104530021548271,0.05146240442991257,0.020765578374266624,0.008058992214500904,0.6149632334709167,0.04682328179478645,0.1968812644481659
0.18534302711486816,0.09954000264406204,0.21132908761501312,0.004373541101813316,0.2012668401002884,0.23780199885368347,0.06034548580646515
0.007945368997752666,0.005823412444442511,0.007657947018742561,0.07033996284008026,0.6657761335372925,0.0058580003678798676,0.23659919202327728
0.08038215339183807,0.25004133582115173,0.07509636878967285,0.0450013093650341,0.3826318085193634,0.12566745281219482,0.04117956757545471
0.3722551167011261,0.17829999327659607,0.04636828228831291,0.05735699459910393,0.18345484137535095,0.04544472694396973,0.11682011932134628
0.003158475272357464,0.0037658822257071733,0.0002931486233137548,0.9764491319656372,0.011217999272048473,0.002609090181067586,0.0025062032509595156
0.013506287708878517,0.00806933082640171,0.0022110934369266033,0.026362493634223938,0.1691661775112152,0.03579038381576538,0.74489426612854
0.012051827274262905,0.014676777645945549,0.001762925530783832,0.02737814001739025,0.9176573753356934,0.009311452507972717,0.017161540687084198
0.010222544893622398,0.003940967842936516,0.0013245013542473316,0.13279898464679718,0.7285091876983643,0.0088937534019351,0.11431010812520981
0.011147379875183105,0.025132356211543083,0.00723954988643527,0.00810035690665245,0.6444156169891357,0.2880929112434387,0.015871819108724594
0.015858067199587822,0.03231322765350342,0.0028541279025375843,0.004484508186578751,0.921760618686676,0.010429208166897297,0.012300253845751286
0.018250593915581703,0.0019073707517236471,0.001960753696039319,0.24449481070041656,0.40925052762031555,0.0373164638876915,0.2868194282054901
0.061602771282196045,0.0866355150938034,0.00777257839217782,0.016554173082113266,0.41557857394218445,0.2589700222015381,0.15288634598255157
0.011713291518390179,0.01796010695397854,0.019396528601646423,0.026073308661580086,0.5580243468284607,0.005363901145756245,0.36146852374076843
0.028358960524201393,0.003287380561232567,0.6504130959510803,0.011059384793043137,0.16745799779891968,0.01150339376181364,0.12791979312896729
0.9187280535697937,0.006716431118547916,0.05126826837658882,0.0014533241046592593,0.013936199247837067,0.004784742370247841,0.0031129259150475264
0.04231296479701996,0.3825100362300873,0.13447585701942444,0.014336214400827885,0.18015414476394653,0.16084489226341248,0.08536585420370102
0.04284696653485298,0.6281765103340149,0.02255566045641899,0.006224397104233503,0.22088901698589325,0.060491014271974564,0.018816515803337097
