anger,disgust,fear,joy,neutral,sadness,surprise
0.014623760245740414,0.8095760345458984,0.06334865093231201,0.004981439560651779,0.0759376809000969,0.028894132003188133,0.0026383488439023495
0.02645273692905903,0.3246985375881195,0.005133685655891895,0.0038181638810783625,0.4823240637779236,0.14689810574054718,0.010674781166017056
0.08068116009235382,0.3794901669025421,0.21125450730323792,0.00425684591755271,0.013465957716107368,0.3080216646194458,0.002829811302945018
0.010968590155243874,0.015354552306234837,0.00785889197140932,0.015252732671797276,0.9074876308441162,0.041102826595306396,0.0019747698679566383
0.033985648304224014,0.24169586598873138,0.0026954615022987127,0.030857058241963387,0.67256760597229,0.00765650998800993,0.010541828349232674
0.049000371247529984,0.5398492217063904,0.003971963655203581,0.05529085919260979,0.1731913536787033,0.17685623466968536,0.0018399686086922884
0.027306996285915375,0.6471248269081116,0.29037344455718994,0.0017081423429772258,0.010335065424442291,0.015903009101748466,0.007248507812619209
0.13373681902885437,0.8284253478050232,0.008274407126009464,0.0007515709730796516,0.017254093661904335,0.009266586974263191,0.0022912537679076195
0.0159608144313097,0.91131991147995,0.005548951216042042,0.009205655194818974,0.041049785912036896,0.002084628911688924,0.014830163680016994
0.001461103092879057,0.0012375661171972752,0.0002474116045050323,0.9884867668151855,0.004094952251762152,0.0015227831900119781,0.0029494664631783962
0.01718970760703087,0.0688793808221817,0.0023294612765312195,0.017548132687807083,0.04343944042921066,0.8494017720222473,0.0012121571926400065
0.003380401525646448,0.007811045739799738,0.9807240962982178,0.0006843348382972181,0.002707510720938444,0.0020292296539992094,0.002663415390998125
0.03548336401581764,0.3386148512363434,0.03798530250787735,0.0028958702459931374,0.11732452362775803,0.4613986611366272,0.006297370884567499
0.03635772690176964,0.9134425520896912,0.015389599837362766,0.0016099278582260013,0.02606336772441864,0.004832103848457336,0.002304603811353445
0.008303326554596424,0.004554593004286289,0.9300136566162109,0.003360383678227663,0.0321417972445488,0.020736688748002052,0.0008896380313672125
0.023241624236106873,0.026401491835713387,0.03545838221907616,0.0019404857885092497,0.27072498202323914,0.07098149508237839,0.5712515115737915
0.0527476891875267,0.5864049792289734,0.006400287616997957,0.0025497875176370144,0.23708657920360565,0.1098921075463295,0.004918571561574936
0.006378045305609703,0.02575480192899704,0.0007243463187478483,0.8328259587287903,0.12191366404294968,0.008783363737165928,0.0036197288427501917
