anger,disgust,fear,joy,neutral,sadness,surprise
0.012235683389008045,0.6472550630569458,0.01824077032506466,0.023129453882575035,0.1309306025505066,0.15837806463241577,0.009830303490161896
0.011283334344625473,0.37115478515625,0.0027246426325291395,0.08410333096981049,0.4439280331134796,0.06254039704799652,0.024265499785542488
0.007503106724470854,0.01166944857686758,0.8763964176177979,0.004826817661523819,0.08279024809598923,0.012955745682120323,0.00385809363797307
0.013401271775364876,0.015459361486136913,0.0022643706761300564,0.008995553478598595,0.8700873851776123,0.029267463833093643,0.06052456051111221
0.00729216355830431,0.03822287172079086,0.004200760740786791,0.7134560942649841,0.22225765883922577,0.010605503804981709,0.0039649526588618755
0.0019748322665691376,0.0016898112371563911,0.9727874398231506,0.0015977388247847557,0.01595347747206688,0.00376935675740242,0.0022273589856922626
0.019710607826709747,0.007829679176211357,0.9564558863639832,0.0004965407424606383,0.0037115151062607765,0.007490751799196005,0.004304966423660517
0.09492756426334381,0.20061863958835602,0.013386037200689316,0.0032467865385115147,0.6508387923240662,0.03342173248529434,0.0035604266449809074
0.0019109743880107999,0.0024692940060049295,0.9797363877296448,0.0008814675966277719,0.008855520747601986,0.0015422296710312366,0.004604128655046225
0.0018965760245919228,0.003084355965256691,0.9843338131904602,0.0008149474742822349,0.005642465315759182,0.002127692336216569,0.0021002073772251606
0.2547232508659363,0.17336682975292206,0.08255993574857712,0.002134152455255389,0.1595693975687027,0.3137991726398468,0.013847247697412968
0.11302204430103302,0.42417094111442566,0.04393495246767998,0.0013128378195688128,0.050401922315359116,0.35603445768356323,0.011122796684503555
0.016317708417773247,0.08849753439426422,0.032143332064151764,0.007509362883865833,0.735904335975647,0.11215268820524216,0.00747500266879797
0.0245209913700819,0.6120718717575073,0.2852635383605957,0.0015667147235944867,0.03095332160592079,0.03747966140508652,0.008143833838403225
0.023810097947716713,0.0341184064745903,0.0949886217713356,0.005631415639072657,0.18600626289844513,0.6208544969558716,0.03459077328443527
0.016785822808742523,0.062495920807123184,0.5848420858383179,0.00601851474493742,0.2286383956670761,0.06333767622709274,0.03788144141435623
0.0027511222288012505,0.0067550186067819595,0.9703017473220825,0.000752405496314168,0.008024021051824093,0.008233822882175446,0.0031818593852221966
0.13203851878643036,0.009672057814896107,0.8081014752388,0.0014470411697402596,0.01824347861111164,0.019862188026309013,0.010635287500917912
0.003619314171373844,0.0019095638999715447,0.9495258331298828,0.002198943868279457,0.03203696385025978,0.0074620735831558704,0.003247263142839074
