anger,disgust,fear,joy,neutral,sadness,surprise
0.05328492447733879,0.8772138953208923,0.00521301431581378,0.0009271858143620193,0.04170159250497818,0.019353849813342094,0.002305639209225774
0.5913722515106201,0.08888019621372223,0.07187072932720184,0.007238190621137619,0.2043992429971695,0.025008494034409523,0.01123092882335186
0.007549903821200132,0.9559695720672607,0.02542676404118538,0.0005881783436052501,0.004988925065845251,0.004103414248675108,0.0013733217492699623
0.15143558382987976,0.02712480165064335,0.04116357862949371,0.009052805602550507,0.753485918045044,0.009405827149748802,0.0083313612267375
0.008307174779474735,0.007947513833642006,0.0013444421347230673,0.005417210981249809,0.9551675319671631,0.0019720452837646008,0.01984412781894207
0.013297954574227333,0.037841688841581345,0.004126396961510181,0.0027812421321868896,0.9239919781684875,0.012444455176591873,0.005516212899237871
0.05180349200963974,0.02089606784284115,0.006143635138869286,0.005050205159932375,0.8691920638084412,0.010830523446202278,0.03608394041657448
0.026559334248304367,0.060334712266922,0.004589901305735111,0.008107369765639305,0.7527753710746765,0.13974854350090027,0.007884850725531578
0.005717811174690723,0.008422029204666615,0.0012683419045060873,0.5754435658454895,0.29865387082099915,0.09886611998081207,0.011628225445747375
0.021100757643580437,0.01011582463979721,0.0031180751975625753,0.004958673845976591,0.9366339445114136,0.002807015785947442,0.021265694871544838
0.038712408393621445,0.025835596024990082,0.008053499273955822,0.00624584686011076,0.9105342030525208,0.004060919862240553,0.006557530723512173
0.14243029057979584,0.009462077170610428,0.0125774210318923,0.004806098528206348,0.8086894750595093,0.008320453576743603,0.013714183121919632
0.15097270905971527,0.14929285645484924,0.07466825097799301,0.0033108897041529417,0.1044086217880249,0.4638678729534149,0.05347885936498642
