anger,disgust,fear,joy,neutral,sadness,surprise
0.0166353490203619,0.04634874686598778,0.0032250420190393925,0.002628335729241371,0.9155740737915039,0.009002119302749634,0.006586204748600721
0.06820083409547806,0.07354163378477097,0.01023000106215477,0.35697704553604126,0.40141093730926514,0.0776282325387001,0.012011284939944744
0.014039947651326656,0.026138216257095337,0.005591141991317272,0.1943512260913849,0.6897389888763428,0.028884921222925186,0.041255466639995575
0.010666887275874615,0.013883893378078938,0.9304224848747253,0.0026073381304740906,0.035928819328546524,0.003540304722264409,0.0029501961544156075
0.0024756917264312506,0.008305556140840054,0.000873795710504055,0.878486156463623,0.09203222393989563,0.012892710976302624,0.004933818243443966
0.060982901602983475,0.037447888404130936,0.5662192702293396,0.0035842580255120993,0.2645600438117981,0.026399923488497734,0.04080573096871376
0.02710716985166073,0.06818841397762299,0.005566413979977369,0.7603853344917297,0.12726286053657532,0.007994505576789379,0.003495369339361787
0.012367583811283112,0.4991973340511322,0.45396631956100464,0.0026477198116481304,0.01514249388128519,0.006252767983824015,0.01042578648775816
0.011659381911158562,0.004706556908786297,0.00134749012067914,0.00956845935434103,0.9409120082855225,0.005527491681277752,0.026278557255864143
0.7621563076972961,0.07264311611652374,0.009354953654110432,0.0011567771434783936,0.06292053312063217,0.0861123651266098,0.005656107794493437
0.006604427471756935,0.030672667548060417,0.0016309281345456839,0.005325176753103733,0.9357120394706726,0.003045896766707301,0.017008952796459198
0.5905136466026306,0.2580825686454773,0.00712773809209466,0.002209732076153159,0.12491296231746674,0.015592294745147228,0.0015610133996233344
0.0026852828450500965,0.002707831794396043,0.0006559202447533607,0.8691476583480835,0.05611218884587288,0.051540590822696686,0.01715056598186493
