anger,disgust,fear,joy,neutral,sadness,surprise
0.01636064238846302,0.11828338354825974,0.007012377493083477,0.0065129525028169155,0.8282726407051086,0.00923184771090746,0.014326028525829315
0.006624166388064623,0.10940825194120407,0.04117889329791069,0.01663661189377308,0.37567925453186035,0.379355251789093,0.07111762464046478
0.009146075695753098,0.9701224565505981,0.006109575275331736,0.0008621636661700904,0.009847522713243961,0.003299970179796219,0.0006122643826529384
0.063023641705513,0.01421264372766018,0.9021201729774475,0.0013744706520810723,0.008121981285512447,0.0034199366346001625,0.007727270480245352
0.03274201229214668,0.9455038905143738,0.0014420737279579043,0.0010115556651726365,0.01446771901100874,0.0037068098317831755,0.0011260322062298656
0.6972098350524902,0.24658161401748657,0.038846455514431,0.0013049559202045202,0.010897899977862835,0.003369630314409733,0.001789631089195609
0.45055481791496277,0.09171146154403687,0.020559800788760185,0.0018289935542270541,0.35848408937454224,0.06531314551830292,0.011547727510333061
0.1377972960472107,0.5742954015731812,0.02133529633283615,0.003568922635167837,0.2150430828332901,0.027839206159114838,0.0201208908110857
0.1188126876950264,0.02746538817882538,0.018551340326666832,0.02853734791278839,0.7679837346076965,0.02505875937640667,0.013590713031589985
0.024989960715174675,0.03441314399242401,0.10405333340167999,0.10514110326766968,0.6915603876113892,0.011545042507350445,0.02829708717763424
0.6191906332969666,0.2433861792087555,0.0033005517907440662,0.012932926416397095,0.08032339811325073,0.036193929612636566,0.004672437906265259
0.15113674104213715,0.7789290547370911,0.0033141691237688065,0.0010035866871476173,0.017467588186264038,0.046585001051425934,0.0015637822216376662
0.011916371062397957,0.06898947060108185,0.0020272592082619667,0.0751124769449234,0.10588210076093674,0.7014371156692505,0.034635234624147415
0.81186842918396,0.1260567605495453,0.017604531720280647,0.0008005031850188971,0.02162318490445614,0.02060629427433014,0.0014402902452275157
0.005733564496040344,0.020555656403303146,0.010608790442347527,0.005257798358798027,0.12443637102842331,0.8269445896148682,0.00646316958591342
0.00681278808042407,0.0026118215173482895,0.9664804935455322,0.0011484887218102813,0.014553779736161232,0.0062951585277915,0.0020975738298147917
0.30545854568481445,0.2885785698890686,0.03966981917619705,0.009483877569437027,0.3428083062171936,0.004060248378664255,0.009940596297383308
0.0855727568268776,0.7672869563102722,0.002460006857290864,0.00691029941663146,0.1281539350748062,0.008220608346164227,0.0013954888563603163
0.2953824996948242,0.6627596020698547,0.010000177659094334,0.0014718077145516872,0.023891182616353035,0.004886966664344072,0.0016076851170510054
0.00939776748418808,0.011707082390785217,0.0013804348418489099,0.004701284226030111,0.8463810086250305,0.04064986854791641,0.08578263223171234
0.403613418340683,0.4125875234603882,0.008851579390466213,0.0033274919260293245,0.16306819021701813,0.005162313114851713,0.0033895098604261875
0.06647256016731262,0.9018489718437195,0.0032223952002823353,0.0012982940534129739,0.02090040221810341,0.005406116135418415,0.0008513778448104858
0.013298962265253067,0.046774353832006454,0.005871810484677553,0.012759841047227383,0.13621856272220612,0.7741169333457947,0.01095956563949585
0.3337083160877228,0.56611168384552,0.08718591183423996,0.0010123030515387654,0.0058334460482001305,0.002868060488253832,0.003280235454440117
0.010446435771882534,0.012610569596290588,0.003603999735787511,0.0028934506699442863,0.958730936050415,0.002698066644370556,0.009016511030495167
0.09027265757322311,0.2337445318698883,0.011477327905595303,0.016594458371400833,0.612484872341156,0.027408162131905556,0.008017944172024727
0.13121135532855988,0.06659109145402908,0.021816272288560867,0.002964475192129612,0.7205760478973389,0.03025185689330101,0.026588885113596916
0.6001362204551697,0.23731520771980286,0.03868841752409935,0.0028365948237478733,0.09095674008131027,0.027315964922308922,0.002750916639342904
0.14842721819877625,0.5139052271842957,0.005633534397929907,0.0025397026911377907,0.30889374017715454,0.013187049888074398,0.007413557264953852
0.6486669182777405,0.027078144252300262,0.18610094487667084,0.004165834281593561,0.10405956208705902,0.007002025842666626,0.022926505655050278
0.7070191502571106,0.06293047964572906,0.08086055517196655,0.002352834912016988,0.11032353341579437,0.02705453708767891,0.009458859451115131
0.6446428894996643,0.23502539098262787,0.006041253916919231,0.0021230492275208235,0.08008091151714325,0.029961276799440384,0.0021251498255878687
0.9598583579063416,0.01841314136981964,0.0030634927097707987,0.0005705428775399923,0.012940249405801296,0.003545391373336315,0.0016089039854705334
0.5673791170120239,0.08385393768548965,0.1312198042869568,0.003472624346613884,0.15678098797798157,0.05193360522389412,0.005359960254281759
0.142508864402771,0.8105572462081909,0.006559161469340324,0.0011907847365364432,0.031747281551361084,0.005278062075376511,0.002158454852178693
0.3451051414012909,0.6140308380126953,0.02412315458059311,0.0010502574732527137,0.006057553458958864,0.008145718835294247,0.0014872929314151406
0.005352598614990711,0.0026007203850895166,0.0031557404436171055,0.0012640898348763585,0.0057793594896793365,0.0011134912492707372,0.9807339906692505
0.015602648258209229,0.025470176711678505,0.001749312155880034,0.008904749527573586,0.9361652731895447,0.00401157746091485,0.008096369914710522
0.033546749502420425,0.05980291590094566,0.006151176057755947,0.004129280336201191,0.5782572031021118,0.03520460054278374,0.2829081118106842
0.16569286584854126,0.05050778388977051,0.07891790568828583,0.0030695300083607435,0.3352999985218048,0.33973315358161926,0.02677885629236698
0.32419443130493164,0.025895560160279274,0.5211206674575806,0.00410298490896821,0.04249018430709839,0.045003339648246765,0.037192802876234055
0.6186063289642334,0.11837239563465118,0.17650870978832245,0.003760494291782379,0.06511364132165909,0.013030621223151684,0.004607812035828829
0.007825822569429874,0.254031240940094,0.07815416902303696,0.03338718041777611,0.14259320497512817,0.46335041522979736,0.020658062770962715
0.4210417568683624,0.05394085496664047,0.12323670089244843,0.004867429845035076,0.2571873664855957,0.05975601077079773,0.07996992021799088
0.3769795596599579,0.025621730834245682,0.577599823474884,0.0013412971748039126,0.01183672808110714,0.003968175034970045,0.002652676310390234
0.021661244332790375,0.022346802055835724,0.026472995057702065,0.19712595641613007,0.7044082283973694,0.010883109644055367,0.017101619392633438
0.16170692443847656,0.3338547945022583,0.012487734667956829,0.001967164222151041,0.01871705800294876,0.46680131554603577,0.004464972298592329
0.05061165615916252,0.18441815674304962,0.015162135474383831,0.001443107845261693,0.047054897993803024,0.6950138211250305,0.006296297535300255
0.2656582295894623,0.16978608071804047,0.07160623371601105,0.00513543002307415,0.2655825614929199,0.040158990770578384,0.1820724606513977
0.06715936958789825,0.267554372549057,0.02528025209903717,0.005807189736515284,0.08979421854019165,0.36323195695877075,0.18117257952690125
0.039977896958589554,0.3441137969493866,0.06221865117549896,0.0031806949991732836,0.4543621838092804,0.06855817139148712,0.02758861891925335
