anger,disgust,fear,joy,neutral,sadness,surprise
0.026027189567685127,0.018989533185958862,0.023665891960263252,0.039858076721429825,0.6669312715530396,0.09708549827337265,0.12744256854057312
0.01979782059788704,0.09483426064252853,0.010259569622576237,0.23837177455425262,0.38856133818626404,0.19053618609905243,0.057639095932245255
0.0019017525482922792,0.006295270286500454,0.0035750919487327337,0.7976154685020447,0.1411493867635727,0.020171837881207466,0.029291244223713875
0.0015493705868721008,0.00218793423846364,0.00021130239474587142,0.9845216870307922,0.006159797310829163,0.002633338561281562,0.002736740279942751
0.03331499174237251,0.6294126510620117,0.00444059120491147,0.04027301073074341,0.27298903465270996,0.010289289057254791,0.009280494414269924
0.025686580687761307,0.484346479177475,0.09930101037025452,0.004907221999019384,0.3192129135131836,0.058994799852371216,0.007551108952611685
0.48832783102989197,0.332699716091156,0.03613508865237236,0.0007901184144429862,0.06303372979164124,0.07082786411046982,0.008185606449842453
0.053242526948451996,0.23323549330234528,0.02616577409207821,0.002232231432572007,0.6285634636878967,0.046321798115968704,0.010238762013614178
0.3130626976490021,0.3822217881679535,0.004375378601253033,0.0017954104114323854,0.07029677927494049,0.2146361619234085,0.013611800037324429
0.06292219460010529,0.19340017437934875,0.010099859908223152,0.002104380400851369,0.12230493873357773,0.6045494079589844,0.004618990700691938
0.02527225948870182,0.1355232298374176,0.4197273254394531,0.0065095797181129456,0.32629817724227905,0.08023671060800552,0.006432734429836273
0.029700513929128647,0.0792098268866539,0.001466404995881021,0.3015280067920685,0.5593001842498779,0.0034486541990190744,0.02534645050764084
0.01701596938073635,0.11162788420915604,0.06786701828241348,0.004164987709373236,0.43847548961639404,0.35566675662994385,0.005181887187063694
0.3690188527107239,0.5418606996536255,0.006661285180598497,0.0008322335779666901,0.018724892288446426,0.06090283393859863,0.00199915305711329
0.011870880611240864,0.08212967216968536,0.02794821932911873,0.0019484838703647256,0.16582795977592468,0.7061401009559631,0.004134646151214838
0.00575615419074893,0.023977773264050484,0.012807229533791542,0.10285869985818863,0.8209022283554077,0.005636089947074652,0.028061818331480026
0.016227325424551964,0.005689547397196293,0.03673073276877403,0.16779808700084686,0.5495200157165527,0.03993695229291916,0.1840972751379013
