anger,disgust,fear,joy,neutral,sadness,surprise
0.04588496312499046,0.016491452232003212,0.10737912356853485,0.024671560153365135,0.7483664155006409,0.02633594535291195,0.030870569869875908
0.17382246255874634,0.7514424324035645,0.014718891121447086,0.00333713972941041,0.04230915382504463,0.008893129415810108,0.005476704332977533
0.05253002420067787,0.12880055606365204,0.2553554177284241,0.005312434397637844,0.3564000427722931,0.15638349950313568,0.04521803930401802
0.07460614293813705,0.01231461763381958,0.01991657353937626,0.00500145461410284,0.05509447306394577,0.7220147848129272,0.1110520213842392
0.4265047609806061,0.358752578496933,0.02313642017543316,0.0021525793708860874,0.07417402416467667,0.11286367475986481,0.0024161064065992832
0.02735901065170765,0.3400266766548157,0.007550127804279327,0.09860268235206604,0.4997026324272156,0.022266676649451256,0.004492186009883881
0.011933419853448868,0.00829930417239666,0.0008987502078525722,0.1491735875606537,0.8189432621002197,0.004664940759539604,0.006086792331188917
0.0225350521504879,0.0304865762591362,0.0020075771026313305,0.07618936896324158,0.8496560454368591,0.008844352327287197,0.010281043127179146
0.01199180819094181,0.0074054221622645855,0.007448552642017603,0.002449051244184375,0.9058169722557068,0.036519844084978104,0.028368312865495682
0.009192829951643944,0.016866059973835945,0.0030075209215283394,0.12715061008930206,0.8340274691581726,0.004497378598898649,0.005258229095488787
0.8392847180366516,0.054418619722127914,0.009202919900417328,0.0049123684875667095,0.046045463532209396,0.041613489389419556,0.004522362258285284
0.08068545162677765,0.07796503603458405,0.041951775550842285,0.007957098074257374,0.7383442521095276,0.0417906790971756,0.011305676773190498
0.17107684910297394,0.07255958765745163,0.01677832193672657,0.0014051368925720453,0.057742055505514145,0.6608901023864746,0.019547978416085243
0.0212543997913599,0.016434013843536377,0.022574028000235558,0.0066171144135296345,0.3194205164909363,0.5260772705078125,0.08762262016534805
0.04109210893511772,0.02324580028653145,0.005848686210811138,0.0857415720820427,0.8300777673721313,0.0097739826887846,0.004220190457999706
0.06817423552274704,0.32980161905288696,0.0022136180195957422,0.006420617923140526,0.5529294610023499,0.03685314580798149,0.003607263555750251
0.0032871689181774855,0.0038780244067311287,0.0033466636668890715,0.0707549899816513,0.8252055644989014,0.04372237250208855,0.04980524256825447
0.2157675176858902,0.02384107932448387,0.6749181747436523,0.0012903261231258512,0.013085870072245598,0.006515353452414274,0.06458165496587753
0.1730254888534546,0.7642979025840759,0.011994550935924053,0.0014348054537549615,0.029717158526182175,0.01597697101533413,0.0035531676840037107
0.008730204775929451,0.11976936459541321,0.003602476790547371,0.20119042694568634,0.6415603160858154,0.017851894721388817,0.007295458111912012
0.01831955462694168,0.007103767246007919,0.006939438171684742,0.026334546506404877,0.9046068787574768,0.007996710017323494,0.028699183836579323
0.012663091532886028,0.00563510786741972,0.9605757594108582,0.0009629415581002831,0.011426912620663643,0.0071301935240626335,0.001606094534508884
0.010255999863147736,0.019906459376215935,0.0022029452957212925,0.00354887917637825,0.8971655368804932,0.013466746546328068,0.05345341935753822
0.08444580435752869,0.14811646938323975,0.15570878982543945,0.004787704441696405,0.5163171887397766,0.03199424594640732,0.05862980708479881
0.04623394086956978,0.051319483667612076,0.12842370569705963,0.004458763170987368,0.29510313272476196,0.21294155716896057,0.2615194022655487
0.00462205009534955,0.0007050926215015352,0.0011758141918107867,0.3453473150730133,0.07430142164230347,0.08996318280696869,0.4838850498199463
0.006498954724520445,0.0059457882307469845,0.0029518837109208107,0.01416636910289526,0.7601255774497986,0.009750445373356342,0.2005610316991806
0.05575080215930939,0.8624349236488342,0.04421674460172653,0.0015073117101565003,0.02347358502447605,0.00964463222771883,0.0029720256570726633
0.02127843350172043,0.033841364085674286,0.008211236447095871,0.009206322953104973,0.905316948890686,0.005311605054885149,0.016834167763590813
0.16297034919261932,0.7733154892921448,0.014162206090986729,0.0009173532016575336,0.030320579186081886,0.005998881068080664,0.012315209954977036
0.0047203064896166325,0.007772552780807018,0.0011919010430574417,0.003568215761333704,0.944304883480072,0.005773201584815979,0.032668936997652054
0.06428050994873047,0.20300501585006714,0.4109894931316376,0.01096215657889843,0.2143266350030899,0.02383202128112316,0.07260411232709885
