anger,disgust,fear,joy,neutral,sadness,surprise
0.02165975049138069,0.018603593111038208,0.08249055594205856,0.002355924341827631,0.05213256552815437,0.002850607503205538,0.819907009601593
0.008235437795519829,0.0024090504739433527,0.9461960792541504,0.0016787630738690495,0.030582096427679062,0.004041582345962524,0.006857055239379406
0.08307623863220215,0.4920002818107605,0.008096572943031788,0.0027269634883850813,0.3364028036594391,0.05801589414477348,0.019681278616189957
0.03839052841067314,0.020759250968694687,0.062144577503204346,0.003697967855259776,0.16404713690280914,0.005309718661010265,0.705650806427002
0.02613690495491028,0.038066234439611435,0.06491781771183014,0.004080912098288536,0.7707114219665527,0.017319271340966225,0.07876744866371155
0.014786013402044773,0.04720005765557289,0.0083647845312953,0.00527231628075242,0.8095273971557617,0.06200679764151573,0.052842602133750916
0.029788486659526825,0.08696651458740234,0.8199647068977356,0.0016272944631054997,0.0506647452712059,0.0048631587997078896,0.006125111132860184
0.23601999878883362,0.4853137731552124,0.022827820852398872,0.004561475478112698,0.21751095354557037,0.008252253755927086,0.0255136676132679
0.03312724456191063,0.7302235960960388,0.003624866483733058,0.0024582771584391594,0.21925468742847443,0.008278080262243748,0.0030332172755151987
0.21746835112571716,0.10986786335706711,0.013356813229620457,0.007061446085572243,0.24393272399902344,0.3809084892272949,0.02740439400076866
0.02549266815185547,0.910232663154602,0.006402967497706413,0.0007962969830259681,0.04900101199746132,0.004481479991227388,0.003592828754335642
0.012667771428823471,0.012536262162029743,0.001289351494051516,0.035900719463825226,0.9171730875968933,0.004542915150523186,0.015889959409832954
0.010244177654385567,0.010933063924312592,0.0017901150276884437,0.002925704000517726,0.9346031546592712,0.006614286452531815,0.032889604568481445
0.02752055786550045,0.029184406623244286,0.0044382596388459206,0.011966307647526264,0.9195130467414856,0.0038346799556165934,0.003542686114087701
