anger,disgust,fear,joy,neutral,sadness,surprise
0.016016433015465736,0.00845394842326641,0.022465506568551064,0.003798936028033495,0.027757618576288223,0.9156602621078491,0.0058472901582717896
0.0072078094817698,0.0133193489164114,0.9475513100624084,0.00166054698638618,0.021960832178592682,0.0073003931902348995,0.0009996350854635239
0.03419232740998268,0.009496926330029964,0.32100731134414673,0.026655331254005432,0.5063955187797546,0.06940619647502899,0.03284638375043869
0.5602993369102478,0.3606901168823242,0.004412997514009476,0.0022722568828612566,0.02185036800801754,0.04968463256955147,0.0007903011864982545
0.04081172123551369,0.09996155649423599,0.18258896470069885,0.014065340161323547,0.2780362367630005,0.3699725568294525,0.014563621953129768
0.004773929249495268,0.0034321481361985207,0.002838902408257127,0.001899507362395525,0.004971157293766737,0.0009067008504644036,0.9811776876449585
0.522213339805603,0.3114927113056183,0.067580446600914,0.002086515771225095,0.03308696672320366,0.06078172102570534,0.002758234506472945
0.2137761116027832,0.011430942453444004,0.07215707749128342,0.006582173053175211,0.619464099407196,0.053913362324237823,0.02267622947692871
0.0502362996339798,0.024526581168174744,0.008257261477410793,0.00745403952896595,0.7887141108512878,0.09019823372364044,0.030613362789154053
0.11753395199775696,0.08964031934738159,0.534195065498352,0.004113834351301193,0.183041512966156,0.06701409816741943,0.004461162257939577
0.06890340149402618,0.016915718093514442,0.09089196473360062,0.004978374112397432,0.7814087271690369,0.018165437504649162,0.018736472353339195
0.049048006534576416,0.03545235097408295,0.6454692482948303,0.0037161139771342278,0.08874249458312988,0.1689443737268448,0.008627399802207947
