anger,disgust,fear,joy,neutral,sadness,surprise
0.03783910721540451,0.06045474857091904,0.002189790364354849,0.19742614030838013,0.06289781630039215,0.6336438655853271,0.005548550747334957
0.008892826735973358,0.10512148588895798,0.003877074923366308,0.7466305494308472,0.05729246512055397,0.07562459260225296,0.002560965484008193
0.8844387531280518,0.08337779343128204,0.006655979435890913,0.0008720027399249375,0.01826399751007557,0.005395558662712574,0.0009958393638953567
0.19340969622135162,0.34560632705688477,0.007988344877958298,0.002083298983052373,0.05482274666428566,0.3926260471343994,0.003463547909632325
0.0023998755495995283,0.004482108633965254,0.00842740572988987,0.008075382560491562,0.09501650929450989,0.8516128659248352,0.02998591586947441
0.03957073763012886,0.032266151160001755,0.00574079342186451,0.0038457449991256,0.0695086121559143,0.8430399894714355,0.006027961149811745
0.0336601547896862,0.13657626509666443,0.005061844363808632,0.34462377429008484,0.4208228886127472,0.04827692359685898,0.010978171601891518
0.0020490253809839487,0.008788153529167175,0.005527071189135313,0.0013324376195669174,0.012694224715232849,0.9644390344619751,0.005169926211237907
0.17897891998291016,0.1563083529472351,0.6037139892578125,0.0035927186254411936,0.032359302043914795,0.021306272596120834,0.0037404210306704044
0.09099408239126205,0.5862259268760681,0.038966018706560135,0.006209513638168573,0.252194881439209,0.011942584067583084,0.013466963544487953
0.004328473471105099,0.02013019286096096,0.37164536118507385,0.07229073345661163,0.04782962426543236,0.0076162139885127544,0.47615936398506165
0.8122994303703308,0.1313910335302353,0.022513343021273613,0.0005722293863072991,0.012860179878771305,0.011903162114322186,0.00846060924232006
0.24289065599441528,0.4716118574142456,0.005465889815241098,0.0023035984486341476,0.24923163652420044,0.02577800117433071,0.002718379721045494
0.005454263649880886,0.01791524328291416,0.07373107969760895,0.007961710914969444,0.8378448486328125,0.020740266889333725,0.03635261207818985
0.10580773651599884,0.29344385862350464,0.010390927083790302,0.005317085422575474,0.5640112161636353,0.01830519549548626,0.0027240682393312454
0.015324597246944904,0.02973829209804535,0.07060539722442627,0.00427288468927145,0.8319140672683716,0.031177310273051262,0.01696746237576008
0.0008036253275349736,0.0016704007284715772,0.0011081951670348644,0.0016910486156120896,0.007791589479893446,0.9799418449401855,0.0069932835176587105
0.012859960086643696,0.6083691716194153,0.02783959172666073,0.0024070600047707558,0.09178303927183151,0.23928071558475494,0.017460457980632782
0.011630545370280743,0.0038244351744651794,0.90388423204422,0.001493178540840745,0.0348258875310421,0.007513539399951696,0.03682816028594971
0.022905854508280754,0.15110614895820618,0.21474884450435638,0.0036280264612287283,0.5594211220741272,0.029928607866168022,0.018261386081576347
0.02185763418674469,0.013613801449537277,0.004060006700456142,0.0073275878094136715,0.9272056221961975,0.020148053765296936,0.005787299945950508
0.0067413970828056335,0.023323027417063713,0.0365670844912529,0.0030288691632449627,0.1213228777050972,0.7966362833976746,0.012380528263747692
0.2957027554512024,0.2817886173725128,0.007345234975218773,0.0029846662655472755,0.3853585422039032,0.015715576708316803,0.011104661040008068
0.7072879076004028,0.2160724401473999,0.0036565475165843964,0.0014771936694160104,0.05303645133972168,0.016407165676355362,0.002062235027551651
0.04210222512483597,0.2759041488170624,0.06808726489543915,0.0026625217869877815,0.43797776103019714,0.15554256737232208,0.017723405733704567
0.06389442831277847,0.06249683350324631,0.02769024670124054,0.0798468142747879,0.6779813766479492,0.04176981747150421,0.04632047936320305
0.005209729075431824,0.0064221592620015144,0.0020549490582197905,0.8039491772651672,0.10375835746526718,0.03207706660032272,0.04652855917811394
0.5065279603004456,0.4217204749584198,0.0038107906002551317,0.0019055214943364263,0.050415538251399994,0.01375622022897005,0.0018634608713909984
0.38835152983665466,0.143844872713089,0.01211968157440424,0.0046152109280228615,0.07958254218101501,0.3692810535430908,0.002205104799941182
0.03777365759015083,0.048250045627355576,0.01783771626651287,0.0027616512961685658,0.2221158742904663,0.662443995475769,0.00881704967468977
0.004693383816629648,0.008625537157058716,0.09808535128831863,0.004492942709475756,0.02290603332221508,0.8564352989196777,0.004761482123285532
0.0044954740442335606,0.010634410195052624,0.0029622630681842566,0.013982821255922318,0.9291523098945618,0.032011713832616806,0.0067610894329845905
0.785669207572937,0.11304580420255661,0.010961499996483326,0.0011990865459665656,0.012337238527834415,0.07508563250303268,0.0017014775658026338
0.08216170966625214,0.3848173916339874,0.19587792456150055,0.002315229270607233,0.08312267065048218,0.19289720058441162,0.05880780145525932
0.6628900766372681,0.0324384868144989,0.16990256309509277,0.0037993129808455706,0.10541999340057373,0.015415781177580357,0.010133737698197365
0.06380608677864075,0.016652515158057213,0.8388100266456604,0.0013444420183077455,0.007836603559553623,0.05799577385187149,0.013554520905017853
0.8081498742103577,0.05176447331905365,0.0758938416838646,0.0008461018442176282,0.007136441767215729,0.05075187608599663,0.005457378923892975
0.0028042627964168787,0.004082858096808195,0.00038115319330245256,0.9698309302330017,0.01795172691345215,0.0033536506816744804,0.0015955015551298857
0.0058375257067382336,0.015503006987273693,0.002069050446152687,0.597174346446991,0.3520446717739105,0.008096992038190365,0.019274502992630005
