anger,disgust,fear,joy,neutral,sadness,surprise
0.01009101327508688,0.03408999368548393,0.0038588906172662973,0.11901482194662094,0.8128073215484619,0.013661215081810951,0.006476791575551033
0.023728666827082634,0.1616753488779068,0.004041348118335009,0.1796029955148697,0.2053106278181076,0.4189152717590332,0.006725762039422989
0.4341636598110199,0.38322052359580994,0.010178825818002224,0.00883387215435505,0.12795957922935486,0.0334850512444973,0.0021585444919764996
0.023302648216485977,0.5041732788085938,0.011280471459031105,0.001995648490265012,0.4404982924461365,0.011018982157111168,0.007730740588158369
0.191032275557518,0.24291794002056122,0.19433411955833435,0.007203173357993364,0.34736600518226624,0.007266376167535782,0.0098800640553236
0.016095705330371857,0.004578982014209032,0.001999289495870471,0.12828515470027924,0.7045128345489502,0.003399740206077695,0.1411282867193222
0.009958484210073948,0.9549716114997864,0.004103068727999926,0.0005683398339897394,0.021481240168213844,0.007456689141690731,0.0014605566393584013
0.027347465977072716,0.920262336730957,0.0140308802947402,0.004648910369724035,0.02750684693455696,0.003943124786019325,0.002260463312268257
0.16511301696300507,0.32656413316726685,0.059297822415828705,0.08155675232410431,0.21116819977760315,0.14600645005702972,0.010293671861290932
0.25903254747390747,0.6347835659980774,0.04237115755677223,0.0019131626468151808,0.04095236212015152,0.01439652033150196,0.006550714373588562
0.2754457890987396,0.17121104896068573,0.06301344186067581,0.0026487933937460184,0.14263924956321716,0.33877503871917725,0.006266672629863024
0.008294104598462582,0.05544305592775345,0.07526380568742752,0.003678081091493368,0.16802561283111572,0.6510927677154541,0.03820256143808365
0.0399368591606617,0.02817053347826004,0.002204473130404949,0.20770342648029327,0.6797305941581726,0.024789221584796906,0.01746492087841034
0.0453997440636158,0.39882153272628784,0.21299581229686737,0.004776824731379747,0.2233586460351944,0.015906639397144318,0.0987408235669136
0.2892693281173706,0.01920699141919613,0.3604981005191803,0.006850521545857191,0.2718219757080078,0.030419010668992996,0.021934038028120995
0.11313599348068237,0.5862980484962463,0.023886997252702713,0.0367184579372406,0.11938247084617615,0.1153736487030983,0.005204301793128252
