anger,disgust,fear,joy,neutral,sadness,surprise
0.011627856642007828,0.0049934606067836285,0.0018756712088361382,0.002603786066174507,0.005426326766610146,0.9715003371238708,0.001972643192857504
0.008756830357015133,0.040357183665037155,0.002031368436291814,0.7249422073364258,0.12694205343723297,0.08600334823131561,0.010967019945383072
0.017718473449349403,0.009974143467843533,0.005314299371093512,0.01106492429971695,0.08116036653518677,0.8643566370010376,0.010411211289465427
0.09468290954828262,0.31576356291770935,0.15966486930847168,0.0035401294007897377,0.2962692677974701,0.07982806861400604,0.05025118216872215
0.20672917366027832,0.5378919839859009,0.059555426239967346,0.0008299123728647828,0.061062127351760864,0.12264222651720047,0.011289082467556
0.016959622502326965,0.03162064775824547,0.022025873884558678,0.003230930771678686,0.06649044156074524,0.8494366407394409,0.010235857218503952
0.00881925318390131,0.023834215477108955,0.7954686284065247,0.0021220240741968155,0.13945485651493073,0.025948667898774147,0.004352400545030832
0.2245737761259079,0.672368586063385,0.0022632237523794174,0.002785634947940707,0.06471896916627884,0.026951055973768234,0.006338784471154213
0.0213412344455719,0.10024865716695786,0.086807981133461,0.0021622281055897474,0.04567044973373413,0.678832471370697,0.06493690609931946
0.018504716455936432,0.01923583447933197,0.03395381197333336,0.0028283237479627132,0.25739824771881104,0.6397299766540527,0.028349166736006737
0.037321481853723526,0.1815793216228485,0.0032767350785434246,0.08948138356208801,0.2233782261610031,0.4242519736289978,0.04071090370416641
0.06037126109004021,0.599615752696991,0.02718636393547058,0.0026832439471036196,0.0766264945268631,0.2297065556049347,0.003810297232121229
0.14561745524406433,0.18626758456230164,0.029813656583428383,0.0014955726219341159,0.42257529497146606,0.20557554066181183,0.008654947392642498
0.05044878274202347,0.009041426703333855,0.048062145709991455,0.04100581258535385,0.7730017900466919,0.0696258619427681,0.008814115077257156
0.018474481999874115,0.037193819880485535,0.004518709611147642,0.02578464150428772,0.7088665962219238,0.010562718845903873,0.19459909200668335
0.3574708104133606,0.031960271298885345,0.5622794032096863,0.002400247612968087,0.029534658417105675,0.010556201450526714,0.005798332393169403
0.026025453582406044,0.2681422829627991,0.1361544132232666,0.002050066599622369,0.17313040792942047,0.3685741424560547,0.02592315338551998
0.2218351662158966,0.7263246774673462,0.035114262253046036,0.0013003599597141147,0.009413467720150948,0.004164107143878937,0.0018479647114872932
0.27650824189186096,0.08245352655649185,0.09229635447263718,0.001829473883844912,0.04467941075563431,0.49750062823295593,0.00473229493945837
0.007294406648725271,0.02008776366710663,0.0047202035784721375,0.003694967133924365,0.913456380367279,0.014673518016934395,0.03607281669974327
