anger,disgust,fear,joy,neutral,sadness,surprise
0.006204273086041212,0.003196862991899252,0.0023548167664557695,0.10323525220155716,0.7421461939811707,0.013570953160524368,0.12929165363311768
0.006502752657979727,0.004164659883826971,0.0036768876016139984,0.036398496478796005,0.707712709903717,0.004233734682202339,0.2373107373714447
0.012930317781865597,0.0363042876124382,0.01042131893336773,0.0046546924859285355,0.7355734705924988,0.031190624460577965,0.16892534494400024
0.2619450092315674,0.12161607295274734,0.045846808701753616,0.006052098236978054,0.2914159893989563,0.22718612849712372,0.04593782126903534
0.02298392355442047,0.010933379642665386,0.0073445080779492855,0.0537056140601635,0.8874871730804443,0.006292140111327171,0.011253167875111103
0.004434125032275915,0.002849223790690303,0.0011929398169741035,0.04310111328959465,0.8235124945640564,0.015486380085349083,0.10942371934652328
0.1011103019118309,0.12542346119880676,0.02134375087916851,0.0021457080729305744,0.3709307610988617,0.37159043550491333,0.007455579470843077
0.03783969208598137,0.1690230816602707,0.703039824962616,0.0031265763100236654,0.053124964237213135,0.012271806597709656,0.02157408744096756
0.08606062084436417,0.01945343427360058,0.3264124393463135,0.004899342078715563,0.46280431747436523,0.08992288261651993,0.010446973145008087
0.1805371791124344,0.07633134722709656,0.14832060039043427,0.007001575548201799,0.09863387793302536,0.44719260931015015,0.041982848197221756
0.07752934843301773,0.06454398483037949,0.006570769939571619,0.00184147828258574,0.08306209743022919,0.7642797231674194,0.0021725764963775873
0.035194482654333115,0.02356761135160923,0.7423059940338135,0.005348921753466129,0.15213151276111603,0.005555904470384121,0.03589555248618126
0.010286444798111916,0.004859991371631622,0.05437036603689194,0.31249237060546875,0.5618822574615479,0.02829863503575325,0.02780996821820736
0.6367620825767517,0.14354975521564484,0.01499309204518795,0.002641295548528433,0.17726349830627441,0.015218544751405716,0.009571688249707222
0.5031147599220276,0.07430095225572586,0.3265571594238281,0.0018280509393662214,0.04997456818819046,0.039269398897886276,0.004955079406499863
0.7680599689483643,0.05610761418938637,0.05484917014837265,0.002888397080823779,0.06364180147647858,0.04426886513829231,0.010184232145547867
0.07628334313631058,0.007264225743710995,0.8134744763374329,0.004160422831773758,0.06625781953334808,0.005962475668638945,0.026597140356898308
0.003452967619523406,0.013272545300424099,0.014257592149078846,0.0012390590272843838,0.01870439015328884,0.9464792013168335,0.002594291465356946
0.22611451148986816,0.037778910249471664,0.0473962165415287,0.0106422770768404,0.6235157251358032,0.022126812487840652,0.032425493001937866
0.19071510434150696,0.17797349393367767,0.013384919613599777,0.008783001452684402,0.5767998695373535,0.025222422555088997,0.007121219765394926
0.2528117001056671,0.0351434126496315,0.026380732655525208,0.024833695963025093,0.40009477734565735,0.04796120151877403,0.21277442574501038
0.005364763550460339,0.008303257636725903,0.35213080048561096,0.012040178291499615,0.05264821648597717,0.01078502181917429,0.5587277412414551
0.09276853501796722,0.028003789484500885,0.014619116671383381,0.03171297535300255,0.669702410697937,0.02335117571055889,0.1398419588804245
0.01451434288173914,0.0336269736289978,0.01839859038591385,0.0368160605430603,0.7625128030776978,0.12305030226707458,0.011080908589065075
