anger,disgust,fear,joy,neutral,sadness,surprise
0.02384493313729763,0.03713443502783775,0.028548292815685272,0.0041166143491864204,0.07101715356111526,0.8265369534492493,0.00880160741508007
0.03947267681360245,0.039152950048446655,0.014507216401398182,0.017058754339814186,0.504339337348938,0.2815838158130646,0.10388520359992981
0.024729793891310692,0.05711653456091881,0.003648393554612994,0.38321226835250854,0.3236660659313202,0.18042220175266266,0.0272047258913517
0.003110968042165041,0.00552933057770133,0.0017701841425150633,0.0253064576536417,0.9108374714851379,0.015531946904957294,0.03791363909840584
0.01149008423089981,0.035292573273181915,0.05130474269390106,0.007679710164666176,0.8404886722564697,0.0027690164279192686,0.050975121557712555
0.016796857118606567,0.016842935234308243,0.014377639628946781,0.002206753706559539,0.7748807072639465,0.05621464177966118,0.11868041753768921
0.02191288396716118,0.0483318567276001,0.03477190062403679,0.0027569234371185303,0.8286995887756348,0.005898200441151857,0.05762868747115135
0.012027197517454624,0.049272000789642334,0.005956652108579874,0.06693723797798157,0.8178159594535828,0.020908799022436142,0.027082175016403198
0.0035044054966419935,0.009736868552863598,0.0018146568909287453,0.010022108443081379,0.9481053948402405,0.011869380250573158,0.014947324991226196
0.012406604364514351,0.02367331273853779,0.0016812360845506191,0.166690394282341,0.7614730596542358,0.005146913230419159,0.028928475454449654
