anger,disgust,fear,joy,neutral,sadness,surprise
0.0022104757372289896,0.004317677579820156,0.009175405837595463,0.016888942569494247,0.04517824575304985,0.9032413959503174,0.018987752497196198
0.007950727827847004,0.03490089252591133,0.006133326329290867,0.2229437232017517,0.704900860786438,0.0045652748085558414,0.018605193123221397
0.3034059703350067,0.6511843204498291,0.01579141803085804,0.001947665004990995,0.02056715078651905,0.005188525654375553,0.0019149455474689603
0.003893868066370487,0.03446868807077408,0.9172455668449402,0.00188928481657058,0.03266474977135658,0.005470383446663618,0.004367505200207233
0.3319529891014099,0.385574072599411,0.00636613555252552,0.006239836569875479,0.08390410989522934,0.1831970363855362,0.0027658783365041018
0.184470072388649,0.45162007212638855,0.09953131526708603,0.004015566315501928,0.21543645858764648,0.03484109044075012,0.010085364803671837
0.25164198875427246,0.12567876279354095,0.012647793628275394,0.002425442449748516,0.58146733045578,0.01722264289855957,0.00891601387411356
0.13277354836463928,0.029991071671247482,0.010607229545712471,0.0012917567510157824,0.139349564909935,0.6753711104393005,0.010615694336593151
0.3157573342323303,0.3824402391910553,0.07837861776351929,0.0018784224521368742,0.06896232068538666,0.14303641021251678,0.00954672321677208
0.005632678046822548,0.006327541545033455,0.002180232433602214,0.020044568926095963,0.9356611967086792,0.0038422681391239166,0.026311401277780533
0.047607626765966415,0.36588630080223083,0.543912947177887,0.0013788392534479499,0.028076713904738426,0.0077646514400839806,0.005372977815568447
0.10638300329446793,0.026960322633385658,0.39937904477119446,0.0042184023186564445,0.07349802553653717,0.1271377056837082,0.26242345571517944
0.04671164229512215,0.8822603225708008,0.019508684054017067,0.0011416957713663578,0.041595663875341415,0.002925603650510311,0.005856483709067106
0.8787598609924316,0.014948606491088867,0.012193833477795124,0.0007614883361384273,0.0520571731030941,0.030101966112852097,0.01117710117250681
0.238639235496521,0.07898057252168655,0.01895042508840561,0.0013911749701946974,0.12110669165849686,0.5328865051269531,0.008045364171266556
0.14589163661003113,0.7652153372764587,0.03761352598667145,0.0015836533857509494,0.03308720886707306,0.014164361171424389,0.002444132464006543
0.5705580711364746,0.24921850860118866,0.004007851239293814,0.002047649584710598,0.14068910479545593,0.030335646122694016,0.0031432313844561577
0.00683184340596199,0.0031625060364603996,0.9767931699752808,0.0008534834487363696,0.006383930798619986,0.0025993087328970432,0.0033756049815565348
0.015402576886117458,0.11353263258934021,0.1404663324356079,0.004864183254539967,0.2725765109062195,0.36315175890922546,0.090006023645401
0.10782517492771149,0.029586464166641235,0.13594309985637665,0.008333954960107803,0.6338083744049072,0.07424663007259369,0.010256342589855194
0.15564273297786713,0.7162075638771057,0.02977983094751835,0.0009934536647051573,0.04633847996592522,0.04918378219008446,0.0018541705794632435
0.028833938762545586,0.790765106678009,0.014162198640406132,0.002709682798013091,0.026577048003673553,0.13529884815216064,0.0016531773144379258
