anger,disgust,fear,joy,neutral,sadness,surprise
0.00942742358893156,0.04554912820458412,0.04654909297823906,0.34876567125320435,0.4138358235359192,0.08913398534059525,0.046738818287849426
0.7327389717102051,0.10838732123374939,0.003613382577896118,0.0028973878361284733,0.09064403176307678,0.05472137778997421,0.006997593212872744
0.04080796241760254,0.08756682276725769,0.07065438479185104,0.006061682011932135,0.7450193166732788,0.04163365438580513,0.008256207220256329
0.3011215925216675,0.22421056032180786,0.010999959893524647,0.004061470739543438,0.1502825766801834,0.3029799163341522,0.006343991030007601
0.0018808196764439344,0.00641195522621274,0.004706467501819134,0.002494986169040203,0.028244733810424805,0.949682891368866,0.006578071974217892
0.653378963470459,0.19797080755233765,0.005454170983284712,0.0008059497340582311,0.11159887164831161,0.018049176782369614,0.012742063961923122
0.050261881202459335,0.8573654294013977,0.0036218413151800632,0.007803534623235464,0.06856095790863037,0.008436384610831738,0.003949949983507395
0.06008677929639816,0.10725145787000656,0.08866313844919205,0.0036072025541216135,0.29344549775123596,0.0153892133384943,0.43155667185783386
0.056255292147397995,0.06691644340753555,0.018654348328709602,0.008266638964414597,0.8154621124267578,0.025603709742426872,0.008841518312692642
0.3260764479637146,0.32850152254104614,0.03659207373857498,0.009165610186755657,0.17768056690692902,0.10508398711681366,0.01689988002181053
0.27988576889038086,0.014518833719193935,0.4651467800140381,0.003664610907435417,0.03644271939992905,0.1581859290599823,0.04215531796216965
