anger,disgust,fear,joy,neutral,sadness,surprise
0.21724964678287506,0.1855558604001999,0.1817958801984787,0.0055147078819572926,0.37615954875946045,0.026531506329774857,0.007192874327301979
0.009837336838245392,0.1756620705127716,0.005565375089645386,0.4329427480697632,0.3220360279083252,0.03180806711316109,0.022148313000798225
0.025017380714416504,0.07468978315591812,0.4229181110858917,0.004986996296793222,0.14256168901920319,0.3258720636367798,0.003954003099352121
0.2819024622440338,0.489618718624115,0.007657094858586788,0.002077487763017416,0.17806817591190338,0.022771744057536125,0.017904367297887802
0.021143196150660515,0.18817684054374695,0.10849984735250473,0.054459355771541595,0.5739359855651855,0.006062509957700968,0.04772229865193367
0.028473975136876106,0.12998272478580475,0.014770161360502243,0.006400775630027056,0.7884044051170349,0.014982546679675579,0.016985375434160233
0.6027156710624695,0.14349965751171112,0.00722686480730772,0.0015347986482083797,0.22472995519638062,0.010610218159854412,0.009682813659310341
0.007280069403350353,0.013143399730324745,0.5823670029640198,0.003908544313162565,0.16688169538974762,0.21869918704032898,0.007720135152339935
0.09232829511165619,0.6498672366142273,0.017252614721655846,0.003084017662331462,0.2177145928144455,0.0035048413556069136,0.016248373314738274
0.04705984890460968,0.45131993293762207,0.014927654527127743,0.11195812374353409,0.16477461159229279,0.20205384492874146,0.007905957289040089
0.30387988686561584,0.3318852484226227,0.041657786816358566,0.001297138398513198,0.008066100999712944,0.3108689486980438,0.002344853710383177
0.1865261197090149,0.5790868997573853,0.005230760667473078,0.01072654128074646,0.1932491958141327,0.023664020001888275,0.001516416436061263
0.010766850784420967,0.01080350298434496,0.006968126632273197,0.6613100171089172,0.2542290687561035,0.005362452939152718,0.05055990815162659
0.06950575858354568,0.11163840442895889,0.0024425641167908907,0.01434997096657753,0.27446645498275757,0.5225972533226013,0.004999661818146706
0.09195215255022049,0.6489679217338562,0.02620759978890419,0.0052471281960606575,0.08392863720655441,0.1410490870475769,0.0026475058402866125
0.020408207550644875,0.9392151832580566,0.006417629774659872,0.0024929861538112164,0.005665972363203764,0.02495422028005123,0.0008457733201794326
0.0251962561160326,0.8057242631912231,0.00443860562518239,0.009260510094463825,0.12379395216703415,0.02713669277727604,0.004449722822755575
0.43332982063293457,0.45277759432792664,0.006369119044393301,0.001685613882727921,0.06694313883781433,0.036928895860910416,0.0019658319652080536
0.025604840368032455,0.0809841975569725,0.037382468581199646,0.0032566729933023453,0.730260968208313,0.08685090392827988,0.035659950226545334
0.022737255319952965,0.04052963852882385,0.058849066495895386,0.024017807096242905,0.793103814125061,0.03401391953229904,0.026748493313789368
0.7227943539619446,0.06352277845144272,0.1702679991722107,0.0008433032780885696,0.01519106701016426,0.005409139208495617,0.02197135239839554
0.5095108151435852,0.022729026153683662,0.251873642206192,0.0013324316823855042,0.006614386569708586,0.20596258342266083,0.0019770918879657984
0.30931779742240906,0.21016807854175568,0.178633451461792,0.004245181102305651,0.25353971123695374,0.012768656015396118,0.03132708743214607
0.17483390867710114,0.17556382715702057,0.03032819554209709,0.004568689968436956,0.5932629108428955,0.014572805725038052,0.0068696290254592896
0.05282476916909218,0.9253371953964233,0.004407040774822235,0.0006730940076522529,0.012035701423883438,0.0034243466798216105,0.0012978626182302833
0.12878742814064026,0.20403607189655304,0.010294598527252674,0.010012911632657051,0.5884401798248291,0.0498664453625679,0.00856237392872572
0.022380756214261055,0.008573210798203945,0.9171593189239502,0.001873567933216691,0.03933165967464447,0.00592762278392911,0.004753877874463797
0.006990186404436827,0.004876294638961554,0.00415968568995595,0.06162983179092407,0.9018634557723999,0.012449904344975948,0.00803060457110405
0.30509746074676514,0.37941068410873413,0.05819616839289665,0.0038200409617275,0.21651867032051086,0.03350163996219635,0.003455426776781678
0.1646239161491394,0.18245714902877808,0.014195051044225693,0.004186923149973154,0.41447797417640686,0.21691091358661652,0.0031480558682233095
0.1339692622423172,0.5395932197570801,0.30163824558258057,0.0015637315809726715,0.012986729852855206,0.006803348194807768,0.0034455028362572193
