anger,disgust,fear,joy,neutral,sadness,surprise
0.01197695080190897,0.13332611322402954,0.014140400104224682,0.34712153673171997,0.4699915647506714,0.01677190698683262,0.006671513896435499
0.03199438378214836,0.19912675023078918,0.7278643250465393,0.002812798134982586,0.021822724491357803,0.013411813415586948,0.002967233071103692
0.263588547706604,0.00652682688087225,0.6458916068077087,0.01406896486878395,0.02288336679339409,0.04127764329314232,0.00576298963278532
0.4402947723865509,0.41166797280311584,0.027802789583802223,0.001917742076329887,0.07604744285345078,0.04120263084769249,0.0010666947346180677
0.3930005729198456,0.30575525760650635,0.25720709562301636,0.0015421092975884676,0.01733722724020481,0.023022959008812904,0.0021348728332668543
0.12414940446615219,0.5594664812088013,0.0050918846391141415,0.0020165180321782827,0.282947838306427,0.023124054074287415,0.0032037626951932907
0.006910974159836769,0.05760098248720169,0.013448835350573063,0.005236117634922266,0.169825941324234,0.7251008152961731,0.021876350045204163
0.04513334855437279,0.7848756313323975,0.10724621266126633,0.0010066393297165632,0.033567674458026886,0.02567153237760067,0.0024989163503050804
0.1392545849084854,0.20741304755210876,0.0027117040008306503,0.06463581323623657,0.3457906246185303,0.23620903491973877,0.003985095769166946
0.05413834750652313,0.09929870814085007,0.012762969359755516,0.0657847672700882,0.7582992911338806,0.00375934224575758,0.005956575274467468
0.03266964107751846,0.8449151515960693,0.003631803672760725,0.015889961272478104,0.09323938190937042,0.008557544089853764,0.0010965450201183558
0.07030940055847168,0.12831611931324005,0.001339223701506853,0.13109198212623596,0.6512694954872131,0.012873579747974873,0.004800131544470787
0.017809323966503143,0.08418069034814835,0.032074104994535446,0.0022954780142754316,0.24286535382270813,0.6144914031028748,0.006283674389123917
0.2055957317352295,0.19215518236160278,0.01467955857515335,0.007712976541370153,0.3107387125492096,0.266768217086792,0.0023496050853282213
0.010116354562342167,0.01056519616395235,0.004047018941491842,0.0015102786710485816,0.007460627239197493,0.001836686860769987,0.9644637703895569
0.007306051440536976,0.006299776956439018,0.09189068526029587,0.0036485670134425163,0.1606311798095703,0.7133363485336304,0.016887402161955833
0.9563560485839844,0.011139877140522003,0.0034166346304118633,0.003771520219743252,0.0191282220184803,0.004179331008344889,0.002008213894441724
0.18794944882392883,0.12429030239582062,0.0029271594248712063,0.18899865448474884,0.4706047475337982,0.022039420902729034,0.0031902161426842213
