anger,disgust,fear,joy,neutral,sadness,surprise
0.9077764749526978,0.00866494607180357,0.0026102950796484947,0.0018520932644605637,0.009121802635490894,0.06791702657938004,0.0020573390647768974
0.897138774394989,0.041800156235694885,0.011003383435308933,0.001782017876394093,0.0377698689699173,0.008131909184157848,0.0023739051539450884
0.0036620888859033585,0.007404942065477371,0.031229818239808083,0.22767850756645203,0.1781749725341797,0.1891924887895584,0.3626571595668793
0.013795915991067886,0.002821145113557577,0.968228280544281,0.0006256175693124533,0.006059997249394655,0.005551888607442379,0.0029171821661293507
0.018231013789772987,0.002660724800080061,0.06850571930408478,0.05655795708298683,0.5280475616455078,0.2707970142364502,0.055200040340423584
0.016307782381772995,0.025485290214419365,0.007052659522742033,0.008145959116518497,0.8518204092979431,0.0864272341132164,0.004760712385177612
0.006770450621843338,0.015272869728505611,0.001557833282276988,0.19263993203639984,0.7635393738746643,0.013650378212332726,0.006569117773324251
0.01190108060836792,0.004706299863755703,0.9056788682937622,0.0027103335596621037,0.059587594121694565,0.009041823446750641,0.0063740573823452
0.07872497290372849,0.29037994146347046,0.0037335986271500587,0.053069956600666046,0.4827628433704376,0.08756498247385025,0.0037636817432940006
0.049313921481370926,0.13566599786281586,0.004473866894841194,0.015533638186752796,0.6951534152030945,0.09705954790115356,0.0027996012941002846
0.8405379056930542,0.015713896602392197,0.011964501813054085,0.0023950827307999134,0.06724657118320465,0.049732137471437454,0.012409994378685951
0.5867350101470947,0.28111836314201355,0.013326882384717464,0.0022384366020560265,0.09181723743677139,0.014677595347166061,0.010086426511406898
0.010418849997222424,0.093746617436409,0.0029018442146480083,0.07750024646520615,0.32784244418144226,0.48267197608947754,0.004918097984045744
0.013577677309513092,0.021660489961504936,0.837375283241272,0.0027248836122453213,0.10417500883340836,0.017007209360599518,0.003479460719972849
0.14990057051181793,0.11069010198116302,0.0179826058447361,0.005112882237881422,0.6373530626296997,0.028040733188390732,0.05091998353600502
0.6245184540748596,0.19468939304351807,0.09544999897480011,0.0028706304728984833,0.06016815826296806,0.012898259796202183,0.009405055083334446
0.02288135699927807,0.34187051653862,0.007366499863564968,0.006489444989711046,0.16252438724040985,0.45314428210258484,0.0057235462591052055
0.017713231965899467,0.017344731837511063,0.00573553703725338,0.02528444118797779,0.8891087174415588,0.0411655493080616,0.0036477933172136545
