anger,disgust,fear,joy,neutral,sadness,surprise
0.012306880205869675,0.004382092505693436,0.004400588572025299,0.18365560472011566,0.6675549745559692,0.01155077200382948,0.11614913493394852
0.2395949363708496,0.35866960883140564,0.006947712507098913,0.0037152038421481848,0.34940657019615173,0.015354403294622898,0.026311570778489113
0.008057191967964172,0.05272086337208748,0.5069071650505066,0.02030858024954796,0.08089317381381989,0.006734784226864576,0.3243783116340637
0.30173999071121216,0.23932485282421112,0.007361799944192171,0.0020923393312841654,0.14567667245864868,0.29646310210227966,0.007341198623180389
0.04547031968832016,0.03845243528485298,0.0027200141921639442,0.48443281650543213,0.40213894844055176,0.018739663064479828,0.00804577860981226
0.006176203954964876,0.00674844766035676,0.6486596465110779,0.0027258964255452156,0.01456073485314846,0.002372000366449356,0.318757027387619
0.559914767742157,0.04934566095471382,0.0034021942410618067,0.00623348169028759,0.07353278994560242,0.30216819047927856,0.005402815993875265
0.21633318066596985,0.030314698815345764,0.714968204498291,0.0022890795953571796,0.02562739886343479,0.006187091115862131,0.004280499182641506
0.024555042386054993,0.010886049829423428,0.10660047829151154,0.02032463811337948,0.5470787286758423,0.005102501250803471,0.28545254468917847
0.009641523472964764,0.035615433007478714,0.0873977541923523,0.0064254021272063255,0.7531481981277466,0.0952581986784935,0.012513605877757072
