anger,disgust,fear,joy,neutral,sadness,surprise
0.3384985327720642,0.5366277694702148,0.00307388324290514,0.006419149227440357,0.08653663098812103,0.024410171434283257,0.00443375576287508
0.9818471074104309,0.00789785385131836,0.0016215184004977345,0.0004403172933962196,0.00353294238448143,0.0030749994330108166,0.001585266087204218
0.4663129448890686,0.3443092107772827,0.11590519547462463,0.00381245044991374,0.053914137184619904,0.0122389430180192,0.003507121466100216
0.00551294581964612,0.008494673296809196,0.0014520162949338555,0.005131654907017946,0.014494195580482483,0.9623010158538818,0.002613391261547804
0.040857959538698196,0.9271127581596375,0.0043693166226148605,0.009632778353989124,0.011188158765435219,0.003887336701154709,0.002951716771349311
0.023125439882278442,0.30236881971359253,0.5009476542472839,0.003914982080459595,0.021884197369217873,0.14183157682418823,0.005927408579736948
0.05700375512242317,0.06999363750219345,0.08392255008220673,0.17444920539855957,0.49784785509109497,0.10272084921598434,0.014062114991247654
0.663682222366333,0.10524865984916687,0.047294240444898605,0.004508571233600378,0.15910960733890533,0.01342877745628357,0.00672793248668313
0.01695629395544529,0.055568546056747437,0.06151967868208885,0.004894860088825226,0.7770110368728638,0.014203128404915333,0.06984648108482361
0.28883153200149536,0.062395501881837845,0.520991861820221,0.0020214507821947336,0.09062422811985016,0.02926415205001831,0.00587124191224575
0.007459413725882769,0.013303447514772415,0.005377583671361208,0.2267424613237381,0.7230880260467529,0.006608264055103064,0.0174208115786314
0.006672848481684923,0.003841003170236945,0.0003837703843601048,0.9093032479286194,0.05331828445196152,0.005662057548761368,0.020818771794438362
0.002320233266800642,0.00182562624104321,0.00022336639813147485,0.9779201745986938,0.00686122290790081,0.005100493784993887,0.005748917814344168
