anger,disgust,fear,joy,neutral,sadness,surprise
0.0026449982542544603,0.0014569995691999793,0.0018463099841028452,0.9667909145355225,0.013109234161674976,0.010583736933767796,0.0035678253043442965
0.14579644799232483,0.1146201342344284,0.7007555961608887,0.0013775475090369582,0.018369941040873528,0.013137098401784897,0.0059432294219732285
0.05122307687997818,0.30487552285194397,0.004600175656378269,0.0033996044658124447,0.4923546314239502,0.02670779451727867,0.1168392077088356
0.009822509251534939,0.014584757387638092,0.002731088548898697,0.006113513372838497,0.4019947052001953,0.00831360463052988,0.5564398169517517
0.06828998029232025,0.05912965163588524,0.009959162212908268,0.00890269409865141,0.5403054356575012,0.3005744516849518,0.012838675640523434
0.020329447463154793,0.006486021913588047,0.8514690399169922,0.003645650576800108,0.0871800035238266,0.009553671814501286,0.021336127072572708
0.009559758007526398,0.012337954714894295,0.0028533129952847958,0.004453293513506651,0.8486119508743286,0.010143225081264973,0.11204054951667786
0.10627754032611847,0.08785422146320343,0.006594010628759861,0.011696654371917248,0.7596821784973145,0.024381808936595917,0.0035136202350258827
0.07473356276750565,0.6571125388145447,0.06994619220495224,0.0029811393469572067,0.06881824880838394,0.12226597219705582,0.004142475314438343
0.35667675733566284,0.4732827842235565,0.11231229454278946,0.012100501917302608,0.01960410177707672,0.025155654177069664,0.0008678758167661726
0.04786045104265213,0.1695052683353424,0.022427188232541084,0.08969774097204208,0.5466286540031433,0.04590563476085663,0.07797499746084213
0.2588103115558624,0.01018341351300478,0.7087233066558838,0.001240455312654376,0.013135010376572609,0.004035797901451588,0.003871690481901169
0.47685739398002625,0.0381384938955307,0.40322473645210266,0.0037368617486208677,0.05328649654984474,0.019769906997680664,0.004986042156815529
0.09586010873317719,0.0686134397983551,0.04325294867157936,0.0038378918543457985,0.5423978567123413,0.13351839780807495,0.11251936107873917
0.39520925283432007,0.03816434368491173,0.20479893684387207,0.0021323668770492077,0.2785908877849579,0.047369420528411865,0.03373486176133156
0.04357956349849701,0.04223433881998062,0.0051306793466210365,0.0054350257851183414,0.8830941915512085,0.010866040363907814,0.009660190902650356
0.3373386561870575,0.3413458466529846,0.08734697103500366,0.0021447218023240566,0.09622598439455032,0.1236317977309227,0.01196599006652832
0.07276076078414917,0.019251486286520958,0.3680400252342224,0.0049225809052586555,0.0838409811258316,0.21973702311515808,0.23144716024398804
