anger,disgust,fear,joy,neutral,sadness,surprise
0.0016519055934622884,0.00041422396316193044,0.0009182138019241393,0.9400205612182617,0.019495340064167976,0.018665030598640442,0.018834730610251427
0.0035166353918612003,0.011095257475972176,0.00890616700053215,0.04579129442572594,0.08273391425609589,0.8396096229553223,0.008346996270120144
0.09091024845838547,0.8398515582084656,0.007505157962441444,0.0028404737822711468,0.029126347973942757,0.027999578043818474,0.0017666589701548219
0.004538591019809246,0.004090804141014814,0.9810189604759216,0.0008424242842011154,0.0054471115581691265,0.0023241532035171986,0.0017379509517922997
0.06509869545698166,0.731641948223114,0.013420923613011837,0.002087778877466917,0.15547209978103638,0.025180678814649582,0.0070978933945298195
0.03114848956465721,0.8076108694076538,0.010046354494988918,0.016710570082068443,0.11266186833381653,0.01992461085319519,0.0018972178222611547
0.10844095796346664,0.023961909115314484,0.8412520885467529,0.0014361790381371975,0.014900424517691135,0.005517188925296068,0.004491287749260664
0.022550232708454132,0.8997042775154114,0.0026560984551906586,0.002782718278467655,0.058689016848802567,0.01099646370857954,0.0026213079690933228
0.05697955563664436,0.059172555804252625,0.24398273229599,0.0018037561094388366,0.14035813510417938,0.38479065895080566,0.11291266977787018
0.04086931794881821,0.005581216420978308,0.9285286068916321,0.001393793965689838,0.010505284182727337,0.007802492007613182,0.005319231189787388
0.023245584219694138,0.003929487895220518,0.016001064330339432,0.007345506921410561,0.18986986577510834,0.7266898155212402,0.03291866555809975
0.026998136192560196,0.029739458113908768,0.015651261433959007,0.03543900325894356,0.8019121885299683,0.08648615330457687,0.003773696953430772
0.012519420124590397,0.9788099527359009,0.0020559043623507023,0.0006862101145088673,0.0035155205987393856,0.001961260801181197,0.00045171138481236994
0.00564181013032794,0.022797826677560806,0.03832748904824257,0.0018576675793156028,0.058337077498435974,0.8652880191802979,0.007750057615339756
0.03652718663215637,0.015201487578451633,0.004457654897123575,0.013607013039290905,0.8663430213928223,0.013400023803114891,0.05046363174915314
0.11117987334728241,0.057010795921087265,0.008642410859465599,0.00570704648271203,0.24514278769493103,0.5423088073730469,0.03000827319920063
0.8183923959732056,0.11216108500957489,0.02259926311671734,0.001996084814891219,0.03081560507416725,0.00951353833079338,0.004522048868238926
0.032544076442718506,0.014745179563760757,0.017150288447737694,0.0033001182600855827,0.08726038038730621,0.8161160349845886,0.028883900493383408
0.020920248702168465,0.013137909583747387,0.005711114965379238,0.021272504702210426,0.8900039196014404,0.024999821558594704,0.02395451068878174
