anger,disgust,fear,joy,neutral,sadness,surprise
0.04151593893766403,0.12576231360435486,0.23899999260902405,0.02656289003789425,0.24258922040462494,0.009586610831320286,0.314983069896698
0.02058480679988861,0.47230228781700134,0.06196422129869461,0.006699542514979839,0.4150228798389435,0.01406871434301138,0.009357533417642117
0.013816970400512218,0.029295554384589195,0.061247896403074265,0.02387697622179985,0.4067949056625366,0.4604431390762329,0.004524507559835911
0.016371294856071472,0.9121783971786499,0.04482905939221382,0.0009408522164449096,0.01906207762658596,0.0017836239421740174,0.004834684543311596
0.784675121307373,0.14239756762981415,0.04531513527035713,0.0026767512317746878,0.010799660347402096,0.006621052511036396,0.007514720316976309
0.009562351740896702,0.897693932056427,0.00456786947324872,0.030987780541181564,0.04830262437462807,0.004217765759676695,0.00466765696182847
0.807770848274231,0.15651610493659973,0.004582335241138935,0.0010283123701810837,0.019450463354587555,0.007490519899874926,0.0031614303588867188
0.010433496907353401,0.930441677570343,0.01981058157980442,0.00167818833142519,0.0328134186565876,0.002272513462230563,0.0025501539930701256
0.18855997920036316,0.6591435074806213,0.0027995489072054625,0.007986475713551044,0.047566968947649,0.09057074040174484,0.0033727181144058704
0.4206026494503021,0.378682017326355,0.005414398852735758,0.0021456358954310417,0.07710442692041397,0.11196257919073105,0.004088249988853931
0.005500942002981901,0.965794026851654,0.005282992031425238,0.0014635263942182064,0.017917945981025696,0.0020249499939382076,0.0020155038218945265
0.3734380602836609,0.5227755308151245,0.011263524182140827,0.0020400790963321924,0.06223217397928238,0.01980709470808506,0.008443471975624561
0.07976001501083374,0.863741397857666,0.0047296565026044846,0.000857118924614042,0.042641352862119675,0.007049580570310354,0.001221001730300486
0.006651728413999081,0.010724707506597042,0.005242637824267149,0.6784836649894714,0.2616741955280304,0.00590140838176012,0.031321533024311066
0.007275695446878672,0.01756141521036625,0.0012772256741300225,0.8423265814781189,0.11656223237514496,0.005251793656498194,0.009745137766003609
0.007904875092208385,0.028548285365104675,0.016700174659490585,0.2752213478088379,0.5660123229026794,0.04999588802456856,0.05561704933643341
0.003403414273634553,0.006595949176698923,0.0013940411154180765,0.005804440006613731,0.012972409836947918,0.953082263469696,0.016747457906603813
0.019273895770311356,0.5203830599784851,0.007394208572804928,0.002903804648667574,0.43428120017051697,0.009873775765299797,0.005889979191124439
0.21130205690860748,0.44761916995048523,0.008840682916343212,0.005657629109919071,0.11049637943506241,0.21096201241016388,0.005122045520693064
0.4742951989173889,0.359016090631485,0.025919592007994652,0.001368909957818687,0.03959764167666435,0.0958266630768776,0.0039758081547915936
0.32348087430000305,0.35762783885002136,0.028616445139050484,0.0045845843851566315,0.11294225603342056,0.15688233077526093,0.01586574874818325
0.007314561866223812,0.011244045570492744,0.004050557501614094,0.009363834746181965,0.9497779607772827,0.004632085096091032,0.013616973534226418
0.0019179150694981217,0.01404050923883915,0.0032727080397307873,0.0024436048697680235,0.02206367999315262,0.9531410932540894,0.0031205457635223866
0.008571650832891464,0.4575970768928528,0.007504751905798912,0.013124615885317326,0.48107147216796875,0.02165086753666401,0.010479613207280636
0.04281385615468025,0.6508903503417969,0.017700493335723877,0.0012499262811616063,0.10682464390993118,0.17305463552474976,0.00746604660525918
0.09692130237817764,0.18400174379348755,0.48742491006851196,0.0027372606564313173,0.17254158854484558,0.054543718695640564,0.0018295017071068287
0.013286530040204525,0.5849050283432007,0.049412280321121216,0.0023042538668960333,0.3235514760017395,0.016185153275728226,0.010355202481150627
0.006099076941609383,0.007974103093147278,0.0003675766638480127,0.9260368943214417,0.05285779386758804,0.0032096323557198048,0.0034549832344055176
0.02273615077137947,0.050204142928123474,0.003581552067771554,0.4997842013835907,0.38899216055870056,0.005097130313515663,0.029604535549879074
0.013752150349318981,0.044911280274391174,0.034360937774181366,0.024280250072479248,0.8272174000740051,0.02409502863883972,0.03138295188546181
0.010292216204106808,0.9492793679237366,0.0013666896848008037,0.004784569144248962,0.025561461225152016,0.007430099416524172,0.001285781036131084
0.0023162197321653366,0.0021348558366298676,0.9838677644729614,0.0006925622001290321,0.006898671854287386,0.002711133798584342,0.0013786706840619445
0.015335735864937305,0.9055560827255249,0.00844065472483635,0.0018062253948301077,0.03665715083479881,0.02929871715605259,0.0029054884798824787
0.024721784517169,0.8183909058570862,0.0038876659236848354,0.006553266663104296,0.12983284890651703,0.005722002126276493,0.01089161541312933
0.5630447864532471,0.025400618091225624,0.15744522213935852,0.0014149617636576295,0.027943197637796402,0.20451366901397705,0.02023761346936226
0.24705150723457336,0.49961763620376587,0.012007263489067554,0.0012635173043236136,0.05348046123981476,0.16876544058322906,0.01781412772834301
0.013931547291576862,0.11439730226993561,0.43653684854507446,0.004459391813725233,0.12239795923233032,0.3011459708213806,0.007130975369364023
0.018230311572551727,0.8985827565193176,0.07024797052145004,0.0006221121875569224,0.003676595166325569,0.007172986399382353,0.0014671939425170422
0.0805872231721878,0.0915055051445961,0.011274036020040512,0.00863125640898943,0.7429611682891846,0.06097180396318436,0.004069030284881592
0.015923116356134415,0.007036341354250908,0.007774034980684519,0.41368022561073303,0.47857025265693665,0.014409910887479782,0.06260617077350616
0.06138266250491142,0.12770609557628632,0.0025381234008818865,0.003746337490156293,0.09204260259866714,0.7096656560897827,0.0029184732120484114
0.16508907079696655,0.4040500819683075,0.06404425203800201,0.004772649612277746,0.30555397272109985,0.016411922872066498,0.040078070014715195
0.013690315186977386,0.4758340120315552,0.003014738904312253,0.048753589391708374,0.424089640378952,0.028118565678596497,0.00649922015145421
0.08038215339183807,0.25004133582115173,0.07509636878967285,0.0450013093650341,0.3826318085193634,0.12566745281219482,0.04117956757545471
0.4952150285243988,0.29188272356987,0.021053865551948547,0.016096485778689384,0.15524961054325104,0.018685637041926384,0.0018165939254686236
0.009176598861813545,0.02230576053261757,0.0017504626885056496,0.02253180555999279,0.912794291973114,0.0036281896755099297,0.027812806889414787
0.042212653905153275,0.029812417924404144,0.0025966756511479616,0.035688236355781555,0.8759285807609558,0.004430735949426889,0.009330722503364086
0.11766339838504791,0.8264268636703491,0.005453668534755707,0.0009018491837196052,0.02860592119395733,0.01986047625541687,0.0010878097964450717
0.041568417102098465,0.039678700268268585,0.10483014583587646,0.00587349571287632,0.7697710990905762,0.00952910166233778,0.028749067336320877
0.03708362951874733,0.34694749116897583,0.00614826288074255,0.026119837537407875,0.1596447378396988,0.4187781810760498,0.005277756601572037
0.007663504220545292,0.026692578569054604,0.004204414784908295,0.0078726252540946,0.9227951169013977,0.007401623297482729,0.023370176553726196
0.024119572713971138,0.18745145201683044,0.02409549616277218,0.007020775694400072,0.7314023971557617,0.006641070824116468,0.019269121810793877
0.8745673894882202,0.02349201962351799,0.05850685015320778,0.0016618631780147552,0.03455411270260811,0.004422007128596306,0.0027958289720118046
0.17259567975997925,0.8044947981834412,0.012300150468945503,0.0005842623650096357,0.006208057515323162,0.0022059937473386526,0.0016111192526295781
0.03309137001633644,0.14600424468517303,0.004495533648878336,0.42835649847984314,0.3529922664165497,0.02571246400475502,0.009347635321319103
0.07693718373775482,0.9012987017631531,0.004061216022819281,0.0008900900720618665,0.009285805746912956,0.006097090430557728,0.0014300041366368532
0.031079091131687164,0.17446278035640717,0.07803894579410553,0.013159294612705708,0.6007310152053833,0.00823889672756195,0.09428994357585907
0.21655935049057007,0.5921546816825867,0.016004858538508415,0.0035638143308460712,0.07435911893844604,0.09500517696142197,0.0023530798498541117
0.04159949719905853,0.7974655032157898,0.01400050614029169,0.0022641713730990887,0.051220811903476715,0.0918620154261589,0.001587526872754097
0.9628866910934448,0.014569141902029514,0.002213219180703163,0.000631874892860651,0.013253618031740189,0.0028766444884240627,0.003568874904885888
0.04720556363463402,0.7641363739967346,0.006969510577619076,0.0018656945321708918,0.044970691204071045,0.13310465216636658,0.0017475088825449347
0.09751220792531967,0.3912888169288635,0.013764849863946438,0.0019649341702461243,0.028718044981360435,0.4626767039299011,0.004074401687830687
0.0012559700990095735,0.002051303628832102,0.002811082871630788,0.0009052687091752887,0.00478377053514123,0.9857137203216553,0.0024789406452327967
0.005795302335172892,0.0057075959630310535,0.0004631725314538926,0.8819972276687622,0.06431229412555695,0.01135985553264618,0.030364545062184334
0.38115018606185913,0.4621293544769287,0.039156362414360046,0.0031714525539427996,0.09813252836465836,0.013049660250544548,0.0032105231657624245
0.018332170322537422,0.04505448043346405,0.057862166315317154,0.004238907713443041,0.4675772488117218,0.3982960879802704,0.008639004081487656
0.005544517654925585,0.01587146893143654,0.007582186721265316,0.06484348326921463,0.870527446269989,0.005126703530550003,0.03050427883863449
0.005018426105380058,0.007530449889600277,0.003573860740289092,0.3749634027481079,0.5153628587722778,0.059858210384845734,0.033692728728055954
0.11289726942777634,0.1942310631275177,0.016794638708233833,0.0029090787284076214,0.09114960581064224,0.5712326765060425,0.010785646736621857
0.0157565139234066,0.045407216995954514,0.0010398332960903645,0.6527217030525208,0.2662055194377899,0.009372852742671967,0.009496374987065792
0.10656164586544037,0.5911100506782532,0.013203085400164127,0.0009758776868693531,0.19888411462306976,0.08287380635738373,0.006391493137925863
0.21778994798660278,0.2154935896396637,0.0024266517721116543,0.01381964422762394,0.5316390991210938,0.015538645908236504,0.0032923384569585323
0.0899839997291565,0.3213892877101898,0.06600994616746902,0.0016897760797291994,0.1424466073513031,0.36252307891845703,0.015957297757267952
0.003708707168698311,0.0006453554960899055,0.002475216519087553,0.9273962378501892,0.02250787988305092,0.016631493344902992,0.026635218411684036
0.010018966160714626,0.007103626616299152,0.0026200171560049057,0.8508093357086182,0.06568042933940887,0.008852401748299599,0.05491524934768677
