anger,disgust,fear,joy,neutral,sadness,surprise
0.0024703016970306635,0.008939540013670921,0.003166674170643091,0.0034898240119218826,0.03236730024218559,0.9435046911239624,0.006061553955078125
0.004210872109979391,0.08728721737861633,0.0020177490077912807,0.018264010548591614,0.20357583463191986,0.6623273491859436,0.022316934540867805
0.0024071065708994865,0.01165674813091755,0.001592768938280642,0.000929234258364886,0.008983989246189594,0.9731537699699402,0.0012763384729623795
0.03245215117931366,0.3244082033634186,0.0036549295764416456,0.10039909929037094,0.5143042802810669,0.012972468510270119,0.011808831244707108
0.5339242219924927,0.08923722803592682,0.008223517797887325,0.0015702672535553575,0.06776382774114609,0.2966735064983368,0.00260738143697381
0.057614490389823914,0.7791097164154053,0.005550042260438204,0.001859729760326445,0.13794536888599396,0.009150855243206024,0.008769849315285683
0.010909122414886951,0.07002268731594086,0.06798228621482849,0.0022276192903518677,0.1418738216161728,0.14999859035015106,0.5569858551025391
0.005562933161854744,0.0034577653277665377,0.0018509168876335025,0.4204614460468292,0.44009929895401,0.037481073290109634,0.09108646214008331
0.4189988374710083,0.39026468992233276,0.0033106801565736532,0.005282533820718527,0.11001573503017426,0.06747684627771378,0.004650680348277092
0.5967993140220642,0.13346603512763977,0.008069132454693317,0.0011682333424687386,0.05574078857898712,0.19643326103687286,0.008323225192725658
0.114737369120121,0.7045309543609619,0.01924407295882702,0.004003759007900953,0.13190284371376038,0.023094002157449722,0.002486973535269499
0.02523226849734783,0.34907999634742737,0.016394587233662605,0.0057655260898172855,0.1978626400232315,0.4027208983898163,0.0029440110083669424
0.0011283926432952285,0.005314573645591736,0.012175331823527813,0.005510011222213507,0.015006165951490402,0.9590139389038086,0.0018515248084440827
0.030443789437413216,0.37449607253074646,0.0032020271755754948,0.006944859866052866,0.5183084011077881,0.060701578855514526,0.005903264973312616
0.041405241936445236,0.6042051315307617,0.013438573107123375,0.0045215170830488205,0.2638067603111267,0.04025077447295189,0.03237201273441315
0.9265594482421875,0.043829139322042465,0.004081815481185913,0.0008085714653134346,0.016583377495408058,0.006052021402865648,0.0020855709444731474
0.06204234063625336,0.0817708745598793,0.14067073166370392,0.008962647058069706,0.30563220381736755,0.397774875164032,0.0031462726183235645
0.013820795342326164,0.02551785297691822,0.019069721922278404,0.003947860095649958,0.8336855173110962,0.08822785317897797,0.015730474144220352
0.004116727039217949,0.038404498249292374,0.003655104199424386,0.08165265619754791,0.8191075921058655,0.032572563737630844,0.020490845665335655
0.020998118445277214,0.0519370399415493,0.008816966786980629,0.008422059006989002,0.16007211804389954,0.6673306226730347,0.082423135638237
0.006373357493430376,0.40182963013648987,0.002280194777995348,0.5224059820175171,0.05701809749007225,0.006310463882982731,0.003782259300351143
0.0334278829395771,0.028778886422514915,0.8333420157432556,0.003651080885902047,0.03664926066994667,0.06295142322778702,0.0011994083179160953
0.12121586501598358,0.10343258082866669,0.002345714485272765,0.14383843541145325,0.5638233423233032,0.06020640209317207,0.005137607455253601
0.007789269555360079,0.025724878534674644,0.004075958859175444,0.022911882027983665,0.6639155745506287,0.26856526732444763,0.007017115131020546
0.08009492605924606,0.7212722897529602,0.011425569653511047,0.015865691006183624,0.1362217664718628,0.028984781354665756,0.006134960800409317
0.8383544087409973,0.11795879155397415,0.002918386599048972,0.0012576321605592966,0.027722718194127083,0.007617950905114412,0.004170043393969536
0.20921273529529572,0.6980602741241455,0.019376300275325775,0.0018925860058516264,0.054237328469753265,0.015120956115424633,0.00209985114634037
0.03227045759558678,0.9146242737770081,0.0012581702321767807,0.006345045752823353,0.031414177268743515,0.012809188105165958,0.0012787784216925502
0.06538485735654831,0.3009815216064453,0.09651686996221542,0.019173968583345413,0.4359160363674164,0.06428725272417068,0.01773952506482601
0.0033250204287469387,0.017651591449975967,0.00634504109621048,0.002615101169794798,0.07992038875818253,0.8700577616691589,0.02008512057363987
0.04045572876930237,0.12683258950710297,0.01121242344379425,0.01650702953338623,0.6209110617637634,0.08906946331262589,0.09501165896654129
0.007071897387504578,0.013978066854178905,0.006166121922433376,0.017275113612413406,0.8890260457992554,0.016639553010463715,0.049843188375234604
0.012294311076402664,0.02903815545141697,0.00125215039588511,0.46236905455589294,0.40484926104545593,0.031535662710666656,0.05866134911775589
0.005644167307764292,0.02845822088420391,0.0004217599343974143,0.8398932814598083,0.11492905765771866,0.005797700956463814,0.004855753388255835
0.0012557271402329206,0.012227775529026985,0.0014801598154008389,0.0018986118957400322,0.01594158075749874,0.9648312926292419,0.002364886226132512
