anger,disgust,fear,joy,neutral,sadness,surprise
0.03882459178566933,0.34659823775291443,0.2617013156414032,0.004718367476016283,0.02773369662463665,0.3150893747806549,0.005334469024091959
0.001442558248527348,0.006342560518532991,0.0027140621095895767,0.0008840110967867076,0.01614450290799141,0.9708546996116638,0.0016176156932488084
0.008302691392600536,0.014310019090771675,0.11952732503414154,0.0066850255243480206,0.14819958806037903,0.014586487784981728,0.6883888840675354
0.012111727148294449,0.33226004242897034,0.009998810477554798,0.004834857769310474,0.29615914821624756,0.3321470320224762,0.012488406151533127
0.00571020832285285,0.005890554282814264,0.003917579539120197,0.005849467124789953,0.9231287240982056,0.0038345372304320335,0.05166897177696228
0.005324773956090212,0.0389205664396286,0.012888597324490547,0.002540241926908493,0.8918982148170471,0.00812998041510582,0.04029759019613266
0.003906624857336283,0.0027966450434178114,0.021379197016358376,0.0024980853777378798,0.02171013318002224,0.0029715995769947767,0.9447377324104309
0.06913269311189651,0.15147866308689117,0.05629928037524223,0.003870447864755988,0.6690865159034729,0.03574587032198906,0.01438659057021141
0.02685590088367462,0.02272607572376728,0.005160152912139893,0.00642740074545145,0.8981701135635376,0.015172673389315605,0.02548765391111374
0.020785700529813766,0.08945924043655396,0.25260335206985474,0.06893054395914078,0.18246091902256012,0.34712648391723633,0.038633763790130615
0.062083881348371506,0.06764885783195496,0.47606050968170166,0.0017800951609387994,0.07539153099060059,0.2663448452949524,0.05069020017981529
0.007302387151867151,0.06299743801355362,0.037907861173152924,0.023066546767950058,0.42912474274635315,0.08912193030118942,0.35047903656959534
