anger,disgust,fear,joy,neutral,sadness,surprise
0.015006586909294128,0.0671360120177269,0.003542316146194935,0.0070525845512747765,0.8587494492530823,0.008972985669970512,0.039540018886327744
0.05706310272216797,0.0069737122394144535,0.7095330953598022,0.009786373935639858,0.11524602025747299,0.05838700011372566,0.04301070794463158
0.13690300285816193,0.40061989426612854,0.02500431053340435,0.006695771124213934,0.3884739577770233,0.03258519619703293,0.009717773646116257
0.1493116319179535,0.6124165058135986,0.15605327486991882,0.00286984839476645,0.03283819928765297,0.03680100291967392,0.00970957987010479
0.016090335324406624,0.0029831556603312492,0.00913244392722845,0.012681028805673122,0.2527616620063782,0.6572548747062683,0.049096569418907166
0.4719716012477875,0.31656157970428467,0.04611320421099663,0.0016400181921198964,0.040238406509160995,0.09257683902978897,0.030898340046405792
0.482878178358078,0.3135174810886383,0.008043291978538036,0.0018190110567957163,0.16814512014389038,0.020564226433634758,0.005032663233578205
0.005840365309268236,0.02584654837846756,0.006928400602191687,0.006001900415867567,0.9213482737541199,0.011322680860757828,0.02271176502108574
0.03198079392313957,0.0021829288452863693,0.8373043537139893,0.07691798359155655,0.013263399712741375,0.029472513124346733,0.008878025226294994
0.007322375196963549,0.006132853217422962,0.007133518811315298,0.002685602055862546,0.9638410210609436,0.003218195866793394,0.009666468016803265
0.9462812542915344,0.018379684537649155,0.02216457389295101,0.0008282280177809298,0.008479700423777103,0.00289553334005177,0.000971130735706538
0.01736651174724102,0.003722492139786482,0.005354882683604956,0.05221686139702797,0.4262784719467163,0.002976480172947049,0.4920843541622162
0.8265904784202576,0.036178942769765854,0.0045613390393555164,0.0028108549304306507,0.01789763756096363,0.10877440869808197,0.0031864221673458815
0.5144100785255432,0.0492316335439682,0.029008718207478523,0.004349737428128719,0.37909579277038574,0.018824005499482155,0.005079946015030146
0.007917792536318302,0.011609284207224846,0.0021457478869706392,0.7765514850616455,0.1574382334947586,0.02020828239619732,0.024129221215844154
0.7889968156814575,0.1266801506280899,0.009780890308320522,0.003394651459529996,0.05541243031620979,0.011360632255673409,0.0043744915165007114
0.28261300921440125,0.46536576747894287,0.010564484633505344,0.0012361359549686313,0.12398450076580048,0.10663300007581711,0.009603071957826614
0.04801718890666962,0.6299498677253723,0.09209612011909485,0.007828372530639172,0.19856208562850952,0.0127096651121974,0.010836714878678322
0.1679365038871765,0.5414365530014038,0.006605662405490875,0.004792074207216501,0.2514999508857727,0.02424883097410202,0.0034803885500878096
0.043948978185653687,0.05032862722873688,0.06304977834224701,0.0052541750483214855,0.8176142573356628,0.004621736705303192,0.01518245879560709
0.5888751149177551,0.13341060280799866,0.07128511369228363,0.0018717747880145907,0.12225817888975143,0.06592582911252975,0.01637328788638115
0.134725883603096,0.7406129837036133,0.008146882057189941,0.01223152969032526,0.06445446610450745,0.03730499744415283,0.002523245057091117
0.507058322429657,0.3640930652618408,0.02001161500811577,0.002635193755850196,0.06406352669000626,0.03469415381550789,0.007444032002240419
0.013928385451436043,0.009624265134334564,0.9319857358932495,0.0013252213830128312,0.025073107331991196,0.007963676005601883,0.010099700652062893
0.0035236829426139593,0.014895560219883919,0.0043287575244903564,0.07959026843309402,0.8476464152336121,0.02560553513467312,0.02440980076789856
0.010096529498696327,0.0029706109780818224,0.0026444518007338047,0.0052899024449288845,0.9579699039459229,0.0031871735118329525,0.017841370776295662
0.09902355074882507,0.026339495554566383,0.7044072151184082,0.0034206595737487078,0.10632932186126709,0.008086082525551319,0.052393704652786255
0.013182424940168858,0.021876854822039604,0.0015847596805542707,0.010648151859641075,0.8661193251609802,0.019271034747362137,0.06731748580932617
0.31209468841552734,0.28474751114845276,0.2763356864452362,0.001910368911921978,0.0772026926279068,0.040619462728500366,0.0070895603857934475
0.02146100625395775,0.040807805955410004,0.0077233025804162025,0.0015099782031029463,0.8183443546295166,0.09458714723587036,0.015566411428153515
