anger,disgust,fear,joy,neutral,sadness,surprise
0.4206051528453827,0.45431119203567505,0.007497299928218126,0.0030051337089389563,0.06192934885621071,0.0497063584625721,0.0029455118346959352
0.017231695353984833,0.005272367969155312,0.0040066116489470005,0.08022262156009674,0.7361841201782227,0.04739871621131897,0.10968386381864548
0.014924165792763233,0.08071424812078476,0.006257479079067707,0.06828714162111282,0.8062452673912048,0.0176966842263937,0.005874980241060257
0.0119188092648983,0.017943231388926506,0.0052609690465033054,0.05723177269101143,0.7022648453712463,0.024445680901408195,0.18093472719192505
0.03682757541537285,0.19176369905471802,0.06240934878587723,0.0028634306509047747,0.5310050845146179,0.15457691252231598,0.020553933456540108
0.007278260309249163,0.00621121097356081,0.0034797987900674343,0.003816783195361495,0.9677661061286926,0.007304582744836807,0.004143286030739546
0.8958745002746582,0.009162519127130508,0.013512827455997467,0.0011606846237555146,0.06558950245380402,0.012912660837173462,0.0017872630851343274
0.017828645184636116,0.9525508880615234,0.025203030556440353,0.0004547443531919271,0.0019136600894853473,0.0012396732345223427,0.0008092520292848349
0.014772028662264347,0.029368754476308823,0.005844911094754934,0.003042155411094427,0.9134791493415833,0.028628161177039146,0.004864947404712439
0.5607451796531677,0.05886559933423996,0.020680271089076996,0.0029324328061193228,0.3157068192958832,0.03415987640619278,0.006909831427037716
0.3622034788131714,0.1123846024274826,0.45804280042648315,0.002313795266672969,0.035852596163749695,0.027125464752316475,0.0020773259457200766
0.04355192556977272,0.02067525126039982,0.004549284931272268,0.07003623247146606,0.8073411583900452,0.0445701889693737,0.009275908581912518
0.028224501758813858,0.0032758289016783237,0.00887728575617075,0.06720183044672012,0.8617821335792542,0.0028334043454378843,0.027805082499980927
0.009683175012469292,0.23753702640533447,0.3380735516548157,0.0035476868506520987,0.1918582320213318,0.013219953514635563,0.2060803920030594
0.011836995370686054,0.003481288207694888,0.0018969469238072634,0.04330421984195709,0.78365159034729,0.006745690014213324,0.14908330142498016
0.01677987352013588,0.0208837129175663,0.6917838454246521,0.018011048436164856,0.23096390068531036,0.017189761623740196,0.004387830384075642
0.036108389496803284,0.09956090897321701,0.041926998645067215,0.008368962444365025,0.7716716527938843,0.02153470739722252,0.02082841470837593
0.0029147197492420673,0.01096193864941597,0.0033252625726163387,0.025145497173070908,0.8412125110626221,0.01154737826436758,0.10489270836114883
0.025551265105605125,0.23777180910110474,0.0065776086412370205,0.004659176804125309,0.694979190826416,0.009937582537531853,0.020523374900221825
