anger,disgust,fear,joy,neutral,sadness,surprise
0.014254978857934475,0.09198769181966782,0.012489798478782177,0.23718127608299255,0.32944512367248535,0.27087175846099854,0.04376932978630066
0.007078409660607576,0.0052797128446400166,0.04548852890729904,0.150905042886734,0.7593315839767456,0.013568278402090073,0.01834837533533573
0.020807597786188126,0.14118710160255432,0.004179201554507017,0.04389943182468414,0.32721182703971863,0.4338100850582123,0.028904670849442482
0.008388988673686981,0.23416398465633392,0.016984090209007263,0.010693909600377083,0.6151854991912842,0.10970723628997803,0.00487635238096118
0.021803945302963257,0.033620283007621765,0.01779257133603096,0.02729085087776184,0.8524929881095886,0.03454417735338211,0.01245515514165163
0.1465599089860916,0.09316939115524292,0.04203035309910774,0.00657015573233366,0.1309938281774521,0.5775350332260132,0.0031413331162184477
0.021212762221693993,0.1894715279340744,0.00727412523701787,0.003255303483456373,0.6342228055000305,0.13714168965816498,0.007421776186674833
0.04211784154176712,0.9309449195861816,0.007942918688058853,0.0006075833807699382,0.013416195288300514,0.0037674156483262777,0.0012030621292069554
0.6295168399810791,0.3205799162387848,0.020579775795340538,0.0014973783399909735,0.016993777826428413,0.007120093796402216,0.0037122508510947227
0.008833278901875019,0.012325854040682316,0.09789247810840607,0.0011708129895851016,0.014870185405015945,0.8496291041374207,0.015278350561857224
0.005425678100436926,0.07001547515392303,0.6051099300384521,0.003715138416737318,0.046256549656391144,0.010316251777112484,0.25916093587875366
0.23084282875061035,0.5316553711891174,0.008965162560343742,0.002048714552074671,0.19923482835292816,0.018636532127857208,0.008616563864052296
0.029454844072461128,0.8296459913253784,0.0012645511887967587,0.023478973656892776,0.09416816383600235,0.017531825229525566,0.0044556306675076485
0.001513803144916892,0.002301605185493827,0.9824935793876648,0.0014982350403442979,0.008361061103641987,0.0021584630012512207,0.0016733229858800769
0.0023311274126172066,0.9867345094680786,0.0035429957788437605,0.0012563766213133931,0.0038319258019328117,0.001586361089721322,0.0007167040603235364
0.02726634591817856,0.023525692522525787,0.0146916713565588,0.004168595187366009,0.33169278502464294,0.5872105956077576,0.011444346979260445
0.27508214116096497,0.3242588937282562,0.08467835187911987,0.0037027851212769747,0.1341666877269745,0.16562579572200775,0.012485346756875515
0.8889296650886536,0.018014129251241684,0.0105119114741683,0.0023312156554311514,0.04943733289837837,0.005526576656848192,0.025249149650335312
0.9759520888328552,0.009435453452169895,0.005870140623301268,0.00038216993561945856,0.005204563494771719,0.0014695673016831279,0.001685911905951798
0.18036828935146332,0.5592452883720398,0.04921163618564606,0.0028171453159302473,0.04700417444109917,0.15848895907402039,0.0028644800186157227
0.26087260246276855,0.15086841583251953,0.10866435617208481,0.0039129965007305145,0.09769566357135773,0.017222533002495766,0.3607634902000427
0.4343739151954651,0.45981407165527344,0.05254058912396431,0.000830847246106714,0.017920877784490585,0.031515367329120636,0.00300424313172698
0.016806816682219505,0.549564778804779,0.012939674779772758,0.003983678761869669,0.38602307438850403,0.016621636226773262,0.014060400426387787
0.028997007757425308,0.20035584270954132,0.003023079363629222,0.04094148427248001,0.7007272243499756,0.02260567434132099,0.0033496487885713577
0.029490087181329727,0.2766679525375366,0.020513031631708145,0.005685914307832718,0.46025219559669495,0.07832535356283188,0.12906548380851746
0.020479487255215645,0.37929925322532654,0.002078788820654154,0.29847073554992676,0.2677244246006012,0.01831708289682865,0.013630224391818047
0.004845296964049339,0.0024184773210436106,0.0011528967879712582,0.8894070386886597,0.040440883487463,0.002290300326421857,0.059445202350616455
0.020120183005928993,0.0044781542383134365,0.012937137857079506,0.04706764966249466,0.03511917218565941,0.0018802792765200138,0.8783974647521973
0.009305272251367569,0.013738001696765423,0.0007861780468374491,0.8235073089599609,0.13176512718200684,0.0059196786023676395,0.014978580176830292
0.2404119372367859,0.22869376838207245,0.11444026231765747,0.0021083469036966562,0.08152278512716293,0.152144655585289,0.18067815899848938
0.26783713698387146,0.6250677704811096,0.03082752414047718,0.000768101483117789,0.023780670017004013,0.04653405398130417,0.005184764973819256
0.004133998416364193,0.026977693662047386,0.010478763841092587,0.028399284929037094,0.10806386917829514,0.8031184077262878,0.01882796362042427
0.007742185611277819,0.09699719399213791,0.02492542564868927,0.004590870346873999,0.06191250681877136,0.698004961013794,0.10582683980464935
0.022194143384695053,0.33163535594940186,0.40065011382102966,0.005845970474183559,0.11922503262758255,0.020898589864373207,0.09955073148012161
0.01550523191690445,0.012919233180582523,0.003761440049856901,0.06872055679559708,0.869861364364624,0.00556446285918355,0.02366766147315502
