anger,disgust,fear,joy,neutral,sadness,surprise
0.044579073786735535,0.030864883214235306,0.07340850681066513,0.10847608745098114,0.7010276913642883,0.027315586805343628,0.01432819850742817
0.08555686473846436,0.637326717376709,0.010049723088741302,0.0024720486253499985,0.22064776718616486,0.009709696285426617,0.03423717990517616
0.166885107755661,0.13560865819454193,0.1464919000864029,0.003425218630582094,0.14246444404125214,0.3916870355606079,0.013437566347420216
0.18084582686424255,0.6031703352928162,0.016138918697834015,0.0018013358348980546,0.052580613642930984,0.14360451698303223,0.0018585182260721922
0.021909933537244797,0.017124036327004433,0.021804939955472946,0.17932935059070587,0.6765629053115845,0.0523814894258976,0.030887385830283165
0.01983051560819149,0.028298480436205864,0.17656879127025604,0.008054949343204498,0.7289233803749084,0.029523184522986412,0.008800770156085491
0.8946239352226257,0.06888579577207565,0.0038445128593593836,0.0008796405745670199,0.01928838901221752,0.010786079801619053,0.0016915911110118032
0.009773582220077515,0.011780474334955215,0.006916545797139406,0.6631163954734802,0.22081999480724335,0.049065470695495605,0.038527559489011765
0.0018713691970333457,0.015572606585919857,0.9008630514144897,0.004151095170527697,0.050966981798410416,0.0045694587752223015,0.022005293518304825
0.01438369881361723,0.03035796247422695,0.008087162859737873,0.0039211902767419815,0.8585709929466248,0.014339474029839039,0.07033953070640564
0.0278718750923872,0.9471975564956665,0.012533837929368019,0.00040373983210884035,0.004320606589317322,0.006932714022696018,0.0007395853172056377
0.11105136573314667,0.2722860872745514,0.060306672006845474,0.0026555610820651054,0.31770059466362,0.22256599366664886,0.013433658517897129
