anger,disgust,fear,joy,neutral,sadness,surprise
0.035706523805856705,0.174237459897995,0.026529211550951004,0.04012329503893852,0.670381486415863,0.02272789180278778,0.030294178053736687
0.02149053104221821,0.03195662051439285,0.0035795040894299746,0.0025084197986871004,0.9250818490982056,0.0065252454951405525,0.00885774940252304
0.018401049077510834,0.08888322860002518,0.03490183874964714,0.007441985886543989,0.8004113435745239,0.03358535096049309,0.016375204548239708
0.005005357321351767,0.03555397689342499,0.0030657979659736156,0.2358020693063736,0.6438005566596985,0.04444284364581108,0.032329484820365906
0.005042325239628553,0.011791307479143143,0.0029240751173347235,0.4720485806465149,0.06376809626817703,0.4101139008998871,0.034311726689338684
0.004939189180731773,0.005783256608992815,0.0007180760148912668,0.032965343445539474,0.9437752962112427,0.004730002488940954,0.0070888567715883255
0.0045555694960057735,0.022393712773919106,0.003437196370214224,0.003780595026910305,0.9542193412780762,0.003321385709568858,0.008292163722217083
0.005134041421115398,0.005346705671399832,0.0015853908844292164,0.19989891350269318,0.7620762586593628,0.0062483567744493484,0.0197103563696146
0.04393308609724045,0.04156781733036041,0.20131883025169373,0.019878193736076355,0.07340434193611145,0.23879599571228027,0.38110172748565674
0.002770461142063141,0.015588115900754929,0.006941190920770168,0.6475228667259216,0.27138593792915344,0.005694582127034664,0.05009690672159195
0.003542117541655898,0.024648083373904228,0.0033164280466735363,0.04569315165281296,0.8899606466293335,0.0035884676035493612,0.02925117500126362
0.0033764238469302654,0.009181556291878223,0.0009472937672398984,0.01435434352606535,0.9591583609580994,0.0031234126072376966,0.009858542121946812
0.006772266700863838,0.009746852330863476,0.0011836892226710916,0.01107904314994812,0.9315131902694702,0.0025568935088813305,0.03714805096387863
0.05249619111418724,0.04628005996346474,0.0033026847522705793,0.006958555895835161,0.8695948123931885,0.013081767596304417,0.008285995572805405
0.003016261849552393,0.0125708794221282,0.004318286199122667,0.08631619065999985,0.8142843246459961,0.005714831408113241,0.07377921789884567
0.009523038752377033,0.036647699773311615,0.0027928652707487345,0.02295880764722824,0.14840415120124817,0.7634442448616028,0.01622920110821724
0.012420889921486378,0.005155331455171108,0.009919928386807442,0.0014487911248579621,0.018987027928233147,0.0018852960783988237,0.9501826763153076
0.015687400475144386,0.04103691503405571,0.05610039457678795,0.0017415083711966872,0.652813196182251,0.21224838495254517,0.02037212625145912
0.44892099499702454,0.37773001194000244,0.03530573472380638,0.0016252329805865884,0.04547952115535736,0.08930588513612747,0.0016326337354257703
0.4068291187286377,0.18894605338573456,0.006395353004336357,0.015601084567606449,0.3258804678916931,0.04653528705239296,0.00981262605637312
0.026589293032884598,0.15724295377731323,0.5807967782020569,0.0036800350062549114,0.16944105923175812,0.058326296508312225,0.003923474811017513
0.11225084215402603,0.5100509524345398,0.01008421927690506,0.006957933306694031,0.33973556756973267,0.017179688438773155,0.0037408210337162018
0.34465524554252625,0.47006404399871826,0.031074058264493942,0.0028243125416338444,0.08644604682922363,0.04160413518548012,0.023332148790359497
0.18050187826156616,0.71973717212677,0.021794646978378296,0.0010991297895088792,0.04314242675900459,0.03158099949359894,0.0021437755785882473
0.009471633471548557,0.04563998803496361,0.16034555435180664,0.0029814892914146185,0.14018087089061737,0.638180673122406,0.003199787577614188
0.015871204435825348,0.04021492972970009,0.013255098834633827,0.0018334710039198399,0.8932348489761353,0.014855287037789822,0.020735129714012146
0.014377394691109657,0.05788067355751991,0.023781668394804,0.0009953798726201057,0.8412156701087952,0.01969701237976551,0.042052142322063446
0.074978306889534,0.10517287999391556,0.01466895081102848,0.013991991989314556,0.7829695343971252,0.005468729417771101,0.0027496139518916607
0.00695504155009985,0.048156898468732834,0.0058107501827180386,0.0023965989239513874,0.9101586937904358,0.00571580370888114,0.020806120708584785
0.016413632780313492,0.7737728357315063,0.008852999657392502,0.0019754767417907715,0.18144318461418152,0.012685305438935757,0.004856533836573362
0.11526357382535934,0.724238395690918,0.017665551975369453,0.0022069711703807116,0.09536135196685791,0.042471595108509064,0.0027925523463636637
0.0017815495375543833,0.0008396888733841479,0.0002976135292556137,0.9631682634353638,0.007047051563858986,0.011127189733088017,0.015738653019070625
0.012549269944429398,0.006660073529928923,0.0889456570148468,0.0024826356675475836,0.02240617759525776,0.0029437709599733353,0.8640123605728149
0.002255301456898451,0.008621100336313248,0.0008639491279609501,0.06506641954183578,0.07193155586719513,0.8453579545021057,0.005903637036681175
0.004163588397204876,0.009663001634180546,0.0025185542181134224,0.7741146683692932,0.1963018774986267,0.0049188644625246525,0.008319366723299026
0.008150102570652962,0.03172009810805321,0.016344480216503143,0.002290771109983325,0.183625727891922,0.03471355885267258,0.7231552600860596
0.08452747762203217,0.8656734824180603,0.0023590840864926577,0.0020892436150461435,0.030919384211301804,0.012723543681204319,0.0017077686497941613
0.031915340572595596,0.30457088351249695,0.0073554981499910355,0.0065023102797567844,0.6053627729415894,0.039775487035512924,0.004517672583460808
0.009265962056815624,0.009200586006045341,0.028543826192617416,0.11178776621818542,0.7993283867835999,0.011860651895403862,0.03001287207007408
0.006416720803827047,0.0206121988594532,0.005920387338846922,0.03501878306269646,0.8003861308097839,0.09941283613443375,0.03223294019699097
0.0052579897455871105,0.01575011946260929,0.004041988402605057,0.008596375584602356,0.04497077316045761,0.9127206206321716,0.008662166073918343
0.003603913588449359,0.021200237795710564,0.005181171931326389,0.008416327647864819,0.07725490629673004,0.8824665546417236,0.0018768217414617538
0.013057995587587357,0.19517596065998077,0.0018439082195982337,0.014089832082390785,0.720696210861206,0.0510474368929863,0.00408864626660943
0.01020786166191101,0.030639037489891052,0.0018812946509569883,0.2293015867471695,0.6810396909713745,0.024429859593510628,0.022500663995742798
0.010651595890522003,0.01597033068537712,0.0031700520776212215,0.07112003117799759,0.8563836216926575,0.03609968349337578,0.0066047064028680325
0.003648345824331045,0.0033713055308908224,0.0015968286897987127,0.005605619866400957,0.9708888530731201,0.004219450522214174,0.010669474489986897
0.00961220171302557,0.010577484034001827,0.004550643730908632,0.3894283175468445,0.5347394943237305,0.006363768130540848,0.04472809657454491
0.004412202630192041,0.003881289390847087,0.001597558963112533,0.07933763414621353,0.8956018090248108,0.003912599757313728,0.011256854049861431
0.007539148908108473,0.04801984503865242,0.0017967778258025646,0.5127249360084534,0.41347336769104004,0.005697334185242653,0.010748573578894138
0.004458003211766481,0.051736947149038315,0.0035907013807445765,0.004710701294243336,0.8720975518226624,0.007978739216923714,0.05542726069688797
0.0034178581554442644,0.009851889684796333,0.001942283590324223,0.37948527932167053,0.5786955952644348,0.014992903918027878,0.011614197865128517
0.007445282302796841,0.007346002385020256,0.002748791128396988,0.7440222501754761,0.1667054146528244,0.024841034784913063,0.0468912273645401
0.027854906395077705,0.013000927865505219,0.008141139522194862,0.03546244651079178,0.7886961698532104,0.0029681131709367037,0.12387634813785553
0.002249215031042695,0.015467396005988121,0.000735134060960263,0.8868911266326904,0.08255156129598618,0.008839074522256851,0.0032665161415934563
