anger,disgust,fear,joy,neutral,sadness,surprise
0.01809478923678398,0.0463581457734108,0.11352930217981339,0.03895556181669235,0.6272389888763428,0.1044616550207138,0.051361508667469025
0.012747719883918762,0.020510384812951088,0.004958057776093483,0.6658080220222473,0.2674199342727661,0.024894054979085922,0.0036617820151150227
0.04750621318817139,0.7087894678115845,0.004949435591697693,0.08376190066337585,0.07604344189167023,0.06848176568746567,0.010467713698744774
0.018892334774136543,0.026398299261927605,0.0008026968571357429,0.7534662485122681,0.1834457367658615,0.011071159504354,0.005923585966229439
0.00613120524212718,0.0030086617916822433,0.022134417667984962,0.6784943342208862,0.22305840253829956,0.020003478974103928,0.04716945439577103
0.20690801739692688,0.6794301271438599,0.012723870575428009,0.013460460118949413,0.06462360918521881,0.020850906148552895,0.0020029544830322266
0.34406957030296326,0.5820146799087524,0.007681021932512522,0.018366064876317978,0.034578196704387665,0.01209081057459116,0.0011996778193861246
0.022762145847082138,0.08985655754804611,0.003303409554064274,0.02709745056927204,0.8409077525138855,0.00810853112488985,0.007964189164340496
0.013733011670410633,0.057362958788871765,0.013462544418871403,0.3209902048110962,0.5426865220069885,0.012354249134659767,0.03941050171852112
0.20536139607429504,0.25660020112991333,0.009517841972410679,0.04475490376353264,0.4554186761379242,0.026587164029479027,0.0017598571721464396
0.011063557118177414,0.010906362906098366,0.0036890502087771893,0.5062078237533569,0.43647313117980957,0.0044040558859705925,0.027256030589342117
0.024913635104894638,0.03037051111459732,0.013595249503850937,0.011332616209983826,0.8560755252838135,0.02525724098086357,0.0384552888572216
0.09438613802194595,0.020777007564902306,0.004483160097151995,0.007503925822675228,0.8354104161262512,0.00328212627209723,0.034157223999500275
0.24788030982017517,0.24445542693138123,0.09845534712076187,0.03056199476122856,0.34976208209991455,0.023811154067516327,0.005073721520602703
0.023024508729577065,0.028451336547732353,0.009959620423614979,0.00488413218408823,0.8409908413887024,0.08864165097475052,0.004047906957566738
0.012970778159797192,0.013029687106609344,0.00844589900225401,0.025197291746735573,0.8475370407104492,0.08686795830726624,0.005951279308646917
0.057450998574495316,0.011831962503492832,0.8628002405166626,0.003044837387278676,0.0527477003633976,0.004360813181847334,0.007763358298689127
0.16585586965084076,0.05544153228402138,0.5613440871238708,0.0061126756481826305,0.18523162603378296,0.015011017210781574,0.01100317295640707
0.6929850578308105,0.19140024483203888,0.0811610296368599,0.0016936992760747671,0.01918676123023033,0.010938662104308605,0.0026345725636929274
0.6866817474365234,0.1270560324192047,0.027448467910289764,0.0014543632278218865,0.05062296241521835,0.08655200898647308,0.020184382796287537
0.0029539945535361767,0.014624262228608131,0.03974920138716698,0.00308436737395823,0.031162304803729057,0.8758335113525391,0.03259234502911568
0.24645526707172394,0.5539882183074951,0.1070951521396637,0.0011144093004986644,0.029973039403557777,0.05668910965323448,0.004684736020863056
0.4329398572444916,0.47967329621315,0.007531975395977497,0.0026022365782409906,0.038238540291786194,0.035958923399448395,0.003055163659155369
0.4129587709903717,0.27193599939346313,0.013308703899383545,0.00432268250733614,0.13133704662322998,0.16143116354942322,0.004705632571130991
0.4072389602661133,0.09624909609556198,0.015019827522337437,0.009676131419837475,0.11381323635578156,0.35388222336769104,0.004120564553886652
0.006292209029197693,0.005665441043674946,0.00592985562980175,0.00455499766394496,0.020874714478850365,0.0013135543558746576,0.955369234085083
0.02041839435696602,0.004187619313597679,0.0043515306897461414,0.20190086960792542,0.39075514674186707,0.004388036672025919,0.37399837374687195
0.052680157124996185,0.11755341291427612,0.01788230799138546,0.39766499400138855,0.3831893801689148,0.01213716808706522,0.018892521038651466
0.012216252274811268,0.011585328727960587,0.025250378996133804,0.2101508229970932,0.67525315284729,0.00495955953374505,0.06058449298143387
0.030661091208457947,0.02112961933016777,0.12162283807992935,0.011391947977244854,0.6682084202766418,0.12005592882633209,0.026930082589387894
0.03810540959239006,0.15322263538837433,0.06622560322284698,0.002330321818590164,0.07895517349243164,0.6486297845840454,0.012531062588095665
0.0019617897924035788,0.016545964404940605,0.03486097604036331,0.002754469867795706,0.05652107670903206,0.8740975260734558,0.013258211314678192
0.3500404357910156,0.2424924373626709,0.10868077725172043,0.01232127659022808,0.2475532740354538,0.03219747915863991,0.006714321207255125
0.05480698496103287,0.1914845108985901,0.02440517209470272,0.0028634744230657816,0.03826518729329109,0.6824560165405273,0.005718710366636515
0.8680235147476196,0.09835202991962433,0.015702974051237106,0.001036555040627718,0.009304854087531567,0.005555951036512852,0.0020241953898221254
0.03336258977651596,0.15052805840969086,0.2117937207221985,0.0027933705132454634,0.1833711862564087,0.29595503211021423,0.12219608575105667
0.01612093113362789,0.05283425748348236,0.42298921942710876,0.003901447867974639,0.16719740629196167,0.3058132529258728,0.03114350140094757
0.20277351140975952,0.1608121395111084,0.19193264842033386,0.007661340292543173,0.36103084683418274,0.06893225014209747,0.006857309490442276
0.9232814311981201,0.02503705583512783,0.0013809765223413706,0.0011092787608504295,0.03064301609992981,0.016474172472953796,0.002074040472507477
0.0051498147659003735,0.019342100247740746,0.014475948177278042,0.039340030401945114,0.8986757397651672,0.012786011211574078,0.010230324231088161
