anger,disgust,fear,joy,neutral,sadness,surprise
0.008821583352982998,0.05340912938117981,0.6915126442909241,0.012987221591174603,0.1935783475637436,0.030924925580620766,0.008766199462115765
0.07031908631324768,0.18721292912960052,0.005671157967299223,0.17792333662509918,0.5222856402397156,0.00925658643245697,0.027331238612532616
0.21949070692062378,0.6093786358833313,0.023377180099487305,0.008740631863474846,0.07376570999622345,0.050722356885671616,0.014524777419865131
0.010305049829185009,0.006464703008532524,0.007386382669210434,0.019030854105949402,0.8370591998100281,0.011048026382923126,0.1087057963013649
0.06289023905992508,0.40538179874420166,0.01753774844110012,0.00453575886785984,0.2796937823295593,0.22757016122341156,0.002390541834756732
0.02052340842783451,0.02152019552886486,0.8688117861747742,0.004283424932509661,0.07187162339687347,0.006787899415940046,0.006201636977493763
0.011961289681494236,0.007208001334220171,0.007572581060230732,0.10198912769556046,0.5344880223274231,0.2996870279312134,0.03709397464990616
0.016222866252064705,0.026782063767313957,0.001828797277994454,0.0320313423871994,0.045545630156993866,0.8750986456871033,0.002490659011527896
0.014470284804701805,0.003532157512381673,0.0018798722885549068,0.3538813889026642,0.15015177428722382,0.009928879328072071,0.46615564823150635
0.006893881130963564,0.025026772171258926,0.0037824702449142933,0.0613144189119339,0.8768086433410645,0.01492252852767706,0.011251231655478477
0.06118234992027283,0.032746247947216034,0.002024490386247635,0.004723366349935532,0.09116454422473907,0.7742339372634888,0.03392499312758446
0.01798119768500328,0.011115577071905136,0.004216635599732399,0.019367216154932976,0.5108269453048706,0.020860617980360985,0.41563180088996887
0.012199888937175274,0.05241716280579567,0.004364194814115763,0.0023405496031045914,0.031051810830831528,0.8950212597846985,0.0026051183231174946
0.08466796576976776,0.17659835517406464,0.0151679627597332,0.005850492976605892,0.5952011942863464,0.09172625094652176,0.030787812545895576
0.04216545820236206,0.7332983016967773,0.0023573758080601692,0.0133125064894557,0.18444035947322845,0.02003425732254982,0.00439176382496953
