anger,disgust,fear,joy,neutral,sadness,surprise
0.005667488090693951,0.0019187105353921652,0.0036715201567858458,0.3675948679447174,0.4013649523258209,0.0673622116446495,0.1524202823638916
0.018256118521094322,0.025761639699339867,0.021210845559835434,0.08842646330595016,0.6168933510780334,0.22081032395362854,0.008641257882118225
0.008453374728560448,0.9457652568817139,0.002366309054195881,0.0010076676262542605,0.035807907581329346,0.003746382426470518,0.002853117184713483
0.09287231415510178,0.2601799964904785,0.003727175062522292,0.010203065350651741,0.4940154254436493,0.1328965276479721,0.006105438340455294
0.005276722367852926,0.0021898390259593725,0.0033693525474518538,0.6921860575675964,0.2439918965101242,0.018253546208143234,0.03473258391022682
0.05688406154513359,0.186314195394516,0.0015663426602259278,0.008607732132077217,0.7118391394615173,0.02278267592191696,0.012005935423076153
0.007660279981791973,0.0762743279337883,0.005722342524677515,0.3444785177707672,0.49394455552101135,0.040786031633615494,0.03113400749862194
0.06067163869738579,0.39221301674842834,0.007266429718583822,0.03793272376060486,0.4664469063282013,0.03199812397360802,0.00347118335776031
0.050509121268987656,0.05839097127318382,0.560823380947113,0.002460578689351678,0.18142077326774597,0.1379569172859192,0.008438263088464737
0.013597666285932064,0.027408234775066376,0.054492637515068054,0.0011456154752522707,0.05895363166928291,0.8420484662055969,0.002353693125769496
