anger,disgust,fear,joy,neutral,sadness,surprise
0.04497060552239418,0.022463448345661163,0.8086228370666504,0.011413577012717724,0.09677620232105255,0.009081906639039516,0.006671456154435873
0.24061289429664612,0.2659982442855835,0.14524288475513458,0.007228492759168148,0.29974716901779175,0.03417060151696205,0.006999695673584938
0.16544733941555023,0.03550063446164131,0.024578452110290527,0.001127380644902587,0.024815473705530167,0.7350492477416992,0.013481508009135723
0.833336591720581,0.10740862786769867,0.006923241075128317,0.0008518908289261162,0.03214935213327408,0.017285173758864403,0.0020451045129448175
0.005414148326963186,0.0025027294177562,0.0028149925637990236,0.04436614364385605,0.8779942989349365,0.0036087529733777046,0.06329891830682755
0.06396614015102386,0.09174275398254395,0.013971409760415554,0.06338578462600708,0.7040539979934692,0.015754571184515953,0.047125279903411865
0.046222396194934845,0.07905655354261398,0.05801980569958687,0.19080850481987,0.5503125786781311,0.06663529574871063,0.008944891393184662
0.009767837822437286,0.03136863932013512,0.01339102815836668,0.06660623103380203,0.8288180828094482,0.027484847232699394,0.022563304752111435
0.009459089487791061,0.014171299524605274,0.04066922515630722,0.0015616617165505886,0.007962029427289963,0.9229059815406799,0.0032707671634852886
0.3741583526134491,0.3435613214969635,0.004309356678277254,0.017761031165719032,0.2065930813550949,0.048328250646591187,0.0052886041812598705
0.022769900038838387,0.014092185534536839,0.000757617293857038,0.07097214460372925,0.8602985143661499,0.00551534304395318,0.025594385340809822
0.5538963079452515,0.3724621534347534,0.05018962547183037,0.0011433118488639593,0.012737794779241085,0.006232636980712414,0.0033382100518792868
0.00394075782969594,0.004860662389546633,0.001326392637565732,0.7992865443229675,0.10220728814601898,0.06529001146554947,0.02308826707303524
0.09584677219390869,0.07099243998527527,0.037859607487916946,0.006087218411266804,0.7443777322769165,0.03914059326052666,0.00569565687328577
0.003327955724671483,0.0034791249781847,0.0006408263579942286,0.831623375415802,0.1257389336824417,0.02299494296312332,0.01219489797949791
0.01337873749434948,0.9495875239372253,0.0021135197021067142,0.0008189429645426571,0.02584558166563511,0.007291590329259634,0.0009638650226406753
0.01881379447877407,0.022707585245370865,0.0014466496650129557,0.5683943629264832,0.3202999234199524,0.024847988039255142,0.043489713221788406
0.20192189514636993,0.4075673520565033,0.006095948163419962,0.005408274009823799,0.35108643770217896,0.02495790645480156,0.0029621929861605167
0.0224169809371233,0.006543864496052265,0.03629101440310478,0.0019010624382644892,0.015553687699139118,0.003119243774563074,0.9141741394996643
0.02055015228688717,0.022474663332104683,0.003453170647844672,0.19158677756786346,0.4533706307411194,0.01933113858103752,0.2892334759235382
0.010383453220129013,0.09352398663759232,0.004877666011452675,0.02371327206492424,0.8367427587509155,0.0107195433229208,0.020039256662130356
0.7244290113449097,0.06194192171096802,0.02571963705122471,0.002971749287098646,0.09879063069820404,0.0811251550912857,0.005021924152970314
0.0037708505988121033,0.0014732470735907555,0.005088081583380699,0.001755215460434556,0.005009231623262167,0.0013214474311098456,0.9815819263458252
0.24637776613235474,0.13138774037361145,0.08477989584207535,0.008121571503579617,0.25707975029945374,0.22614061832427979,0.04611269757151604
0.3253704309463501,0.05226757004857063,0.01043715700507164,0.05821848288178444,0.365940123796463,0.16663774847984314,0.02112843282520771
0.800839900970459,0.057598792016506195,0.04430491477251053,0.0009570945985615253,0.02798938937485218,0.05906663462519646,0.00924321822822094
