anger,disgust,fear,joy,neutral,sadness,surprise
0.20430000126361847,0.15525157749652863,0.5961736440658569,0.0027163238264620304,0.0060008554719388485,0.03307926654815674,0.0024782817345112562
0.19618619978427887,0.6093122363090515,0.0034653041511774063,0.0035759611055254936,0.162811741232872,0.02211296744644642,0.002535533159971237
0.013759208843111992,0.0068527148105204105,0.01554618589580059,0.02001315914094448,0.9174774289131165,0.013762436807155609,0.012588839046657085
0.018636275082826614,0.04918992891907692,0.06341356784105301,0.018531667068600655,0.7791122198104858,0.04505348578095436,0.02606290951371193
0.019239578396081924,0.04095269367098808,0.010440288111567497,0.00668667396530509,0.9000328183174133,0.008848828263580799,0.013799197971820831
0.006758999545127153,0.016235077753663063,0.004405575804412365,0.0018385833827778697,0.9491908550262451,0.009563425555825233,0.012007503770291805
0.00824938714504242,0.008552691899240017,0.0025262513663619757,0.005534868221729994,0.949497401714325,0.0035265961196273565,0.02211286872625351
0.038831841200590134,0.01937686838209629,0.5867984890937805,0.001565500977449119,0.22107987105846405,0.052254777401685715,0.08009257912635803
0.12161827087402344,0.23282766342163086,0.012548275291919708,0.004137227311730385,0.519270658493042,0.10768233239650726,0.0019155967747792602
0.2807546854019165,0.21126870810985565,0.13708055019378662,0.004589346703141928,0.2896181046962738,0.06389039754867554,0.012798136100172997
0.066725954413414,0.13630345463752747,0.019160792231559753,0.001568939653225243,0.06250283867120743,0.6977379322052002,0.016000090166926384
0.006088408175855875,0.0023923623375594616,0.9595481753349304,0.0010735023533925414,0.014736086130142212,0.0030587357468903065,0.013102652505040169
0.007868293672800064,0.07672757655382156,0.8658442497253418,0.005089659243822098,0.0056222230195999146,0.036369629204273224,0.002478447975590825
0.011574618518352509,0.016634618863463402,0.003199910745024681,0.007913724519312382,0.9349267482757568,0.015025460161268711,0.01072479598224163
0.012634708546102047,0.006615425460040569,0.00539591908454895,0.013163271360099316,0.9143628478050232,0.007396615110337734,0.040431149303913116
0.02772156335413456,0.6816453337669373,0.006427650339901447,0.002377899829298258,0.2316349744796753,0.024747801944613457,0.025444893166422844
0.0085048982873559,0.009964088909327984,0.010301581583917141,0.0024590594694018364,0.9425572752952576,0.004919519182294607,0.0212935172021389
0.07111141085624695,0.8435081839561462,0.008328474126756191,0.0011753954458981752,0.025412667542696,0.04867939651012421,0.001784392399713397
0.015677044168114662,0.8114719986915588,0.1196478083729744,0.004320732317864895,0.031297776848077774,0.007523058447986841,0.010061517357826233
0.01269963663071394,0.0074764820747077465,0.001775952405296266,0.014178004115819931,0.9333032369613647,0.0060746087692677975,0.024492090567946434
0.7190266251564026,0.08688593655824661,0.01841316558420658,0.002400624565780163,0.13872843980789185,0.027917617931962013,0.006627717055380344
0.004697253927588463,0.001834486029110849,0.0015085316263139248,0.012485252693295479,0.9128162860870361,0.006874814163893461,0.05978336185216904
0.015193004161119461,0.08236837387084961,0.6835145950317383,0.008143212646245956,0.13570792973041534,0.06240702047944069,0.012665876187384129
0.14763598144054413,0.14369545876979828,0.4921243488788605,0.0014908170560374856,0.0535426139831543,0.08240976929664612,0.07910105586051941
0.10441366583108902,0.050622764974832535,0.13987377285957336,0.005716354586184025,0.6493473649024963,0.03185967355966568,0.01816638931632042
0.2320207953453064,0.01820528320968151,0.44234082102775574,0.0013595455093309283,0.04401556774973869,0.24675393104553223,0.015304050408303738
0.0904730036854744,0.04555979371070862,0.02318885363638401,0.030114859342575073,0.7590687870979309,0.03945105895400047,0.012143663130700588
