anger,disgust,fear,joy,neutral,sadness,surprise
0.016691166907548904,0.022422675043344498,0.0015856429236009717,0.3792920410633087,0.4998322129249573,0.04336974024772644,0.03680652007460594
0.005365806631743908,0.002035669283941388,0.0006537603912875056,0.8935548663139343,0.05736536905169487,0.005569207947701216,0.035455312579870224
0.009876967407763004,0.031157098710536957,0.00166699115652591,0.007718527223914862,0.880059003829956,0.00762441148981452,0.06189694255590439
0.03495393693447113,0.007432516198605299,0.16886676847934723,0.07668432593345642,0.6909382343292236,0.0065407296642661095,0.014583502896130085
0.025508185848593712,0.5922691822052002,0.008302068337798119,0.002424488542601466,0.3419436812400818,0.0176171213388443,0.011935335583984852
0.014363170601427555,0.05610404163599014,0.0012739268131554127,0.5007489919662476,0.38478001952171326,0.03223002329468727,0.010499782860279083
0.005009032785892487,0.004221952520310879,0.0011963983997702599,0.002139774151146412,0.007546561770141125,0.9734190702438354,0.00646732933819294
0.5870143175125122,0.09392230957746506,0.013838748447597027,0.005038795527070761,0.16550984978675842,0.125600665807724,0.009075339883565903
0.029349936172366142,0.0509801022708416,0.007007741369307041,0.03690265119075775,0.8416716456413269,0.026540085673332214,0.007547840476036072
0.0678849071264267,0.19342102110385895,0.006152852904051542,0.010766515508294106,0.35582399368286133,0.3528061509132385,0.01314463373273611
0.004002091474831104,0.0028944534715265036,0.0016487821703776717,0.0012646660907194018,0.005326053127646446,0.9800073504447937,0.004856558050960302
0.0049873352982103825,0.003964859992265701,0.0005118213593959808,0.896399974822998,0.04059632495045662,0.043959517031908035,0.009580137208104134
0.023142380639910698,0.03355831280350685,0.004372662864625454,0.07774396240711212,0.6823027729988098,0.17183136940002441,0.00704858498647809
0.033688854426145554,0.07362914830446243,0.03161076828837395,0.003758162958547473,0.14986301958560944,0.6978961825370789,0.009553840383887291
0.00410035066306591,0.0017395399045199156,0.001383171183988452,0.7684507966041565,0.09634479880332947,0.010003709234297276,0.1179775595664978
0.08095093071460724,0.07415535300970078,0.1355554759502411,0.003921928349882364,0.35891541838645935,0.19966058433055878,0.14684025943279266
0.05584622547030449,0.01917088031768799,0.007498695515096188,0.007421248126775026,0.8390319347381592,0.006419821176677942,0.06461115926504135
0.06689788401126862,0.026560945436358452,0.0052214497700333595,0.03895799443125725,0.8402917981147766,0.009259563870728016,0.012810303829610348
0.00879804790019989,0.006503871642053127,0.000836710911244154,0.06870142370462418,0.8985064625740051,0.0068849558010697365,0.009768563322722912
0.11558113992214203,0.5763678550720215,0.0039043244905769825,0.0035094779450446367,0.20489849150180817,0.09369698911905289,0.002041695173829794
0.0060591669753193855,0.003283450612798333,0.0008252388797700405,0.6683008074760437,0.23815594613552094,0.02086849883198738,0.06250697374343872
0.032463300973176956,0.631592333316803,0.012187548913061619,0.009001150727272034,0.2264481484889984,0.07911957800388336,0.009188001044094563
0.018358023837208748,0.03710828348994255,0.0009268634603358805,0.26651516556739807,0.6523697376251221,0.011484324932098389,0.013237589970231056
0.0386936217546463,0.10023435950279236,0.002844597678631544,0.23331362009048462,0.6100776195526123,0.009925799444317818,0.004910418763756752
0.04093655198812485,0.02538738213479519,0.8702630996704102,0.003422998823225498,0.04315054416656494,0.009736069478094578,0.00710330018773675
