anger,disgust,fear,joy,neutral,sadness,surprise
0.21083009243011475,0.15754228830337524,0.19074001908302307,0.06208963319659233,0.33462145924568176,0.015218552201986313,0.028957879170775414
0.01264930609613657,0.011736712418496609,0.0034667677246034145,0.027003735303878784,0.8902424573898315,0.0040525211952626705,0.050848498940467834
0.004874031525105238,0.02055455558001995,0.4439111649990082,0.002144124358892441,0.018806952983140945,0.5033718943595886,0.00633725430816412
0.007809725124388933,0.016357798129320145,0.016951696947216988,0.7985676527023315,0.10084959864616394,0.005797258578240871,0.053666189312934875
0.01076400838792324,0.012246043421328068,0.02548030950129032,0.010279363952577114,0.6965203285217285,0.029525600373744965,0.2151843160390854
0.007553439121693373,0.27047863602638245,0.6160476803779602,0.0018867142498493195,0.029622403904795647,0.005098870489746332,0.06931227445602417
0.016723807901144028,0.048216354101896286,0.368337482213974,0.005532200913876295,0.3164202868938446,0.01114929374307394,0.2336205542087555
0.2929045557975769,0.12344658374786377,0.06606021523475647,0.0031589847058057785,0.4869851768016815,0.01977713406085968,0.007667311932891607
0.007854551076889038,0.9447393417358398,0.0016244297148659825,0.0015823660651221871,0.03530167043209076,0.002783083124086261,0.006114464718848467
0.07606817036867142,0.1348564773797989,0.08441148698329926,0.0020698634907603264,0.13393381237983704,0.5458782911300659,0.022781888023018837
0.0372784323990345,0.4299517571926117,0.032420314848423004,0.0048447055742144585,0.3053481876850128,0.12353935837745667,0.06661728024482727
0.004864540416747332,0.007712791673839092,0.0643538162112236,0.0057109021581709385,0.015486047603189945,0.0022993632592260838,0.899572491645813
0.037232909351587296,0.1128215566277504,0.16145390272140503,0.004614666569977999,0.40638086199760437,0.014926297590136528,0.2625698447227478
0.04034269601106644,0.9306129813194275,0.008016691543161869,0.0005395461921580136,0.014188677072525024,0.0038567185401916504,0.002442563883960247
0.005541586317121983,0.013333850540220737,0.012063114903867245,0.00538629898801446,0.796845555305481,0.003911883570253849,0.16291776299476624
0.011542820371687412,0.01311315968632698,0.002170348074287176,0.032986048609018326,0.5111289024353027,0.007381829433143139,0.4216768443584442
0.5498143434524536,0.08244191855192184,0.28382861614227295,0.002568828174844384,0.06961040943861008,0.0057294368743896484,0.006006474606692791
0.13208132982254028,0.8083596229553223,0.004650614224374294,0.0012298334622755647,0.028777971863746643,0.02366713620722294,0.001233678893186152
0.012295614928007126,0.02909235656261444,0.0031137182377278805,0.0054009947925806046,0.9365302324295044,0.004883894231170416,0.008683198131620884
0.04287708178162575,0.21186915040016174,0.028824683278799057,0.006220245733857155,0.6325634121894836,0.07120110839605331,0.006444296333938837
0.03748883679509163,0.013931015506386757,0.002503868890926242,0.10693459212779999,0.8207597136497498,0.009000331163406372,0.009381713345646858
0.1584821343421936,0.04558674246072769,0.10133001953363419,0.007798347156494856,0.5009162425994873,0.1738368421792984,0.012049674056470394
0.21850784122943878,0.6081057786941528,0.009519224986433983,0.0018676739418879151,0.13211151957511902,0.026380395516753197,0.0035075843334198
0.10263855755329132,0.10350646078586578,0.006751208566129208,0.0057103270664811134,0.7227367758750916,0.008527658879756927,0.0501289926469326
0.057866111397743225,0.0405169315636158,0.0461014062166214,0.0031157787889242172,0.8202958703041077,0.021196754649281502,0.010907101444900036
0.15900705754756927,0.07426141202449799,0.07336839288473129,0.011519530788064003,0.5442142486572266,0.12657149136066437,0.011057885363698006
0.534555196762085,0.37702491879463196,0.03784321993589401,0.0022083756048232317,0.0411645844578743,0.005485923960804939,0.0017177847912535071
0.08058401197195053,0.08838920295238495,0.08796727657318115,0.004438550677150488,0.23474226891994476,0.1406983733177185,0.36318033933639526
0.01088560651987791,0.008663146756589413,0.0027310396544635296,0.004147007130086422,0.9588319659233093,0.004743254277855158,0.009997958317399025
0.017929740250110626,0.01984606310725212,0.0020107245072722435,0.6190654635429382,0.24093303084373474,0.07552045583724976,0.024694519117474556
0.03476117178797722,0.0459025613963604,0.005658383946865797,0.002756774425506592,0.8350142240524292,0.03992445021867752,0.03598248213529587
0.021014152094721794,0.024463526904582977,0.019096534699201584,0.36315208673477173,0.2857957184314728,0.22455967962741852,0.06191825494170189
0.04815872386097908,0.018020721152424812,0.8360381722450256,0.005621245596557856,0.07551869004964828,0.010032844729721546,0.006609566975384951
0.006938059814274311,0.005063531454652548,0.010374290868639946,0.018398310989141464,0.8923534750938416,0.006062631960958242,0.06080970540642738
0.005424607079476118,0.008881143294274807,0.003746723523363471,0.03398579731583595,0.8072950839996338,0.11201505362987518,0.028651557862758636
0.010355592705309391,0.013726416975259781,0.003933960106223822,0.01846720278263092,0.9348747730255127,0.009967736899852753,0.008674373850226402
0.024374743923544884,0.03471666947007179,0.0114437909796834,0.010654195211827755,0.6273393034934998,0.24268455803394318,0.04878674075007439
0.011713746003806591,0.023374535143375397,0.002433780347928405,0.44024673104286194,0.49876126646995544,0.003935289569199085,0.01953468658030033
0.2204553186893463,0.1754087209701538,0.16340458393096924,0.007091345265507698,0.4140337109565735,0.014475955627858639,0.005130309611558914
0.17574574053287506,0.028810111805796623,0.3423502445220947,0.002280774526298046,0.10016016662120819,0.07757490128278732,0.2730780839920044
0.01492004282772541,0.024772927165031433,0.0016316125402227044,0.003880917327478528,0.9381978511810303,0.007608873303979635,0.008987843059003353
0.5904090404510498,0.1305040866136551,0.03272266313433647,0.0013611586764454842,0.21966741979122162,0.020431550219655037,0.0049041262827813625
0.08319076895713806,0.04998971149325371,0.00714348116889596,0.0045227413065731525,0.814059317111969,0.009623789228498936,0.03147007152438164
0.048226501792669296,0.3434993624687195,0.008189470507204533,0.01718093827366829,0.5154921412467957,0.04255920276045799,0.024852372705936432
0.8496518135070801,0.07575936615467072,0.010778343304991722,0.0010171050671488047,0.04944457858800888,0.007529162336140871,0.005819650832563639
0.3447417616844177,0.5292366743087769,0.003631565487012267,0.0016137181082740426,0.09230232983827591,0.025891093537211418,0.0025827467907220125
0.7281171083450317,0.1812291145324707,0.00876217894256115,0.0015572371194139123,0.04792172834277153,0.030313635244965553,0.0020990849006921053
0.07109145075082779,0.04982553422451019,0.003628531936556101,0.02042602375149727,0.8414790630340576,0.010977049358189106,0.002572447992861271
0.012026899494230747,0.0016112852608785033,0.9787974953651428,0.000775021268054843,0.003503462066873908,0.002290439559146762,0.0009953412227332592
0.023162327706813812,0.08785229176282883,0.05593249946832657,0.0024073708336800337,0.8023415207862854,0.02297641523182392,0.005327596329152584
0.4078785181045532,0.35026946663856506,0.04111890494823456,0.0031469103414565325,0.1610943228006363,0.032573845237493515,0.003918072674423456
0.055382128804922104,0.0042378888465464115,0.5994547605514526,0.04514700174331665,0.24401557445526123,0.0341600701212883,0.017602594569325447
0.06219491362571716,0.09588850289583206,0.01260879635810852,0.10047347843647003,0.650826632976532,0.07427232712507248,0.0037353443913161755
0.9064770936965942,0.020767631009221077,0.01452928502112627,0.0013336692936718464,0.03713945299386978,0.016735052689909935,0.003017909824848175
0.006048373878002167,0.007739655673503876,0.006851451471447945,0.008149967528879642,0.9223672151565552,0.004481012001633644,0.044362347573041916
0.023273175582289696,0.10974781215190887,0.01620682142674923,0.010870100930333138,0.7411220669746399,0.022423317655920982,0.07635670900344849
0.5181602835655212,0.17997495830059052,0.006592903286218643,0.0018850051565095782,0.22779376804828644,0.061116527765989304,0.004476539324969053
0.08761096000671387,0.7348589301109314,0.012274079024791718,0.0029129013419151306,0.11831451207399368,0.04008643701672554,0.003942220471799374
0.2773910164833069,0.06644244492053986,0.11721713095903397,0.003226565895602107,0.4739188849925995,0.03549615293741226,0.02630784921348095
0.048390619456768036,0.006895268335938454,0.050599563866853714,0.02351207286119461,0.8215542435646057,0.020068613812327385,0.02897949516773224
0.0014130356721580029,0.0013727686600759625,0.000245999195612967,0.9885713458061218,0.0033022353891283274,0.002921454608440399,0.0021731744054704905
0.05422978103160858,0.01289343275129795,0.014672167599201202,0.0016005038050934672,0.893814742565155,0.0029699949081987143,0.019819311797618866
0.0068465350195765495,0.016154997050762177,0.00922592356801033,0.004295922815799713,0.9403152465820312,0.0024716679472476244,0.02068972773849964
0.00454017473384738,0.003965847659856081,0.0016411659307777882,0.016020068898797035,0.9642173647880554,0.003520217491313815,0.006095123942941427
0.02780117280781269,0.020265933126211166,0.025486361235380173,0.002525103045627475,0.8736986517906189,0.016578461974859238,0.03364437073469162
0.1300281435251236,0.1282932013273239,0.05286408215761185,0.002835652092471719,0.6659170985221863,0.010695726610720158,0.009366035461425781
0.42134296894073486,0.2401154786348343,0.01405942440032959,0.001856722985394299,0.1354479193687439,0.17203208804130554,0.015145363286137581
0.3048750162124634,0.3518465757369995,0.04459279403090477,0.0030874302610754967,0.173932746052742,0.11242217570543289,0.009243258275091648
0.002240729983896017,0.016961393877863884,0.0034399530850350857,0.142642542719841,0.2919820249080658,0.4759324789047241,0.06680083274841309
0.002650897018611431,0.00524660712108016,0.00055397191317752,0.8867211937904358,0.09172219783067703,0.00751873292028904,0.005586400628089905
0.02792784385383129,0.5448184013366699,0.004103891551494598,0.017185797914862633,0.3943820595741272,0.006181244272738695,0.005400751251727343
0.009761647321283817,0.01242204662412405,0.030986465513706207,0.009859981015324593,0.8690962195396423,0.02023955062031746,0.047634053975343704
