anger,disgust,fear,joy,neutral,sadness,surprise
0.00810046773403883,0.10306206345558167,0.005902059841901064,0.26347461342811584,0.5653221011161804,0.025888575240969658,0.028250083327293396
0.14441382884979248,0.23079435527324677,0.009692966006696224,0.0018194852164015174,0.07551301270723343,0.5313982367515564,0.006368050817400217
0.15843534469604492,0.1418720930814743,0.023124217987060547,0.19629700481891632,0.4658028483390808,0.009319770149886608,0.005148714873939753
0.020541012287139893,0.10320039093494415,0.05553817376494408,0.004437396302819252,0.7026979327201843,0.09823186695575714,0.015353172086179256
0.03004862554371357,0.04369199648499489,0.009463653899729252,0.0009379297262057662,0.0340583398938179,0.8739320635795593,0.007867427542805672
0.24553155899047852,0.6584682464599609,0.060981400310993195,0.001074994564987719,0.022322533652186394,0.009677701629698277,0.001943583833053708
0.004875113256275654,0.03945508599281311,0.09990241378545761,0.007197309751063585,0.2814805507659912,0.5273640155792236,0.03972551226615906
0.1320008933544159,0.32967278361320496,0.024351490661501884,0.0021620248444378376,0.40383201837539673,0.09840632975101471,0.009574370458722115
0.5512974858283997,0.34431612491607666,0.004224469885230064,0.0013879595790058374,0.030011888593435287,0.06540099531412125,0.0033611212857067585
0.0032180119305849075,0.010880690068006516,0.00838349387049675,0.003975971601903439,0.04779868200421333,0.911615788936615,0.01412742119282484
0.09203147888183594,0.10639669001102448,0.0014170444337651134,0.030958062037825584,0.13719208538532257,0.6266410946846008,0.005363580770790577
