anger,disgust,fear,joy,neutral,sadness,surprise
0.22799713909626007,0.1773327887058258,0.46467357873916626,0.00349238608032465,0.05728824436664581,0.0655837208032608,0.0036321443039923906
0.06268716603517532,0.0658416897058487,0.7047225832939148,0.003504945198073983,0.12338472902774811,0.03549571707844734,0.004363241605460644
0.4905901551246643,0.0619506910443306,0.17426231503486633,0.00230529997497797,0.1059722751379013,0.16031180322170258,0.004607522394508123
0.7102620601654053,0.07638999819755554,0.048412784934043884,0.0025629461742937565,0.15192049741744995,0.005768436472862959,0.004683361388742924
0.5678878426551819,0.03718770295381546,0.09494143724441528,0.003561333753168583,0.2711571753025055,0.019376376643776894,0.005888113286346197
0.4764939248561859,0.02529197372496128,0.3233530521392822,0.002240436850115657,0.1143895760178566,0.01293793972581625,0.04529302939772606
0.10556366294622421,0.2019730657339096,0.12187442183494568,0.0027468123007565737,0.5283074378967285,0.03375234827399254,0.005782267544418573
0.011156918480992317,0.003955933265388012,0.030562639236450195,0.008213598281145096,0.9161524772644043,0.0068047610111534595,0.023153645917773247
0.013383881188929081,0.004946719389408827,0.8604390025138855,0.0065253498032689095,0.10291238129138947,0.009500967338681221,0.0022917932365089655
0.0791483074426651,0.6668193936347961,0.17836567759513855,0.0019562114030122757,0.05462411791086197,0.015020736493170261,0.004065572749823332
0.015055258758366108,0.015757663175463676,0.005905145779252052,0.007803576532751322,0.93854820728302,0.01202465407550335,0.004905418027192354
0.013116885907948017,0.0118370046839118,0.001764269545674324,0.009213162586092949,0.9554038047790527,0.0026284141931682825,0.006036428268998861
0.4005570113658905,0.44750821590423584,0.0028305959422141314,0.009432249702513218,0.12400064617395401,0.014098018407821655,0.0015731720486655831
0.052174922078847885,0.008369778282940388,0.9213256239891052,0.0007143098628148437,0.008752863854169846,0.004754539579153061,0.003908010199666023
0.07871861755847931,0.04545637220144272,0.4467475414276123,0.004264031071215868,0.3445417284965515,0.04033953323960304,0.03993226960301399
0.15166395902633667,0.07703889161348343,0.10960334539413452,0.23755823075771332,0.16272208094596863,0.07665768265724182,0.1847558617591858
0.03105822019279003,0.02786337584257126,0.002100776880979538,0.5923810005187988,0.32271793484687805,0.019935987889766693,0.0039427317678928375
0.03213495388627052,0.02075766772031784,0.16935545206069946,0.011502252891659737,0.7127955555915833,0.04262193292379379,0.010832114145159721
0.02835611067712307,0.0470007099211216,0.00407212320715189,0.021174335852265358,0.8492738604545593,0.043630026280879974,0.006492763292044401
0.013575895689427853,0.05074753612279892,0.0018040419090539217,0.01018589362502098,0.9160457849502563,0.0023051260504871607,0.005335696507245302
