anger,disgust,fear,joy,neutral,sadness,surprise
0.028966190293431282,0.02543499879539013,0.058668509125709534,0.0522327646613121,0.04852156341075897,0.7634935975074768,0.02268236316740513
0.08423424512147903,0.861152708530426,0.012587502598762512,0.0010265070013701916,0.0223604254424572,0.013518555089831352,0.005120010115206242
0.7959153056144714,0.16622798144817352,0.007781058084219694,0.0009610477136448026,0.0167352594435215,0.011472201906144619,0.0009072675020433962
0.03914325684309006,0.24190585315227509,0.008892041631042957,0.09564926475286484,0.41330769658088684,0.1969616413116455,0.004140256904065609
0.14136816561222076,0.14980459213256836,0.012538731098175049,0.002195520792156458,0.13244041800498962,0.5518523454666138,0.009800187312066555
0.36913782358169556,0.4626801311969757,0.06495089828968048,0.0009309906745329499,0.009513637982308865,0.08969422429800034,0.003092369996011257
0.12841710448265076,0.3032078444957733,0.009573815390467644,0.0018762226682156324,0.4202203154563904,0.11556930840015411,0.021135294809937477
0.06029995158314705,0.13224512338638306,0.04155450314283371,0.01024733018130064,0.6392835378646851,0.10873280465602875,0.007636772468686104
0.9160280227661133,0.04235753044486046,0.005619467236101627,0.001239511533640325,0.02408851869404316,0.007840034551918507,0.00282681523822248
0.10825864970684052,0.036398403346538544,0.011564800515770912,0.04719214141368866,0.7749991416931152,0.018128881230950356,0.003457952756434679
