anger,disgust,fear,joy,neutral,sadness,surprise
0.0042066858150064945,0.003629557555541396,0.0011966602178290486,0.28005313873291016,0.5622314214706421,0.06495897471904755,0.08372360467910767
0.30745238065719604,0.05206259712576866,0.004821541719138622,0.045311179012060165,0.5521796941757202,0.004839341156184673,0.03333331644535065
0.15498988330364227,0.051239751279354095,0.05167444422841072,0.04325970634818077,0.592714786529541,0.017668895423412323,0.08845257759094238
0.01587507128715515,0.025717834010720253,0.0011716600274667144,0.1093684732913971,0.7906191945075989,0.05064243823289871,0.0066053979098796844
0.012313188053667545,0.04128410294651985,0.018188683316111565,0.01997940056025982,0.892404317855835,0.008757456205785275,0.007072834763675928
0.016641106456518173,0.2782439887523651,0.01624574139714241,0.022347059100866318,0.45288634300231934,0.0188037920743227,0.1948319524526596
0.025304684415459633,0.030422860756516457,0.006649975199252367,0.14410582184791565,0.5812438130378723,0.17987073957920074,0.03240211680531502
0.006478369235992432,0.9798830151557922,0.0028274585492908955,0.0015629077097401023,0.005436844192445278,0.0032290297094732523,0.0005824416293762624
0.036411039531230927,0.8086864948272705,0.011464370414614677,0.010262041352689266,0.12251182645559311,0.003616460831835866,0.007047804072499275
0.12628281116485596,0.10236933827400208,0.011107395403087139,0.11740914732217789,0.6086286902427673,0.012447142042219639,0.021755535155534744
0.006603142246603966,0.008866900578141212,0.00263679469935596,0.6557120084762573,0.29568979144096375,0.008385147899389267,0.02210630662739277
