anger,disgust,fear,joy,neutral,sadness,surprise
0.09136565774679184,0.347084105014801,0.16040746867656708,0.008652097545564175,0.3033459782600403,0.07856480777263641,0.010579800233244896
0.3240344524383545,0.40120476484298706,0.18100830912590027,0.002032084157690406,0.04049448296427727,0.048898711800575256,0.0023271646350622177
0.02432243339717388,0.23858492076396942,0.08876919001340866,0.09492890536785126,0.5234626531600952,0.028200555592775345,0.0017313386779278517
0.021465016528964043,0.006540041416883469,0.007650339510291815,0.31719693541526794,0.5739350318908691,0.05687901750206947,0.016333622857928276
0.005334106739610434,0.004013841040432453,0.9373571872711182,0.001958491513505578,0.04215536266565323,0.004905536770820618,0.004275434650480747
0.006433242931962013,0.0020495248027145863,0.001327396254055202,0.7987699508666992,0.11538394540548325,0.0073192063719034195,0.06871674209833145
0.02916180156171322,0.01864508166909218,0.0011244259076192975,0.17334342002868652,0.6935498118400574,0.007393604144454002,0.07678184658288956
0.3629225790500641,0.323720246553421,0.011886694468557835,0.0028812724631279707,0.07767878472805023,0.21613578498363495,0.004774550441652536
0.027336187660694122,0.8001721501350403,0.004736054223030806,0.012240682728588581,0.07107451558113098,0.08356086909770966,0.000879533588886261
0.05568728223443031,0.049273476004600525,0.003464767476543784,0.004234223626554012,0.09426309168338776,0.7894273996353149,0.00364975119009614
0.09083767980337143,0.8841543197631836,0.006591250654309988,0.0008814529865048826,0.011402341537177563,0.004495864734053612,0.0016371486708521843
0.0026115740183740854,0.0023039663210511208,0.9824042916297913,0.0008659403538331389,0.007469964679330587,0.002753492444753647,0.001590742263942957
0.5585500001907349,0.20805197954177856,0.050013236701488495,0.0008551988867111504,0.0580325610935688,0.12005982547998428,0.004437187686562538
0.008038602769374847,0.004244688432663679,0.953309178352356,0.0013282536529004574,0.02699618972837925,0.0037437528371810913,0.0023393838200718164
0.09698906540870667,0.04546906799077988,0.05184099078178406,0.010665393434464931,0.40536683797836304,0.17483417689800262,0.2148345559835434
0.008409031666815281,0.00991419143974781,0.014898670837283134,0.004686878994107246,0.8977048993110657,0.018567826598882675,0.045818500220775604
0.8730899691581726,0.05506138503551483,0.0014951314078643918,0.001777100027538836,0.03327329456806183,0.03351782634854317,0.0017854355974122882
0.004245332907885313,0.007098079193383455,0.9776878952980042,0.0009170107077807188,0.004752106964588165,0.004242543131113052,0.0010570555459707975
