anger,disgust,fear,joy,neutral,sadness,surprise
0.01708979718387127,0.015067676082253456,0.017924141138792038,0.0065534282475709915,0.8917751908302307,0.030799662694334984,0.020790228620171547
0.055093176662921906,0.02961783856153488,0.031239667907357216,0.035744842141866684,0.7423704862594604,0.09831790626049042,0.007616048213094473
0.9041165113449097,0.007006858009845018,0.0561712272465229,0.0020810707937926054,0.009899165481328964,0.01864529587328434,0.0020799061749130487
0.00800678227096796,0.0043052309192717075,0.004163374193012714,0.12885801494121552,0.8185441493988037,0.017228810116648674,0.01889372058212757
0.15902812778949738,0.5132394433021545,0.012292666360735893,0.014843868091702461,0.2770448327064514,0.021733427420258522,0.0018175920704379678
0.5513045787811279,0.17007727921009064,0.013365174643695354,0.005825296975672245,0.12857580184936523,0.11600354313850403,0.014848419465124607
0.11753588169813156,0.7596786618232727,0.11453132331371307,0.0007287195767275989,0.001564251957461238,0.004623280838131905,0.0013378883013501763
0.15512484312057495,0.1830102950334549,0.004507998004555702,0.018515828996896744,0.515343427658081,0.1178552657365799,0.005642405245453119
0.18176600337028503,0.2051330953836441,0.5267841219902039,0.0019801179878413677,0.01378267165273428,0.06681904941797256,0.003734900848940015
0.04903996363282204,0.01254863478243351,0.4894997477531433,0.01931392215192318,0.16999638080596924,0.025917405262589455,0.2336840033531189
0.0119241988286376,0.8839097023010254,0.005580301396548748,0.001494480879046023,0.07250040769577026,0.012750173918902874,0.011840702965855598
0.014823904260993004,0.008258719928562641,0.9334579706192017,0.00194648711476475,0.011616329662501812,0.028583362698554993,0.0013132349122315645
0.09403794258832932,0.11362525820732117,0.1204705536365509,0.010262252762913704,0.6274745464324951,0.0068606059066951275,0.027268938720226288
0.3980780839920044,0.1259152591228485,0.16731344163417816,0.0035788421519100666,0.2736981213092804,0.021580900996923447,0.009835337288677692
0.018618253991007805,0.015150675550103188,0.010700348764657974,0.15719272196292877,0.6753789782524109,0.11455848067998886,0.008400525897741318
0.04390493407845497,0.8909358978271484,0.012086327187716961,0.0007820498431101441,0.04352106153964996,0.005002839956432581,0.003766835667192936
0.023758625611662865,0.005208421498537064,0.010950344614684582,0.0018412871286273003,0.021430278196930885,0.9106574654579163,0.026153601706027985
0.09258372336626053,0.013096111826598644,0.02788989432156086,0.002935798140242696,0.05793095752596855,0.7997130155563354,0.005850509740412235
0.02041138894855976,0.9574849605560303,0.004444833844900131,0.0007878050091676414,0.013640874065458775,0.0021162275224924088,0.0011138729751110077
