anger,disgust,fear,joy,neutral,sadness,surprise
0.061248984187841415,0.12644170224666595,0.77251136302948,0.00420147692784667,0.026941832154989243,0.004565560258924961,0.004089131951332092
0.008455141447484493,0.18236377835273743,0.017670495435595512,0.06808942556381226,0.5771586298942566,0.017897870391607285,0.128364697098732
0.026142394170165062,0.005589576438069344,0.8955019116401672,0.0036229919642210007,0.017159366980195045,0.0038089421577751637,0.0481749065220356
0.23857921361923218,0.004365917295217514,0.48426780104637146,0.005242754239588976,0.007116761524230242,0.2481592446565628,0.012268401682376862
0.003045393154025078,0.03166056051850319,0.06356065720319748,0.021402154117822647,0.1369936466217041,0.7102454304695129,0.033092159777879715
0.004811312071979046,0.00726226344704628,0.0038903530221432447,0.0023583269212394953,0.964195728302002,0.00471877958625555,0.01276311744004488
0.03786468505859375,0.07065951824188232,0.0347864143550396,0.015076961368322372,0.7331361770629883,0.014563621021807194,0.09391268342733383
0.14235875010490417,0.8210376501083374,0.0056570470333099365,0.0006643827655352652,0.013364537619054317,0.015345065854489803,0.0015725017292425036
0.004963807761669159,0.004289394244551659,0.0021229546982795,0.006581949070096016,0.9709751605987549,0.0071485466323792934,0.003918164409697056
0.6175629496574402,0.09747733175754547,0.15124168992042542,0.005084922071546316,0.10924986004829407,0.013226151466369629,0.0061571053229272366
0.09115278720855713,0.08035192638635635,0.250038743019104,0.006876799743622541,0.5272735953330994,0.02273491770029068,0.02157123014330864
0.09596019983291626,0.015183263458311558,0.11694417893886566,0.01135011576116085,0.7238280177116394,0.013073263689875603,0.023661063984036446
0.2677115499973297,0.3441534638404846,0.05955855920910835,0.010802481323480606,0.2529689371585846,0.050795651972293854,0.0140093844383955
0.42521658539772034,0.4667578339576721,0.050627388060092926,0.001366162789054215,0.021454600617289543,0.030926084145903587,0.0036513423547148705
0.09608960151672363,0.505233883857727,0.07330731302499771,0.022609369829297066,0.2515888810157776,0.03710012882947922,0.01407074648886919
0.6341050267219543,0.07462812215089798,0.2612464129924774,0.0017765037482604384,0.021275624632835388,0.0027436395175755024,0.0042247045785188675
0.8810103535652161,0.03569617494940758,0.004289426375180483,0.0009669570717960596,0.06665816158056259,0.008711440488696098,0.0026673979591578245
0.01268957182765007,0.016247408464550972,0.07414454221725464,0.003700090339407325,0.8514145612716675,0.021724339574575424,0.02007942646741867
0.040877632796764374,0.007794322445988655,0.16470028460025787,0.00701236492022872,0.7232154011726379,0.01658700779080391,0.03981298580765724
0.17649175226688385,0.09979274868965149,0.007877512834966183,0.013774389401078224,0.3851744830608368,0.027699897065758705,0.2891892194747925
0.022048713639378548,0.008953330107033253,0.9128304719924927,0.0013115250039845705,0.025130964815616608,0.005261230748146772,0.02446385845541954
0.18678250908851624,0.06600406765937805,0.6684931516647339,0.0021314576733857393,0.04559943452477455,0.021892951801419258,0.009096422232687473
0.024397311732172966,0.05630739405751228,0.0022022523917257786,0.569632887840271,0.3220598101615906,0.018287625163793564,0.007112754508852959
0.9339069128036499,0.017604535445570946,0.007997199892997742,0.0016316395485773683,0.021595759317278862,0.0029477260541170835,0.014316163957118988
0.003614649176597595,0.003989885561168194,0.000728376442566514,0.7679771184921265,0.18264563381671906,0.006940097082406282,0.03410417586565018
0.021881554275751114,0.03434151038527489,0.05286525562405586,0.014717970974743366,0.71996009349823,0.02779153175652027,0.12844203412532806
