anger,disgust,fear,joy,neutral,sadness,surprise
0.0012019104324281216,0.0023144131992012262,0.9823567867279053,0.0011961519485339522,0.00844393577426672,0.002989900531247258,0.001496806275099516
0.03890671208500862,0.19343535602092743,0.035889264196157455,0.0030353309120982885,0.6402575969696045,0.03128604218363762,0.057189732789993286
0.029752681031823158,0.36414042115211487,0.06828586757183075,0.003563242731615901,0.4295538663864136,0.10046840459108353,0.004235654138028622
0.0033553321845829487,0.006904060486704111,0.9736719131469727,0.0009303036495111883,0.00953751802444458,0.003967231139540672,0.0016336675034835935
0.008891717530786991,0.02042468450963497,0.001299256575293839,0.005474800243973732,0.9493275880813599,0.007077742367982864,0.007504092529416084
0.021636949852108955,0.09264232218265533,0.00496316235512495,0.0024958050344139338,0.811479926109314,0.030737755820155144,0.036044102162122726
0.0031811543740332127,0.004783832002431154,0.005347823724150658,0.0012343489797785878,0.011059421114623547,0.0011206836206838489,0.9732728004455566
0.6935212016105652,0.08021463453769684,0.01760822907090187,0.006008577533066273,0.18981145322322845,0.011090767569839954,0.0017451605526730418
0.09460467100143433,0.07921204715967178,0.3456818163394928,0.005718145053833723,0.2667545974254608,0.20176996290683746,0.006258766166865826
0.00925181619822979,0.21696355938911438,0.10749528557062149,0.0038442672230303288,0.1587778776884079,0.4551888406276703,0.04847830906510353
0.007763700559735298,0.02321496605873108,0.49463605880737305,0.0553630068898201,0.3767842948436737,0.03467362001538277,0.007564334198832512
0.017473949119448662,0.3919401168823242,0.016773903742432594,0.0060204085893929005,0.1865760236978531,0.3750508725643158,0.0061647831462323666
0.28549590706825256,0.4265706241130829,0.007178748957812786,0.002523927018046379,0.2597333788871765,0.01650158502161503,0.001995714846998453
0.05771804228425026,0.5167877674102783,0.13902851939201355,0.0027126241475343704,0.18450431525707245,0.0851367712020874,0.014111984521150589
0.008271812461316586,0.04943958297371864,0.0025067005772143602,0.18763773143291473,0.7288997173309326,0.009426898322999477,0.013817614875733852
0.09973578155040741,0.5191057324409485,0.004843747243285179,0.00897422805428505,0.11962031573057175,0.22486954927444458,0.022850651293992996
0.05239545553922653,0.6606959700584412,0.1152040883898735,0.001575412810780108,0.05872074142098427,0.10869745910167694,0.002710982458665967
0.058429449796676636,0.9118920564651489,0.00570025434717536,0.0005315580638125539,0.016901174560189247,0.003936834633350372,0.002608780050650239
0.36247822642326355,0.34713730216026306,0.044549133628606796,0.003524655941873789,0.21760745346546173,0.02274060994386673,0.0019626712892204523
0.43123579025268555,0.27133727073669434,0.008793297223746777,0.0016967887058854103,0.09361962229013443,0.1722981482744217,0.021019065752625465
0.001976520987227559,0.0013416735455393791,0.9783944487571716,0.0012164120562374592,0.009136578999459743,0.005427774507552385,0.0025065187364816666
0.016463059931993484,0.41270938515663147,0.09118513017892838,0.002093277173116803,0.12564368546009064,0.3454480767250061,0.006457470823079348
0.039955075830221176,0.17322780191898346,0.016579754650592804,0.0028650248423218727,0.06174936518073082,0.7038017511367798,0.0018212267896160483
0.9494692087173462,0.00452111242339015,0.02381608635187149,0.0006672508316114545,0.014079227112233639,0.003889633808284998,0.0035575360525399446
0.020284324884414673,0.01610499434173107,0.0020749622490257025,0.12734857201576233,0.751265823841095,0.06455830484628677,0.018363021314144135
