anger,disgust,fear,joy,neutral,sadness,surprise
0.009960704483091831,0.03382141515612602,0.018444716930389404,0.29353195428848267,0.5525985360145569,0.04137526825070381,0.05026742443442345
0.0054465304128825665,0.0059359571896493435,0.001650163671001792,0.35172808170318604,0.604101836681366,0.013086636550724506,0.018050726503133774
0.006721342448145151,0.014385631307959557,0.0014102376298978925,0.7847168445587158,0.15596717596054077,0.013231928460299969,0.02356679178774357
0.00523293437436223,0.00500411307439208,0.0024808242451399565,0.11632335931062698,0.8338084816932678,0.015193470753729343,0.02195681631565094
0.009123122319579124,0.11685948073863983,0.007284173276275396,0.15126118063926697,0.6434692144393921,0.05054619535803795,0.02145659551024437
0.006151393987238407,0.006051383446902037,0.0012642120709642768,0.008903932757675648,0.09974129498004913,0.0025492936838418245,0.8753384947776794
0.015511944890022278,0.03243223950266838,0.03443023934960365,0.0021046807523816824,0.819074809551239,0.032642997801303864,0.06380310654640198
0.01695713773369789,0.026114994660019875,0.01809961348772049,0.01140559185296297,0.873684823513031,0.01814989559352398,0.03558790311217308
0.019072426483035088,0.04342624917626381,0.2672194540500641,0.02480745129287243,0.22510355710983276,0.00820248294621706,0.41216841340065
0.03796229884028435,0.30118659138679504,0.037033308297395706,0.016637111082673073,0.5239149332046509,0.07198922336101532,0.011276544071733952
0.02231859229505062,0.030682576820254326,0.0009213979938067496,0.1090293601155281,0.8219289183616638,0.006393525283783674,0.0087256645783782
0.048346344381570816,0.058180030435323715,0.0035267185885459185,0.23948924243450165,0.6320228576660156,0.008978628553450108,0.009456133469939232
0.040680889040231705,0.312820166349411,0.039744194597005844,0.027517050504684448,0.3924327790737152,0.12351037561893463,0.06329461187124252
0.18766869604587555,0.13297420740127563,0.007779889740049839,0.040598995983600616,0.4522241950035095,0.17681282758712769,0.0019410912645980716
0.11031689494848251,0.05653419345617294,0.07661104202270508,0.005272801499813795,0.7160215973854065,0.030073214322328568,0.005170324817299843
0.006342291831970215,0.017589028924703598,0.0012665290851145983,0.5233781337738037,0.41529691219329834,0.022869929671287537,0.013257293961942196
0.023200327530503273,0.012326019816100597,0.014825547114014626,0.1433483511209488,0.22657550871372223,0.5747491717338562,0.004975144285708666
0.002369783353060484,0.002695648930966854,0.0008358555496670306,0.7814810276031494,0.10298604518175125,0.07688851654529572,0.032743193209171295
0.15081903338432312,0.7102259397506714,0.04259490594267845,0.0036918458063155413,0.07636725902557373,0.014338877983391285,0.001962134847417474
0.1844325214624405,0.15871573984622955,0.013481272384524345,0.005920743569731712,0.5689839124679565,0.06595585495233536,0.002509961137548089
0.04077744111418724,0.08978407829999924,0.005402082577347755,0.09269948303699493,0.7340571284294128,0.015318655408918858,0.021961253136396408
0.024015193805098534,0.06017044931650162,0.03420579060912132,0.065708227455616,0.7805063724517822,0.02864883840084076,0.006745141465216875
0.04511425271630287,0.28101789951324463,0.014176898635923862,0.1415480077266693,0.48191606998443604,0.02758086659014225,0.008645904250442982
0.0664321705698967,0.04149973765015602,0.00502008106559515,0.03585965931415558,0.5066209435462952,0.3385781943798065,0.005989280063658953
0.009203850291669369,0.00799611583352089,0.008869144134223461,0.0008544218144379556,0.01059845183044672,0.954912006855011,0.007566026411950588
0.014902064576745033,0.053379129618406296,0.0021970723755657673,0.08849051594734192,0.813983678817749,0.017198903486132622,0.009848672896623611
0.0049301073886454105,0.042569953948259354,0.007165015209466219,0.09446760267019272,0.8122895359992981,0.027375342324376106,0.01120251975953579
