anger,disgust,fear,joy,neutral,sadness,surprise
0.005234393756836653,0.009798482060432434,0.0011945465812459588,0.20696572959423065,0.11975613236427307,0.6323299407958984,0.024720726534724236
0.025668909773230553,0.41762396693229675,0.011847095564007759,0.3343484401702881,0.1722431182861328,0.03461407124996185,0.003654339350759983
0.02739221416413784,0.04195339232683182,0.014304345473647118,0.1534259170293808,0.7166757583618164,0.020047767087817192,0.026200605556368828
0.0009449090575799346,0.001122063840739429,0.0020042622927576303,0.0008117462857626379,0.008342002518475056,0.9839312434196472,0.0028438426088541746
0.00529593788087368,0.002462480217218399,0.0017325018998235464,0.07380302995443344,0.43625199794769287,0.03351595252752304,0.44693809747695923
0.020368028432130814,0.02694888226687908,0.012861884199082851,0.07114242017269135,0.7940722703933716,0.008206515572965145,0.0663999617099762
0.006505350116640329,0.01787741854786873,0.11226728558540344,0.04787062108516693,0.5758064985275269,0.004143476020544767,0.2355293482542038
0.035067662596702576,0.32457470893859863,0.07656598091125488,0.0024661386851221323,0.48011085391044617,0.06529361754655838,0.01592107117176056
0.03158664330840111,0.10168609768152237,0.03817785158753395,0.035807572305202484,0.27807408571243286,0.5094659328460693,0.005201820284128189
0.04992665350437164,0.9237498044967651,0.0032530503813177347,0.0011306852102279663,0.011779786087572575,0.008899357169866562,0.0012606410309672356
0.022933294996619225,0.3727148175239563,0.33145061135292053,0.003510486101731658,0.042246002703905106,0.20668795704841614,0.020456848666071892
0.0116779375821352,0.018998274579644203,0.005255632568150759,0.7164742946624756,0.19494736194610596,0.01382681354880333,0.038819678127765656
0.004069686401635408,0.006736065726727247,0.0008698796154931188,0.03421448543667793,0.9227495193481445,0.01610778458416462,0.015252565033733845
0.09759911149740219,0.06201853230595589,0.0033272861037403345,0.012378943152725697,0.8097127676010132,0.008449885062873363,0.006513426546007395
0.022789062932133675,0.15805010497570038,0.0020934329368174076,0.6552712321281433,0.13962575793266296,0.015323113650083542,0.006847328506410122
0.009477784857153893,0.07641817629337311,0.030904894694685936,0.04140615463256836,0.7441498041152954,0.08589199185371399,0.01175116840749979
0.8851152658462524,0.047275859862565994,0.004780178423970938,0.0011684473138302565,0.049900416284799576,0.007704449351876974,0.004055476281791925
0.13179272413253784,0.11491694301366806,0.01842430979013443,0.00710764154791832,0.6576566696166992,0.0664953738451004,0.0036063685547560453
0.012773021124303341,0.0517050176858902,0.012725213542580605,0.004263272508978844,0.894660234451294,0.017652204260230064,0.006221093703061342
0.03411221504211426,0.025297997519373894,0.0020562540739774704,0.03205898031592369,0.7650359272956848,0.034667905420064926,0.10677076876163483
0.005888379644602537,0.020893961191177368,0.01926257088780403,0.014073165133595467,0.29167985916137695,0.639964759349823,0.008237316273152828
0.005625137593597174,0.01281680352985859,0.013664718717336655,0.011891092173755169,0.9142314791679382,0.0042787338607013226,0.03749202936887741
0.6835857033729553,0.2300245761871338,0.008718181401491165,0.002164308913052082,0.06559815257787704,0.008420323953032494,0.0014887829311192036
0.021973296999931335,0.17717817425727844,0.012150239199399948,0.012824652716517448,0.6464928984642029,0.05589672178030014,0.07348407059907913
