anger,disgust,fear,joy,neutral,sadness,surprise
0.007834228686988354,0.0024149541277438402,0.014277162961661816,0.7626630663871765,0.09184335172176361,0.08812596648931503,0.032841332256793976
0.08040627837181091,0.2629333734512329,0.0028735261876136065,0.010353592224419117,0.6165808439254761,0.020287487655878067,0.006564933806657791
0.003080813679844141,0.002694442868232727,0.0013759086141362786,0.9308310747146606,0.042737290263175964,0.005194440018385649,0.014085918664932251
0.05366663262248039,0.6656442284584045,0.003393134567886591,0.015406719408929348,0.19644929468631744,0.057720113545656204,0.007719844114035368
0.06250900030136108,0.006397336255759001,0.0778321847319603,0.005128343589603901,0.05576861649751663,0.19069762527942657,0.6016668677330017
0.06848948448896408,0.028542252257466316,0.03546599671244621,0.002072420669719577,0.03671339526772499,0.8217653036117554,0.006951216142624617
0.20499171316623688,0.3445967137813568,0.046964503824710846,0.005804683081805706,0.34385931491851807,0.03278560936450958,0.020997492596507072
0.009445445612072945,0.056399304419755936,0.003103253897279501,0.004022127483040094,0.8624421954154968,0.02896025776863098,0.03562742471694946
0.925908088684082,0.03138391673564911,0.013352666050195694,0.0008939420804381371,0.021085459738969803,0.003951267804950476,0.003424657741561532
0.9445331692695618,0.02168259769678116,0.005629972089082003,0.001380596891976893,0.012509284541010857,0.012993767857551575,0.0012705216649919748
0.6535313129425049,0.12119028717279434,0.04166446626186371,0.0026406224351376295,0.10753447562456131,0.0669947937130928,0.00644401041790843
0.21912439167499542,0.2485279142856598,0.07988648116588593,0.011839048936963081,0.39651283621788025,0.03310125321149826,0.011008116416633129
0.3124937415122986,0.06776828318834305,0.13546065986156464,0.003744974499568343,0.14818109571933746,0.32631435990333557,0.0060368068516254425
0.016268474981188774,0.008245913311839104,0.0009775193175300956,0.6761606335639954,0.2855271100997925,0.00572498794645071,0.007095285691320896
0.004608789458870888,0.0029366533271968365,0.0010234509827569127,0.7774059176445007,0.1751357465982437,0.008842375129461288,0.03004705160856247
0.009998771362006664,0.01048070564866066,0.012110876850783825,0.829308807849884,0.044829484075307846,0.04873112589120865,0.04454033449292183
0.062453608959913254,0.4962187111377716,0.11519811302423477,0.0038661141879856586,0.30300062894821167,0.017251260578632355,0.002011570381000638
0.012059764936566353,0.07570993900299072,0.008005032315850258,0.2457561045885086,0.4856976866722107,0.16596390306949615,0.006807622965425253
