anger,disgust,fear,joy,neutral,sadness,surprise
0.24270060658454895,0.01427658274769783,0.09113378822803497,0.00836743600666523,0.0670345351099968,0.5705546140670776,0.005932447500526905
0.007169343065470457,0.0040070549584925175,0.0022922027856111526,0.7264653444290161,0.174838125705719,0.04878520220518112,0.03644273057579994
0.8071755766868591,0.12422161549329758,0.036798086017370224,0.0016796315321698785,0.018532047048211098,0.009341703727841377,0.002251227153465152
0.15499259531497955,0.02382509410381317,0.6121382117271423,0.005474012810736895,0.13496147096157074,0.042581066489219666,0.02602759562432766
0.004904767498373985,0.002273455960676074,0.3320208191871643,0.23380114138126373,0.03358657285571098,0.36020201444625854,0.033211223781108856
0.009535592049360275,0.46554288268089294,0.4978281259536743,0.0017479500966146588,0.012808622792363167,0.006668902933597565,0.0058679101057350636
0.013100013136863708,0.011540894396603107,0.009289275854825974,0.1157236248254776,0.8032090067863464,0.03715498000383377,0.009982255287468433
0.013777839951217175,0.005947532597929239,0.024844873696565628,0.11122418940067291,0.8027645945549011,0.026934226974844933,0.014506787061691284
0.49661558866500854,0.3752007484436035,0.052629273384809494,0.0023301756009459496,0.04523557424545288,0.023933229967951775,0.00405539246276021
0.6123378872871399,0.08754067122936249,0.0608898364007473,0.005333723966032267,0.20568111538887024,0.012020871974527836,0.01619584485888481
0.007882480509579182,0.002005950780585408,0.005960898939520121,0.06958603858947754,0.6797187924385071,0.03806474059820175,0.19678109884262085
0.14947302639484406,0.028617754578590393,0.47536179423332214,0.0058594197034835815,0.19375275075435638,0.13848617672920227,0.008449033834040165
0.062043119221925735,0.001321862218901515,0.9225562214851379,0.00157815997954458,0.004307673778384924,0.005433077458292246,0.0027598992455750704
0.14773152768611908,0.012470807880163193,0.09108370542526245,0.013187391683459282,0.7050022482872009,0.01024913601577282,0.020275240764021873
0.9329851865768433,0.016426285728812218,0.03243822604417801,0.0007701401482336223,0.009320112876594067,0.004997973330318928,0.0030619874596595764
0.7431146502494812,0.05946013703942299,0.11020397394895554,0.0015714602777734399,0.05717266723513603,0.01611574925482273,0.012361519038677216
0.003290219698101282,0.008657822385430336,0.00886008981615305,0.09943580627441406,0.39211246371269226,0.4375269412994385,0.05011671409010887
0.8078728914260864,0.13817913830280304,0.011309176683425903,0.0007623498095199466,0.027772819623351097,0.012006761506199837,0.00209682690910995
0.03059815987944603,0.012980523519217968,0.3287486433982849,0.007470003794878721,0.44844284653663635,0.06995058059692383,0.10180915147066116
0.38902610540390015,0.3886210024356842,0.077583447098732,0.0031891651451587677,0.10983923822641373,0.01584339328110218,0.01589769497513771
0.6563377380371094,0.10743950307369232,0.1616135984659195,0.0014967267634347081,0.04053698480129242,0.021002504974603653,0.011572852730751038
0.0036900020204484463,0.012833517976105213,0.0031488649547100067,0.7804605960845947,0.167357936501503,0.026728052645921707,0.005781059619039297
