anger,disgust,fear,joy,neutral,sadness,surprise
0.0046569667756557465,0.0026463696267455816,0.009087125770747662,0.018884699791669846,0.8612728714942932,0.01970670372247696,0.0837453231215477
0.05706506222486496,0.8228021860122681,0.011958863586187363,0.0013599981321021914,0.09917479008436203,0.003494178643450141,0.004144913516938686
0.01398393977433443,0.006100556347519159,0.03185741603374481,0.14131176471710205,0.568183958530426,0.15549719333648682,0.0830652192234993
0.0335724800825119,0.005406592041254044,0.20083847641944885,0.02996702678501606,0.4686022400856018,0.0355970524251461,0.22601604461669922
0.0031613309402018785,0.003922488074749708,0.0009326042491011322,0.02623000182211399,0.8675639033317566,0.005908771883696318,0.09228088706731796
0.019166652113199234,0.031095260754227638,0.016354797407984734,0.005805026274174452,0.8900624513626099,0.021068638190627098,0.01644722931087017
0.026965651661157608,0.019456643611192703,0.0072327107191085815,0.5525259375572205,0.30902254581451416,0.005328582599759102,0.07946784049272537
0.006436262745410204,0.8737970590591431,0.05096088722348213,0.0022144950926303864,0.025223739445209503,0.005603778641670942,0.03576376661658287
0.0031728390604257584,0.015621943399310112,0.0023744290228933096,0.11166588962078094,0.8415241241455078,0.0034234633203595877,0.022217344492673874
0.05364840850234032,0.9025042057037354,0.012219047173857689,0.002702015684917569,0.020301183685660362,0.00742122670635581,0.0012038415297865868
0.758438766002655,0.13645906746387482,0.005944407545030117,0.002121137222275138,0.06967797130346298,0.025065314024686813,0.00229333876632154
0.19559912383556366,0.0328531414270401,0.12605707347393036,0.005655668675899506,0.48933151364326477,0.11053266376256943,0.03997078537940979
0.014643155038356781,0.03990485891699791,0.013157650828361511,0.06862293928861618,0.5056270360946655,0.35206013917922974,0.005984203889966011
0.6367454528808594,0.14799346029758453,0.09655395895242691,0.00910237431526184,0.06251214444637299,0.039217233657836914,0.007875490933656693
0.0074730245396494865,0.9814037084579468,0.0013142585521563888,0.00048624188639223576,0.006921113934367895,0.0015857791295275092,0.0008157370029948652
0.023012740537524223,0.04696988686919212,0.014288566075265408,0.010359841398894787,0.87103271484375,0.003223969368264079,0.031112220138311386
0.00803771149367094,0.029118623584508896,0.4107908606529236,0.006573725491762161,0.5157439708709717,0.015339508652687073,0.014395596459507942
0.034473568201065063,0.2349625676870346,0.004024808295071125,0.02001371420919895,0.6435521841049194,0.05258289724588394,0.010390317998826504
0.1015935093164444,0.7083383202552795,0.0033409027382731438,0.011656902730464935,0.15227076411247253,0.019132668152451515,0.0036668693646788597
0.027678586542606354,0.04211948439478874,0.01936008781194687,0.020832551643252373,0.8390024900436401,0.0337434746325016,0.017263289541006088
