anger,disgust,fear,joy,neutral,sadness,surprise
0.0069883838295936584,0.01658773422241211,0.00683515565469861,0.013644039630889893,0.9309722185134888,0.009057082235813141,0.015915388241410255
0.17241480946540833,0.7518132328987122,0.004096319433301687,0.003662044880911708,0.018183378502726555,0.047585055232048035,0.002245275303721428
0.24210548400878906,0.40037015080451965,0.008918429724872112,0.002716782269999385,0.14862293004989624,0.19524873793125153,0.0020174540113657713
0.11915168166160583,0.746330976486206,0.005504789762198925,0.0011018554214388132,0.06437481939792633,0.0551835298538208,0.008352198638021946
0.2739212214946747,0.6754433512687683,0.00457340432330966,0.0012539400486275554,0.03094559907913208,0.012574774213135242,0.001287753926590085
0.5306389927864075,0.36918437480926514,0.0216094758361578,0.0011641094461083412,0.04136696830391884,0.033907659351825714,0.0021284190006554127
0.6302345395088196,0.2603161036968231,0.006201240699738264,0.0015068022767081857,0.06064867973327637,0.039551474153995514,0.0015412021894007921
0.009746825322508812,0.9789103865623474,0.004577180370688438,0.0009674119646660984,0.0035972660407423973,0.0015591452829539776,0.0006418536650016904
0.07481170445680618,0.8670996427536011,0.00855986401438713,0.001167136593721807,0.0223663542419672,0.024656426161527634,0.0013390204403549433
0.30441606044769287,0.11832782626152039,0.01798308454453945,0.002385176019743085,0.22751498222351074,0.3096626102924347,0.0197102352976799
0.5892181992530823,0.287008136510849,0.02475799061357975,0.0012032671365886927,0.02978796698153019,0.06486280262470245,0.0031615907792001963
0.16236738860607147,0.797407865524292,0.007871224544942379,0.0012548364466056228,0.012882102280855179,0.01731046289205551,0.0009061270975507796
0.16774454712867737,0.31026560068130493,0.074531190097332,0.012487605214118958,0.4133581221103668,0.016100334003567696,0.005512702278792858
0.011588760651648045,0.011374837718904018,0.3451422154903412,0.0631176307797432,0.4309506118297577,0.10381505638360977,0.03401075676083565
0.03540714830160141,0.11935407668352127,0.41110023856163025,0.0075606671161949635,0.2202497124671936,0.17112164199352264,0.03520648553967476
0.29576101899147034,0.5123069882392883,0.018287435173988342,0.0055516730062663555,0.15040439367294312,0.01255871169269085,0.005129767116159201
0.04967992380261421,0.023602647706866264,0.5191425681114197,0.0056609646417200565,0.3557164669036865,0.02481280453503132,0.021384691819548607
0.10631465166807175,0.4908623695373535,0.037314411252737045,0.0036550096701830626,0.2673742473125458,0.08431925624608994,0.010159970261156559
0.1701551377773285,0.31359735131263733,0.03760161250829697,0.0015075731789693236,0.09035283327102661,0.3752864599227905,0.011499041691422462
