anger,disgust,fear,joy,neutral,sadness,surprise
0.03146912902593613,0.04365351051092148,0.014255846850574017,0.39966124296188354,0.43134504556655884,0.022898880764842033,0.056716322898864746
0.004899985622614622,0.0017090049805119634,0.0013202432310208678,0.923534095287323,0.05914672091603279,0.004467085935175419,0.004922910127788782
0.006539203226566315,0.0033085825853049755,0.004346528556197882,0.6689811944961548,0.2457295060157776,0.06569036096334457,0.005404653027653694
0.11548207700252533,0.392875999212265,0.11257332563400269,0.033718425780534744,0.24966171383857727,0.08488547056913376,0.010802960954606533
0.0321437232196331,0.5426610708236694,0.03133748844265938,0.06228886544704437,0.26916107535362244,0.02614619955420494,0.03626156970858574
0.11276838928461075,0.6429041624069214,0.1901044100522995,0.004500378854572773,0.031712308526039124,0.013325825333595276,0.004684538580477238
0.04167201370000839,0.19948869943618774,0.06038311868906021,0.5380789041519165,0.12517261505126953,0.027719471603631973,0.007485212292522192
0.4284261167049408,0.5111411809921265,0.0027534854598343372,0.002088197972625494,0.039256930351257324,0.011946297250688076,0.004387768916785717
0.10837938636541367,0.8528903126716614,0.009795702993869781,0.000903048668988049,0.018137462437152863,0.007715990766882896,0.0021780405659228563
0.008674411103129387,0.07243195176124573,0.01155068539083004,0.0015015627723187208,0.03045990690588951,0.8706298470497131,0.0047517321072518826
0.11149529367685318,0.20860707759857178,0.010036466643214226,0.004599779844284058,0.6124430298805237,0.050246935337781906,0.0025713881477713585
0.023412898182868958,0.012780306860804558,0.06300190836191177,0.0013936669565737247,0.016547583043575287,0.003688463009893894,0.8791751861572266
0.13618573546409607,0.2257324457168579,0.006124019622802734,0.11932619661092758,0.3738090991973877,0.11775162070989609,0.021070828661322594
0.016861185431480408,0.031677719205617905,0.726205050945282,0.008413915522396564,0.18688492476940155,0.013403325341641903,0.01655379682779312
0.21252459287643433,0.7038270831108093,0.010941200889647007,0.0017435633344575763,0.060163408517837524,0.00791914202272892,0.002881017280742526
0.0026409425772726536,0.007375818677246571,0.0009582851198501885,0.9393426775932312,0.018363572657108307,0.027477098628878593,0.0038416257593780756
0.09097340703010559,0.07278552651405334,0.025370093062520027,0.00902434904128313,0.7193158268928528,0.07043188810348511,0.012098870240151882
0.003996764775365591,0.0023862256202846766,0.9590352177619934,0.0014156855177134275,0.012677391991019249,0.018843412399291992,0.0016453050775453448
0.16994746029376984,0.28266146779060364,0.057812195271253586,0.002320345491170883,0.10732138901948929,0.37035107612609863,0.009586013853549957
0.9080133438110352,0.06329667568206787,0.00248376140370965,0.0009035210823640227,0.016038013622164726,0.006835316773504019,0.002429259242489934
0.0067748636938631535,0.05326297506690025,0.01167299598455429,0.003622514195740223,0.16421374678611755,0.7374975085258484,0.022955376654863358
0.33533674478530884,0.13224028050899506,0.003367986297234893,0.03270478919148445,0.45813632011413574,0.007380141410976648,0.030833832919597626
0.04839286953210831,0.5726163387298584,0.05043110251426697,0.0030265050008893013,0.2903558015823364,0.013682214543223381,0.02149522863328457
0.44867539405822754,0.5257039070129395,0.0018696041079238057,0.001647544908337295,0.009946529753506184,0.009987948462367058,0.002169046550989151
0.3634379804134369,0.09025251865386963,0.011941070668399334,0.0025416044518351555,0.5079025030136108,0.02053259126842022,0.003391697769984603
0.32269611954689026,0.06066424027085304,0.07355687767267227,0.008372641168534756,0.47232580184936523,0.04142053425312042,0.020963802933692932
0.003136932384222746,0.005150891840457916,0.0017775541637092829,0.907079815864563,0.048737332224845886,0.01382185984402895,0.020295605063438416
0.017415564507246017,0.09839222580194473,0.002920245286077261,0.4313240647315979,0.41922125220298767,0.015277723781764507,0.015448990277945995
0.03120114654302597,0.20487774908542633,0.02137591317296028,0.005171703640371561,0.7169234752655029,0.01637995056807995,0.004070081282407045
0.0952906683087349,0.21080036461353302,0.017748545855283737,0.0684395357966423,0.5096901059150696,0.08679705858230591,0.011233719065785408
0.020979484543204308,0.0035373300779610872,0.007611962966620922,0.14015109837055206,0.8026137948036194,0.0047780536115169525,0.02032838575541973
0.272992879152298,0.6451097130775452,0.0032191365025937557,0.0017882128013297915,0.06530259549617767,0.009422631934285164,0.0021647471003234386
0.04401914030313492,0.023490602150559425,0.01412807498127222,0.01059152651578188,0.888400137424469,0.01443423144519329,0.0049363370053470135
0.01742592826485634,0.046289652585983276,0.0057933335192501545,0.006136431824415922,0.05320174619555473,0.8698590993881226,0.0012938107829540968
0.7014920711517334,0.21465164422988892,0.009528197348117828,0.001465151086449623,0.032559026032686234,0.038752395659685135,0.0015514733968302608
0.02225150540471077,0.08457129448652267,0.004688787739723921,0.018451785668730736,0.8481388688087463,0.005388983059674501,0.016508799046278
