anger,disgust,fear,joy,neutral,sadness,surprise
0.005038345232605934,0.010255361907184124,0.016328511759638786,0.440462589263916,0.4775362014770508,0.013819110579788685,0.03655993938446045
0.012066222727298737,0.7690494060516357,0.006405977066606283,0.07517349720001221,0.10715542733669281,0.01730777882039547,0.012841726653277874
0.04811159521341324,0.42965665459632874,0.004865801893174648,0.27133047580718994,0.20810838043689728,0.03035356104373932,0.007573586888611317
0.38672566413879395,0.4228341579437256,0.014865966513752937,0.005013786256313324,0.13695970177650452,0.026212820783257484,0.007387838326394558
0.20995396375656128,0.011863506399095058,0.7482426762580872,0.0012044969480484724,0.0065340884029865265,0.015800338238477707,0.006400865036994219
0.0026086647994816303,0.007263079285621643,0.949083685874939,0.0007147404248826206,0.0207696370780468,0.014742176979780197,0.004818031098693609
0.011902003549039364,0.6147556304931641,0.03158605843782425,0.012603985145688057,0.2404182106256485,0.016807526350021362,0.0719265565276146
0.4157670736312866,0.16507366299629211,0.01813286542892456,0.011589820496737957,0.3194129168987274,0.06230609491467476,0.007717466913163662
0.008841034024953842,0.004814264830201864,0.0015625576488673687,0.5234464406967163,0.4318707585334778,0.0076527842320501804,0.021812161430716515
0.03375145047903061,0.030306093394756317,0.021701736375689507,0.005246753338724375,0.0613056980073452,0.001823310274630785,0.84586501121521
0.2119533121585846,0.004535479471087456,0.2353636771440506,0.007526843808591366,0.3757021427154541,0.1024179682135582,0.06250057369470596
0.01416347548365593,0.013759073801338673,0.0047162193804979324,0.0012315218336880207,0.012641428038477898,0.9481614232063293,0.005326814949512482
0.01436686422675848,0.008083350956439972,0.003127128118649125,0.09170986711978912,0.7449860572814941,0.05025515705347061,0.0874716117978096
0.5048942565917969,0.19360309839248657,0.011048994958400726,0.004219889175146818,0.23036417365074158,0.01416169572621584,0.04170789197087288
0.0023178155533969402,0.0025785157922655344,0.9696672558784485,0.0012240085052326322,0.016321958974003792,0.00600389763712883,0.001886458252556622
0.07568967342376709,0.04919689893722534,0.0253756083548069,0.008258639834821224,0.80816251039505,0.02194880321621895,0.011367922648787498
0.241191104054451,0.0668158084154129,0.022698868066072464,0.008038731291890144,0.12682998180389404,0.5217239260673523,0.012701550498604774
0.15330441296100616,0.009030240587890148,0.7282731533050537,0.004113314673304558,0.07846777141094208,0.014128484763205051,0.012682609260082245
0.07714012265205383,0.05386098846793175,0.007838064804673195,0.15140923857688904,0.6994073987007141,0.0065234629437327385,0.0038206963799893856
0.035871293395757675,0.022411983460187912,0.11195152997970581,0.01443889643996954,0.5845338106155396,0.20355738699436188,0.027235114946961403
0.12910576164722443,0.05716037377715111,0.022902002558112144,0.002597205340862274,0.0913509875535965,0.6542956233024597,0.04258809983730316
0.023697571828961372,0.01660190336406231,0.025115134194493294,0.032057926058769226,0.8729960918426514,0.012921369634568691,0.016610048711299896
0.0253208726644516,0.006895669735968113,0.006659703329205513,0.002794095315039158,0.07711859792470932,0.008703296072781086,0.8725077509880066
0.01045405212789774,0.027447640895843506,0.012112926691770554,0.046466100960969925,0.6473385691642761,0.2330385148525238,0.02314220741391182
