anger,disgust,fear,joy,neutral,sadness,surprise
0.07284034788608551,0.03424206003546715,0.5865069031715393,0.00489366240799427,0.02772872895002365,0.26035040616989136,0.013437904417514801
0.1482655256986618,0.11055045574903488,0.2205936759710312,0.02475631982088089,0.42963317036628723,0.054213639348745346,0.011987220495939255
0.35703912377357483,0.21771179139614105,0.054637361317873,0.008161432109773159,0.33303943276405334,0.01831403747200966,0.01109684444963932
0.28180748224258423,0.17800302803516388,0.025735067203640938,0.0024820801336318254,0.06789252161979675,0.44140857458114624,0.00267115980386734
0.012417997233569622,0.011484052985906601,0.001748833223246038,0.005004094447940588,0.93889981508255,0.004411653615534306,0.026033557951450348
0.05040532350540161,0.03221805766224861,0.001433315104804933,0.14808660745620728,0.7360143065452576,0.01983300969004631,0.012009399011731148
0.03271691873669624,0.7999143600463867,0.014041791670024395,0.0009682124946266413,0.012708526104688644,0.1387079507112503,0.0009422269067727029
0.047147151082754135,0.10790088772773743,0.036908578127622604,0.003256208961829543,0.744598925113678,0.054919879883527756,0.005268462933599949
0.005902102682739496,0.006075058598071337,0.0006785783334635198,0.7781746983528137,0.16789641976356506,0.005052213557064533,0.03622087091207504
0.017213115468621254,0.04908858984708786,0.055722933262586594,0.016137534752488136,0.8141883611679077,0.03923826292157173,0.008411221206188202
0.05503023415803909,0.5958666801452637,0.04880518838763237,0.011937813833355904,0.22725656628608704,0.0067848446778953075,0.05431871861219406
0.14037837088108063,0.3473006784915924,0.015310852788388729,0.002944615902379155,0.42668741941452026,0.06385292857885361,0.0035251248627901077
0.0331355482339859,0.028991900384426117,0.016018148511648178,0.0022505733650177717,0.6057998538017273,0.28761518001556396,0.02618877775967121
0.14585599303245544,0.01863434910774231,0.49150463938713074,0.007876738905906677,0.3125098943710327,0.0134998494759202,0.010118451900780201
0.014642121270298958,0.09186292439699173,0.005623586010187864,0.016135500743985176,0.8606901168823242,0.006542250979691744,0.004503551870584488
0.024493888020515442,0.8944300413131714,0.009544041007757187,0.0033883913420140743,0.056115537881851196,0.010588652454316616,0.0014394730096682906
0.024117380380630493,0.1854674071073532,0.04368497058749199,0.004804863594472408,0.41095516085624695,0.31854546070098877,0.012424773536622524
0.21691745519638062,0.1423572450876236,0.015252666547894478,0.007955397479236126,0.09795847535133362,0.5026995539665222,0.01685929298400879
0.03403428569436073,0.013517745770514011,0.012419316917657852,0.35155463218688965,0.36212921142578125,0.022882359102368355,0.20346246659755707
0.0037415926344692707,0.007748413365334272,0.0025808101054280996,0.3842040002346039,0.0972268134355545,0.4984089136123657,0.006089434027671814
0.011908489279448986,0.08081121742725372,0.06792008876800537,0.0022127607371658087,0.09360714256763458,0.7402666211128235,0.0032736544962972403
0.01870587095618248,0.00899946317076683,0.5071586966514587,0.006544820033013821,0.34861212968826294,0.08240476995706558,0.027574241161346436
