anger,disgust,fear,joy,neutral,sadness,surprise
0.0046325670555233955,0.0032200950663536787,0.0012226951075717807,0.8859185576438904,0.08008652925491333,0.02230691909790039,0.0026126347947865725
0.31996771693229675,0.4324739873409271,0.01649082638323307,0.00380072183907032,0.016162298619747162,0.21011991798877716,0.0009844807209447026
0.0051654549315571785,0.07040043920278549,0.0022000805474817753,0.8619653582572937,0.04078926891088486,0.017911702394485474,0.0015676969196647406
0.9655958414077759,0.01703561283648014,0.0008655362762510777,0.0012467470951378345,0.010739943943917751,0.0037738236133009195,0.0007425636285915971
0.004606154281646013,0.005428675562143326,0.0025943717919290066,0.138920858502388,0.7921338081359863,0.017241893336176872,0.03907424956560135
0.016397766768932343,0.1660575419664383,0.08285248279571533,0.006162444595247507,0.20518866181373596,0.5182031393051147,0.005137915723025799
0.08398659527301788,0.029519999399781227,0.0004440298944246024,0.802573025226593,0.059746887534856796,0.019736535847187042,0.0039929854683578014
0.03768086060881615,0.03702082857489586,0.1340981423854828,0.3657543361186981,0.3963233530521393,0.026112502440810204,0.00300992070697248
0.01778160035610199,0.010791639797389507,0.8362555503845215,0.005347127094864845,0.06321900337934494,0.06082208827137947,0.005782898981124163
0.14727647602558136,0.0708516538143158,0.021125085651874542,0.008143160492181778,0.5217530727386475,0.21356572210788727,0.017284799367189407
0.011291025206446648,0.029049763455986977,0.0031155343167483807,0.40376341342926025,0.5365020632743835,0.007639745250344276,0.008638499304652214
0.003736094105988741,0.0051485770381987095,0.0012496404815465212,0.5828068852424622,0.3117581903934479,0.07332699745893478,0.021973619237542152
0.027382519096136093,0.021565591916441917,0.10903218388557434,0.27550673484802246,0.4855920076370239,0.026014432311058044,0.05490642413496971
0.007527169771492481,0.05395260453224182,0.017651958391070366,0.011526980437338352,0.8866751194000244,0.0063608973287045956,0.01630532182753086
