anger,disgust,fear,joy,neutral,sadness,surprise
0.009531154297292233,0.020072750747203827,0.0033507035113871098,0.5747818946838379,0.1995101422071457,0.1620205044746399,0.030732879415154457
0.07198505848646164,0.24943213164806366,0.002883282722905278,0.2102566659450531,0.28984013199806213,0.16778969764709473,0.007813088595867157
0.041293349117040634,0.8623936176300049,0.0031813138630241156,0.007055412046611309,0.06303924322128296,0.02077489160001278,0.002262227004393935
0.001900036702863872,0.002094724914059043,0.002585094654932618,0.0019445772049948573,0.010913468897342682,0.9658426642417908,0.014719373546540737
0.07616613805294037,0.0035255204420536757,0.844760000705719,0.001328263315372169,0.006660161539912224,0.03062700293958187,0.0369328111410141
0.0022639092057943344,0.012787234038114548,0.04311918467283249,0.004251250997185707,0.07732370495796204,0.8482481837272644,0.01200646348297596
0.01050814799964428,0.0060179755091667175,0.001432655262760818,0.7288333773612976,0.19614753127098083,0.04464901611208916,0.012411345727741718
0.15202008187770844,0.07871228456497192,0.03707591071724892,0.008539334870874882,0.6317062973976135,0.07342050969600677,0.0185256227850914
0.019273338839411736,0.00714128976687789,0.004826590418815613,0.004088179208338261,0.11840127408504486,0.8304417729377747,0.015827547758817673
