anger,disgust,fear,joy,neutral,sadness,surprise
0.00573230255395174,0.05201870575547218,0.00841300468891859,0.01866496168076992,0.8719304800033569,0.01500884722918272,0.028231624513864517
0.019442396238446236,0.3284401297569275,0.008744662627577782,0.2456563413143158,0.3698251247406006,0.01993919350206852,0.007952205836772919
0.016713669523596764,0.018445534631609917,0.007023999467492104,0.08318639546632767,0.6694515943527222,0.15336735546588898,0.051811445504426956
0.026079505681991577,0.047493625432252884,0.5831422209739685,0.0017044382402673364,0.010915459133684635,0.3229430019855499,0.007721699308604002
0.011804710142314434,0.011742034927010536,0.005934600252658129,0.009490100666880608,0.84419184923172,0.011093099601566792,0.10574362426996231
0.9355098009109497,0.02494242414832115,0.00213272194378078,0.0014435233315452933,0.022625891491770744,0.011296611279249191,0.0020489327143877745
0.01508661825209856,0.01112000085413456,0.002066189656034112,0.0055513749830424786,0.937771201133728,0.008116373792290688,0.020288249477744102
0.36264973878860474,0.2415696531534195,0.007790427189320326,0.00727032870054245,0.11650633066892624,0.2615872025489807,0.0026263331528753042
0.022259550169110298,0.03343998268246651,0.0025349322240799665,0.5614138245582581,0.3642508387565613,0.008569386787712574,0.007531455252319574
0.08950633555650711,0.6218315958976746,0.03666280210018158,0.013667292892932892,0.2279382348060608,0.0073468307964503765,0.003046855330467224
0.039887603372335434,0.0868920087814331,0.006918169092386961,0.006577969063073397,0.14202335476875305,0.7123335599899292,0.005367377307265997
