anger,disgust,fear,joy,neutral,sadness,surprise
0.009290491230785847,0.008601740002632141,0.011128411628305912,0.3652280569076538,0.5610144734382629,0.017094016075134277,0.02764284424483776
0.0012844176962971687,0.006784855853766203,0.029549168422818184,0.021662160754203796,0.11073505133390427,0.7814104557037354,0.04857388138771057
0.020823214203119278,0.3204386234283447,0.02682575397193432,0.048520877957344055,0.5538075566291809,0.028257841244339943,0.0013261664425954223
0.008234459906816483,0.016342557966709137,0.002316371537744999,0.06938447058200836,0.8871768712997437,0.005971161648631096,0.01057405211031437
0.05332658067345619,0.027075549587607384,0.005649458151310682,0.0022229417227208614,0.8882808089256287,0.01130649447441101,0.012138111516833305
0.21641890704631805,0.038597024977207184,0.16297855973243713,0.008210159838199615,0.5456376671791077,0.017698239535093307,0.010459451004862785
0.03490890935063362,0.029136229306459427,0.1060827225446701,0.007315970025956631,0.7915902733802795,0.010598927736282349,0.020366977900266647
0.007191841024905443,0.0057871295139193535,0.00906880758702755,0.018198341131210327,0.946516215801239,0.005795413628220558,0.007442132569849491
0.006446674466133118,0.0056685879826545715,0.01682540774345398,0.007028022315353155,0.8370614647865295,0.008697531186044216,0.1182723119854927
0.008783584460616112,0.008918417617678642,0.0017787112155929208,0.02639593556523323,0.9376682639122009,0.003148287534713745,0.013306810520589352
0.041387416422367096,0.10924557596445084,0.014272426255047321,0.011715905740857124,0.7931674718856812,0.021359939128160477,0.008851315826177597
0.019729051738977432,0.005566294305026531,0.006854224018752575,0.3582046329975128,0.4145859181880951,0.004061547107994556,0.19099834561347961
0.05352006107568741,0.008526652120053768,0.034529443830251694,0.17131991684436798,0.5095078945159912,0.0109401298686862,0.21165584027767181
0.020090507343411446,0.010964212007820606,0.01725633442401886,0.06670458614826202,0.5580406785011292,0.0964619591832161,0.23048172891139984
