anger,disgust,fear,joy,neutral,sadness,surprise
0.015427841804921627,0.4688285291194916,0.003141348948702216,0.07763925939798355,0.4161164164543152,0.007010938599705696,0.011835690587759018
0.19260849058628082,0.03365950286388397,0.5272587537765503,0.004803088027983904,0.20997865498065948,0.019388845190405846,0.012302719056606293
0.029085956513881683,0.0946153998374939,0.0039788163267076015,0.0019494082080200315,0.04719322919845581,0.8209232687950134,0.002253961516544223
0.7629565000534058,0.029796166345477104,0.13376173377037048,0.001304880017414689,0.029041336849331856,0.035854652523994446,0.007284767925739288
0.1803540140390396,0.7147068381309509,0.014359870925545692,0.008507110178470612,0.05628802254796028,0.023715658113360405,0.0020684057381004095
0.009517495520412922,0.10495053976774216,0.03521997481584549,0.008986585773527622,0.2908797562122345,0.5456579327583313,0.004787660203874111
0.000997559749521315,0.0019231012556701899,0.001463182969018817,0.0018746585119515657,0.006492724176496267,0.9771513938903809,0.010097436606884003
0.004682472907006741,0.005433374550193548,0.001621908973902464,0.0031339230481535196,0.9677396416664124,0.004341893829405308,0.013046854175627232
0.02475307136774063,0.03156439960002899,0.024357328191399574,0.002546030329540372,0.851353645324707,0.04833061993122101,0.017094984650611877
0.14326994121074677,0.3120563328266144,0.057028573006391525,0.007051034830510616,0.37593066692352295,0.07010681182146072,0.03455667197704315
