anger,disgust,fear,joy,neutral,sadness,surprise
0.043413739651441574,0.8696643114089966,0.004107094369828701,0.001955570187419653,0.06131881847977638,0.01668396033346653,0.002856540959328413
0.033966030925512314,0.04619511589407921,0.041662994772195816,0.018283365294337273,0.7717341780662537,0.07913465797901154,0.009023613296449184
0.10635063797235489,0.05469760298728943,0.06789935380220413,0.003601862583309412,0.7020024657249451,0.017010342329740524,0.04843765124678612
0.2445475310087204,0.6668235063552856,0.01702454872429371,0.0007028536056168377,0.05402209982275963,0.008859246969223022,0.008020209148526192
0.09204081445932388,0.8683900833129883,0.0025959438644349575,0.008023986592888832,0.020717915147542953,0.00589557271450758,0.002335726749151945
0.9076991677284241,0.014862077310681343,0.0315575897693634,0.0016879272880032659,0.013859270140528679,0.0071042305789887905,0.02322973869740963
0.5745849609375,0.20506462454795837,0.040877655148506165,0.014292990788817406,0.03583747148513794,0.016384603455662727,0.11295777559280396
0.10861630737781525,0.06438902020454407,0.008577084168791771,0.026688603684306145,0.15556147694587708,0.0123415756970644,0.6238259673118591
0.9283102750778198,0.014622597023844719,0.018880706280469894,0.004098842851817608,0.018342657014727592,0.00790878850966692,0.007836192846298218
0.00839553028345108,0.5164600610733032,0.025628412142395973,0.003275311551988125,0.40929579734802246,0.02486286126077175,0.01208209153264761
0.0038157824892550707,0.009328056126832962,0.0004256053944118321,0.9312820434570312,0.04905465245246887,0.0035323146730661392,0.0025615582708269358
0.02510788105428219,0.014625731855630875,0.005916128866374493,0.010348569601774216,0.7928313612937927,0.044918011873960495,0.1062522605061531
