anger,disgust,fear,joy,neutral,sadness,surprise
0.0030980203300714493,0.007906120270490646,0.001185428467579186,0.94829261302948,0.027953486889600754,0.0031567078549414873,0.008407610468566418
0.0402982197701931,0.9319465160369873,0.0027819504030048847,0.0019108005799353123,0.008935047313570976,0.01017063483595848,0.003956792876124382
0.004279716406017542,0.02197822369635105,0.002754365559667349,0.6740366220474243,0.2650619149208069,0.0047948951832950115,0.027094226330518723
0.00479273172095418,0.0191848985850811,0.001191849703900516,0.12675321102142334,0.8289457559585571,0.002570889424532652,0.016560710966587067
0.006399461068212986,0.009603576734662056,0.006043739151209593,0.07871901243925095,0.8276544213294983,0.0056334142573177814,0.06594625860452652
0.012101118452847004,0.099521204829216,0.058868277817964554,0.0019562006928026676,0.008950307033956051,0.015917902812361717,0.8026849627494812
0.19528496265411377,0.0820491760969162,0.1823902577161789,0.0007785680936649442,0.01475851982831955,0.5175485014915466,0.007189993746578693
0.002281578490510583,0.0073265377432107925,0.9668835401535034,0.0017527977470308542,0.017042290419340134,0.001966293901205063,0.0027470674831420183
0.012960350140929222,0.0770542249083519,0.018483027815818787,0.012250443920493126,0.8505492806434631,0.004321661777794361,0.024380942806601524
0.012292927131056786,0.012560279108583927,0.06526660919189453,0.007532994728535414,0.10691865533590317,0.017870871350169182,0.7775576710700989
0.022780217230319977,0.2552335262298584,0.012728145346045494,0.005432479083538055,0.5586641430854797,0.09680131077766418,0.048360202461481094
0.011330070905387402,0.014282407239079475,0.9646691679954529,0.0005131184007041156,0.0027855797670781612,0.0020454544574022293,0.004374150652438402
0.638851523399353,0.2993212640285492,0.02250627428293228,0.002430863678455353,0.026877691969275475,0.00622844323515892,0.0037839545402675867
0.03366680070757866,0.2732044458389282,0.4888668954372406,0.0019131398294121027,0.11904393881559372,0.010875588282942772,0.07242924720048904
0.05898589268326759,0.16020521521568298,0.020568309351801872,0.0027908848132938147,0.7011007070541382,0.03272966295480728,0.023619286715984344
0.4759318232536316,0.23206889629364014,0.007607806473970413,0.0027856251690536737,0.11202292889356613,0.10384528338909149,0.06573759764432907
0.10082727670669556,0.8084977269172668,0.03510783612728119,0.001452121650800109,0.03382228687405586,0.007473096251487732,0.01281963661313057
0.2156561315059662,0.6116831302642822,0.03232141211628914,0.0009129901300184429,0.02652953937649727,0.1027861014008522,0.010110738687217236
0.024231843650341034,0.6997576355934143,0.23705099523067474,0.0011109522311016917,0.014354950748383999,0.017918867990374565,0.005574758164584637
0.015042969025671482,0.22526438534259796,0.008203156292438507,0.004801502451300621,0.642917811870575,0.049090635031461716,0.054679423570632935
0.4874418377876282,0.4442199766635895,0.0374232679605484,0.001613163505680859,0.012178529985249043,0.01596546359360218,0.0011578691191971302
0.005219180602580309,0.0017058879602700472,0.0017125075682997704,0.31008753180503845,0.5567405223846436,0.017243310809135437,0.1072910875082016
0.16521786153316498,0.040666449815034866,0.006310050841420889,0.04762614890933037,0.7125768661499023,0.01062075700610876,0.0169818252325058
