anger,disgust,fear,joy,neutral,sadness,surprise
0.013262572698295116,0.053946420550346375,0.009712832979857922,0.25846120715141296,0.6400729417800903,0.013006838038563728,0.011537084355950356
0.004466192331165075,0.011056057177484035,0.0035801681224256754,0.24804025888442993,0.6847655773162842,0.013865591026842594,0.034226175397634506
0.04594103619456291,0.2431776076555252,0.004509889520704746,0.38170138001441956,0.29142093658447266,0.026722939684987068,0.006526218261569738
0.2798662781715393,0.4854412376880646,0.005286926869302988,0.0042416309006512165,0.181642547249794,0.0357033796608448,0.007818005979061127
0.050641078501939774,0.013767809607088566,0.23202286660671234,0.004198168404400349,0.18323886394500732,0.08624164015054703,0.4298895597457886
0.2694244086742401,0.36752039194107056,0.009958473034203053,0.008435461670160294,0.2279144525527954,0.10204816609621048,0.014698606915771961
0.30991506576538086,0.5517371296882629,0.0034542945213615894,0.007350312080234289,0.04903482273221016,0.07685152441263199,0.0016568978317081928
0.012409890070557594,0.01787150464951992,0.8901389241218567,0.002135253744199872,0.0672488585114479,0.00628387276083231,0.003911603707820177
0.15004022419452667,0.01566489040851593,0.03223353624343872,0.018039120361208916,0.6976478099822998,0.07148412615060806,0.014890342950820923
0.0356987901031971,0.05737018585205078,0.22086916863918304,0.0030762813985347748,0.1518428921699524,0.5244835019111633,0.00665915897116065
0.021631792187690735,0.016292080283164978,0.01912359520792961,0.006279821507632732,0.9011532664299011,0.03046884946525097,0.0050505055114626884
0.0041908640414476395,0.0029414163436740637,0.0017922446131706238,0.15843363106250763,0.7460525631904602,0.014024731703102589,0.07256454229354858
0.02282039262354374,0.03627019748091698,0.011895768344402313,0.005711221136152744,0.2714923322200775,0.5855598449707031,0.06625023484230042
0.9558680057525635,0.026307238265872,0.001625363714993,0.0005140437860973179,0.010457427240908146,0.0033534239046275616,0.0018745387205854058
0.1612715870141983,0.733032763004303,0.01246920507401228,0.001612730324268341,0.08157868683338165,0.008375073783099651,0.0016598539659753442
0.006171067710965872,0.003401734633371234,0.0006818584515713155,0.007446731440722942,0.955287516117096,0.0027631798293441534,0.024247972294688225
0.006870699115097523,0.003979124128818512,0.002267314586788416,0.17363815009593964,0.7405177354812622,0.012942692264914513,0.05978425219655037
0.02079528011381626,0.01703489199280739,0.12992000579833984,0.004953464027494192,0.5184326171875,0.043972212821245193,0.26489144563674927
0.020074591040611267,0.015838485211133957,0.01744920387864113,0.003848887514322996,0.9173520803451538,0.007861132733523846,0.017575623467564583
0.020164910703897476,0.007007603067904711,0.8943599462509155,0.0014990506460890174,0.05497945472598076,0.014112708158791065,0.007876362651586533
0.009463723748922348,0.012132409028708935,0.011449768207967281,0.43516185879707336,0.5022662878036499,0.015212788246572018,0.014313194900751114
0.028384597972035408,0.04713015258312225,0.0032092449255287647,0.002276963321492076,0.8982723355293274,0.016489572823047638,0.004237031564116478
0.014821435324847698,0.03559856861829758,0.084449902176857,0.01533782109618187,0.7819943428039551,0.05802329629659653,0.00977471936494112
0.0568854846060276,0.05806921049952507,0.03982830047607422,0.011606856249272823,0.8071040511131287,0.015738533809781075,0.010767510160803795
0.013677367009222507,0.0055924030020833015,0.00267192255705595,0.18438470363616943,0.765795111656189,0.02234831638634205,0.005530157592147589
