anger,disgust,fear,joy,neutral,sadness,surprise
0.4790586829185486,0.08251840621232986,0.10092755407094955,0.0053941840305924416,0.154629647731781,0.035751622170209885,0.14171986281871796
0.011857363395392895,0.019640065729618073,0.0037877217400819063,0.011870884336531162,0.8981627225875854,0.007768859155476093,0.04691246524453163
0.007602393627166748,0.009769315831363201,0.003241929691284895,0.45584940910339355,0.47830671072006226,0.020113999024033546,0.02511623501777649
0.032118674367666245,0.020913606509566307,0.007646892219781876,0.24606314301490784,0.3129384517669678,0.24212853610515594,0.13819074630737305
0.8908387422561646,0.010244308039546013,0.06913556903600693,0.0008746865787543356,0.020907429978251457,0.0040262239053845406,0.003973003476858139
0.33619624376296997,0.1488979160785675,0.22033236920833588,0.003384601790457964,0.20514622330665588,0.07570194453001022,0.01034075953066349
0.11703411489725113,0.02864900417625904,0.032519057393074036,0.004020588006824255,0.7438501119613647,0.04444103688001633,0.02948613092303276
0.07241009175777435,0.14188793301582336,0.20713181793689728,0.013734626583755016,0.5115357041358948,0.016291553154587746,0.03700818866491318
0.05635376274585724,0.10344021767377853,0.0047966851852834225,0.09653272479772568,0.6774998307228088,0.048385366797447205,0.01299141813069582
0.14614936709403992,0.1184396892786026,0.01082345750182867,0.003328234888613224,0.4477624297142029,0.25212007761001587,0.021376704797148705
0.024270638823509216,0.018762132152915,0.010335023514926434,0.005347513128072023,0.9125769138336182,0.021956998854875565,0.006750696338713169
0.013343914411962032,0.006713127717375755,0.002066890010610223,0.0378359854221344,0.888080894947052,0.01093695405870676,0.041022125631570816
0.0635836198925972,0.026419859379529953,0.10814734548330307,0.003645945806056261,0.23097018897533417,0.31185442209243774,0.2553786039352417
0.019164614379405975,0.021123109385371208,0.003919212147593498,0.01380803994834423,0.9313892126083374,0.004795926157385111,0.005799836944788694
0.01316166389733553,0.02071637474000454,0.00637320801615715,0.025051988661289215,0.9066166877746582,0.002736794762313366,0.025343231856822968
0.5002650618553162,0.37771448493003845,0.01402798667550087,0.0035847274120897055,0.05101894214749336,0.04779921844601631,0.005589582026004791
0.013373270630836487,0.012965799309313297,0.008597858250141144,0.21831238269805908,0.6874345541000366,0.040027204900979996,0.01928887329995632
0.03139232099056244,0.013539191335439682,0.11038771271705627,0.0031189280562102795,0.6195871829986572,0.024114267900586128,0.19786040484905243
0.023646770045161247,0.030976850539445877,0.010003644973039627,0.0037497521843761206,0.8785809874534607,0.015379820019006729,0.037662144750356674
0.004176933318376541,0.0029284125193953514,0.0007284155581146479,0.8666147589683533,0.09221340715885162,0.009224440902471542,0.024113643914461136
0.019426533952355385,0.14348898828029633,0.009789599105715752,0.0038784784264862537,0.5803172588348389,0.235507994890213,0.0075911870226264
0.014459120109677315,0.0045436373911798,0.005336652044206858,0.5398503541946411,0.4065350592136383,0.006488108541816473,0.02278711274266243
