anger,disgust,fear,joy,neutral,sadness,surprise
0.04434832185506821,0.3538680374622345,0.06357355415821075,0.011913673020899296,0.5037744045257568,0.00838300958275795,0.014139040373265743
0.6604615449905396,0.26725319027900696,0.00493589835241437,0.003987923264503479,0.04601315036416054,0.01422096323221922,0.0031273625791072845
0.4771513044834137,0.20394130051136017,0.007719705812633038,0.02232748083770275,0.21455642580986023,0.059014566242694855,0.015289290808141232
0.5149609446525574,0.39146432280540466,0.012439313344657421,0.0012046897318214178,0.046095624566078186,0.026987716555595398,0.0068474458530545235
0.035485994070768356,0.010003086179494858,0.016009971499443054,0.009813526645302773,0.2014114111661911,0.007821164093911648,0.719454824924469
0.02053227089345455,0.4581179618835449,0.00880125630646944,0.03866497799754143,0.4403943717479706,0.027746999636292458,0.005742218345403671
0.0750555619597435,0.05175759270787239,0.0827425867319107,0.0026008524000644684,0.2802356481552124,0.45250943303108215,0.05509835109114647
0.47788670659065247,0.03182467073202133,0.02522542141377926,0.002268637763336301,0.062168899923563004,0.3911984860897064,0.009427106007933617
0.06475654989480972,0.0657195895910263,0.37768322229385376,0.002401507692411542,0.22237272560596466,0.08951997756958008,0.1775464117527008
0.4725314974784851,0.02172376774251461,0.2653777301311493,0.0018213263247162104,0.06081061810255051,0.15378592908382416,0.023949075490236282
0.1287066787481308,0.29310479760169983,0.4116271436214447,0.0024156575091183186,0.07351125031709671,0.061657875776290894,0.028976550325751305
0.36302047967910767,0.14592818915843964,0.004666874650865793,0.12290286272764206,0.3367677628993988,0.008871633559465408,0.01784220151603222
0.023496441543102264,0.061998091638088226,0.053406864404678345,0.0013636763906106353,0.129185289144516,0.7251093983650208,0.005440257489681244
0.36613157391548157,0.610123872756958,0.005731167271733284,0.000984672107733786,0.008301300927996635,0.005160408094525337,0.003567029722034931
0.007547891233116388,0.018849655985832214,0.0016517364419996738,0.915259838104248,0.04725697636604309,0.006539635360240936,0.0028943128418177366
