anger,disgust,fear,joy,neutral,sadness,surprise
0.1826777309179306,0.7638071775436401,0.009891028515994549,0.001059941598214209,0.031104659661650658,0.009664289653301239,0.0017952106427401304
0.6270142793655396,0.2779407799243927,0.032657086849212646,0.001501594320870936,0.03412700444459915,0.0180278979241848,0.008731400594115257
0.05080350488424301,0.23029792308807373,0.010432063601911068,0.006978420540690422,0.6721509695053101,0.004584748763591051,0.024752328172326088
0.004650672897696495,0.006672300398349762,0.8747986555099487,0.0015486563788726926,0.058403030037879944,0.005507431458681822,0.04841919615864754
0.02554178610444069,0.18337514996528625,0.12069837003946304,0.021408703178167343,0.47675400972366333,0.004811930004507303,0.16741012036800385
0.06038670241832733,0.0475669726729393,0.02225239761173725,0.004510792903602123,0.811026930809021,0.040828291326761246,0.013427824713289738
0.07155489176511765,0.47818630933761597,0.13514801859855652,0.007795627694576979,0.291524201631546,0.010685328394174576,0.0051056151278316975
0.4840209186077118,0.09392467886209488,0.15701039135456085,0.026895230636000633,0.05588469281792641,0.14652952551841736,0.03573453053832054
0.5379369854927063,0.025296639651060104,0.3052423298358917,0.006107861641794443,0.1016496866941452,0.012532876804471016,0.011233584955334663
0.03880668058991432,0.04506365582346916,0.07341091334819794,0.002237034263089299,0.04885071888566017,0.7578935027122498,0.03373748064041138
0.6141878366470337,0.22518548369407654,0.08249521255493164,0.005861545447260141,0.042377814650535583,0.023778850212693214,0.006113325245678425
