anger,disgust,fear,joy,neutral,sadness,surprise
0.06654617190361023,0.14844195544719696,0.024822702631354332,0.0008068409515544772,0.012656214646995068,0.7391336560249329,0.007592519745230675
0.09247011691331863,0.06385495513677597,0.37798866629600525,0.004813657142221928,0.35490697622299194,0.05993993952870369,0.04602576792240143
0.08881504088640213,0.09173759818077087,0.08652544021606445,0.003055776236578822,0.685174286365509,0.020711366087198257,0.023980511352419853
0.05483093857765198,0.40381163358688354,0.03908481448888779,0.0033691886346787214,0.466701477766037,0.007178569678217173,0.02502324804663658
0.05156102031469345,0.4654809832572937,0.020801955834031105,0.0017986720195040107,0.21500790119171143,0.22737868130207062,0.01797071471810341
0.2789582908153534,0.5217716693878174,0.022553274407982826,0.0010843477211892605,0.012881486676633358,0.1557186394929886,0.00703228497877717
0.724644660949707,0.010272285901010036,0.14252039790153503,0.0026961131952703,0.06560610234737396,0.020130056887865067,0.03413038328289986
0.07205881923437119,0.10404418408870697,0.014131552539765835,0.004685103427618742,0.7093076109886169,0.01575305685400963,0.08001970499753952
0.04467371106147766,0.02190890535712242,0.656541645526886,0.003116908483207226,0.253275603055954,0.011870198883116245,0.008613022975623608
0.0967387929558754,0.06455308943986893,0.10540489107370377,0.003479260252788663,0.691225528717041,0.01308238971978426,0.025516096502542496
0.03680448234081268,0.46471279859542847,0.007435748819261789,0.00793168693780899,0.4631215035915375,0.005293278023600578,0.014700392261147499
0.10852024704217911,0.2999264895915985,0.013690080493688583,0.00787828303873539,0.36776459217071533,0.19501598179340363,0.007204385474324226
0.046212099492549896,0.8780459761619568,0.0033502737060189247,0.004046677611768246,0.04865654557943344,0.01890179142355919,0.000786622753366828
0.17308659851551056,0.08094841986894608,0.01090329047292471,0.0058372849598526955,0.2454351931810379,0.4766117036342621,0.007177573163062334
0.00487368693575263,0.016293970867991447,0.0023461473174393177,0.004849635995924473,0.8506187200546265,0.08411529660224915,0.03690250590443611
0.05030159652233124,0.6957994699478149,0.15776842832565308,0.0013981744414195418,0.06588424742221832,0.017281029373407364,0.011567083187401295
0.6336684823036194,0.21281197667121887,0.04585379734635353,0.0011037917574867606,0.022816667333245277,0.07559492439031601,0.008150392211973667
0.1025962233543396,0.4569837749004364,0.09606102108955383,0.001892712083645165,0.2645484507083893,0.01745043881237507,0.060467351227998734
0.0023614538367837667,0.0031300776172429323,0.00032170533086173236,0.9072057604789734,0.0672849491238594,0.009064983576536179,0.010630998760461807
