anger,disgust,fear,joy,neutral,sadness,surprise
0.010559058748185635,0.002740134485065937,0.004590179305523634,0.3652780055999756,0.4761161208152771,0.013108575716614723,0.12760795652866364
0.01662452705204487,0.10512138158082962,0.005902792792767286,0.037059884518384933,0.8022662401199341,0.00406646030023694,0.028958752751350403
0.24376121163368225,0.07042382657527924,0.008202491328120232,0.08982870727777481,0.5608567595481873,0.023747608065605164,0.003179380437359214
0.006333451718091965,0.10608448088169098,0.03622130677103996,0.02677380107343197,0.43524864315986633,0.3725604712963104,0.01677781343460083
0.5503987073898315,0.25786638259887695,0.005271161440759897,0.003550466848537326,0.16516709327697754,0.01417096983641386,0.0035751820541918278
0.2913956642150879,0.6345790028572083,0.02049257792532444,0.0015404637670144439,0.03045794740319252,0.012704401277005672,0.008829859085381031
0.014982553198933601,0.10563066601753235,0.0013413118431344628,0.8052370548248291,0.03972677141427994,0.027436422184109688,0.005645176861435175
0.19396238029003143,0.10074467957019806,0.04430088400840759,0.0031874056439846754,0.16484113037586212,0.37621238827705383,0.11675114929676056
0.08368749916553497,0.06704949587583542,0.08730525523424149,0.009019843302667141,0.6261911392211914,0.037500858306884766,0.08924583345651627
0.40380340814590454,0.5183436870574951,0.034657031297683716,0.001707652467302978,0.024101626127958298,0.015501778572797775,0.0018847393803298473
0.28799769282341003,0.02941027097404003,0.553376317024231,0.003544074250385165,0.07566773891448975,0.043648116290569305,0.0063558234833180904
