anger,disgust,fear,joy,neutral,sadness,surprise
0.007645154371857643,0.01978580839931965,0.030376264825463295,0.09486478567123413,0.8257778286933899,0.008884723298251629,0.012665482237935066
0.060868650674819946,0.10292080789804459,0.06914277374744415,0.0037237161304801702,0.4869929850101471,0.08504397422075272,0.1913071870803833
0.01473360788077116,0.01671845093369484,0.0032930646557360888,0.00920290406793356,0.906784176826477,0.04352142661809921,0.00574630219489336
0.0036814436316490173,0.005452203564345837,0.00205372110940516,0.47337937355041504,0.46973922848701477,0.005486572161316872,0.040207475423812866
0.024949217215180397,0.03003852814435959,0.007969629019498825,0.0555950291454792,0.7999895215034485,0.06465074419975281,0.016807323321700096
0.10004644095897675,0.24255996942520142,0.009974819608032703,0.014428429305553436,0.3315579295158386,0.28646138310432434,0.01497101504355669
0.07026106864213943,0.09647532552480698,0.1317799836397171,0.005411772523075342,0.569599449634552,0.08021035045385361,0.046262044459581375
0.05091281607747078,0.029810987412929535,0.003069828497245908,0.039629023522138596,0.8606014251708984,0.013295977376401424,0.0026800520718097687
0.012431953102350235,0.009581386111676693,0.0021954672411084175,0.28061622381210327,0.6214555501937866,0.02206548862159252,0.051653873175382614
0.007324472535401583,0.039453137665987015,0.05200192704796791,0.013765163719654083,0.8694668412208557,0.007206943351775408,0.010781493969261646
0.006988023407757282,0.011175294406712055,0.005008242558687925,0.004408630076795816,0.9563537240028381,0.005943789146840572,0.010122246108949184
0.021420294418931007,0.1627691686153412,0.6066651940345764,0.00202739704400301,0.09490525722503662,0.024847039952874184,0.08736563473939896
0.004701531492173672,0.025266099721193314,0.0025729630142450333,0.006417247001081705,0.9267188310623169,0.008245808072388172,0.02607746236026287
0.014360599219799042,0.011490296572446823,0.00978639256209135,0.0034410161897540092,0.9105286002159119,0.004104574676603079,0.046288587152957916
0.009355328977108002,0.022835418581962585,0.007636747322976589,0.1153046116232872,0.7824061512947083,0.04971396550536156,0.01274773757904768
0.0057797906920313835,0.008933263830840588,0.001977806445211172,0.03070242702960968,0.9403427839279175,0.006596852093935013,0.005667110439389944
0.0143924904987216,0.013902193866670132,0.007875708863139153,0.007682387251406908,0.914087176322937,0.009709587320685387,0.03235049545764923
0.009548990987241268,0.027338948100805283,0.4096906781196594,0.005578032694756985,0.08997536450624466,0.43471813201904297,0.023149902001023293
0.009037170559167862,0.012603547424077988,0.7630329728126526,0.005582408979535103,0.1928207278251648,0.006436589173972607,0.010486561805009842
0.4920997619628906,0.07301728427410126,0.3902365267276764,0.0020063857082277536,0.033527590334415436,0.004033559001982212,0.0050789425149559975
0.006902680266648531,0.03173147886991501,0.003695067949593067,0.02640300989151001,0.9088159203529358,0.0076861814595758915,0.01476582232862711
0.0027701377402991056,0.015772366896271706,0.005357529502362013,0.7319621443748474,0.21961863338947296,0.012590307742357254,0.011928907595574856
0.007791311480104923,0.004214390181005001,0.001748118200339377,0.013148070313036442,0.9537510871887207,0.005637697409838438,0.013709385879337788
0.017603101208806038,0.020538857206702232,0.6889700889587402,0.007202968467026949,0.2098122239112854,0.02871175855398178,0.027161043137311935
0.46848583221435547,0.2682773768901825,0.023121226578950882,0.0012448136694729328,0.19430509209632874,0.03950793296098709,0.0050577870570123196
0.11349876970052719,0.10695689171552658,0.1765788346529007,0.003505702828988433,0.49405109882354736,0.014499954879283905,0.09090875089168549
0.20410843193531036,0.11274420469999313,0.16929791867733002,0.003113365499302745,0.32343021035194397,0.16873450577259064,0.01857137680053711
0.007662258576601744,0.927668035030365,0.01631135493516922,0.0019702755380421877,0.03477222099900246,0.0031154106836766005,0.008500468917191029
0.021995730698108673,0.02170776017010212,0.8122677206993103,0.0029907217249274254,0.057544052600860596,0.05525324121117592,0.028240814805030823
0.005896402057260275,0.011096527799963951,0.0015051045920699835,0.04855319485068321,0.9066694974899292,0.004973227623850107,0.02130592241883278
0.048197995871305466,0.1797054409980774,0.16610386967658997,0.005121518857777119,0.4980177581310272,0.08477487415075302,0.018078545108437538
0.01458162721246481,0.027455516159534454,0.06294360756874084,0.009743699803948402,0.8643454313278198,0.009330951608717442,0.011599180288612843
0.012469006702303886,0.008568805642426014,0.009610217064619064,0.0011759932385757565,0.026673536747694016,0.9244771003723145,0.01702529937028885
0.0017673367401584983,0.009009253233671188,0.0034336945973336697,0.0073951901867985725,0.046103380620479584,0.9259617924690247,0.006329365540295839
0.00406318623572588,0.9594581723213196,0.008245399221777916,0.0009452265221625566,0.021923720836639404,0.0018697456689551473,0.00349454116076231
0.007092134561389685,0.7787615656852722,0.03416648134589195,0.01269230805337429,0.15293440222740173,0.006292284000664949,0.008060697466135025
0.017856182530522346,0.19401425123214722,0.0048926817253232,0.009215407073497772,0.7581222653388977,0.004241371527314186,0.011657807044684887
0.05815063416957855,0.0254067312926054,0.4532180428504944,0.004374851938337088,0.42905691266059875,0.011386599391698837,0.018406279385089874
0.006891914643347263,0.12859882414340973,0.02133185975253582,0.018076881766319275,0.7644407153129578,0.004158340860158205,0.056501355022192
0.6111082434654236,0.10474856942892075,0.12416762113571167,0.0021828494500368834,0.10793323814868927,0.021719088777899742,0.028140362352132797
0.023089459165930748,0.037413645535707474,0.0144339045509696,0.006722283083945513,0.8205816149711609,0.0922820195555687,0.005477047525346279
0.1585025191307068,0.05120804160833359,0.027963923290371895,0.005334575194865465,0.5145159363746643,0.22661809623241425,0.015856876969337463
