anger,disgust,fear,joy,neutral,sadness,surprise
0.035927075892686844,0.012198889628052711,0.029581343755126,0.22678545117378235,0.34449148178100586,0.124275341629982,0.22674046456813812
0.06708317995071411,0.8042850494384766,0.004641837906092405,0.008760306052863598,0.03868543356657028,0.07256999611854553,0.003974282182753086
0.025108113884925842,0.008519637398421764,0.9005987048149109,0.003743451554328203,0.03976825252175331,0.012358480133116245,0.009903241880238056
0.12014130502939224,0.03296413645148277,0.06274837255477905,0.0035351747646927834,0.38630032539367676,0.3644534647464752,0.029857266694307327
0.0284854955971241,0.04816197603940964,0.0031668273732066154,0.03175746649503708,0.6593440175056458,0.15239545702934265,0.07668880373239517
0.0670747235417366,0.15333114564418793,0.005146868526935577,0.07257344573736191,0.6637354493141174,0.0307041946798563,0.007434164639562368
0.3692241907119751,0.017170988023281097,0.580757737159729,0.0012217499315738678,0.021131036803126335,0.007384682074189186,0.003109618788585067
0.00512506952509284,0.005960418842732906,0.008107366040349007,0.7049474716186523,0.14502951502799988,0.11341545730829239,0.017414679750800133
0.009554245509207249,0.026061026379466057,0.018786124885082245,0.002970046829432249,0.05951793119311333,0.8815153241157532,0.0015953329857438803
0.15718242526054382,0.1188582181930542,0.0023169699124991894,0.0035180174745619297,0.6965406537055969,0.015687862411141396,0.005895881913602352
0.10212387889623642,0.052714455872774124,0.012617521919310093,0.004902150947600603,0.4870644509792328,0.32804009318351746,0.012537393718957901
0.05502421408891678,0.04786515235900879,0.0026631136424839497,0.09862557798624039,0.7573789358139038,0.03443368896842003,0.004009240306913853
0.11315436661243439,0.3379615545272827,0.008014618419110775,0.007790892850607634,0.32352593541145325,0.16044870018959045,0.049103930592536926
0.3470839560031891,0.057437289506196976,0.003170917509123683,0.03278899937868118,0.4812367856502533,0.070716492831707,0.00756551418453455
