anger,disgust,fear,joy,neutral,sadness,surprise
0.014132478274405003,0.8739516139030457,0.00910456944257021,0.0014210583176463842,0.08744040131568909,0.009946038946509361,0.0040038470178842545
0.014669185504317284,0.7595207095146179,0.010684392414987087,0.002015206729993224,0.17036521434783936,0.038158588111400604,0.004586707800626755
0.014896313659846783,0.6167994141578674,0.03560598939657211,0.008421840146183968,0.25556978583335876,0.009542404673993587,0.05916425585746765
0.06363913416862488,0.2532256841659546,0.00678866496309638,0.03362739458680153,0.6010198593139648,0.03538225591182709,0.006316980812698603
0.05292361229658127,0.8132086396217346,0.05433633551001549,0.0009671777952462435,0.019211545586586,0.05673602223396301,0.0026166688185185194
0.04185331240296364,0.46742337942123413,0.028712421655654907,0.0067314766347408295,0.4269433915615082,0.02247358299791813,0.005862444639205933
0.35483860969543457,0.2612948417663574,0.03733279928565025,0.002884231274947524,0.30407145619392395,0.03580784797668457,0.0037702335976064205
0.8098949790000916,0.10861803591251373,0.04285743832588196,0.000506016833242029,0.008280999027192593,0.02647292986512184,0.0033695839811116457
0.07173334807157516,0.5410206317901611,0.05408783629536629,0.0031583162490278482,0.1281627118587494,0.18963104486465454,0.01220614928752184
0.36325764656066895,0.5663176774978638,0.031787630170583725,0.0009653274901211262,0.006105836946517229,0.03065667115151882,0.0009091974352486432
0.010643936693668365,0.00691634975373745,0.14192749559879303,0.12186156213283539,0.6275346279144287,0.04962264373898506,0.04149337112903595
