anger,disgust,fear,joy,neutral,sadness,surprise
0.08183307200670242,0.22142364084720612,0.3636416792869568,0.004076436161994934,0.28906866908073425,0.01611943542957306,0.023837106302380562
0.03904968500137329,0.07516007870435715,0.001562298508360982,0.5494531393051147,0.2640812397003174,0.006567700766026974,0.06412585824728012
0.018243463709950447,0.007770814001560211,0.032014381140470505,0.0049036769196391106,0.015140962786972523,0.3572865128517151,0.56464022397995
0.04667230695486069,0.7844246625900269,0.01167023740708828,0.00255202897824347,0.13390006124973297,0.019381241872906685,0.0013995306799188256
0.019776929169893265,0.08614985644817352,0.618262529373169,0.005198569502681494,0.2437238097190857,0.006709838751703501,0.020178528502583504
0.07964631170034409,0.024532726034522057,0.002672076690942049,0.025830740109086037,0.8389732241630554,0.022538529708981514,0.005806328728795052
0.0025184343103319407,0.0009080732124857605,0.00032421175274066627,0.9331041574478149,0.03289749100804329,0.008022971451282501,0.022224534302949905
0.09695661067962646,0.08194344490766525,0.01811719685792923,0.0025638360530138016,0.776361882686615,0.02064082771539688,0.0034162087831646204
0.022758323699235916,0.10083112865686417,0.03029456175863743,0.0019999730866402388,0.1513732522726059,0.6860299706459045,0.006712798494845629
0.04638482630252838,0.03586694225668907,0.0033510359935462475,0.02677903324365616,0.7268082499504089,0.15541969239711761,0.005390312522649765
