anger,disgust,fear,joy,neutral,sadness,surprise
0.0032186710741370916,0.026200635358691216,0.0025081548374146223,0.018491551280021667,0.13100552558898926,0.8137931823730469,0.004782245494425297
0.2462288737297058,0.049375638365745544,0.313484787940979,0.001767780282534659,0.034144170582294464,0.33169302344322205,0.023305723443627357
0.007769792806357145,0.00446558790281415,0.0034693810157477856,0.3650423586368561,0.5949840545654297,0.004420361015945673,0.019848434254527092
0.012975971214473248,0.0023479177616536617,0.9698147773742676,0.0010311693185940385,0.005645860452204943,0.007208841387182474,0.0009754719794727862
0.01802499033510685,0.022771071642637253,0.9488720893859863,0.0005085481679998338,0.0024684302043169737,0.006215375382453203,0.001139507396146655
0.04042324423789978,0.020939655601978302,0.04617974907159805,0.006298871245235205,0.6777336001396179,0.19963432848453522,0.008790596388280392
0.9236425757408142,0.036734774708747864,0.012129207141697407,0.0010758469579741359,0.011444768868386745,0.014074353501200676,0.0008983685402199626
0.3065827190876007,0.47347262501716614,0.02741299942135811,0.002125850645825267,0.17528657615184784,0.008851657621562481,0.006267541088163853
0.06310593336820602,0.008026080206036568,0.3561820685863495,0.00990753062069416,0.46639999747276306,0.028597114607691765,0.06778118014335632
0.02320459485054016,0.026281390339136124,0.04484117031097412,0.002717782510444522,0.09056684374809265,0.8090580701828003,0.0033301457297056913
0.1954222172498703,0.5846940875053406,0.0035616953391581774,0.0026448138523846865,0.06164176017045975,0.1500011533498764,0.0020342895295470953
0.005542311351746321,0.010088929906487465,0.001961507834494114,0.1553061604499817,0.7772070169448853,0.0328252911567688,0.01706884056329727
0.9158656597137451,0.050547800958156586,0.003488698275759816,0.0007816839497536421,0.01879442296922207,0.009276757948100567,0.0012448924826458097
0.47037434577941895,0.17210441827774048,0.25399717688560486,0.0022443043999373913,0.075484499335289,0.01619410142302513,0.009601132944226265
0.2093670666217804,0.028774984180927277,0.5280108451843262,0.011461954563856125,0.1952918916940689,0.019968444481492043,0.007124846335500479
0.0241153072565794,0.038165412843227386,0.059175554662942886,0.0011680667521432042,0.04766048491001129,0.8078961372375488,0.02181900478899479
0.6022100448608398,0.1706048995256424,0.13132913410663605,0.0026044740807265043,0.07827042043209076,0.010712480172514915,0.004268504213541746
0.3545769453048706,0.03989788517355919,0.04591846838593483,0.010616274550557137,0.3954890966415405,0.0371708907186985,0.11633044481277466
