anger,disgust,fear,joy,neutral,sadness,surprise
0.007027404848486185,0.053129348903894424,0.00243326835334301,0.004453347064554691,0.14955714344978333,0.7803370952606201,0.0030624340288341045
0.07827849686145782,0.6385370492935181,0.017003482207655907,0.007663053926080465,0.1888798028230667,0.06062318757176399,0.009014902636408806
0.01850094646215439,0.21368512511253357,0.08553819358348846,0.007093110587447882,0.6240730285644531,0.037846267223358154,0.013263370841741562
0.0022586057893931866,0.0013495563762262464,0.0011531771160662174,0.9125415086746216,0.03463108837604523,0.017334643751382828,0.0307314395904541
0.0021325149573385715,0.0018685385584831238,0.00028117781039327383,0.9680987000465393,0.015165802091360092,0.005049574188888073,0.007403718773275614
0.7315782904624939,0.1887281984090805,0.006609346717596054,0.002676204778254032,0.031123975291848183,0.035650864243507385,0.00363299367018044
0.20376384258270264,0.06315778195858002,0.02810213714838028,0.00561876455321908,0.12738960981369019,0.5659508109092712,0.0060170842334628105
0.0619673952460289,0.1337084323167801,0.0053642550483345985,0.009028570726513863,0.44250527024269104,0.32468029856681824,0.022745776921510696
0.0022925997618585825,0.0037143267691135406,0.004309908952564001,0.11860102415084839,0.10420630127191544,0.75962233543396,0.0072535183280706406
0.0039260718040168285,0.006672252435237169,0.002980175195261836,0.015505687333643436,0.9003664255142212,0.037390436977148056,0.033158961683511734
0.007612218614667654,0.011568822897970676,0.0034937849268317223,0.005062437150627375,0.9167979955673218,0.04252597317099571,0.012938865460455418
