anger,disgust,fear,joy,neutral,sadness,surprise
0.12387587130069733,0.058789707720279694,0.017446547746658325,0.03478698432445526,0.6415860652923584,0.026764314621686935,0.09675056487321854
0.5137112140655518,0.4299052059650421,0.0206911638379097,0.0012877942062914371,0.017578255385160446,0.014700296334922314,0.0021260615903884172
0.11285144090652466,0.600837767124176,0.008704318664968014,0.0012303519761189818,0.2491873800754547,0.018505781888961792,0.008682845160365105
0.0034824737813323736,0.022495292127132416,0.003101600334048271,0.0027421896811574697,0.9282515048980713,0.009242609143257141,0.03068438172340393
0.23727600276470184,0.16038230061531067,0.005879737436771393,0.0036811938043683767,0.49221518635749817,0.08765402436256409,0.012911579571664333
0.8812111020088196,0.05781452730298042,0.004546146374195814,0.0019583972170948982,0.03984132409095764,0.012717223726212978,0.0019112172303721309
0.007731806021183729,0.01948767714202404,0.007153513841331005,0.005186697468161583,0.7551568150520325,0.07022435963153839,0.13505910336971283
0.057426974177360535,0.1202508807182312,0.008700832724571228,0.11902710050344467,0.6401236057281494,0.05062634497880936,0.003844165476039052
0.030401412397623062,0.8287227153778076,0.013270795345306396,0.001778789795935154,0.10822271555662155,0.014115395955741405,0.0034882461186498404
0.10146239399909973,0.3379245400428772,0.5240647792816162,0.0019632545299828053,0.015034107491374016,0.014353914186358452,0.0051970952190458775
0.01137601025402546,0.06654781848192215,0.005083933938294649,0.00634244829416275,0.8797433376312256,0.015493393875658512,0.01541309617459774
0.5245590806007385,0.27826908230781555,0.07743410766124725,0.0032007326371967793,0.10168944299221039,0.008784204721450806,0.0060634007677435875
0.2844555079936981,0.039530329406261444,0.11092358827590942,0.004445317666977644,0.3114159107208252,0.1766212284564972,0.07260806858539581
0.0629960149526596,0.10317505151033401,0.026699481531977654,0.0016773975221440196,0.0841774195432663,0.6975595951080322,0.023715028539299965
0.020409436896443367,0.011314788833260536,0.11343519389629364,0.017129989340901375,0.7370521426200867,0.014883304946124554,0.08577515929937363
0.041755158454179764,0.4865523874759674,0.11670089513063431,0.005052594002336264,0.2804439961910248,0.03717045858502388,0.03232451155781746
0.008114517666399479,0.3191021680831909,0.014118517749011517,0.007333588786423206,0.5928965210914612,0.006189702544361353,0.052244994789361954
0.207933247089386,0.6466791033744812,0.11327439546585083,0.0007943405653350055,0.017679886892437935,0.010944903828203678,0.0026941350661218166
0.3731933832168579,0.05522648245096207,0.07144051045179367,0.0057206363417208195,0.2158614695072174,0.2566342055797577,0.02192327193915844
0.0248457882553339,0.1175534799695015,0.019025197252631187,0.006287124007940292,0.6182188391685486,0.020706670358777046,0.19336286187171936
0.6759904623031616,0.22027985751628876,0.03080875799059868,0.002353120595216751,0.04686809331178665,0.013122087344527245,0.010577552020549774
0.16717199981212616,0.2894754707813263,0.3947432041168213,0.002608007285743952,0.056594014167785645,0.006795177701860666,0.08261211961507797
0.17949499189853668,0.010182577185332775,0.05727977678179741,0.010691128671169281,0.6178579330444336,0.031070329248905182,0.09342334419488907
0.03490917384624481,0.022413253784179688,0.005350477062165737,0.0010486770188435912,0.01065839920192957,0.9177905321121216,0.007829548791050911
0.9411969780921936,0.03558151051402092,0.004277147818356752,0.0009634679299779236,0.012727017514407635,0.002104182029142976,0.0031497266609221697
0.7367038726806641,0.052394893020391464,0.09960988909006119,0.0011739458423107862,0.08091135323047638,0.02005690708756447,0.009149136021733284
0.005364363547414541,0.1458207368850708,0.0100088557228446,0.025287415832281113,0.7778849601745605,0.007698961067944765,0.027934717014431953
0.03397512063384056,0.03103964403271675,0.032749444246292114,0.027787426486611366,0.8030707240104675,0.06862150877714157,0.002756148111075163
0.8612082004547119,0.07368534803390503,0.031070414930582047,0.0009512258693575859,0.02253834530711174,0.007744600530713797,0.002801891416311264
0.014747485518455505,0.07922922819852829,0.004833607468754053,0.004064946435391903,0.8540160655975342,0.01021091639995575,0.032897718250751495
0.3960689306259155,0.5057804584503174,0.007097336463630199,0.0032762663904577494,0.05787554383277893,0.02277778647840023,0.007123674266040325
0.11493787914514542,0.08569038659334183,0.11422663182020187,0.0021198908798396587,0.09452497959136963,0.577460527420044,0.01103975623846054
0.01347609143704176,0.04692569375038147,0.009843376465141773,0.09234147518873215,0.8126019239425659,0.02225741371512413,0.0025539309717714787
