anger,disgust,fear,joy,neutral,sadness,surprise
0.030947145074605942,0.009542040526866913,0.0025758114643394947,0.14661212265491486,0.11986764520406723,0.570295512676239,0.12015974521636963
0.025028269737958908,0.08242791146039963,0.012346827425062656,0.013826076872646809,0.021730966866016388,0.8374168276786804,0.0072231777012348175
0.16871124505996704,0.8048107028007507,0.0014880226226523519,0.000723131000995636,0.014392731711268425,0.007607178762555122,0.0022669832687824965
0.03659626096487045,0.13267795741558075,0.02731664851307869,0.03798123449087143,0.7045088410377502,0.058104828000068665,0.002814198611304164
0.1162993386387825,0.5985209345817566,0.014359211549162865,0.0200621597468853,0.22465404868125916,0.019960792735219002,0.006143509875983
0.018596520647406578,0.5614373087882996,0.379423052072525,0.001494533265940845,0.026640120893716812,0.009363066405057907,0.0030454997904598713
0.10106530785560608,0.03339803218841553,0.08588816225528717,0.0065616522915661335,0.7504745721817017,0.018833328038454056,0.0037789077032357454
0.0491785854101181,0.28064098954200745,0.0028629745356738567,0.04300385341048241,0.6133736968040466,0.007403176743537188,0.0035367689561098814
0.01449862215667963,0.8853225111961365,0.05255008116364479,0.0009468734497204423,0.022531842812895775,0.01944587752223015,0.0047040763311088085
0.13443860411643982,0.8484313488006592,0.006072779651731253,0.00029575760709121823,0.005579129792749882,0.0038663195446133614,0.0013160556554794312
0.1145978644490242,0.04679197445511818,0.5259658098220825,0.00251144845969975,0.2238067239522934,0.07996949553489685,0.0063567194156348705
0.019400767982006073,0.07077595591545105,0.26423195004463196,0.024320246651768684,0.25789132714271545,0.011422324925661087,0.3519574701786041
0.0485534593462944,0.7981024384498596,0.007845458574593067,0.011781293898820877,0.10925834625959396,0.02142716757953167,0.0030319038778543472
0.01084311492741108,0.007618207950145006,0.006190955173224211,0.014533450827002525,0.9529365301132202,0.003775903722271323,0.004101840779185295
0.0010475442977622151,0.002634973032400012,0.0017023134278133512,0.027672966942191124,0.042717210948467255,0.9011784791946411,0.02304651029407978
0.060303229838609695,0.08046197146177292,0.0042869411408901215,0.02703968435525894,0.8128225207328796,0.013110377825796604,0.0019751887302845716
0.0872085765004158,0.7163751125335693,0.009661121293902397,0.00272405450232327,0.15488912165164948,0.02493792213499546,0.004204092547297478
0.004633648321032524,0.010557939298450947,0.9655663967132568,0.0011758686741814017,0.010179955512285233,0.00447019562125206,0.003415923099964857
0.4982861876487732,0.30571070313453674,0.01812092959880829,0.00336272269487381,0.11313652247190475,0.06032407283782959,0.0010589736048132181
0.06545417755842209,0.05732160061597824,0.002092398703098297,0.2580150365829468,0.5854482054710388,0.025526821613311768,0.006141705438494682
0.010597352869808674,0.06298869103193283,0.003114233259111643,0.0016196260694414377,0.8864892721176147,0.018704276531934738,0.01648651994764805
0.0071885897777974606,0.0066827996633946896,0.0030917648691684008,0.027925537899136543,0.9189503788948059,0.02995017170906067,0.006210801657289267
0.08316285163164139,0.8271914720535278,0.04332472383975983,0.001247270149178803,0.034431181848049164,0.007403713651001453,0.003238793695345521
0.5589432716369629,0.30900126695632935,0.002188069513067603,0.0021286956034600735,0.03999384492635727,0.0841146782040596,0.0036302481312304735
0.08291533589363098,0.7964621782302856,0.007506802212446928,0.0036314011085778475,0.09331202507019043,0.015017353929579258,0.0011548831826075912
0.13269418478012085,0.5186381936073303,0.03090139478445053,0.0016319503774866462,0.2297382950782776,0.06249060854315758,0.023905334994196892
