anger,disgust,fear,joy,neutral,sadness,surprise
0.006356462370604277,0.006801617331802845,0.0022701395209878683,0.3723088800907135,0.5557235479354858,0.01641733944416046,0.04012203589081764
0.42232680320739746,0.43049582839012146,0.0069826869294047356,0.008307687938213348,0.11311765015125275,0.012694867327809334,0.006074478849768639
0.03327491134405136,0.1568407416343689,0.0016682929126545787,0.0019061318598687649,0.03989823907613754,0.7624971866607666,0.003914582543075085
0.007544578984379768,0.04603941738605499,0.0024440009146928787,0.002256378997117281,0.9126805067062378,0.002924268366768956,0.026110947132110596
0.5809914469718933,0.056001465767621994,0.30878859758377075,0.001845628721639514,0.032813407480716705,0.013841526582837105,0.005718028172850609
0.08772363513708115,0.09725745022296906,0.037592869251966476,0.0019047539681196213,0.7393757700920105,0.028069226071238518,0.008076242171227932
0.010273410007357597,0.967420220375061,0.009050063788890839,0.00037295534275472164,0.0086296908557415,0.0029593217186629772,0.0012943517649546266
0.11872036755084991,0.6970173716545105,0.004359321668744087,0.001099398243241012,0.1621960699558258,0.011463653296232224,0.005143886897712946
0.028352219611406326,0.8515535593032837,0.0039029556792229414,0.0017947611631825566,0.10671750456094742,0.005121263209730387,0.0025577880442142487
0.06568049639463425,0.2639714777469635,0.012902333401143551,0.045440346002578735,0.5827064514160156,0.016780588775873184,0.012518353760242462
0.045661810785532,0.08988554775714874,0.0012417839607223868,0.021440787240862846,0.8282741904258728,0.007806018926203251,0.0056898281909525394
0.153126060962677,0.2915440499782562,0.003396923653781414,0.005005521699786186,0.41565796732902527,0.0694776102900505,0.06179175153374672
0.31052055954933167,0.27754658460617065,0.012192602269351482,0.004785895347595215,0.3299694061279297,0.05767204612493515,0.00731293112039566
0.01034245640039444,0.1194785013794899,0.011990384198725224,0.0033844311255961657,0.7752827405929565,0.058976780623197556,0.020544743165373802
