anger,disgust,fear,joy,neutral,sadness,surprise
0.01873009093105793,0.0052743940614163876,0.015285547822713852,0.010943514294922352,0.8267233967781067,0.004242941737174988,0.11880017071962357
0.005287931300699711,0.0178852379322052,0.002953117247670889,0.07359741628170013,0.8589871525764465,0.024308517575263977,0.016980605199933052
0.0072950078174471855,0.01404611486941576,0.004968707449734211,0.00545084523037076,0.9282715320587158,0.02099950797855854,0.018968336284160614
0.0050713359378278255,0.02349168248474598,0.5048964023590088,0.10154296457767487,0.02894282341003418,0.011557656340301037,0.3244970738887787
0.00771021144464612,0.013803361915051937,0.00226158881559968,0.0478731133043766,0.9181076288223267,0.004748076666146517,0.005496074911206961
0.006317645311355591,0.007614825386554003,0.009591581299901009,0.0025355739053338766,0.9477788805961609,0.007277059368789196,0.018884336575865746
0.12321466207504272,0.6001421809196472,0.21169893443584442,0.007204923778772354,0.012761813588440418,0.037948206067085266,0.007029291708022356
0.03256289288401604,0.005465819034725428,0.47783422470092773,0.014169348403811455,0.4133482873439789,0.02841631881892681,0.02820301428437233
0.02067340724170208,0.008291221223771572,0.05890325456857681,0.003979993052780628,0.022121502086520195,0.001655164873227477,0.8843754529953003
0.11287885159254074,0.1307791918516159,0.04628589749336243,0.05885972082614899,0.6122118830680847,0.006315190810710192,0.03266920894384384
0.009584123268723488,0.07544433325529099,0.007218772545456886,0.09179960936307907,0.7925897240638733,0.008954239077866077,0.014409244060516357
0.0512678362429142,0.9150376915931702,0.009232967160642147,0.0011464995332062244,0.01699599251151085,0.004107394255697727,0.002211503218859434
0.017017075791954994,0.9608113169670105,0.0010662677232176065,0.0012447244953364134,0.012640445493161678,0.006598396692425013,0.0006217906484380364
0.19853979349136353,0.10960960388183594,0.08138514310121536,0.004586527589708567,0.3921247124671936,0.10497509688138962,0.10877909511327744
0.07412657141685486,0.765529990196228,0.0027439396362751722,0.010665366426110268,0.13219395279884338,0.013344917446374893,0.001395316096022725
0.031585268676280975,0.8167009353637695,0.0030809403397142887,0.0061262501403689384,0.13622906804084778,0.004107589367777109,0.0021700216457247734
0.02225654013454914,0.2936277687549591,0.03933388739824295,0.21142445504665375,0.12168585509061813,0.30428677797317505,0.007384715136140585
0.01417031791061163,0.005459774751216173,0.009826493449509144,0.008679995313286781,0.7982310652732849,0.015464204363524914,0.14816814661026
0.010668221861124039,0.057438746094703674,0.015797337517142296,0.005762191955000162,0.8298870921134949,0.06574282050132751,0.014703625813126564
0.013293981552124023,0.014712885022163391,0.05587070435285568,0.03212027624249458,0.8305141925811768,0.025864820927381516,0.027623068541288376
0.010226765647530556,0.01437554880976677,0.9097536206245422,0.0041281683370471,0.05118445307016373,0.003654462518170476,0.006676911376416683
0.06852449476718903,0.07958119362592697,0.02426958456635475,0.008585851639509201,0.7543160319328308,0.01620584726333618,0.04851708188652992
0.11849803477525711,0.6395946145057678,0.007606837432831526,0.018084321171045303,0.20142410695552826,0.0102540273219347,0.004538073670119047
0.26202359795570374,0.2533849775791168,0.015003496780991554,0.02938958816230297,0.25158634781837463,0.13903957605361938,0.049572449177503586
0.0014590711798518896,0.0021465106401592493,0.0002906845766119659,0.9669063687324524,0.021234773099422455,0.004633273463696241,0.0033293080050498247
0.050183575600385666,0.006123618688434362,0.11827000230550766,0.0018387087620794773,0.014988331124186516,0.015385941602289677,0.7932098507881165
0.002306743059307337,0.0007841396145522594,0.0007382005569525063,0.9328051805496216,0.017597325146198273,0.016193050891160965,0.029575439170002937
0.021617989987134933,0.0303194597363472,0.004612743388861418,0.5087100267410278,0.17136886715888977,0.25656744837760925,0.006803443655371666
0.04110619053244591,0.021176399663090706,0.003945478238165379,0.1844792664051056,0.5552370548248291,0.19080397486686707,0.0032516203355044127
0.007999436929821968,0.006874807644635439,0.020813660696148872,0.4751303195953369,0.2817089557647705,0.15121984481811523,0.05625302717089653
0.14326994121074677,0.3120563328266144,0.057028573006391525,0.007051034830510616,0.37593066692352295,0.07010681182146072,0.03455667197704315
