anger,disgust,fear,joy,neutral,sadness,surprise
0.003582747420296073,0.008142584003508091,0.0012427880428731441,0.0011824510293081403,0.005642287898808718,0.9749311804771423,0.005275966599583626
0.11544645577669144,0.16741320490837097,0.5210996270179749,0.003052063286304474,0.14523066580295563,0.030375953763723373,0.017382001504302025
0.22019149363040924,0.7322915196418762,0.004210826475173235,0.002389326225966215,0.016862206161022186,0.02270974963903427,0.0013449795078486204
0.00963537022471428,0.061691828072071075,0.8198423385620117,0.002149745123460889,0.046654827892780304,0.005715512670576572,0.054310381412506104
0.12397727370262146,0.4972856938838959,0.3287741243839264,0.0009466935298405588,0.025596752762794495,0.014278260990977287,0.00914115458726883
0.005845394916832447,0.006605832371860743,0.006689904723316431,0.00188460573554039,0.951393187046051,0.005404967814683914,0.022176040336489677
0.06524967402219772,0.21401625871658325,0.005106957163661718,0.004386006388813257,0.6893796920776367,0.018689101561903954,0.003172351513057947
0.009780438616871834,0.018082350492477417,0.026647089049220085,0.0041666640900075436,0.8500092029571533,0.05365213006734848,0.03766218572854996
0.43379056453704834,0.021939704194664955,0.3707827031612396,0.0032447236590087414,0.05665300413966179,0.08889131993055344,0.024697978049516678
0.012796983122825623,0.015474695712327957,0.007016836199909449,0.06074678897857666,0.5068486928939819,0.01809018664062023,0.37902581691741943
0.010178228840231895,0.08366026729345322,0.011002728715538979,0.01516675390303135,0.7760528326034546,0.08282631635665894,0.021112846210598946
