anger,disgust,fear,joy,neutral,sadness,surprise
0.021015077829360962,0.03565043583512306,0.9238610863685608,0.0018308566650375724,0.009166408330202103,0.0026374305598437786,0.005838644225150347
0.13060365617275238,0.5279377102851868,0.22629109025001526,0.004679610952734947,0.0930679515004158,0.014432180672883987,0.002987784333527088
0.20362383127212524,0.39766725897789,0.09604724496603012,0.002125889528542757,0.04478379711508751,0.2514696419239044,0.0042823380790650845
0.4396733045578003,0.4076943099498749,0.05202576890587807,0.0021535742562264204,0.04905117303133011,0.04668058082461357,0.0027213243301957846
0.026067007333040237,0.4191441535949707,0.10655581951141357,0.0035579237155616283,0.06828895211219788,0.3268629312515259,0.04952320083975792
0.25635236501693726,0.716580867767334,0.008027907460927963,0.0008162440499290824,0.011395554058253765,0.005452423822134733,0.0013747988268733025
0.0033868474420160055,0.9717376828193665,0.00667377095669508,0.0005550121422857046,0.011075377464294434,0.00548973586410284,0.0010816073045134544
0.9608327746391296,0.0232318714261055,0.007807619404047728,0.0006361818523146212,0.004279595334082842,0.0027144351042807102,0.0004975261981599033
0.052723463624715805,0.3344443142414093,0.013152224011719227,0.0008506534504704177,0.026547754183411598,0.5679876208305359,0.004294011741876602
0.33231058716773987,0.08578818291425705,0.09256137162446976,0.13102303445339203,0.30418726801872253,0.0415748693048954,0.012554707936942577
0.0007628659368492663,0.002988809486851096,0.011858463287353516,0.002785403747111559,0.0070416610687971115,0.9732507467269897,0.001312128035351634
0.20283082127571106,0.0886944904923439,0.16039514541625977,0.008999082259833813,0.4701010286808014,0.06711455434560776,0.0018649388803169131
0.38172686100006104,0.20883475244045258,0.033745177090168,0.006023982539772987,0.2922167479991913,0.07621609419584274,0.0012363862479105592
0.4027874767780304,0.11512929201126099,0.45128604769706726,0.0014405607944354415,0.01636463589966297,0.010845029726624489,0.0021468745544552803
0.016747377812862396,0.3494753837585449,0.08556191623210907,0.003331333864480257,0.2187025547027588,0.28150683641433716,0.04467463120818138
0.14118117094039917,0.36477869749069214,0.003803740721195936,0.006141467485576868,0.09958111494779587,0.37952256202697754,0.004991228226572275
0.002136369701474905,0.00494313333183527,0.00024918754934333265,0.9753134846687317,0.010231359861791134,0.004364084918051958,0.0027623181231319904
0.03687072545289993,0.5811632871627808,0.1598885953426361,0.004609628580510616,0.1924854964017868,0.02083347551524639,0.0041487449780106544
0.28878334164619446,0.023005971685051918,0.6493964195251465,0.0013454180443659425,0.013109838590025902,0.020517047494649887,0.0038420020136982203
0.03386766090989113,0.5392912030220032,0.16246521472930908,0.00747307762503624,0.17897143959999084,0.007985553704202175,0.06994593143463135
0.05188152939081192,0.009102843701839447,0.7224743366241455,0.0031138670165091753,0.18841324746608734,0.019901977851986885,0.005112235900014639
