anger,disgust,fear,joy,neutral,sadness,surprise
0.0020616957917809486,0.0034279986284673214,0.003123106900602579,0.018346702679991722,0.08240856230258942,0.8597350716590881,0.03089689277112484
0.018244415521621704,0.09259552508592606,0.007642282638698816,0.025829268619418144,0.8150649070739746,0.02750917710363865,0.013114435598254204
0.060936518013477325,0.3592165410518646,0.021543243899941444,0.004900052677839994,0.08791525661945343,0.46275782585144043,0.002730546984821558
0.06955858319997787,0.02713041752576828,0.09826619178056717,0.004178094677627087,0.130515456199646,0.5908888578414917,0.07946242392063141
0.010279018431901932,0.013821369037032127,0.01609085500240326,0.09758195281028748,0.7961491346359253,0.06100614741444588,0.0050715673714876175
0.07458221912384033,0.439241498708725,0.03686464950442314,0.001920731971040368,0.0927298367023468,0.3058808743953705,0.04878009855747223
0.03150193765759468,0.03035104088485241,0.02635025978088379,0.005646960344165564,0.8771205544471741,0.0088022006675601,0.020226947963237762
0.1710740625858307,0.02373206429183483,0.05439536273479462,0.009509875439107418,0.2531818747520447,0.4659217894077301,0.022185053676366806
0.06646119803190231,0.026569854468107224,0.7878146767616272,0.0017709245439618826,0.034867916256189346,0.03832431882619858,0.044191066175699234
0.10302047431468964,0.37203916907310486,0.028301585465669632,0.0022277897223830223,0.45374754071235657,0.018642164766788483,0.02202136069536209
0.09263452142477036,0.12852993607521057,0.004453579429537058,0.1190214678645134,0.6254303455352783,0.019045550376176834,0.010884660296142101
0.014504757709801197,0.08468608558177948,0.008152805268764496,0.0033422287087887526,0.8193985223770142,0.03685949742794037,0.03305603936314583
0.6772836446762085,0.24216090142726898,0.009712891653180122,0.0021755793131887913,0.04099097475409508,0.01982368342578411,0.007852365262806416
0.08008264750242233,0.012205859646201134,0.8855064511299133,0.0009638663614168763,0.006766272243112326,0.007267289329320192,0.00720771262422204
0.04786068946123123,0.054400164633989334,0.7265294194221497,0.00299453386105597,0.05893955007195473,0.014266598969697952,0.09500912576913834
0.26091885566711426,0.2939814627170563,0.015913592651486397,0.003597183618694544,0.340047150850296,0.08141005039215088,0.004131690599024296
0.5555142760276794,0.18191620707511902,0.0246073417365551,0.0023569869808852673,0.07451831549406052,0.15495410561561584,0.006132719572633505
0.028143463656306267,0.013062991201877594,0.04315541312098503,0.011456634849309921,0.32559069991111755,0.5563734173774719,0.02221738174557686
0.38844767212867737,0.11785635352134705,0.22415345907211304,0.003948177210986614,0.21961279213428497,0.04366730526089668,0.0023143498692661524
0.0057882266119122505,0.005858082324266434,0.0013269223272800446,0.004014882724732161,0.8975269198417664,0.008194517344236374,0.07729042321443558
0.026765640825033188,0.017904946580529213,0.007164781913161278,0.007492722477763891,0.9021101593971252,0.02178989164531231,0.016771972179412842
0.06478536128997803,0.011917149648070335,0.008203264325857162,0.006969490088522434,0.8671329617500305,0.03330284729599953,0.007689001504331827
0.08608335256576538,0.08278899639844894,0.025241151452064514,0.0010682741412892938,0.04158273711800575,0.7515069842338562,0.011728462763130665
0.01065731793642044,0.04382556304335594,0.01049303263425827,0.026173170655965805,0.8557811975479126,0.008298047818243504,0.04477166756987572
0.2836361229419708,0.16225942969322205,0.18040446937084198,0.0039460305124521255,0.0755271390080452,0.011483035050332546,0.28274381160736084
0.48288634419441223,0.03461376205086708,0.05425882712006569,0.005152919329702854,0.03680501505732536,0.3377912640571594,0.048491768538951874
0.5936965942382812,0.284279465675354,0.05661819130182266,0.002283855341374874,0.0326901413500309,0.0282742902636528,0.0021574588026851416
0.667664647102356,0.017025254666805267,0.05890814960002899,0.0010040128836408257,0.011463022790849209,0.2249203324317932,0.019014479592442513
0.2371768057346344,0.009542467072606087,0.6134737133979797,0.0031326687894761562,0.05889037251472473,0.04827962443232536,0.029504356905817986
0.011434001848101616,0.2991175949573517,0.01730579510331154,0.011649742722511292,0.6277481317520142,0.01815182715654373,0.014592922292649746
0.006549076177179813,0.005222564097493887,0.002191938227042556,0.017212357372045517,0.4343772232532501,0.031479232013225555,0.5029675960540771
0.008651227690279484,0.019860513508319855,0.02908606082201004,0.09151145815849304,0.6891045570373535,0.15041081607341766,0.011375414207577705
0.17027081549167633,0.14948570728302002,0.015674885362386703,0.0031540528871119022,0.6382442712783813,0.010535290464758873,0.012634913437068462
0.3444076478481293,0.1671459674835205,0.0841980054974556,0.00398592371493578,0.2793333828449249,0.07999476045370102,0.04093436151742935
0.19750338792800903,0.24893152713775635,0.01951606012880802,0.02077779546380043,0.48865941166877747,0.021629273891448975,0.002982534933835268
0.526538610458374,0.2869313955307007,0.011753605678677559,0.0021120021119713783,0.14750094711780548,0.021699775010347366,0.0034636121708899736
0.7035870552062988,0.06827495992183685,0.07527689635753632,0.00219294847920537,0.11208614706993103,0.03588379919528961,0.002698125084862113
0.04800812900066376,0.01893739216029644,0.008694310672581196,0.024359244853258133,0.8637286424636841,0.022365780547261238,0.013906484469771385
0.1761227697134018,0.7096884846687317,0.061226747930049896,0.0010152136674150825,0.03639468923211098,0.011387315578758717,0.004164702724665403
0.213804692029953,0.07770966738462448,0.026132071390748024,0.005156112834811211,0.6584644913673401,0.014874293468892574,0.003858633805066347
0.013303698971867561,0.009862594306468964,0.006113924086093903,0.005020002368837595,0.9428385496139526,0.003498370759189129,0.019362876191735268
0.04451996088027954,0.078098364174366,0.7466461062431335,0.0026249915827065706,0.08829004317522049,0.019169049337506294,0.020651504397392273
0.2575959861278534,0.06749379634857178,0.184967502951622,0.0023253753315657377,0.0709884837269783,0.3959994316101074,0.020629337057471275
0.9420336484909058,0.010687228292226791,0.002313526114448905,0.000831432465929538,0.02779502235352993,0.013727798126637936,0.0026114259380847216
0.15031518042087555,0.7178601026535034,0.027492240071296692,0.0010870983824133873,0.04294154420495033,0.05759933218359947,0.002704493934288621
0.09225882589817047,0.048578713089227676,0.14857394993305206,0.007015967275947332,0.5578030347824097,0.024417443200945854,0.12135205417871475
0.0014174565440043807,0.001992291072383523,0.0007823706837370992,0.9672379493713379,0.01639311946928501,0.006543856579810381,0.0056330496445298195
