anger,disgust,fear,joy,neutral,sadness,surprise
0.034651290625333786,0.12497979402542114,0.0012618397595360875,0.057140640914440155,0.7677350044250488,0.006016057915985584,0.00821540504693985
0.0020871288143098354,0.0019721859134733677,0.00029768579406663775,0.9359073638916016,0.04097301885485649,0.009382201358675957,0.009380447678267956
0.010062001645565033,0.5379805564880371,0.011018170043826103,0.04436691850423813,0.37412548065185547,0.008785109966993332,0.013661806471645832
0.06523966789245605,0.04337837174534798,0.0029504778794944286,0.008705882355570793,0.8644144535064697,0.01204129122197628,0.0032698921859264374
0.012108191847801208,0.003302444936707616,0.9484502673149109,0.002632585819810629,0.018959879875183105,0.004948855377733707,0.009597950614988804
0.07469797134399414,0.02122684381902218,0.0023474821355193853,0.5338917374610901,0.3222385048866272,0.02364468015730381,0.021952712908387184
0.3771475851535797,0.2601050138473511,0.008399990387260914,0.010790382511913776,0.3053010404109955,0.029963627457618713,0.008292460814118385
0.029011856764554977,0.21389611065387726,0.0056929090060293674,0.020617788657546043,0.5573169589042664,0.02813510224223137,0.14532923698425293
0.06025456637144089,0.06395969539880753,0.007741667330265045,0.018871987238526344,0.7678490877151489,0.015000957995653152,0.06632198393344879
0.05743473768234253,0.8602907061576843,0.009790056385099888,0.000769832928199321,0.023175902664661407,0.04614447057247162,0.0023942666593939066
0.05650067701935768,0.05462757870554924,0.002634079195559025,0.1012619137763977,0.5000643134117126,0.27150028944015503,0.013411172665655613
0.017787646502256393,0.06135845556855202,0.17847764492034912,0.006676961202174425,0.31650233268737793,0.00500456104055047,0.4141923487186432
0.12049219012260437,0.3229009211063385,0.0027293339371681213,0.023357510566711426,0.511748194694519,0.013532704673707485,0.005239126272499561
0.0028000716120004654,0.003857668023556471,0.002636819379404187,0.8614553213119507,0.11984287202358246,0.004278764594346285,0.0051285321824252605
0.043952327221632004,0.13556423783302307,0.004654954187572002,0.004514323081821203,0.7039397358894348,0.09373271465301514,0.013641712255775928
0.20107920467853546,0.6917365193367004,0.005309666506946087,0.0009654311579652131,0.08629835397005081,0.005321924574673176,0.009288848377764225
0.036580972373485565,0.048475608229637146,0.0030088662169873714,0.03619473800063133,0.8623153567314148,0.008845152333378792,0.004579261410981417
0.22313188016414642,0.032593611627817154,0.01503815595060587,0.014786015264689922,0.6551659107208252,0.01959214173257351,0.03969231992959976
0.8766312599182129,0.07789047807455063,0.014546559192240238,0.000928745954297483,0.017475124448537827,0.011012197472155094,0.0015157385496422648
0.010607902891933918,0.003954534884542227,0.004714559763669968,0.7928565144538879,0.13990379869937897,0.0037219056393951178,0.0442408062517643
