anger,disgust,fear,joy,neutral,sadness,surprise
0.006713868118822575,0.6117458343505859,0.02659449353814125,0.006343753542751074,0.28994020819664,0.053036633878946304,0.005625230725854635
0.04910530894994736,0.42568323016166687,0.023793233558535576,0.0033207894302904606,0.04267147183418274,0.45227861404418945,0.0031473964918404818
0.09711040556430817,0.2548433840274811,0.061302173882722855,0.0029124144930392504,0.04491150751709938,0.5364766716957092,0.0024434709921479225
0.01686122640967369,0.07609587907791138,0.004337633494287729,0.01724325492978096,0.4586293697357178,0.4226301312446594,0.004202448762953281
0.003606046549975872,0.9726410508155823,0.003947713878005743,0.002201354131102562,0.006143998354673386,0.008649284951388836,0.0028105685487389565
0.016901714727282524,0.1297709196805954,0.0015274077886715531,0.13906720280647278,0.5475772023200989,0.14733320474624634,0.01782229356467724
0.011829978786408901,0.06742897629737854,0.0035849306732416153,0.008327038027346134,0.8806688189506531,0.0193895623087883,0.008770659565925598
0.0753474161028862,0.413512259721756,0.19878776371479034,0.0031408306676894426,0.12169252336025238,0.17682428658008575,0.010694869793951511
0.0014756823657080531,0.005242368672043085,0.0016868659295141697,0.0015918184071779251,0.01634136587381363,0.9655880331993103,0.008073831908404827
