anger,disgust,fear,joy,neutral,sadness,surprise
0.008271725848317146,0.005347140599042177,0.0027728062123060226,0.01559415739029646,0.8977332711219788,0.01476297713816166,0.05551803857088089
0.8892745971679688,0.02465469390153885,0.07439103722572327,0.0011683827033266425,0.0027316492050886154,0.007114555686712265,0.0006651702569797635
0.006769537925720215,0.002133981790393591,0.011283602565526962,0.8829386830329895,0.07155633717775345,0.011056791059672832,0.014261184260249138
0.007052517496049404,0.006604419555515051,0.001607145182788372,0.014426679350435734,0.8978387713432312,0.02096659503877163,0.05150396376848221
0.2735224962234497,0.582309365272522,0.042966876178979874,0.002674134448170662,0.05942188575863838,0.03806149587035179,0.0010437255259603262
0.006879181135445833,0.014270453713834286,0.0007628806051798165,0.036613889038562775,0.8945116996765137,0.03070773184299469,0.01625414751470089
0.07993990182876587,0.3798076808452606,0.014637450687587261,0.13548439741134644,0.3477395176887512,0.036224741488695145,0.006166297942399979
0.006380108185112476,0.026801370084285736,0.014803705736994743,0.04774923622608185,0.7756794691085815,0.02429196983575821,0.10429412871599197
0.3717498779296875,0.45491164922714233,0.026691751554608345,0.0022746045142412186,0.015745095908641815,0.12716421484947205,0.0014628340722993016
0.2709771692752838,0.33153608441352844,0.006175417918711901,0.03098456747829914,0.22373026609420776,0.13010342419147491,0.006493052467703819
0.09242436289787292,0.40490803122520447,0.4566383957862854,0.0025768138002604246,0.002995565999299288,0.037818923592567444,0.002637954894453287
0.017538687214255333,0.009587869048118591,0.9642080664634705,0.0006862787413410842,0.001980261178687215,0.0022510963026434183,0.003747684182599187
0.14793960750102997,0.12852275371551514,0.0028943249490112066,0.048752639442682266,0.5623791813850403,0.10352534055709839,0.005986158270388842
0.6996556520462036,0.028780166059732437,0.0049058436416089535,0.0064596435986459255,0.08813073486089706,0.12359200417995453,0.04847598820924759
0.014762533828616142,0.8373757004737854,0.02725500985980034,0.0010786188067868352,0.03571595251560211,0.07592832297086716,0.00788392685353756
0.07504435628652573,0.09188524633646011,0.005247777793556452,0.004209328908473253,0.03634459897875786,0.782390296459198,0.004878391977399588
0.026563549414277077,0.911056637763977,0.039691176265478134,0.0010269979247823358,0.009519106708467007,0.010965759865939617,0.0011767072137445211
0.049102503806352615,0.9049727916717529,0.003419758751988411,0.0013379546580836177,0.035729408264160156,0.0038688245695084333,0.0015688110142946243
0.7024982571601868,0.22347712516784668,0.030741166323423386,0.0017875774065032601,0.027348749339580536,0.008607384748756886,0.0055397190153598785
0.06301411241292953,0.7679936289787292,0.0865473598241806,0.0015246649272739887,0.02680724300444126,0.04844515770673752,0.005667673423886299
0.038181763142347336,0.0973791778087616,0.0037073821295052767,0.20076556503772736,0.596610426902771,0.03847188130021095,0.024883810430765152
0.6199319362640381,0.0842893198132515,0.03600039333105087,0.004421098157763481,0.1634167730808258,0.019210057333111763,0.07273045182228088
0.2772560119628906,0.6691169142723083,0.012585185468196869,0.0007551220478489995,0.020690632984042168,0.0076248180121183395,0.011971340514719486
0.02719062939286232,0.2527974247932434,0.026842638850212097,0.009002408012747765,0.672023594379425,0.007996155880391598,0.004147138446569443
0.006777431815862656,0.02644721046090126,0.9446545243263245,0.0028433678671717644,0.009772628545761108,0.00443656649440527,0.005068353842943907
0.49202194809913635,0.12514559924602509,0.022229529917240143,0.0015900686848908663,0.02989518642425537,0.32439401745796204,0.0047237565740942955
0.0014505363069474697,0.005297562573105097,0.008257128298282623,0.001092120772227645,0.009176241233944893,0.9701992869377136,0.004527157638221979
0.20917554199695587,0.7401168942451477,0.0026626859325915575,0.0008408466237597167,0.011004150845110416,0.03435264155268669,0.001847286825068295
0.109478659927845,0.020471030846238136,0.777012050151825,0.0033599280286580324,0.05980102717876434,0.02655741013586521,0.0033199430909007788
0.1474718153476715,0.3261944055557251,0.11182008683681488,0.003277756040915847,0.04672201722860336,0.36285141110420227,0.001662593916989863
0.00456593744456768,0.004434787202626467,0.0020807930268347263,0.0008003826951608062,0.003592081367969513,0.9820641279220581,0.002461878815665841
0.10374334454536438,0.13284727931022644,0.0038355982396751642,0.005047184880822897,0.04950542747974396,0.6987839937210083,0.006237200926989317
0.03684847429394722,0.11236681044101715,0.007442327216267586,0.0327051617205143,0.7796247005462646,0.014091689139604568,0.01692083850502968
