anger,disgust,fear,joy,neutral,sadness,surprise
0.01116128358989954,0.008657585829496384,0.002939870348200202,0.019748371094465256,0.9088929891586304,0.02220078371465206,0.026399143040180206
0.006706022657454014,0.0028075024019926786,0.03920493647456169,0.30292436480522156,0.09044994413852692,0.020070917904376984,0.5378363132476807
0.012928493320941925,0.006223595701158047,0.0034701854456216097,0.0488533191382885,0.8854409456253052,0.013973168097436428,0.029110273346304893
0.018226496875286102,0.005483646877110004,0.005122554954141378,0.48434320092201233,0.4379788637161255,0.018453383818268776,0.030391912907361984
0.011502964422106743,0.028270484879612923,0.01663239300251007,0.07179267704486847,0.7324162721633911,0.061638131737709045,0.0777471512556076
0.06387101858854294,0.1756952404975891,0.008493470028042793,0.011983188800513744,0.1355842798948288,0.5662753582000732,0.03809739649295807
0.07146055996417999,0.8467123508453369,0.0049925739876925945,0.008191408589482307,0.040576834231615067,0.0256607998162508,0.0024054977111518383
0.011683679185807705,0.015682710334658623,0.006325417198240757,0.0026331194676458836,0.060741525143384933,0.892316997051239,0.010616458021104336
0.1842765510082245,0.08366373181343079,0.09834658354520798,0.0072363754734396935,0.4654887914657593,0.14770615100860596,0.013281730003654957
0.008814866654574871,0.02179836481809616,0.01274884957820177,0.003034523455426097,0.042314279824495316,0.9090224504470825,0.0022666328586637974
0.003112602746114135,0.007915492169559002,0.0008686555083841085,0.9173059463500977,0.05216653272509575,0.005735594779253006,0.012895181775093079
0.027703985571861267,0.013591587543487549,0.14241629838943481,0.41702258586883545,0.20995068550109863,0.010787835344672203,0.17852701246738434
0.039322514086961746,0.8779997229576111,0.008875329047441483,0.0020203276071697474,0.06108687445521355,0.008345969952642918,0.0023492579348385334
0.02449851483106613,0.04157966002821922,0.0011066007427871227,0.008708015084266663,0.9035211205482483,0.011553284712135792,0.009032824076712132
0.005108061246573925,0.0208906177431345,0.006446375045925379,0.00229543074965477,0.04216810315847397,0.9188257455825806,0.004265668336302042
0.0032323177438229322,0.0024384087882936,0.0019995139446109533,0.07297199964523315,0.7706656455993652,0.04818521812558174,0.10050676017999649
0.007052496541291475,0.0737205222249031,0.012544936500489712,0.0022998719941824675,0.27485641837120056,0.6233346462249756,0.006191064137965441
0.0026923930272459984,0.008268432691693306,0.0022708652541041374,0.00270260707475245,0.012332088313996792,0.9682471752166748,0.003486332716420293
0.016354162245988846,0.24209395051002502,0.07498607039451599,0.0014392697485163808,0.043302617967128754,0.5888986587524414,0.032925255596637726
0.8702388405799866,0.01925508677959442,0.036222413182258606,0.0008148581837303936,0.030319806188344955,0.02611754834651947,0.017031390219926834
0.006834372878074646,0.0038980916142463684,0.002760239876806736,0.03374450281262398,0.7185407876968384,0.16173875331878662,0.07248326390981674
0.10026230663061142,0.05583371967077255,0.0023308093659579754,0.3123043179512024,0.3500436246395111,0.17031329870224,0.008911953307688236
0.006202918943017721,0.00567479245364666,0.0028753390070050955,0.1896928995847702,0.7226158380508423,0.0430879071354866,0.029850363731384277
0.008962555788457394,0.008805542252957821,0.0020645412150770426,0.010184264741837978,0.9226602911949158,0.006807290483266115,0.040515463799238205
0.9583589434623718,0.009507820941507816,0.0040902672335505486,0.0005634354893118143,0.016760341823101044,0.007198962848633528,0.0035201776772737503
0.09956102073192596,0.07625408470630646,0.004539192654192448,0.03460846468806267,0.5521190166473389,0.22839070856571198,0.004527552053332329
0.01502882968634367,0.005898705683648586,0.006781596690416336,0.288704514503479,0.6532586216926575,0.011240295134484768,0.019087400287389755
0.0016543895471841097,0.012029210105538368,0.0016095925820991397,0.037401627749204636,0.09039869904518127,0.8474005460739136,0.009505942463874817
0.009120665490627289,0.022955309599637985,0.007706758566200733,0.4262741506099701,0.46564507484436035,0.048094913363456726,0.0202029962092638
0.012400130741298199,0.02705826237797737,0.004302388522773981,0.04219479858875275,0.4285496175289154,0.04974905773997307,0.4357457160949707
