anger,disgust,fear,joy,neutral,sadness,surprise
0.06498754024505615,0.029447544366121292,0.4167976677417755,0.24103990197181702,0.20056013762950897,0.040453892201185226,0.006713432259857655
0.12099408358335495,0.010273785330355167,0.7332973480224609,0.039997633546590805,0.05485842749476433,0.0335521437227726,0.0070266081020236015
0.45749548077583313,0.4440738558769226,0.009622739627957344,0.0010510931024327874,0.06230830028653145,0.023559637367725372,0.0018888633931055665
0.13546979427337646,0.15578359365463257,0.08406618237495422,0.008976208977401257,0.5677230358123779,0.03397410735487938,0.01400705985724926
0.050412654876708984,0.1405428946018219,0.09102965891361237,0.013708654791116714,0.6438255906105042,0.007001168094575405,0.05347941443324089
0.04148247465491295,0.9362346529960632,0.01429919246584177,0.00033829224412329495,0.0031104639638215303,0.0038519371300935745,0.0006829134072177112
0.11410101503133774,0.2653259336948395,0.028494883328676224,0.023033788427710533,0.5322533845901489,0.02943303994834423,0.0073579405434429646
0.15307201445102692,0.43127864599227905,0.035641178488731384,0.007710026111453772,0.3523065745830536,0.015076478011906147,0.004915014840662479
0.27210208773612976,0.6874138116836548,0.004917365498840809,0.001000518910586834,0.027976304292678833,0.005267443601042032,0.0013224948197603226
0.16847114264965057,0.26178523898124695,0.01618278957903385,0.003928142134100199,0.10356932133436203,0.44375717639923096,0.002306247130036354
0.14670804142951965,0.4959820508956909,0.010269292630255222,0.0033383488189429045,0.04549599066376686,0.29485055804252625,0.0033557373099029064
