anger,disgust,fear,joy,neutral,sadness,surprise
0.00834674946963787,0.03943759575486183,0.0744224339723587,0.00650358060374856,0.4857388436794281,0.3674490451812744,0.01810176484286785
0.017788374796509743,0.040900424122810364,0.3997567296028137,0.01100451685488224,0.279827743768692,0.22087718546390533,0.029845094308257103
0.028719626367092133,0.08803502470254898,0.004974753130227327,0.011128406971693039,0.8512009978294373,0.012144781649112701,0.0037964265793561935
0.00842883437871933,0.005150823853909969,0.012855587527155876,0.025123851373791695,0.8410094380378723,0.007447743322700262,0.09998373687267303
0.01542489230632782,0.035501882433891296,0.0044947899878025055,0.008431026712059975,0.9037705063819885,0.006735310889780521,0.025641566142439842
0.01565144583582878,0.023066269233822823,0.0027277858462184668,0.007343911100178957,0.9398157000541687,0.009147090837359428,0.002247799187898636
0.26620954275131226,0.17000964283943176,0.06411848217248917,0.006875771563500166,0.33619070053100586,0.14208996295928955,0.014505881816148758
0.014071119017899036,0.04805054888129234,0.17325171828269958,0.0073617929592728615,0.37043991684913635,0.37364134192466736,0.013183594681322575
0.0076468149200081825,0.017165232449769974,0.008644872345030308,0.0016381017630919814,0.0524584986269474,0.9018298983573914,0.010616549290716648
0.023993169888854027,0.2482536882162094,0.029072755947709084,0.0015980481402948499,0.04547104984521866,0.6239397525787354,0.02767150104045868
0.01781921088695526,0.024945378303527832,0.0064292424358427525,0.0026024801190942526,0.28557077050209045,0.625385046005249,0.03724786639213562
0.025539949536323547,0.49364998936653137,0.027063965797424316,0.0022751735523343086,0.3899182081222534,0.02810836397111416,0.033444423228502274
0.008632717654109001,0.011863253079354763,0.002353350631892681,0.0021263943053781986,0.9551156759262085,0.007235872093588114,0.012672843411564827
0.02026175707578659,0.0629376694560051,0.002462001983076334,0.03277050331234932,0.26248207688331604,0.6135884523391724,0.005497552454471588
