anger,disgust,fear,joy,neutral,sadness,surprise
0.015555990859866142,0.016700493171811104,0.0005060019320808351,0.8658704161643982,0.0856010839343071,0.0054808566346764565,0.010285113006830215
0.011135395616292953,0.06742716580629349,0.005343947559595108,0.004267963580787182,0.09290983527898788,0.8107031583786011,0.00821255799382925
0.002963139209896326,0.0006908986833877861,0.9827769994735718,0.0016363346949219704,0.0067645288072526455,0.0019411238608881831,0.003227042034268379
0.18383517861366272,0.33377960324287415,0.013905120082199574,0.007525830063968897,0.4404539167881012,0.014690611511468887,0.005809778813272715
0.01459568552672863,0.8255557417869568,0.0973503515124321,0.00203890074044466,0.05151524394750595,0.0040582409128546715,0.004885840229690075
0.47775012254714966,0.376543790102005,0.006827596575021744,0.006946669891476631,0.10178966075181961,0.0206343661993742,0.009507727809250355
0.03052140772342682,0.09291919320821762,0.0026797312311828136,0.01014645118266344,0.8344325423240662,0.01726178638637066,0.012038888409733772
0.12524697184562683,0.033079590648412704,0.0052098496817052364,0.005451572127640247,0.7855506539344788,0.010443746112287045,0.03501753881573677
0.3687206506729126,0.057128001004457474,0.010835036635398865,0.0242496058344841,0.4976842403411865,0.03280927613377571,0.008573168888688087
