anger,disgust,fear,joy,neutral,sadness,surprise
0.24709978699684143,0.5745300054550171,0.010224132798612118,0.001939300331287086,0.1476093977689743,0.013693897053599358,0.004903466906398535
0.23513838648796082,0.14070095121860504,0.004297995008528233,0.023557111620903015,0.41087058186531067,0.17640362679958344,0.009031347930431366
0.010805875062942505,0.002414062386378646,0.0031963526271283627,0.6889240741729736,0.06909970939159393,0.004049492534250021,0.22151048481464386
0.00899028591811657,0.015025529079139233,0.0015808612806722522,0.010300219990313053,0.9306202530860901,0.02329767681658268,0.0101851187646389
0.006933722645044327,0.00386977125890553,0.0025440144818276167,0.018636325374245644,0.8329498767852783,0.012536165304481983,0.12253019958734512
0.003894197754561901,0.00887997355312109,0.015185936354100704,0.10083651542663574,0.1685160994529724,0.6476286053657532,0.05505875125527382
0.028263960033655167,0.015009401366114616,0.011563939973711967,0.2788103222846985,0.44252702593803406,0.12269928306341171,0.10112600773572922
0.005868040025234222,0.012876213528215885,0.0038198488764464855,0.044657230377197266,0.5156641602516174,0.38345515727996826,0.03365935757756233
0.00839427299797535,0.01609989069402218,0.0010278774425387383,0.0046168239787220955,0.040298715233802795,0.8833436965942383,0.046218711882829666
0.01279306598007679,0.014852547086775303,0.0011918405070900917,0.010410670191049576,0.9376621842384338,0.004137606825679541,0.018952127546072006
0.001258360338397324,0.0007021346245892346,0.00035242404555901885,0.9814769625663757,0.003101084614172578,0.0019527255790308118,0.011156337335705757
0.012994523160159588,0.0075696781277656555,0.006013195961713791,0.36652079224586487,0.5622244477272034,0.009776403196156025,0.03490094095468521
0.02456509694457054,0.03337680548429489,0.002938989782705903,0.03618144989013672,0.8693601489067078,0.02974606677889824,0.00383141846396029
0.022199835628271103,0.0910802036523819,0.001692272606305778,0.008618177846074104,0.8553260564804077,0.005191981792449951,0.015891563147306442
0.008850662969052792,0.048974111676216125,0.0069567980244755745,0.3525310158729553,0.29680728912353516,0.23394101858139038,0.051939092576503754
0.0053873867727816105,0.001363595132716,0.0011898274533450603,0.6118983626365662,0.042340073734521866,0.007253418210893869,0.330567330121994
