anger,disgust,fear,joy,neutral,sadness,surprise
0.004394922871142626,0.005836769938468933,0.9331705570220947,0.0017798510380089283,0.017907237634062767,0.0035079282242804766,0.03340274468064308
0.12308871746063232,0.11299863457679749,0.04410303384065628,0.007794472388923168,0.6645687222480774,0.0171747375279665,0.0302716176956892
0.008151313289999962,0.04951116442680359,0.015077400021255016,0.002762789139524102,0.04239167273044586,0.8763074278831482,0.005798300262540579
0.054365240037441254,0.04147464036941528,0.020928923040628433,0.03213107958436012,0.6659293174743652,0.015918154269456863,0.16925270855426788
0.21027757227420807,0.09624724835157394,0.180943563580513,0.011232017539441586,0.35304221510887146,0.09308275580406189,0.05517459288239479
0.007057302165776491,0.009991929866373539,0.07852433621883392,0.0259535051882267,0.8326641321182251,0.01654883474111557,0.029259901493787766
0.006742439698427916,0.03249901533126831,0.00444512814283371,0.07096655666828156,0.8053663969039917,0.012104014866054058,0.06787646561861038
0.06803920120000839,0.15718986093997955,0.6357711553573608,0.003619689494371414,0.10917696356773376,0.006415157113224268,0.0197879821062088
0.038022730499506,0.018206676468253136,0.26484090089797974,0.01122374925762415,0.44178423285484314,0.028526701033115387,0.19739501178264618
0.013117410242557526,0.031051328405737877,0.028652993962168694,0.27403366565704346,0.5688173770904541,0.004786661826074123,0.07954056560993195
0.0045219105668365955,0.0025567999109625816,0.0011911141918972135,0.0012960581807419658,0.007332648150622845,0.0014082018751651049,0.9816932678222656
0.5397390127182007,0.3459406793117523,0.035213928669691086,0.0012856668327003717,0.021365998312830925,0.05481325462460518,0.0016413447447121143
0.05804777890443802,0.012709857895970345,0.7069006562232971,0.0072234636172652245,0.1999502032995224,0.01245216466486454,0.0027157228905707598
0.14741641283035278,0.08451396226882935,0.26539987325668335,0.005015178583562374,0.33862099051475525,0.15600469708442688,0.0030288691632449627
0.12650349736213684,0.07573918998241425,0.514329195022583,0.007800743915140629,0.22564633190631866,0.047849055379629135,0.002131939632818103
0.020660337060689926,0.05693478137254715,0.019274119287729263,0.7666304111480713,0.11989136040210724,0.01332600973546505,0.0032828785479068756
0.7601756453514099,0.10634858161211014,0.03775298222899437,0.0012323737610131502,0.03367505967617035,0.05290854722261429,0.007906874641776085
0.5036436319351196,0.04638804495334625,0.17521123588085175,0.004435957875102758,0.2423546016216278,0.012217147275805473,0.015749363228678703
0.04361265152692795,0.03618946671485901,0.0057844556868076324,0.02669961005449295,0.8682544231414795,0.017401807010173798,0.0020575288217514753
0.0037299348041415215,0.014305687509477139,0.004372138995677233,0.026979930698871613,0.3688235580921173,0.5694833993911743,0.012305358424782753
