anger,disgust,fear,joy,neutral,sadness,surprise
0.029728194698691368,0.07412102818489075,0.012037971056997776,0.003687272546812892,0.8195599913597107,0.03734008967876434,0.023525385186076164
0.032620739191770554,0.13096730411052704,0.4714842438697815,0.00589870847761631,0.31699782609939575,0.02907104790210724,0.012960203923285007
0.009784126654267311,0.006159509066492319,0.04905861243605614,0.011678637936711311,0.6549748182296753,0.03348476067185402,0.23485957086086273
0.01052518468350172,0.023584792390465736,0.9037413001060486,0.0010383132612332702,0.0017251204699277878,0.05751010775566101,0.0018751196330413222
0.00785563699901104,0.006565642077475786,0.05044306442141533,0.00224297889508307,0.0385485514998436,0.8563216924667358,0.038022346794605255
0.03062882274389267,0.01650106906890869,0.8343394994735718,0.010680751875042915,0.03194575011730194,0.02648664452135563,0.04941742122173309
0.19837765395641327,0.5616477727890015,0.08393512666225433,0.0020459648221731186,0.059708986431360245,0.09259107708930969,0.0016933592269197106
0.11211272329092026,0.059958476573228836,0.01951095648109913,0.047756556421518326,0.744835376739502,0.005639415234327316,0.010186456143856049
0.04616415500640869,0.0225047767162323,0.019068650901317596,0.0015803556889295578,0.04840966314077377,0.7955684065818787,0.06670398265123367
0.019835883751511574,0.010535155422985554,0.006626344285905361,0.004220495466142893,0.8563804626464844,0.0032192151993513107,0.0991823673248291
0.01976688764989376,0.018757911399006844,0.8605536222457886,0.0020328692626208067,0.06619668006896973,0.021556546911597252,0.011135530658066273
0.021473271772265434,0.20944924652576447,0.02565024048089981,0.009018760174512863,0.6656386852264404,0.014380009844899178,0.05438973382115364
0.26325204968452454,0.23593850433826447,0.34813499450683594,0.00491233728826046,0.0631035715341568,0.06782665103673935,0.01683194749057293
0.013543506152927876,0.869339108467102,0.017880484461784363,0.0011301074409857392,0.05892685800790787,0.03245588392019272,0.006724015809595585
0.6433946490287781,0.17036114633083344,0.00845724530518055,0.0037942365743219852,0.09410574287176132,0.07579110562801361,0.004095931071788073
0.42211201786994934,0.42871618270874023,0.07191827148199081,0.001360359601676464,0.03247761353850365,0.04196707531809807,0.0014483832055702806
0.012424277141690254,0.06049191951751709,0.024441614747047424,0.04376063495874405,0.5874292254447937,0.25969964265823364,0.011752636171877384
0.9217308759689331,0.017751598730683327,0.006557283457368612,0.001515862182714045,0.03584102913737297,0.007900701835751534,0.008702604100108147
0.0871160626411438,0.8383737206459045,0.008845241740345955,0.0026060426607728004,0.036175403743982315,0.025045808404684067,0.0018376430962234735
0.006058042403310537,0.007125891279429197,0.9243390560150146,0.0007338764844462276,0.0065484000369906425,0.050210002809762955,0.004984770901501179
0.3906291127204895,0.020198531448841095,0.37710005044937134,0.0018862136639654636,0.023574264720082283,0.15914386510849,0.027468012645840645
0.04503968358039856,0.05073834955692291,0.5029729008674622,0.008740957826375961,0.18502603471279144,0.018406013026833534,0.18907608091831207
0.014661051332950592,0.1350005567073822,0.11637742817401886,0.005972675979137421,0.4773472845554352,0.13838203251361847,0.11225897073745728
0.017948627471923828,0.029373575001955032,0.0006489786901511252,0.8134906888008118,0.1112247034907341,0.02440621331334114,0.002907207701355219
0.896151602268219,0.030287764966487885,0.0034491352271288633,0.00193770881742239,0.04926532134413719,0.01325974240899086,0.005648758728057146
0.04722969979047775,0.8516035079956055,0.01622469164431095,0.0008910453179851174,0.05947166308760643,0.01788368634879589,0.006695643067359924
0.13464167714118958,0.04952646419405937,0.5806127786636353,0.0028190412558615208,0.14157047867774963,0.07922874391078949,0.011600908823311329
0.007830954156816006,0.010366657748818398,0.007503594271838665,0.004332403652369976,0.9515435099601746,0.003939361777156591,0.014483432285487652
0.006324827671051025,0.012788254767656326,0.02398991771042347,0.028582459315657616,0.9098827838897705,0.011413290165364742,0.0070183901116251945
0.060989513993263245,0.21291382610797882,0.1316003054380417,0.007537278812378645,0.4400579333305359,0.0687432661652565,0.07815783470869064
0.15883296728134155,0.787255048751831,0.032678231596946716,0.0007358335424214602,0.013203933835029602,0.0060765002854168415,0.0012174495495855808
0.15876205265522003,0.4880359470844269,0.025516381487250328,0.0023580584675073624,0.303171306848526,0.016057072207331657,0.006099157966673374
0.23367738723754883,0.06265407800674438,0.12562286853790283,0.001964879222214222,0.05131809040904045,0.05869787186384201,0.46606484055519104
0.005854159593582153,0.039591070264577866,0.9015542268753052,0.0012985306093469262,0.030778009444475174,0.014707519672811031,0.006216451060026884
0.07911808788776398,0.43316829204559326,0.16108466684818268,0.0015208448749035597,0.11276024580001831,0.18990443646907806,0.022443493828177452
0.04183041676878929,0.7377968430519104,0.014860866591334343,0.0006558469031006098,0.022516364231705666,0.17595921456813812,0.0063803731463849545
0.014336807653307915,0.18182288110256195,0.01109116617590189,0.08658778667449951,0.6364452242851257,0.0613102950155735,0.008405781351029873
0.007991703227162361,0.42823269963264465,0.008913038298487663,0.00642390875145793,0.5134385228157043,0.02867729216814041,0.006322867702692747
0.015604658052325249,0.012290669605135918,0.030718903988599777,0.005835368297994137,0.4977712333202362,0.03319248929619789,0.4045867323875427
0.005392405204474926,0.05785921588540077,0.002133050002157688,0.023485656827688217,0.859891414642334,0.011677699163556099,0.039560507982969284
0.022294191643595695,0.03685946390032768,0.6700984239578247,0.0024085345212370157,0.09515067934989929,0.16858798265457153,0.004600839223712683
0.13927426934242249,0.07972369343042374,0.6022697687149048,0.00961762759834528,0.13402417302131653,0.027215128764510155,0.007875356823205948
0.7111262679100037,0.1494417041540146,0.012637132778763771,0.004982501268386841,0.08883069455623627,0.025721251964569092,0.007260476239025593
0.04427187517285347,0.1411823332309723,0.02877529338002205,0.02619405835866928,0.5236968398094177,0.22850507497787476,0.007374536711722612
0.025155331939458847,0.47690320014953613,0.03136103227734566,0.002138690557330847,0.0806673914194107,0.3559953570365906,0.02777901105582714
0.010631951503455639,0.02112463489174843,0.006922589149326086,0.01326762605458498,0.6878262162208557,0.023002708330750465,0.2372242957353592
0.019678842276334763,0.9261559844017029,0.026622191071510315,0.0009617817122489214,0.015672659501433372,0.009325394406914711,0.0015832561766728759
0.7725021243095398,0.03216918930411339,0.003716772422194481,0.005473144818097353,0.08118423074483871,0.0683024525642395,0.03665212169289589
0.01947750151157379,0.9544367790222168,0.0012537676375359297,0.0005838047945871949,0.015033272095024586,0.00806217361241579,0.0011527508031576872
0.42062556743621826,0.05156925320625305,0.02611861564218998,0.008828271180391312,0.41283920407295227,0.05537400767207146,0.024645088240504265
0.09719779342412949,0.03136355057358742,0.004107979126274586,0.005186364986002445,0.8326290845870972,0.008395104669034481,0.02112012915313244
0.052913784980773926,0.08749227225780487,0.012272229418158531,0.010766963474452496,0.25925058126449585,0.5602290630340576,0.01707514002919197
0.902220606803894,0.022893501445651054,0.010816042311489582,0.0011468898737803102,0.047897517681121826,0.013139204122126102,0.0018862305441871285
0.15417303144931793,0.7329356074333191,0.04542682319879532,0.001052777748554945,0.03424699977040291,0.029584350064396858,0.002580491825938225
0.14619506895542145,0.36679404973983765,0.10530152171850204,0.005739300977438688,0.3206583261489868,0.04519985616207123,0.010111919604241848
0.12161237001419067,0.17145775258541107,0.014301540330052376,0.004126901738345623,0.02799081616103649,0.6584771871566772,0.00203343597240746
0.004091218113899231,0.013441530987620354,0.008360781706869602,0.5463524460792542,0.36922964453697205,0.03045862913131714,0.028065726161003113
0.0030738189816474915,0.007370752282440662,0.0011992119252681732,0.004519788082689047,0.9558277130126953,0.004248388111591339,0.023760315030813217
0.011285179294645786,0.1255502998828888,0.0023824325762689114,0.13139690458774567,0.6510677337646484,0.06466338038444519,0.013654078356921673
