anger,disgust,fear,joy,neutral,sadness,surprise
0.02318442054092884,0.04576709493994713,0.0013354654656723142,0.8998854756355286,0.021495062857866287,0.004519827198237181,0.0038125975988805294
0.016400586813688278,0.01690431497991085,0.36125966906547546,0.0027409889735281467,0.016650158911943436,0.5831087827682495,0.0029354991856962442
0.11840563267469406,0.3153548240661621,0.006404481828212738,0.0015490207588300109,0.01633601076900959,0.5395452380180359,0.002404720988124609
0.009186681360006332,0.02815869450569153,0.0058124796487390995,0.7765624523162842,0.14356301724910736,0.01985614188015461,0.016860494390130043
0.6961649656295776,0.12253260612487793,0.07358456403017044,0.0065368711948394775,0.07889578491449356,0.019202876836061478,0.0030822858680039644
0.6805183291435242,0.2573247253894806,0.008130884729325771,0.0010187458246946335,0.03857303783297539,0.012731834314763546,0.0017023645341396332
0.005938498768955469,0.004812948871403933,0.929509162902832,0.0018834249349310994,0.04173402115702629,0.012856618501245975,0.0032654081005603075
0.07224498689174652,0.24490676820278168,0.008687607944011688,0.0046018557623028755,0.6195935010910034,0.04499729350209236,0.004968020599335432
0.003210709895938635,0.006963249295949936,0.0021928814239799976,0.0022086191456764936,0.016375074163079262,0.9666962027549744,0.002353346673771739
0.032457008957862854,0.036721762269735336,0.029148174449801445,0.06766624748706818,0.7825230360031128,0.045200448483228683,0.006283276714384556
0.04816973954439163,0.038407064974308014,0.002442228142172098,0.44450271129608154,0.40935781598091125,0.04360111430287361,0.013519227504730225
0.004348930902779102,0.004023083485662937,0.0002675233699847013,0.9571864604949951,0.021569928154349327,0.0030793584883213043,0.009524700231850147
0.027268147096037865,0.08206811547279358,0.011829808354377747,0.5392466187477112,0.27143311500549316,0.018041711300611496,0.05011245980858803
0.3004646599292755,0.6698811650276184,0.004902986343950033,0.0012774569913744926,0.00520257418975234,0.017109563574194908,0.0011615537805482745
0.7697412967681885,0.16267959773540497,0.00869157537817955,0.0008263478521257639,0.03985053673386574,0.00951029360294342,0.008700315840542316
0.0067465645261108875,0.009447414427995682,0.0032156624365597963,0.8704233765602112,0.08177872747182846,0.011522924527525902,0.016865365207195282
0.8822392821311951,0.09060346335172653,0.005467675626277924,0.0012886732583865523,0.011894422583281994,0.007344124373048544,0.0011625002371147275
