anger,disgust,fear,joy,neutral,sadness,surprise
0.455258309841156,0.12732566893100739,0.3025072515010834,0.007032798137515783,0.016466151922941208,0.08947523683309555,0.001934530446305871
0.7329596877098083,0.10676968097686768,0.02865939773619175,0.0031647721771150827,0.026790199801325798,0.09925520420074463,0.002401103265583515
0.006142800208181143,0.008387161418795586,0.002483582589775324,0.42480868101119995,0.5112823843955994,0.02008461207151413,0.026810774579644203
0.016811393201351166,0.026426253840327263,0.26591813564300537,0.021692072972655296,0.5789670944213867,0.08540359884500504,0.004781471565365791
0.025588903576135635,0.44454988837242126,0.4968074560165405,0.002767430152744055,0.013445056974887848,0.013996022753417492,0.002845232840627432
0.1343766748905182,0.04328104853630066,0.3590332865715027,0.003238887758925557,0.31823036074638367,0.1352035254240036,0.006636134348809719
0.15030135214328766,0.09281446039676666,0.0032972253393381834,0.017092624679207802,0.07986976951360703,0.6505709290504456,0.0060536679811775684
0.8021442294120789,0.16846498847007751,0.00241827592253685,0.0017266955692321062,0.012444871477782726,0.011548381298780441,0.0012525443453341722
0.01368776336312294,0.0036520541179925203,0.6841863989830017,0.015527593903243542,0.25036513805389404,0.024985628202557564,0.007595601957291365
0.7663087844848633,0.1478523463010788,0.025535227730870247,0.0011504056164994836,0.026324409991502762,0.03141355514526367,0.0014154125237837434
0.09914311021566391,0.2092028558254242,0.013186679221689701,0.015176855958998203,0.5496841073036194,0.10921594500541687,0.004390439484268427
0.06914664804935455,0.016387850046157837,0.014426376670598984,0.020809751003980637,0.10116688907146454,0.7699642181396484,0.008098265156149864
0.009835926815867424,0.9740851521492004,0.002617631107568741,0.0003116804582532495,0.007571929134428501,0.004393328912556171,0.0011844804976135492
0.9799124598503113,0.007422672584652901,0.006858874578028917,0.0005146872135810554,0.002779737813398242,0.0012940432643517852,0.001217553741298616
0.04288497194647789,0.01880624145269394,0.028660515323281288,0.007907913066446781,0.8500300049781799,0.023363599553704262,0.028346771374344826
