anger,disgust,fear,joy,neutral,sadness,surprise
0.2170436978340149,0.7107069492340088,0.035638757050037384,0.000913516094442457,0.024427883327007294,0.008292334154248238,0.002976791001856327
0.017476264387369156,0.1846974939107895,0.0036081650760024786,0.0022834595292806625,0.7546665668487549,0.010463437996804714,0.02680453471839428
0.0457720085978508,0.05818203091621399,0.013838032260537148,0.004158460535109043,0.7892406582832336,0.0774233341217041,0.011385459452867508
0.0681089460849762,0.005147538613528013,0.9085764288902283,0.001246413215994835,0.009396670386195183,0.004132482688874006,0.0033914775121957064
0.5634081363677979,0.036774929612874985,0.0842357948422432,0.002644335152581334,0.26864054799079895,0.03104209341108799,0.013254168443381786
0.158058300614357,0.7297654151916504,0.007894407957792282,0.0050634476356208324,0.07902730256319046,0.0064442576840519905,0.013746895827353
0.005405359901487827,0.009315034374594688,0.00233169412240386,0.0031768805347383022,0.9664304852485657,0.0058358823880553246,0.007504739798605442
0.012455934658646584,0.2639484703540802,0.010714568197727203,0.005980849266052246,0.6035423278808594,0.07917478680610657,0.024183036759495735
0.18716230988502502,0.01642695441842079,0.4562942683696747,0.007250112481415272,0.3027070462703705,0.02667928673326969,0.0034799580462276936
0.028807731345295906,0.19516423344612122,0.011595634743571281,0.002845822600647807,0.6967038512229919,0.05771138519048691,0.007171365432441235
0.129169762134552,0.47137609124183655,0.009530474431812763,0.0038731982931494713,0.33264556527137756,0.03640766814351082,0.016997259110212326
0.34524980187416077,0.3741791546344757,0.009825092740356922,0.004613763187080622,0.23807236552238464,0.026421131566166878,0.0016385946655645967
0.3997373878955841,0.1286918669939041,0.16005030274391174,0.008413031697273254,0.26941442489624023,0.02439364418387413,0.009299376048147678
0.8164926767349243,0.10393822938203812,0.04249278083443642,0.0012261056108400226,0.01451465580612421,0.00278611877001822,0.018549473956227303
0.020824382081627846,0.09216901659965515,0.00801803357899189,0.0034697430673986673,0.8625671863555908,0.007808541879057884,0.005143132992088795
0.008311879821121693,0.008340365253388882,0.003910340368747711,0.011995415203273296,0.5956826210021973,0.012364431284368038,0.35939496755599976
0.0034230558667331934,0.009068996645510197,0.043099161237478256,0.0015415656380355358,0.021375345066189766,0.8952730298042297,0.026218848302960396
0.6872402429580688,0.0871223509311676,0.006264176685363054,0.0009679488721303642,0.04136151075363159,0.17363591492176056,0.0034077619202435017
0.1487872302532196,0.010260757058858871,0.46834850311279297,0.013069596141576767,0.2906978726387024,0.024142928421497345,0.04469325765967369
0.3116730749607086,0.12165921926498413,0.1622583419084549,0.004547717981040478,0.11123734712600708,0.2705460786819458,0.018078146502375603
0.6297459602355957,0.22454197704792023,0.08031261712312698,0.0014511247863993049,0.04435550048947334,0.01707889884710312,0.0025138554628938437
0.03642563149333,0.8292008638381958,0.017322959378361702,0.005470061209052801,0.07281810790300369,0.037054918706417084,0.0017073961207643151
0.07400604337453842,0.17167702317237854,0.040283799171447754,0.006554088089615107,0.14456655085086823,0.5592352151870728,0.0036772270686924458
0.6361275911331177,0.20431116223335266,0.0315685048699379,0.0011557822581380606,0.050964027643203735,0.06602402031421661,0.009848984889686108
0.02166358381509781,0.0708765983581543,0.015890780836343765,0.007001394871622324,0.46738508343696594,0.38911113142967224,0.02807149477303028
0.49594101309776306,0.12619638442993164,0.027051439508795738,0.002778084482997656,0.19427597522735596,0.04508226364850998,0.10867487639188766
0.0024290960282087326,0.007139220833778381,0.01169506460428238,0.0011168824275955558,0.015261584892868996,0.9605278968811035,0.0018302806420251727
0.05106355622410774,0.48119255900382996,0.017612600699067116,0.019055457785725594,0.13287968933582306,0.022776469588279724,0.27541956305503845
0.007245126646012068,0.003660210408270359,0.001079988549463451,0.2837100625038147,0.6287589073181152,0.00705764489248395,0.0684879943728447
0.017925318330526352,0.05094709247350693,0.0017429233994334936,0.1871246099472046,0.716293454170227,0.013326188549399376,0.012640333734452724
0.036470308899879456,0.5050501823425293,0.006414745934307575,0.016959350556135178,0.1570678949356079,0.2754395306110382,0.002597985789179802
