anger,disgust,fear,joy,neutral,sadness,surprise
0.029369987547397614,0.0019058054313063622,0.001741059822961688,0.7289887070655823,0.08835437893867493,0.0823969915509224,0.06724309921264648
0.025084421038627625,0.021045370027422905,0.11156173050403595,0.007688699755817652,0.6326084136962891,0.11990118771791458,0.0821102112531662
0.0042874435894191265,0.0028533958829939365,0.010756036266684532,0.06342065334320068,0.8094543814659119,0.011300402693450451,0.09792767465114594
0.7364218831062317,0.10238099843263626,0.006091118324548006,0.004020408261567354,0.11437685787677765,0.02905341237783432,0.007655319292098284
0.02458946220576763,0.005625771824270487,0.2676183879375458,0.004480288363993168,0.04168800264596939,0.5374762415885925,0.11852183938026428
0.001623652409762144,0.0024861518759280443,0.0007101926603354514,0.0012718449579551816,0.0056757256388664246,0.9851013422012329,0.0031311768107116222
0.11736215651035309,0.24290232360363007,0.0034749095793813467,0.005576303694397211,0.4515919089317322,0.1499568223953247,0.029135603457689285
0.045562032610177994,0.02112072892487049,0.009846462868154049,0.03281334415078163,0.1758122593164444,0.6456104516983032,0.06923472136259079
0.00298004481010139,0.0026516953948885202,0.0011474299244582653,0.005049902945756912,0.012083429843187332,0.9721919894218445,0.0038955360651016235
