anger,disgust,fear,joy,neutral,sadness,surprise
0.02252606302499771,0.5477163791656494,0.01715773157775402,0.03308352082967758,0.36157238483428955,0.008429180830717087,0.009514711797237396
0.008378103375434875,0.0038379253819584846,0.034059543162584305,0.006312413606792688,0.005328652448952198,0.04218945652246475,0.8998939394950867
0.014032173901796341,0.9058215618133545,0.008246428333222866,0.000838993932120502,0.05041549354791641,0.01668800227344036,0.00395738473162055
0.017372312024235725,0.8789598345756531,0.029899438843131065,0.0019953500013798475,0.03030208684504032,0.039645787328481674,0.0018251556903123856
0.06603490561246872,0.8380032777786255,0.06866417825222015,0.0005617538699880242,0.0018131681717932224,0.023129494860768318,0.001793290488421917
0.1699475646018982,0.3986656367778778,0.03786001726984978,0.0008323020883835852,0.025208862498402596,0.3580250144004822,0.009460583329200745
0.0833045169711113,0.13303020596504211,0.6873316168785095,0.0032135937362909317,0.06610680371522903,0.02454460598528385,0.0024686777032911777
0.12735705077648163,0.30335715413093567,0.00325614120811224,0.010033916682004929,0.2216002494096756,0.3214595913887024,0.012935870327055454
0.15940172970294952,0.4705987572669983,0.05625007674098015,0.0016536512412130833,0.2765745520591736,0.026823626831173897,0.008697573095560074
0.04846625030040741,0.023580249398946762,0.04807994142174721,0.0025687478482723236,0.08970090001821518,0.6513628959655762,0.13624104857444763
0.7773402333259583,0.06749088317155838,0.09431290626525879,0.001957150874659419,0.04984398931264877,0.005572302266955376,0.00348252453841269
0.006560158915817738,0.0020803939551115036,0.9645798802375793,0.0009651760919950902,0.011582969687879086,0.0031100334599614143,0.011121266521513462
0.3587859272956848,0.2680589556694031,0.030882976949214935,0.003506902838125825,0.06675495207309723,0.26917439699172974,0.002835922408849001
0.15184101462364197,0.45711469650268555,0.014334611594676971,0.0015958909643813968,0.20820626616477966,0.15414927899837494,0.012758252210915089
0.11979077011346817,0.09556757658720016,0.012035379186272621,0.003810558468103409,0.25767281651496887,0.5045821666717529,0.006540731061249971
0.011789429932832718,0.05705219507217407,0.006059220060706139,0.04904438182711601,0.4102694094181061,0.46126553416252136,0.004519802983850241
0.2994574308395386,0.11160411685705185,0.05547022074460983,0.0037234292831271887,0.4553806483745575,0.06614652276039124,0.008217607624828815
0.006871196907013655,0.027413342148065567,0.004479262977838516,0.010121744126081467,0.9351460337638855,0.003915984183549881,0.012052330188453197
0.20755691826343536,0.11634673178195953,0.08116061240434647,0.37596648931503296,0.11367134749889374,0.0219419002532959,0.08335600793361664
