anger,disgust,fear,joy,neutral,sadness,surprise
0.03363586962223053,0.6869551539421082,0.005751900374889374,0.0711410790681839,0.1754489690065384,0.009200175292789936,0.017866909503936768
0.0754094049334526,0.3960690200328827,0.1463802605867386,0.007624383084475994,0.20178407430648804,0.16588523983955383,0.0068476335145533085
0.11630278080701828,0.041739583015441895,0.028258897364139557,0.012518201023340225,0.33238518238067627,0.46443453431129456,0.00436088303104043
0.04919105023145676,0.1345336139202118,0.003992236685007811,0.48741868138313293,0.27727577090263367,0.036867640912532806,0.01072103250771761
0.6425307393074036,0.07412779331207275,0.005529571790248156,0.0040696305222809315,0.23502838611602783,0.0362006276845932,0.0025132177397608757
0.042871277779340744,0.026657329872250557,0.006177963688969612,0.0016992072341963649,0.032687120139598846,0.886702835559845,0.0032043056562542915
0.022221339866518974,0.016329489648342133,0.010289445519447327,0.05616597458720207,0.8525330424308777,0.02897290326654911,0.013487797230482101
0.06367893517017365,0.022412452846765518,0.027681691572070122,0.20725670456886292,0.6304659843444824,0.039750002324581146,0.008754250593483448
0.015421302989125252,0.743762731552124,0.02059943974018097,0.007064518518745899,0.18988099694252014,0.004689165856689215,0.018581928685307503
0.3873342275619507,0.38009020686149597,0.14923110604286194,0.0022994820028543472,0.04449210688471794,0.031284213066101074,0.005268716719001532
0.010758576914668083,0.005708689801394939,0.04992116615176201,0.0025000902824103832,0.018526246771216393,0.0018985525239259005,0.9106866717338562
0.09231413900852203,0.08952704071998596,0.08712401241064072,0.02163762040436268,0.6788920164108276,0.017967073246836662,0.012538012117147446
0.008620699867606163,0.012740829028189182,0.0026482681278139353,0.0041083539836108685,0.9095799922943115,0.008734974078834057,0.05356691777706146
0.03485747054219246,0.03556645289063454,0.36399999260902405,0.06298603862524033,0.4620476961135864,0.035274773836135864,0.0052675106562674046
