anger,disgust,fear,joy,neutral,sadness,surprise
0.008672934025526047,0.11018878221511841,0.003922074567526579,0.1308186799287796,0.7248387336730957,0.015575169585645199,0.005983565002679825
0.02603958733379841,0.7146902680397034,0.028216931968927383,0.0027119622100144625,0.21170452237129211,0.004258538130670786,0.012378258630633354
0.27043965458869934,0.11813192069530487,0.0011727848323062062,0.4669817090034485,0.12240944802761078,0.012948291376233101,0.00791621208190918
0.019077690318226814,0.5513713955879211,0.008595477789640427,0.005527407396584749,0.4064013957977295,0.005498208105564117,0.003528421511873603
0.03193594887852669,0.07078655064105988,0.8269704580307007,0.003371486673131585,0.05110286548733711,0.0076585980132222176,0.008174115791916847
0.021170608699321747,0.013591144233942032,0.004752009175717831,0.0026878633070737123,0.9467792510986328,0.0031471303664147854,0.007871980778872967
0.07621726393699646,0.05660143867135048,0.7981032729148865,0.0023398962803184986,0.04255654290318489,0.013925638981163502,0.010255918838083744
0.7402980327606201,0.1412908434867859,0.01697755977511406,0.0027331365272402763,0.08948032557964325,0.004106851760298014,0.005113295745104551
0.14718832075595856,0.4570096731185913,0.019741984084248543,0.0028896748553961515,0.3529588580131531,0.01014766562730074,0.01006380096077919
0.02678327076137066,0.027380164712667465,0.0030582225881516933,0.411182165145874,0.4646262228488922,0.007994183339178562,0.05897566303610802
0.18389730155467987,0.0389443039894104,0.4505220651626587,0.002930691698566079,0.12546083331108093,0.02899460308253765,0.1692502647638321
0.009779298678040504,0.24596844613552094,0.0034979504998773336,0.02205640636384487,0.7084279656410217,0.006647053174674511,0.0036228362005203962
0.19271992146968842,0.28236421942710876,0.006182260345667601,0.002768627367913723,0.4943040609359741,0.011423463933169842,0.01023735012859106
