anger,disgust,fear,joy,neutral,sadness,surprise
0.3471531867980957,0.027158474549651146,0.052566006779670715,0.005658677313476801,0.03338851407170296,0.531953752040863,0.002121398923918605
0.17018979787826538,0.08744773268699646,0.03383830934762955,0.011585850268602371,0.6279212832450867,0.05518987029790878,0.013827039860188961
0.11178924888372421,0.48357096314430237,0.0037008561193943024,0.010754730552434921,0.285020112991333,0.10144001990556717,0.0037239002995193005
0.520054042339325,0.08906728774309158,0.045489855110645294,0.013391266576945782,0.18136508762836456,0.03536690026521683,0.11526557058095932
0.010584089905023575,0.008407401852309704,0.00251244124956429,0.004202689044177532,0.9529393911361694,0.006787669379264116,0.01456634420901537
0.004288242198526859,0.006345177069306374,0.002419385826215148,0.13952970504760742,0.7602194547653198,0.04911009967327118,0.038087986409664154
0.02658485621213913,0.026102760806679726,0.0019179469672963023,0.28098976612091064,0.598440945148468,0.04011530429124832,0.02584841474890709
0.020172495394945145,0.015596780925989151,0.017986109480261803,0.003087055403739214,0.9181146621704102,0.01653684675693512,0.0085061090067029
0.06658006459474564,0.09281399846076965,0.12435123324394226,0.006032602861523628,0.6285334825515747,0.01436785887926817,0.06732072681188583
0.12044797092676163,0.05604250729084015,0.04150337353348732,0.008131319656968117,0.7469878792762756,0.017747800797224045,0.009139171801507473
0.6805905103683472,0.09685292094945908,0.061843231320381165,0.0038384220097213984,0.13562531769275665,0.01729762740433216,0.003952013794332743
0.650305986404419,0.11850768327713013,0.012158958241343498,0.002206215402111411,0.12632495164871216,0.08588885515928268,0.0046074166893959045
0.014047174714505672,0.06937471777200699,0.0017278608866035938,0.8652844429016113,0.025706864893436432,0.019092058762907982,0.004766965750604868
0.07455644756555557,0.0038976650685071945,0.8883197903633118,0.0018923332681879401,0.0199760552495718,0.004925742745399475,0.006432064808905125
0.01537812314927578,0.34257301688194275,0.005738339852541685,0.1971757411956787,0.4018028974533081,0.021208995953202248,0.01612275280058384
