anger,disgust,fear,joy,neutral,sadness,surprise
0.04298880696296692,0.021652596071362495,0.020213378593325615,0.040158774703741074,0.6941455006599426,0.08997650444507599,0.09086443483829498
0.0034334505908191204,0.002390091074630618,0.0004427986277732998,0.9162122011184692,0.03318051993846893,0.004986816085875034,0.03935415670275688
0.07440388202667236,0.7676345109939575,0.009323930367827415,0.005815787240862846,0.07333876937627792,0.06653334945440292,0.0029497421346604824
0.0010060907807201147,0.0017926845466718078,0.9916530251502991,0.0008050852338783443,0.0017640333389863372,0.0020211157388985157,0.0009580945479683578
0.05077173188328743,0.047451090067625046,0.13721872866153717,0.006938498932868242,0.6946438550949097,0.05102310702204704,0.011952918954193592
0.00904704350978136,0.9616445302963257,0.007703786715865135,0.0013572318712249398,0.013546844013035297,0.004629144910722971,0.002071380615234375
0.0389566645026207,0.02323313057422638,0.9186837673187256,0.0013015136355534196,0.005925958510488272,0.007903005927801132,0.003995978273451328
0.015686485916376114,0.13653670251369476,0.0037677432410418987,0.005761687643826008,0.04691355302929878,0.7878898978233337,0.0034438748843967915
0.0037103770300745964,0.006448065396398306,0.0020010359585285187,0.02643994800746441,0.9487285017967224,0.004925154149532318,0.007746955845504999
0.47193682193756104,0.06730049103498459,0.4043252766132355,0.0039551639929413795,0.036241043359041214,0.006185011472553015,0.010056083090603352
0.9773820042610168,0.005466253962367773,0.002729755826294422,0.00047439828631468117,0.009090365841984749,0.002211086917668581,0.0026461463421583176
0.07430063933134079,0.1492365598678589,0.0018709716387093067,0.007493246346712112,0.09881561249494553,0.6649981737136841,0.003284769831225276
0.25920766592025757,0.24390842020511627,0.09913092851638794,0.003633705200627446,0.265919953584671,0.12521103024482727,0.002988239983096719
0.009587639942765236,0.2397252768278122,0.014359904453158379,0.036499835550785065,0.6366732120513916,0.04975936561822891,0.013394713401794434
0.01826694793999195,0.046749260276556015,0.19453445076942444,0.005672008264809847,0.21188893914222717,0.5091833472251892,0.013705059885978699
0.058757174760103226,0.007546102162450552,0.019184866920113564,0.06525202095508575,0.36795058846473694,0.4373233914375305,0.04398586228489876
0.0008943604771047831,0.0012843430740758777,0.0016955665778368711,0.0009032876114360988,0.006390054244548082,0.9843259453773499,0.004506529774516821
0.2417517900466919,0.010762224905192852,0.0025635117199271917,0.021357925608754158,0.09720167517662048,0.6171318292617798,0.009231102652847767
0.01631276123225689,0.010918434709310532,0.25789281725883484,0.07624093443155289,0.07525558769702911,0.5296055674552917,0.03377388045191765
0.4838409423828125,0.47214850783348083,0.0018795514479279518,0.0020260782912373543,0.024793170392513275,0.013270278461277485,0.002041479339823127
0.01720290631055832,0.010519039817154408,0.15113523602485657,0.010149797424674034,0.01937670074403286,0.003945633303374052,0.7876707315444946
0.02452453225851059,0.08196819573640823,0.002704479731619358,0.06482738256454468,0.5847401022911072,0.23157241940498352,0.009662901982665062
0.0039589968509972095,0.0030845627188682556,0.0011457698419690132,0.8485250473022461,0.06523449718952179,0.055159177631139755,0.022891880944371223
