anger,disgust,fear,joy,neutral,sadness,surprise
0.005156984552741051,0.06520044058561325,0.8901340365409851,0.005998024716973305,0.024794546887278557,0.0053692772053182125,0.003346815938130021
0.03486670181155205,0.8792428374290466,0.02880159020423889,0.0010715078096836805,0.048062585294246674,0.005222827196121216,0.00273190438747406
0.048868391662836075,0.7310032844543457,0.061920296400785446,0.00835541170090437,0.09377190470695496,0.020465807989239693,0.035614822059869766
0.011876276694238186,0.939790666103363,0.025796398520469666,0.0014642261667177081,0.01309091318398714,0.004001578316092491,0.003979892935603857
0.22316589951515198,0.4860056936740875,0.23413820564746857,0.002829373814165592,0.040982406586408615,0.00466431537643075,0.008214159868657589
0.012587634846568108,0.11317771673202515,0.07291820645332336,0.002932467497885227,0.33211904764175415,0.39889395236968994,0.06737098842859268
0.018082167953252792,0.8916186094284058,0.011113522574305534,0.001363137154839933,0.06705352663993835,0.004656197037547827,0.006112877745181322
0.05818726122379303,0.7059271931648254,0.02440642938017845,0.002225063741207123,0.1874791830778122,0.008219081908464432,0.013555778190493584
0.01707899197936058,0.028645982965826988,0.0014613859821110964,0.06202072277665138,0.8727946281433105,0.014426885172724724,0.0035713063552975655
0.09953155368566513,0.047410957515239716,0.047351621091365814,0.002124255523085594,0.06803762912750244,0.6950534582138062,0.0404905267059803
0.08454648405313492,0.383441686630249,0.05796913057565689,0.03504958376288414,0.40209299325942993,0.017747826874256134,0.01915225386619568
0.010080194100737572,0.7922934889793396,0.029202301055192947,0.0010866366792470217,0.11839345097541809,0.04435785114765167,0.0045859478414058685
0.008272891864180565,0.8503003120422363,0.01148130837827921,0.001262748264707625,0.1165006160736084,0.007403049152344465,0.004778985865414143
0.08103430271148682,0.7457996010780334,0.013300622813403606,0.004284498747438192,0.14771921932697296,0.006111110094934702,0.0017505778232589364
0.9763079881668091,0.006774506531655788,0.00280400225892663,0.0006224220851436257,0.01051974855363369,0.0009318270022049546,0.0020395515020936728
0.03768821805715561,0.7369201183319092,0.0011586731998249888,0.0777978003025055,0.12686753273010254,0.012302233837544918,0.007265389896929264
0.08432520925998688,0.05384577065706253,0.05028344318270683,0.003687729360535741,0.5658378005027771,0.21181513369083405,0.030204879119992256
0.9583089351654053,0.013095605187118053,0.00417445320636034,0.0006761649274267256,0.018766485154628754,0.0023068198934197426,0.0026716014835983515
0.007468516007065773,0.002661075908690691,0.002007570583373308,0.2643085718154907,0.7014650106430054,0.006515077315270901,0.015574167482554913
0.004047954920679331,0.004842481575906277,0.006054931320250034,0.01929520070552826,0.8471477031707764,0.06914865970611572,0.049463190138339996
0.12976381182670593,0.23494865000247955,0.39291489124298096,0.0027438499964773655,0.1277448832988739,0.09364031255245209,0.018243689090013504
