anger,disgust,fear,joy,neutral,sadness,surprise
0.005521751940250397,0.006550824269652367,0.0007095827022567391,0.850607693195343,0.1172272339463234,0.008982498198747635,0.010400465689599514
0.020901480689644814,0.06640014052391052,0.0018216826720163226,0.10442247986793518,0.7948452234268188,0.0071494802832603455,0.004459557123482227
0.15176282823085785,0.26966291666030884,0.41729554533958435,0.0048784832470119,0.11779671162366867,0.01922244019806385,0.019381187856197357
0.012594828382134438,0.014603731222450733,0.009383362717926502,0.007337693590670824,0.9318529963493347,0.006074219010770321,0.018153030425310135
0.02257750742137432,0.02804042212665081,0.004965052008628845,0.0048024822026491165,0.9222128987312317,0.009426331147551537,0.007975186221301556
0.02174600586295128,0.025631219148635864,0.039248622953891754,0.4322737455368042,0.43673229217529297,0.007086366415023804,0.03728179633617401
0.02672661282122135,0.006191699765622616,0.7663381099700928,0.003795167664065957,0.046436913311481476,0.007883986458182335,0.14262744784355164
0.013615979813039303,0.007243318483233452,0.0025153839960694313,0.04348144680261612,0.9076821804046631,0.0062326667830348015,0.019229017198085785
0.011083275079727173,0.008446120657026768,0.016900060698390007,0.0027795033529400826,0.07400736957788467,0.00795749668031931,0.8788261413574219
0.021978238597512245,0.10432859510183334,0.27097275853157043,0.007855276577174664,0.4051878750324249,0.01709764637053013,0.1725796014070511
0.06493508070707321,0.41464927792549133,0.27076026797294617,0.004873781930655241,0.14081411063671112,0.049147412180900574,0.05482002720236778
0.004062202293425798,0.003405527677386999,0.001877584494650364,0.6415906548500061,0.23124738037586212,0.0863724797964096,0.031444162130355835
