anger,disgust,fear,joy,neutral,sadness,surprise
0.013330222107470036,0.0028594532050192356,0.05551786348223686,0.00959800649434328,0.07779985666275024,0.789703369140625,0.05119127035140991
0.009898229502141476,0.017285263165831566,0.719903826713562,0.005164652597159147,0.1740829199552536,0.007325493264943361,0.06633953005075455
0.017059974372386932,0.037607066333293915,0.014956671744585037,0.036823585629463196,0.8780486583709717,0.004894333425909281,0.010609747841954231
0.012768575921654701,0.003466073889285326,0.8559428453445435,0.0037285257130861282,0.10860271006822586,0.010134248062968254,0.005357050336897373
0.26104456186294556,0.06189344823360443,0.5110437870025635,0.0017673481488600373,0.13896314799785614,0.017359040677547455,0.007928617298603058
0.19249789416790009,0.012012960389256477,0.014106334187090397,0.09847460687160492,0.4974660575389862,0.07600577175617218,0.10943638533353806
0.005151230376213789,0.0016102209920063615,0.9638632535934448,0.002719659125432372,0.017139332368969917,0.005783562548458576,0.0037328191101551056
0.06140391528606415,0.031406741589307785,0.5612318515777588,0.0028453266713768244,0.22012490034103394,0.016287095844745636,0.10670016705989838
0.26460009813308716,0.18176952004432678,0.09954961389303207,0.005148930940777063,0.4229854941368103,0.01917916163802147,0.006767180748283863
0.015492185018956661,0.03707193210721016,0.7761936187744141,0.002500745700672269,0.06683353334665298,0.08985590189695358,0.012052031233906746
0.6200220584869385,0.10368024557828903,0.07433962821960449,0.0025016891304403543,0.16216665506362915,0.017702512443065643,0.019587216898798943
0.3329494893550873,0.25498440861701965,0.0062469555996358395,0.012436467222869396,0.3499632477760315,0.04128141701221466,0.0021380726248025894
0.10612033307552338,0.7695961594581604,0.004713423550128937,0.002358129248023033,0.097568579018116,0.015092229470610619,0.004551117308437824
0.007516654673963785,0.6860964298248291,0.062477581202983856,0.0016569193685427308,0.1766176074743271,0.05396134778857231,0.011673493310809135
0.004797073546797037,0.013747143559157848,0.007201639004051685,0.00447155861184001,0.862490713596344,0.004569633863866329,0.10272231698036194
0.013891180045902729,0.026781659573316574,0.03960738331079483,0.020851153880357742,0.8845119476318359,0.005178522318601608,0.00917824450880289
0.28788602352142334,0.04245338961482048,0.48462849855422974,0.0030360582750290632,0.16173657774925232,0.013338262215256691,0.006921228487044573
0.02888835407793522,0.03930535912513733,0.003740717424079776,0.0022237913217395544,0.015888802707195282,0.007723493967205286,0.9022294282913208
