anger,disgust,fear,joy,neutral,sadness,surprise
0.20636308193206787,0.15786664187908173,0.032185476273298264,0.0014955858932808042,0.01649884134531021,0.5793381333351135,0.006252306047827005
0.10514223575592041,0.04072999954223633,0.029792971909046173,0.1570839285850525,0.5793963670730591,0.07997599989175797,0.007878518663346767
0.16162121295928955,0.12356310337781906,0.16411273181438446,0.005922897253185511,0.23207755386829376,0.28687843680381775,0.02582406811416149
0.009017621167004108,0.05365981161594391,0.8862957954406738,0.0014174485113471746,0.02199520915746689,0.0072756619192659855,0.020338453352451324
0.019839758053421974,0.012790297158062458,0.002809458412230015,0.008143455721437931,0.9128016829490662,0.013673716224730015,0.02994157373905182
0.010420521721243858,0.8982923626899719,0.013817797414958477,0.001866916543804109,0.04523704573512077,0.0034109719563275576,0.026954464614391327
0.03312981128692627,0.10553580522537231,0.023357970640063286,0.023548580706119537,0.6331468820571899,0.1507963240146637,0.030484598129987717
0.01027656253427267,0.03772231563925743,0.0027517378330230713,0.0033906111493706703,0.9006714224815369,0.031915873289108276,0.013271373696625233
0.02120562456548214,0.08834042400121689,0.003886478254571557,0.0061265043914318085,0.7204254865646362,0.13324521481990814,0.026770273223519325
0.06065616011619568,0.23195725679397583,0.030904855579137802,0.004652444738894701,0.5762938857078552,0.030568892136216164,0.06496651470661163
0.024297570809721947,0.03175754472613335,0.03784339874982834,0.03508275747299194,0.6289072036743164,0.15357010066509247,0.0885414332151413
