anger,disgust,fear,joy,neutral,sadness,surprise
0.013612721115350723,0.005738911218941212,0.021532010287046432,0.3305920660495758,0.4496171474456787,0.06315983831882477,0.11574727296829224
0.014496969059109688,0.06350371241569519,0.0019155257614329457,0.03285125270485878,0.277643084526062,0.6032038331031799,0.006385582033544779
0.0877433568239212,0.8657097220420837,0.017300831153988838,0.0006354879587888718,0.007021335419267416,0.020755738019943237,0.0008334476733580232
0.36706265807151794,0.5244735479354858,0.009641982614994049,0.0011603501625359058,0.0227661170065403,0.072550930082798,0.0023444558028131723
0.2614746689796448,0.0385875403881073,0.6200681924819946,0.0010184975108131766,0.009171321988105774,0.066362664103508,0.0033171663526445627
0.01562468707561493,0.1192537322640419,0.004828121978789568,0.166575089097023,0.37797975540161133,0.3099248707294464,0.005813757423311472
0.5490562915802002,0.36681464314460754,0.0040935855358839035,0.0016408752417191863,0.06737501919269562,0.005409328266978264,0.0056102280505001545
0.19244946539402008,0.08985049277544022,0.04245232418179512,0.004544466733932495,0.14401571452617645,0.5228198170661926,0.0038676769472658634
0.1828109472990036,0.7591988444328308,0.00909672025591135,0.0015866239555180073,0.02457156404852867,0.01777205616235733,0.004963323473930359
