anger,disgust,fear,joy,neutral,sadness,surprise
0.020260455086827278,0.2448611557483673,0.005558589939028025,0.006593800615519285,0.09973854571580887,0.6177863478660583,0.005201116669923067
0.01211821660399437,0.0036221244372427464,0.9626095294952393,0.0011957724345847964,0.015042203478515148,0.003456482430920005,0.0019558791536837816
0.01636619307100773,0.11094725131988525,0.0068692537024617195,0.006974054966121912,0.5944622755050659,0.015784278512001038,0.248596653342247
0.015115592628717422,0.009963673539459705,0.050596706569194794,0.049807410687208176,0.6226723790168762,0.014268085360527039,0.23757615685462952
0.016715476289391518,0.013898992910981178,0.03939656540751457,0.0016814760165289044,0.07408927381038666,0.8236436247825623,0.030574478209018707
0.026165541261434555,0.04357835277915001,0.008227677084505558,0.004088231362402439,0.8261156678199768,0.017138363793492317,0.07468611747026443
0.17336341738700867,0.14168356359004974,0.06995689868927002,0.0032130605541169643,0.4749751389026642,0.11219862848520279,0.024609282612800598
0.0543995127081871,0.0753127709031105,0.005400204565376043,0.004015352111309767,0.45222821831703186,0.3994772434234619,0.0091667165979743
0.009919856674969196,0.008983861654996872,0.006732240319252014,0.0010650382610037923,0.011489097028970718,0.9518604278564453,0.009949496947228909
0.038333710283041,0.06682190299034119,0.2264157384634018,0.010924621485173702,0.5596850514411926,0.01471649669110775,0.08310247957706451
0.7328125238418579,0.041461654007434845,0.020236359909176826,0.0037916279397904873,0.16382896900177002,0.020256629213690758,0.01761234737932682
0.0033296355977654457,0.029575714841485023,0.006827156059443951,0.0027743231039494276,0.002550196135416627,0.9538089036941528,0.0011340664932504296
0.05722791701555252,0.4014495611190796,0.08810295164585114,0.0038719133008271456,0.19800664484500885,0.165106400847435,0.08623452484607697
0.048301029950380325,0.011765366420149803,0.804814338684082,0.0032326532527804375,0.04005834087729454,0.002892610151320696,0.08893565088510513
0.566359281539917,0.13880698382854462,0.03429204970598221,0.006279203109443188,0.22754986584186554,0.018963700160384178,0.007748953998088837
0.0635489746928215,0.2674959897994995,0.0504121296107769,0.00555429607629776,0.5443730354309082,0.04691366106271744,0.02170194499194622
0.01630757562816143,0.0064218114130198956,0.003464972833171487,0.051732949912548065,0.9012394547462463,0.004632268566638231,0.01620105840265751
0.44878026843070984,0.4439029097557068,0.006644786335527897,0.0025438093580305576,0.07170981168746948,0.023671559989452362,0.002746960613876581
0.0185015220195055,0.0347832627594471,0.0059471940621733665,0.0071200355887413025,0.903405487537384,0.012383786030113697,0.01785871759057045
0.1423141211271286,0.681808590888977,0.12670481204986572,0.0012165423249825835,0.017055869102478027,0.02793058007955551,0.002969499444589019
0.05216352269053459,0.029732132330536842,0.03394266963005066,0.001836668816395104,0.018637508153915405,0.8462232947349548,0.01746423728764057
0.011055033653974533,0.017710162326693535,0.005609464831650257,0.00565740093588829,0.939509928226471,0.010735413990914822,0.009722661226987839
0.09074536710977554,0.2672680914402008,0.5729601979255676,0.00298865744844079,0.036031972616910934,0.026139870285987854,0.0038658916018903255
0.16755153238773346,0.034195106476545334,0.593991219997406,0.0022207642905414104,0.09410154074430466,0.09261123836040497,0.015328601934015751
0.012937472201883793,0.1607949137687683,0.23041832447052002,0.0031379421707242727,0.11875107884407043,0.4246063232421875,0.049353957176208496
0.02822059951722622,0.574027419090271,0.02005416341125965,0.00463695265352726,0.1380743384361267,0.010309274308383465,0.22467711567878723
0.01914745196700096,0.011083991266787052,0.018479865044355392,0.01661480963230133,0.8856181502342224,0.03247929736971855,0.01657644845545292
0.04204545542597771,0.0507151260972023,0.06798648089170456,0.002510019578039646,0.05549162998795509,0.7617263197898865,0.019524985924363136
0.02527046576142311,0.05338817089796066,0.010260744951665401,0.008064281195402145,0.8057861924171448,0.06572429090738297,0.031505897641181946
0.010934934951364994,0.005785694345831871,0.01300662662833929,0.012166925705969334,0.9324503540992737,0.0063867452554404736,0.019268667325377464
0.0389765240252018,0.042494263499975204,0.00365735893137753,0.008727333508431911,0.8748007416725159,0.019491294398903847,0.011852437630295753
0.3187035620212555,0.06978240609169006,0.02113688550889492,0.010032384656369686,0.25318846106529236,0.3206549882888794,0.0065012904815375805
0.08827035129070282,0.13008712232112885,0.0556575246155262,0.0018348208395764232,0.10432252287864685,0.5895474553108215,0.03028014674782753
0.44313937425613403,0.09685947000980377,0.14603739976882935,0.0041842167265713215,0.2155667245388031,0.08624967932701111,0.007963096722960472
