anger,disgust,fear,joy,neutral,sadness,surprise
0.056093066930770874,0.02675362303853035,0.017565207555890083,0.013589940965175629,0.802751898765564,0.0049980683252215385,0.07824818044900894
0.22908197343349457,0.3221069872379303,0.01586541160941124,0.0027755643241107464,0.16958104074001312,0.2544386684894562,0.006150286644697189
0.0301379207521677,0.25775179266929626,0.016989082098007202,0.007276382762938738,0.45662403106689453,0.20330733060836792,0.027913419529795647
0.06826767325401306,0.08679614961147308,0.007981848903000355,0.002825360745191574,0.4198759198188782,0.39639073610305786,0.017862312495708466
0.026791542768478394,0.007123075425624847,0.8303278684616089,0.003578530391678214,0.10062649846076965,0.015290388837456703,0.01626216061413288
0.008103199303150177,0.014342185109853745,0.0044868336990475655,0.012496490962803364,0.9340620636940002,0.0026510367169976234,0.02385813556611538
0.09034338593482971,0.06651844084262848,0.00804563146084547,0.004401450045406818,0.7007119655609131,0.11817838996648788,0.011800816282629967
0.011309677734971046,0.05931650102138519,0.011233717203140259,0.0016998695209622383,0.8796230554580688,0.024675043299794197,0.012142113409936428
0.0022482015192508698,0.0036051070783287287,0.008605631068348885,0.007232396863400936,0.08718699961900711,0.860939085483551,0.03018258698284626
0.03965787962079048,0.04494873434305191,0.005966631695628166,0.052402351051568985,0.8400349020957947,0.01023196242749691,0.006757402792572975
0.021562455222010612,0.019234564155340195,0.006204742006957531,0.09409214556217194,0.7426412105560303,0.008125736378133297,0.10813917964696884
0.007336704526096582,0.01447345782071352,0.0012099514715373516,0.1392284482717514,0.8082510232925415,0.006109493784606457,0.02339082956314087
0.009620501659810543,0.008494699373841286,0.002191271400079131,0.037655677646398544,0.9285061955451965,0.004474339075386524,0.0090572414919734
0.03468681126832962,0.211025670170784,0.006525903008878231,0.0032767518423497677,0.5490050315856934,0.18568922579288483,0.009790563024580479
0.4557465612888336,0.2648112177848816,0.16576363146305084,0.005756227765232325,0.019234923645853996,0.02050979807972908,0.06817765533924103
0.06731069087982178,0.24402467906475067,0.07179270684719086,0.009986993856728077,0.3196645677089691,0.1908956617116928,0.09632474184036255
0.007089497521519661,0.014445693232119083,0.005415911320596933,0.006147886160761118,0.936622679233551,0.008842459879815578,0.021435951814055443
0.06077564135193825,0.8835044503211975,0.00234993826597929,0.003084862604737282,0.023085877299308777,0.023012574762105942,0.00418674573302269
0.061534442007541656,0.15447022020816803,0.014442944899201393,0.11838073283433914,0.6092624664306641,0.028827035799622536,0.013082178309559822
0.008984900079667568,0.007187628652900457,0.0011265843641012907,0.029426798224449158,0.9200217127799988,0.004179877229034901,0.029072603210806847
0.06666237860918045,0.01904807612299919,0.021362869068980217,0.003981336951255798,0.032411862164735794,0.003773624310269952,0.852759838104248
0.01221831887960434,0.008154172450304031,0.00941132940351963,0.8875276446342468,0.07410814613103867,0.0017216620035469532,0.006858733016997576
0.19601571559906006,0.11311867833137512,0.01170844305306673,0.009373919107019901,0.4105628728866577,0.2450076788663864,0.014212683774530888
0.16131632030010223,0.24128101766109467,0.024726616218686104,0.006638910621404648,0.5449329018592834,0.013144830241799355,0.007959351874887943
0.025297218933701515,0.5912584066390991,0.17390576004981995,0.002750991377979517,0.12128826975822449,0.07749179005622864,0.008007568307220936
0.38821718096733093,0.20754081010818481,0.010942688211798668,0.007790126372128725,0.36856696009635925,0.012712386436760426,0.004229845013469458
0.18097315728664398,0.005642280448228121,0.06597258150577545,0.013078389689326286,0.6368688344955444,0.030352920293807983,0.06711183488368988
