anger,disgust,fear,joy,neutral,sadness,surprise
0.028917977586388588,0.034942954778671265,0.029270080849528313,0.1139056459069252,0.7543747425079346,0.00788198970258236,0.030706649646162987
0.00997917726635933,0.008838278241455555,0.03437153622508049,0.25052717328071594,0.5454187989234924,0.006755617447197437,0.14410938322544098
0.3246653378009796,0.3019936680793762,0.07989676296710968,0.00551074231043458,0.19741898775100708,0.08574259281158447,0.004771913401782513
0.01505917590111494,0.0030542705208063126,0.010843122377991676,0.08755122870206833,0.6657463312149048,0.00888884998857975,0.20885705947875977
0.012837342917919159,0.0052591231651604176,0.009700745344161987,0.17670181393623352,0.4679098427295685,0.006996463052928448,0.3205946683883667
0.0073534222319722176,0.004865780007094145,0.010717445984482765,0.16027513146400452,0.6984085440635681,0.012694613076746464,0.10568509995937347
0.020889922976493835,0.05670449882745743,0.006048635113984346,0.1589197963476181,0.5437480807304382,0.006099398713558912,0.20758964121341705
0.02154296636581421,0.6306408047676086,0.19052597880363464,0.001683607930317521,0.02917494811117649,0.1103060394525528,0.01612566038966179
0.020078955218195915,0.6161881685256958,0.2822883129119873,0.004815095104277134,0.04164227098226547,0.018782002851366997,0.016205204650759697
0.008545930497348309,0.006125279236584902,0.016273921355605125,0.49975061416625977,0.21131224930286407,0.011400198563933372,0.24659189581871033
0.005929484963417053,0.02402351051568985,0.0016702644061297178,0.3134559392929077,0.6018115878105164,0.007248047739267349,0.04586110636591911
0.2415018379688263,0.04911929741501808,0.517325222492218,0.002144130412489176,0.019812623038887978,0.09518483281135559,0.07491204142570496
0.009637619368731976,0.06640316545963287,0.02328663505613804,0.010169873014092445,0.4183374047279358,0.37897929549217224,0.09318599104881287
0.02680203877389431,0.16809117794036865,0.017523562535643578,0.009159870445728302,0.2332492619752884,0.5244998931884766,0.02067425101995468
0.006554405204951763,0.014075822196900845,0.010380882769823074,0.2152673602104187,0.7313628196716309,0.013259957544505596,0.009098823182284832
0.012132322415709496,0.016758674755692482,0.004451673943549395,0.001408544136211276,0.016129154711961746,0.9416540265083313,0.007465559057891369
0.014179162681102753,0.018714072182774544,0.018544577062129974,0.012285832315683365,0.42836716771125793,0.4803975522518158,0.02751174196600914
