anger,disgust,fear,joy,neutral,sadness,surprise
0.0429002046585083,0.7110021114349365,0.006189305800944567,0.0018237653421238065,0.19273512065410614,0.02937833033502102,0.015971112996339798
0.9830387830734253,0.0039045580197125673,0.001815831521525979,0.0005254538264125586,0.006050350144505501,0.0027988317888230085,0.0018662199145182967
0.08038215339183807,0.25004133582115173,0.07509636878967285,0.0450013093650341,0.3826318085193634,0.12566745281219482,0.04117956757545471
0.03034331649541855,0.20786535739898682,0.019438622519373894,0.0034584468230605125,0.681860625743866,0.03055451065301895,0.02647915482521057
0.016021205112338066,0.12433351576328278,0.017087195068597794,0.012008480727672577,0.8163220882415771,0.005789624992758036,0.008437901735305786
0.12858492136001587,0.2055782675743103,0.002585092093795538,0.058701034635305405,0.40808922052383423,0.18582747876644135,0.010633949190378189
0.5167251825332642,0.09577379375696182,0.013841661624610424,0.009048741310834885,0.1725798398256302,0.18853957951068878,0.0034911129623651505
0.006288169417530298,0.030736399814486504,0.0037283345591276884,0.004345247056335211,0.92821204662323,0.014678473584353924,0.01201130822300911
0.011419497430324554,0.004869838710874319,0.011100378818809986,0.42486152052879333,0.4913196563720703,0.02334555983543396,0.03308365121483803
0.014734800904989243,0.06431020796298981,0.019915463402867317,0.007230455055832863,0.8714289665222168,0.017972785979509354,0.004407317377626896
0.03384844586253166,0.06581409275531769,0.005263720639050007,0.7059192061424255,0.17841479182243347,0.003017619950696826,0.007722160778939724
0.015204008668661118,0.0071732946671545506,0.9635336995124817,0.0005852760514244437,0.002306767040863633,0.009457600302994251,0.001739309635013342
0.07098441570997238,0.020737504586577415,0.13131015002727509,0.008448895066976547,0.6030229330062866,0.06974544376134872,0.09575064480304718
0.6594508290290833,0.19972020387649536,0.01341203972697258,0.0007560124504379928,0.03133013844490051,0.09167750924825668,0.003653324209153652
0.5891379714012146,0.14160610735416412,0.08080579340457916,0.00352902221493423,0.05460384860634804,0.12078769505023956,0.009529555216431618
0.5234190821647644,0.2124999314546585,0.09048682451248169,0.0012901218142360449,0.04313657060265541,0.02739056944847107,0.10177692025899887
0.005636452231556177,0.11946176737546921,0.02346251904964447,0.004372340627014637,0.2644070088863373,0.5522032976150513,0.03045656904578209
0.0451357401907444,0.05142476037144661,0.06864533573389053,0.00433557853102684,0.7662661671638489,0.01837555691599846,0.04581691324710846
0.027134599164128304,0.7643563151359558,0.01996026188135147,0.0015158167807385325,0.040098246186971664,0.13505928218364716,0.01187538169324398
0.014746984466910362,0.07445071637630463,0.004559093154966831,0.0020487746223807335,0.02113647758960724,0.8718280792236328,0.01122986525297165
0.0077920639887452126,0.0035296976566314697,0.004831779282540083,0.00961762573570013,0.04663308709859848,0.42551958560943604,0.5020761489868164
0.07315351068973541,0.16688713431358337,0.23400241136550903,0.007892897352576256,0.4361470937728882,0.07789003849029541,0.004026853479444981
0.47707775235176086,0.12456128746271133,0.2945616841316223,0.002186290454119444,0.04854346439242363,0.04915392026305199,0.003915672190487385
0.0831070989370346,0.3879568576812744,0.20756855607032776,0.00430211191996932,0.11960086226463318,0.19325068593025208,0.004213724285364151
