anger,disgust,fear,joy,neutral,sadness,surprise
0.009832958690822124,0.02288859151303768,0.6504695415496826,0.01880338229238987,0.22025294601917267,0.020732134580612183,0.05702044069766998
0.27363911271095276,0.6184866428375244,0.0880492553114891,0.0007854495197534561,0.006281853653490543,0.010649570263922215,0.002108151325955987
0.014529780484735966,0.33400288224220276,0.009719890542328358,0.5296878218650818,0.05151023715734482,0.05838773399591446,0.0021616455633193254
0.23221515119075775,0.16550596058368683,0.04838097468018532,0.0034890826791524887,0.013351506553590298,0.5342761278152466,0.0027811506297439337
0.010723946616053581,0.01054453942924738,0.009564792737364769,0.036115165799856186,0.9089382290840149,0.0049965097568929195,0.019116919487714767
0.1958017200231552,0.20368409156799316,0.024974260479211807,0.00336444447748363,0.46289095282554626,0.08320746570825577,0.02607703022658825
0.6169994473457336,0.17152908444404602,0.052992746233940125,0.006189643871039152,0.10898487269878387,0.030529683455824852,0.012774555012583733
0.010726616717875004,0.0473937913775444,0.00843984168022871,0.13541743159294128,0.7578961849212646,0.00931880995631218,0.030807306990027428
0.10721083730459213,0.7949079275131226,0.055964428931474686,0.0009515666752122343,0.013515071012079716,0.024651488289237022,0.002798665314912796
0.9011367559432983,0.0069688959047198296,0.009472073055803776,0.0039876652881503105,0.01382039301097393,0.06042066216468811,0.004193511325865984
0.6219468116760254,0.20593895018100739,0.021424978971481323,0.005531460512429476,0.05817101523280144,0.08172331005334854,0.0052635339088737965
0.23433908820152283,0.19190053641796112,0.0967254489660263,0.006764526478946209,0.42805081605911255,0.03786333277821541,0.0043562958016991615
0.022279860451817513,0.010222460143268108,0.019743535667657852,0.03787291795015335,0.7982414960861206,0.019445104524493217,0.0921945869922638
0.056335996836423874,0.128353551030159,0.0021672341972589493,0.396131306886673,0.39072471857070923,0.01496131718158722,0.011325853876769543
0.00953762885183096,0.1045427918434143,0.0025587056297808886,0.03621525317430496,0.8234298229217529,0.011540636420249939,0.012175202369689941
0.42819949984550476,0.1898394078016281,0.13356412947177887,0.0031849953811615705,0.09517057985067368,0.14348065853118896,0.006560639478266239
0.012070427648723125,0.006293297279626131,0.004482080228626728,0.0079420180991292,0.9435829520225525,0.018121177330613136,0.0075080799870193005
0.010326766408979893,0.006021573673933744,0.000786609307397157,0.8652265667915344,0.07376585900783539,0.00637673307210207,0.03749590739607811
0.0321420393884182,0.08533373475074768,0.009521687403321266,0.029362056404352188,0.5332911610603333,0.29135075211524963,0.018998604267835617
0.12114018201828003,0.032214175909757614,0.0199437253177166,0.018825333565473557,0.7288305163383484,0.019572699442505836,0.059473343193531036
0.9758352637290955,0.005244020838290453,0.002640051068738103,0.0005508849280886352,0.010160439647734165,0.0031918841414153576,0.0023772402200847864
0.2643961012363434,0.2172638326883316,0.07259179651737213,0.002403439488261938,0.1088731661438942,0.3256445527076721,0.008827129378914833
0.43494340777397156,0.22957785427570343,0.022208811715245247,0.01750953495502472,0.2590089738368988,0.014483926817774773,0.022267553955316544
0.0164503064006567,0.010368282906711102,0.01749121956527233,0.0164806991815567,0.9010853171348572,0.0180454570800066,0.02007877267897129
0.14723022282123566,0.0636298805475235,0.014066590927541256,0.002816558815538883,0.6390821933746338,0.1172952875494957,0.01587924174964428
0.9695093631744385,0.014191103167831898,0.0037874348927289248,0.0004631784977391362,0.006701643578708172,0.002764294855296612,0.002583022927865386
0.5324182510375977,0.07156302034854889,0.11820103973150253,0.010774248279631138,0.19182655215263367,0.07109207659959793,0.004124687053263187
0.6962339282035828,0.2126963585615158,0.01005631498992443,0.001654691295698285,0.04845690354704857,0.02945121005177498,0.001450593350455165
0.45204898715019226,0.041969891637563705,0.14126427471637726,0.0015641073696315289,0.019186612218618393,0.33339324593544006,0.010572902858257294
0.18631166219711304,0.7838464379310608,0.006331720855087042,0.0010497145121917129,0.015442184172570705,0.005398406181484461,0.001619792077690363
0.15657757222652435,0.31140851974487305,0.04508186876773834,0.0016392760444432497,0.02711912989616394,0.4491623044013977,0.009011402726173401
0.010349998250603676,0.0026478085201233625,0.004079034086316824,0.2438662201166153,0.6203317046165466,0.015513830818235874,0.1032114177942276
0.09339751303195953,0.746902585029602,0.008396808989346027,0.002114518079906702,0.11605668067932129,0.010340824723243713,0.022791007533669472
0.006486616097390652,0.014511971734464169,0.002232881961390376,0.01698259823024273,0.9372166991233826,0.006938519887626171,0.01563066430389881
0.19880402088165283,0.01643938571214676,0.7034682035446167,0.0015522210160270333,0.04919913038611412,0.014442029409110546,0.01609499566257
0.7848911881446838,0.039967648684978485,0.13944251835346222,0.0013623528648167849,0.012558935210108757,0.012251371517777443,0.00952600222080946
0.06056209281086922,0.07610990852117538,0.007919165305793285,0.2267397791147232,0.5993195176124573,0.011361238546669483,0.017988279461860657
