anger,disgust,fear,joy,neutral,sadness,surprise
0.017938869073987007,0.0325908288359642,0.007098549976944923,0.13610777258872986,0.5308801531791687,0.2372124195098877,0.03817145153880119
0.04731297492980957,0.16155539453029633,0.0015518724685534835,0.21363095939159393,0.548099160194397,0.02389695681631565,0.0039526657201349735
0.0078924261033535,0.007224637549370527,0.02304401807487011,0.00936094205826521,0.02613358572125435,0.9190494418144226,0.007295042276382446
0.004230020102113485,0.02589062601327896,0.0022087686229497194,0.06381094455718994,0.8692784309387207,0.006100085563957691,0.028481250628829002
0.009993767365813255,0.014741686172783375,0.0028419869486242533,0.0024655265733599663,0.9573124051094055,0.007366465404629707,0.005278138909488916
0.07271711528301239,0.14878804981708527,0.0031632392201572657,0.06317654997110367,0.6037634611129761,0.1020762249827385,0.006315383594483137
0.006112719886004925,0.020070236176252365,0.0014154065866023302,0.5109838843345642,0.4235385060310364,0.03268060460686684,0.005198567174375057
0.028567347675561905,0.4975126087665558,0.010669168084859848,0.30165910720825195,0.0613103061914444,0.08722279965877533,0.013058663345873356
0.02266128733754158,0.08303732424974442,0.020945487543940544,0.01762053556740284,0.8231690526008606,0.008017051964998245,0.024549255147576332
0.0668368935585022,0.10272586345672607,0.004380939528346062,0.6857407689094543,0.07847176492214203,0.05113666132092476,0.01070713996887207
0.3163764774799347,0.53936368227005,0.00657669035717845,0.0033821500837802887,0.11577111482620239,0.016014464199543,0.0025153704918920994
0.028796564787626266,0.11704801768064499,0.003665313823148608,0.27444127202033997,0.5242506861686707,0.018013453111052513,0.03378462791442871
0.39254626631736755,0.4222016930580139,0.00782180204987526,0.028421415016055107,0.12801820039749146,0.012782871723175049,0.008207770064473152
0.009958554059267044,0.01014798879623413,0.002174634486436844,0.005456111393868923,0.9199000597000122,0.009970156475901604,0.04239250719547272
0.2919738292694092,0.6375744342803955,0.015236112289130688,0.0009545869543217123,0.02861182577908039,0.02423134818673134,0.0014178897254168987
0.017101412639021873,0.03772013261914253,0.0035738067235797644,0.19030627608299255,0.7333171367645264,0.0074182855896651745,0.010562882758677006
0.01079685240983963,0.023592818528413773,0.012006580829620361,0.008855689316987991,0.7042261958122253,0.21454663574695587,0.02597529999911785
0.006763122044503689,0.04345743730664253,0.007368307560682297,0.004198765382170677,0.01643701083958149,0.91925448179245,0.0025209137238562107
0.026833321899175644,0.04114129766821861,0.004744832869619131,0.002261984394863248,0.024656817317008972,0.8970021605491638,0.003359550144523382
0.019961485639214516,0.03873387351632118,0.005140815861523151,0.1597415655851364,0.7328922748565674,0.008213394321501255,0.03531660512089729
0.020916840061545372,0.0437578521668911,0.015354431234300137,0.5477979779243469,0.3232267200946808,0.016747061163187027,0.032199110835790634
0.0016864220378920436,0.016284015029668808,0.0035946599673479795,0.0013217112282291055,0.0159637238830328,0.9574344754219055,0.0037150271236896515
0.024872902780771255,0.05684841051697731,0.019013626500964165,0.06074387952685356,0.6585854887962341,0.172516867518425,0.007418868597596884
0.08967458456754684,0.22352160513401031,0.016270805150270462,0.005657160189002752,0.6285833120346069,0.02938609942793846,0.00690645445138216
0.033599648624658585,0.023964257910847664,0.10871725529432297,0.10016587376594543,0.6953632235527039,0.024324465543031693,0.013865296728909016
0.2623779773712158,0.5307498574256897,0.004621696658432484,0.0030861245468258858,0.14760291576385498,0.04908598214387894,0.0024754670448601246
0.012281253933906555,0.016493678092956543,0.007878485135734081,0.01243510004132986,0.1727861911058426,0.6867420077323914,0.09138329327106476
0.2674024999141693,0.3336796462535858,0.059615444391965866,0.04781083017587662,0.16117945313453674,0.11070163547992706,0.019610505551099777
0.0008834967738948762,0.001014167326502502,0.00018493382958695292,0.9869179129600525,0.0035743608605116606,0.004226572345942259,0.0031984890811145306
0.03355563431978226,0.06550084799528122,0.004137382376939058,0.0027514619287103415,0.042867206037044525,0.8491774797439575,0.002009996911510825
0.0044806646183133125,0.004915610421448946,0.00248800334520638,0.8915557861328125,0.048143286257982254,0.04460606724023819,0.003810626221820712
0.01052750926464796,0.0030360734090209007,0.0103575075045228,0.15015020966529846,0.6836085915565491,0.025867940858006477,0.11645219475030899
0.004343641456216574,0.0035540831740945578,0.004050526302307844,0.012607921846210957,0.8515361547470093,0.006115575786679983,0.11779214441776276
0.006802302785217762,0.005139889661222696,0.029326248914003372,0.0011085313744843006,0.011926323175430298,0.02836742252111435,0.9173293113708496
0.1589471846818924,0.2233494222164154,0.02351950854063034,0.007453238125890493,0.4323892295360565,0.14973750710487366,0.004603865556418896
0.003216859418898821,0.0016053012805059552,0.002101919148117304,0.0025150631554424763,0.005433907266706228,0.0013417943846434355,0.9837851524353027
0.006694454699754715,0.006177215371280909,0.0015953036490827799,0.44742465019226074,0.3420991897583008,0.18033751845359802,0.01567167416214943
