anger,disgust,fear,joy,neutral,sadness,surprise
0.013919047079980373,0.34620609879493713,0.012642674148082733,0.0034069425892084837,0.6042084693908691,0.013398734852671623,0.006218006834387779
0.6973757147789001,0.11334799230098724,0.03753723204135895,0.0024604471400380135,0.12348377704620361,0.010757594369351864,0.01503722183406353
0.01812358759343624,0.9158934950828552,0.008698293939232826,0.0009488459909334779,0.03734496235847473,0.017438193783164024,0.0015526452334597707
0.019204895943403244,0.18359187245368958,0.018151504918932915,0.0019002232002094388,0.11757515370845795,0.6335648894309998,0.026011468842625618
0.23518317937850952,0.02580496296286583,0.5647662281990051,0.002307540038600564,0.11854340881109238,0.0470738410949707,0.006320859771221876
0.01448210421949625,0.014592166058719158,0.0027960892766714096,0.0038592140190303326,0.8730912208557129,0.0061288634315133095,0.08505032956600189
0.017627721652388573,0.1087779700756073,0.010472769849002361,0.00799722969532013,0.6626599431037903,0.18956106901168823,0.0029033906757831573
0.02965007722377777,0.6850939393043518,0.22482937574386597,0.001380339846946299,0.010575986467301846,0.04624275863170624,0.0022275440860539675
0.036443017423152924,0.7135934233665466,0.00929165631532669,0.003780568251386285,0.21896614134311676,0.01460747979581356,0.003317754715681076
0.07755643874406815,0.8475862741470337,0.004403417930006981,0.0029897510539740324,0.05403725057840347,0.007984383031725883,0.005442379508167505
0.1088167354464531,0.871062695980072,0.00535421259701252,0.0006480157608166337,0.008628636598587036,0.004572077188640833,0.0009176581515930593
0.4929983913898468,0.2406332641839981,0.006437874864786863,0.0034555471502244473,0.08566935360431671,0.16824080049991608,0.0025646663270890713
0.00873098336160183,0.041785649955272675,0.0018697952618822455,0.07470583915710449,0.8524339199066162,0.013800443150103092,0.006673318799585104
0.07277300208806992,0.07560423761606216,0.6680705547332764,0.0014413769822567701,0.028338737785816193,0.018428446725010872,0.13534362614154816
0.04366586357355118,0.31444013118743896,0.03541325777769089,0.08621847629547119,0.48042187094688416,0.017719943076372147,0.022120511159300804
0.013124067336320877,0.1489209681749344,0.002717605559155345,0.02532251551747322,0.7903093099594116,0.004658317659050226,0.01494713593274355
0.015646586194634438,0.026763062924146652,0.0019331928342580795,0.7641129493713379,0.16422852873802185,0.006626216694712639,0.020689381286501884
0.18456457555294037,0.748430609703064,0.004473511129617691,0.0009186198585666716,0.030707960948348045,0.026867127045989037,0.004037641920149326
0.041689056903123856,0.2163333147764206,0.05537984147667885,0.134202241897583,0.1166258454322815,0.40653562545776367,0.02923404425382614
0.00888530071824789,0.022049054503440857,0.0006845253519713879,0.8381443619728088,0.11046868562698364,0.0035911058075726032,0.016176937147974968
