anger,disgust,fear,joy,neutral,sadness,surprise
0.0017215866828337312,0.0016818053554743528,0.0013576401397585869,0.82521653175354,0.06151265650987625,0.06677786260843277,0.04173184558749199
0.0174136720597744,0.02884525991976261,0.009668492712080479,0.01924123987555504,0.7768297791481018,0.01606179215013981,0.13193972408771515
0.13021719455718994,0.2452632486820221,0.05624852702021599,0.005170399788767099,0.5170888304710388,0.038526151329278946,0.007485665380954742
0.03503578156232834,0.9139320850372314,0.02338809333741665,0.0021499127615243196,0.01825663261115551,0.004960484337061644,0.0022770720534026623
0.022323040291666985,0.011075910180807114,0.005861151032149792,0.634006917476654,0.27141690254211426,0.034231700003147125,0.021084332838654518
0.2229631394147873,0.018931029364466667,0.31080761551856995,0.001914893975481391,0.10304383933544159,0.31624677777290344,0.02609267458319664
0.0064618829637765884,0.07390041649341583,0.003035614499822259,0.00604040315374732,0.8890722990036011,0.006219125352799892,0.0152701735496521
0.11601882427930832,0.7588028311729431,0.020223917439579964,0.0076585193164646626,0.06934292614459991,0.02664778381586075,0.0013050837442278862
0.010018937289714813,0.9662479162216187,0.005313793662935495,0.0007862172205932438,0.013873973861336708,0.0025725923478603363,0.0011865465203300118
0.02412835881114006,0.03757891803979874,0.011757799424231052,0.002942602848634124,0.2910090982913971,0.6179144382476807,0.014668794348835945
0.14039656519889832,0.47376927733421326,0.035142648965120316,0.005770108196884394,0.29581019282341003,0.045862868428230286,0.003248315304517746
0.011158517561852932,0.013099396601319313,0.0427854061126709,0.002956678392365575,0.3424839973449707,0.5792938470840454,0.008222157135605812
0.3912277817726135,0.31076258420944214,0.005492115393280983,0.014144212007522583,0.17753322422504425,0.09405577182769775,0.00678421463817358
0.012693703174591064,0.003939513582736254,0.005850694607943296,0.014385317452251911,0.9145089983940125,0.014976497739553452,0.0336453840136528
0.7657289505004883,0.19627095758914948,0.006573367398232222,0.0005337477778084576,0.013032899238169193,0.01641279272735119,0.0014473632909357548
0.007774898316711187,0.010556298308074474,0.010167798958718777,0.014955505728721619,0.6591675281524658,0.009595285169780254,0.2877826690673828
0.017165379598736763,0.009285541251301765,0.03304234519600868,0.009634030982851982,0.5186353921890259,0.02206200361251831,0.39017537236213684
0.03887655958533287,0.12525616586208344,0.033001210540533066,0.03426693379878998,0.6439604759216309,0.1218288391828537,0.002809766214340925
0.42418980598449707,0.14046236872673035,0.04187338799238205,0.004967600107192993,0.360501766204834,0.0226065032184124,0.0053985873237252235
0.12286487966775894,0.5604965090751648,0.04242604225873947,0.003993844147771597,0.2537134289741516,0.013139111921191216,0.0033662375062704086
0.1727679967880249,0.25372326374053955,0.0445810928940773,0.0024612818378955126,0.4677864611148834,0.036653392016887665,0.02202649973332882
0.08873970806598663,0.020793382078409195,0.5597365498542786,0.004216955043375492,0.3021382689476013,0.01931004412472248,0.0050651575438678265
0.015844153240323067,0.6181366443634033,0.0036866485606878996,0.0033932842779904604,0.3436034321784973,0.009944881312549114,0.005390889011323452
0.007562610786408186,0.028019020333886147,0.0067159091122448444,0.0064390357583761215,0.9354225993156433,0.006711158901453018,0.009129582904279232
0.0037407272029668093,0.006185479462146759,0.9511286020278931,0.0007048487314023077,0.025332901626825333,0.008018920198082924,0.00488843210041523
0.17161093652248383,0.23790769279003143,0.3368050158023834,0.007588662207126617,0.193001851439476,0.01431842427700758,0.03876742348074913
0.02712589129805565,0.6962758898735046,0.04947386309504509,0.0013411809923127294,0.04668479040265083,0.1379905790090561,0.04110780730843544
0.006552114617079496,0.019121980294585228,0.0015948292566463351,0.3683493733406067,0.5163493752479553,0.0813632607460022,0.006668999791145325
0.00521577475592494,0.03369412198662758,0.07929416000843048,0.008580050431191921,0.07662687450647354,0.0024417059030383825,0.7941473722457886
