anger,disgust,fear,joy,neutral,sadness,surprise
0.015593555755913258,0.16129492223262787,0.003803643863648176,0.01740349270403385,0.6691110730171204,0.10634894669055939,0.02644430287182331
0.5054208040237427,0.05669747665524483,0.01524838525801897,0.006626767106354237,0.36807212233543396,0.042317669838666916,0.005616768728941679
0.14710082113742828,0.07354015111923218,0.0016990979202091694,0.025682780891656876,0.6915686130523682,0.05315999314188957,0.00724860280752182
0.007609486114233732,0.011425022035837173,0.006653801538050175,0.7223322987556458,0.2142506241798401,0.011099345982074738,0.026629431173205376
0.04525384306907654,0.21203602850437164,0.0061073629185557365,0.09851431101560593,0.5999743342399597,0.03259588032960892,0.005518247839063406
0.004387249704450369,0.01343014370650053,0.0010885561350733042,0.035244714468717575,0.8512228727340698,0.024316933006048203,0.07030957192182541
0.0193746667355299,0.16509436070919037,0.03280288353562355,0.015686262398958206,0.7168329954147339,0.03724256530404091,0.012966286391019821
0.010372253134846687,0.019969414919614792,0.04972325265407562,0.005329309031367302,0.8636772036552429,0.042710576206445694,0.008217909373342991
0.0073067438788712025,0.0021461190190166235,0.006143317557871342,0.06105718016624451,0.0543956458568573,0.004984159488230944,0.8639668226242065
0.9565504789352417,0.016158824786543846,0.002039561979472637,0.00048011052422225475,0.019218692556023598,0.0020981845445930958,0.0034542581997811794
0.028409937396645546,0.05979005619883537,0.004505625460296869,0.004869269207119942,0.5060200691223145,0.02432095631957054,0.3720841407775879
0.08422712236642838,0.23942358791828156,0.1590307503938675,0.0025044246576726437,0.23591692745685577,0.26405203342437744,0.014845138415694237
0.006397581659257412,0.037567850202322006,0.792052686214447,0.0036672463174909353,0.14093069732189178,0.015000048093497753,0.004383810330182314
0.5280926823616028,0.06918081641197205,0.16280554234981537,0.004101016093045473,0.20287731289863586,0.02092030830681324,0.012022278271615505
0.05199577659368515,0.901479959487915,0.011663290672004223,0.0005721802590414882,0.025659138336777687,0.00765518331900239,0.0009746099822223186
0.12635333836078644,0.09611547738313675,0.031733784824609756,0.004264384508132935,0.7114777565002441,0.02369602397084236,0.006359230261296034
0.043639663606882095,0.11888723820447922,0.009575480595231056,0.004283987917006016,0.67033851146698,0.14771795272827148,0.005557125899940729
0.01818024180829525,0.15265722572803497,0.5652372241020203,0.0037237037904560566,0.16555969417095184,0.08947145938873291,0.0051704044453799725
0.0047320169396698475,0.025007763877511024,0.009625011123716831,0.023829741403460503,0.5471242070198059,0.38188421726226807,0.007797036319971085
0.01779375784099102,0.05735364556312561,0.0017255546990782022,0.007418762426823378,0.8838214874267578,0.01819329522550106,0.013693457469344139
0.34000691771507263,0.09576863795518875,0.015783485025167465,0.002619813894852996,0.5180328488349915,0.01161089725792408,0.016177376732230186
0.8353471755981445,0.1429228037595749,0.0025951953139156103,0.0010260046692565084,0.010855014435946941,0.006015460472553968,0.0012383048888295889
0.03076745755970478,0.19651274383068085,0.3495921492576599,0.004443880636245012,0.33908167481422424,0.026441993191838264,0.05316013842821121
0.4228225350379944,0.3039831221103668,0.06678006798028946,0.001809780835174024,0.13884635269641876,0.060916610062122345,0.004841504152864218
0.6638065576553345,0.22542952001094818,0.009230637922883034,0.0008277703891508281,0.03448408469557762,0.06117098033428192,0.00505034951493144
0.01339337695389986,0.3398023545742035,0.004482242278754711,0.10086090117692947,0.42316386103630066,0.11004393547773361,0.008253267966210842
0.801424503326416,0.13911624252796173,0.038438376039266586,0.0011787654366344213,0.013774222694337368,0.0036448175087571144,0.0024231071583926678
0.7742446064949036,0.09834730625152588,0.004559124819934368,0.001641357084736228,0.08776244521141052,0.028509920462965965,0.004935281816869974
0.6245858073234558,0.030204670503735542,0.037597253918647766,0.015008028596639633,0.27818262577056885,0.01096986886113882,0.003451711731031537
0.009052295237779617,0.002344689564779401,0.002086825203150511,0.5104888677597046,0.2611355781555176,0.014131647534668446,0.20076005160808563
0.013377764262259007,0.9312548041343689,0.01139213889837265,0.000409718049922958,0.024114940315485,0.01233710814267397,0.007113486994057894
0.018148889765143394,0.3895909786224365,0.0022912754211574793,0.29943570494651794,0.26166072487831116,0.020814288407564163,0.00805811770260334
0.008624459616839886,0.06390493363142014,0.0020552983041852713,0.14185354113578796,0.75859135389328,0.00496891001239419,0.02000146359205246
0.33601656556129456,0.08189146220684052,0.1648717075586319,0.003292546607553959,0.3360583782196045,0.0750516876578331,0.0028176261112093925
0.016091590747237206,0.09365963935852051,0.006005826871842146,0.018755320459604263,0.7954524755477905,0.0667131245136261,0.0033220003824681044
0.44902414083480835,0.34417781233787537,0.13998505473136902,0.001564380363561213,0.024135151877999306,0.03737219423055649,0.00374124338850379
0.03607630729675293,0.04788132384419441,0.006358770653605461,0.03152624890208244,0.7527458071708679,0.07937151938676834,0.046040020883083344
0.005673929583281279,0.01514873281121254,0.0011217716382816434,0.200846329331398,0.7545061707496643,0.009765640832483768,0.012937502935528755
0.006440718192607164,0.059874601662158966,0.010716675780713558,0.004849483724683523,0.15417136251926422,0.7505042552947998,0.01344297919422388
0.056797076016664505,0.054531339555978775,0.40782248973846436,0.005103596020489931,0.4297560751438141,0.01476169005036354,0.031227752566337585
0.6901513338088989,0.07248757034540176,0.17218708992004395,0.001947379787452519,0.04220389574766159,0.017825407907366753,0.0031973517034202814
0.26425203680992126,0.016152556985616684,0.009346388280391693,0.0076043931767344475,0.18922491371631622,0.01832970418035984,0.4950900673866272
0.0363769456744194,0.07519115507602692,0.0036432885099202394,0.003268708474934101,0.81959468126297,0.040715403854846954,0.021209826692938805
0.009177977219223976,0.01565328612923622,0.0070976377464830875,0.014328978024423122,0.940423309803009,0.008769785054028034,0.004549006000161171
0.5466713905334473,0.05901841074228287,0.21505120396614075,0.0026738597080111504,0.15466348826885223,0.019165202975273132,0.0027564449701458216
0.0406501404941082,0.13215261697769165,0.0310970526188612,0.00523254182189703,0.6719409227371216,0.10867007076740265,0.010256590321660042
