anger,disgust,fear,joy,neutral,sadness,surprise
0.01512755174189806,0.9023585915565491,0.009864911437034607,0.0019188481383025646,0.03207775577902794,0.03296259790658951,0.0056898207403719425
0.15582852065563202,0.19668377935886383,0.6335858106613159,0.000893301737960428,0.0063841925002634525,0.003402026602998376,0.0032224610913544893
0.3680517375469208,0.17252591252326965,0.29060325026512146,0.002953849732875824,0.13839633762836456,0.015557799488306046,0.011911154724657536
0.0421164333820343,0.002512292005121708,0.8552435040473938,0.0010070792632177472,0.010172969661653042,0.02058965340256691,0.06835809350013733
0.13240037858486176,0.40213850140571594,0.016340138390660286,0.0012091395910829306,0.029955171048641205,0.41524744033813477,0.0027092834934592247
0.004326141905039549,0.03892964497208595,0.02543945051729679,0.13527897000312805,0.5607917904853821,0.128216952085495,0.10701704770326614
0.11307276040315628,0.015408708713948727,0.04932277649641037,0.0027632347773760557,0.041096530854701996,0.763870894908905,0.014465024694800377
0.04335693269968033,0.10983414947986603,0.028723930940032005,0.016155840829014778,0.6624772548675537,0.11045704782009125,0.028994832187891006
0.09249144047498703,0.004627662245184183,0.4407096803188324,0.08891836553812027,0.09425783902406693,0.04390401393175125,0.23509098589420319
