anger,disgust,fear,joy,neutral,sadness,surprise
0.0255291648209095,0.18845561146736145,0.0655326396226883,0.008721777237951756,0.6058384776115417,0.09600941091775894,0.009912901557981968
0.009357055649161339,0.10687404125928879,0.009074976667761803,0.003583625191822648,0.8435534834861755,0.019877759739756584,0.007679041009396315
0.1523771733045578,0.6558942198753357,0.003600164782255888,0.00202447478659451,0.010356234386563301,0.17331789433956146,0.0024298031348735094
0.0028234210330992937,0.015893923118710518,0.001813520328141749,0.2022361159324646,0.029865656048059464,0.7426957488059998,0.004671609029173851
0.006647642236202955,0.08424050360918045,0.0029803647194057703,0.047358401119709015,0.7026426792144775,0.054574158042669296,0.1015562117099762
0.14654500782489777,0.4609672427177429,0.0697859451174736,0.014607922174036503,0.21616463363170624,0.0876065045595169,0.004322730004787445
0.7337018847465515,0.1767207831144333,0.004683803301304579,0.0008523761644028127,0.023737236857414246,0.05891183018684387,0.0013920791679993272
0.0015493712853640318,0.0010161426616832614,0.001203144434839487,0.0011041570687666535,0.0067050037905573845,0.9840840697288513,0.004338101949542761
0.7691595554351807,0.1399480700492859,0.004133580718189478,0.0026350272819399834,0.041530683636665344,0.03994074836373329,0.002652297494933009
0.12695561349391937,0.7444328665733337,0.0040608965791761875,0.034727104008197784,0.07025763392448425,0.015719182789325714,0.0038466353435069323
0.00576722901314497,0.00470053032040596,0.007621790282428265,0.012192037887871265,0.9464377164840698,0.001999656204134226,0.0212810430675745
0.8820793628692627,0.04310896247625351,0.04071962833404541,0.0018590999534353614,0.007638121955096722,0.02324436604976654,0.0013504516100510955
0.11280480772256851,0.14215056598186493,0.008028196170926094,0.006256708409637213,0.7029633522033691,0.01896573230624199,0.008830674923956394
0.0056392727419734,0.025453878566622734,0.0013543382519856095,0.017036233097314835,0.03646242246031761,0.9113211035728455,0.002732741879299283
0.014170079492032528,0.1587560474872589,0.1033506691455841,0.021130943670868874,0.6559158563613892,0.02912152372300625,0.01755485311150551
0.17120268940925598,0.7486022710800171,0.019681081175804138,0.007886113598942757,0.0269913412630558,0.023780588060617447,0.0018558967858552933
0.032726697623729706,0.1095762625336647,0.0016752489609643817,0.026817016303539276,0.795202374458313,0.03012879751622677,0.0038736185524612665
0.41035136580467224,0.3687252104282379,0.18009313941001892,0.00257090269587934,0.011671130545437336,0.022570805624127388,0.004017299506813288
0.13062047958374023,0.09658998996019363,0.33879587054252625,0.006573863793164492,0.14388175308704376,0.13690494000911713,0.1466331034898758
0.09738181531429291,0.17565512657165527,0.2649480998516083,0.004570065066218376,0.2910206615924835,0.15963345766067505,0.006790816783905029
0.045586854219436646,0.02028883993625641,0.0038556898944079876,0.7386849522590637,0.1683400571346283,0.01598556712269783,0.007258136291056871
0.008931061252951622,0.0014307525707408786,0.9752565622329712,0.0011982157593593001,0.006926190573722124,0.00356184970587492,0.0026954645290970802
0.0015559671446681023,0.007650344632565975,0.037824295461177826,0.13180051743984222,0.051609449088573456,0.7358744740486145,0.03368483483791351
0.00428524287417531,0.015768753364682198,0.004527802113443613,0.0044126505963504314,0.06939896196126938,0.8918294310569763,0.0097772516310215
0.005100195296108723,0.018761977553367615,0.011866914108395576,0.0011994687374681234,0.01971612684428692,0.9343535900115967,0.00900171883404255
0.603851854801178,0.07037754356861115,0.02205931581556797,0.00346421473659575,0.020757708698511124,0.27778446674346924,0.0017049036687240005
0.1175801008939743,0.8255250453948975,0.006096718832850456,0.001871707383543253,0.0327802337706089,0.01508255209773779,0.0010637525701895356
0.06557756662368774,0.5920886397361755,0.004573626909404993,0.005080966278910637,0.24682798981666565,0.07011067122220993,0.01574057713150978
0.0418505035340786,0.4107866883277893,0.022842783480882645,0.0028452128171920776,0.044850584119558334,0.472484290599823,0.004339864943176508
0.007796003017574549,0.008241194300353527,0.0013533520977944136,0.03690130263566971,0.9327219128608704,0.004648698028177023,0.00833748746663332
0.006357679143548012,0.03816837817430496,0.0038178665563464165,0.01624492183327675,0.8712745904922485,0.05218776687979698,0.011948800645768642
0.011503036133944988,0.0036778587382286787,0.002847461961209774,0.8209810853004456,0.02893061563372612,0.11503438651561737,0.017025474458932877
0.024520620703697205,0.03187927231192589,0.019792350009083748,0.00157598324585706,0.020281558856368065,0.003906185505911708,0.8980440497398376
0.21918180584907532,0.454521119594574,0.014661355875432491,0.0031780365388840437,0.2208365947008133,0.08381588011980057,0.0038051882293075323
0.01765877567231655,0.08048806339502335,0.0072179134003818035,0.0028521886561065912,0.8485515117645264,0.010199416428804398,0.033032141625881195
0.01683833822607994,0.9292312264442444,0.0026685146149247885,0.0017706718062981963,0.042296286672353745,0.004904502537101507,0.0022903229109942913
0.00279059330932796,0.007341657765209675,0.0020419228821992874,0.0065239849500358105,0.8786566257476807,0.03432990610599518,0.0683152824640274
