anger,disgust,fear,joy,neutral,sadness,surprise
0.037553172558546066,0.05112602561712265,0.0034663178957998753,0.0022682559210807085,0.0344008132815361,0.8681301474571228,0.0030552539974451065
0.011018653400242329,0.005986366420984268,0.005005208309739828,0.0026264358311891556,0.013424466364085674,0.9593407511711121,0.0025980747304856777
0.19553782045841217,0.3863685727119446,0.013910547830164433,0.0021233779843896627,0.11742985993623734,0.2826996445655823,0.0019300959538668394
0.8942102789878845,0.035945355892181396,0.01235172152519226,0.0016068767290562391,0.04310973733663559,0.010762318968772888,0.0020137920510023832
0.16046181321144104,0.07757700979709625,0.03264625743031502,0.022295085713267326,0.6871702671051025,0.014052257873117924,0.005797362886369228
0.4293964207172394,0.026975644752383232,0.3831884264945984,0.0019614275079220533,0.04296897351741791,0.08943257480859756,0.026076557114720345
0.0062185232527554035,0.05360439047217369,0.03862489387392998,0.09192006289958954,0.49677973985671997,0.266004741191864,0.046847619116306305
0.6198355555534363,0.055686112493276596,0.16787391901016235,0.0017458677757531404,0.10624633729457855,0.02966759167611599,0.018944593146443367
0.04212041571736336,0.05847650021314621,0.006734736729413271,0.05198602378368378,0.7834897637367249,0.05406659096479416,0.0031259411480277777
0.0028532089199870825,0.005539923906326294,0.002637496218085289,0.8285486102104187,0.046058688312768936,0.07572402060031891,0.03863811120390892
0.5643984079360962,0.1304895579814911,0.07072871923446655,0.0017303834902122617,0.10136626660823822,0.12507955729961395,0.006207085680216551
0.08907924592494965,0.10626858472824097,0.02509250119328499,0.007858737371861935,0.6670724749565125,0.02398183010518551,0.08064652234315872
0.40089237689971924,0.026098966598510742,0.07668840140104294,0.0030015914235264063,0.04198223352432251,0.4364176094532013,0.014918919652700424
0.4197262227535248,0.04241296276450157,0.12351426482200623,0.0039864517748355865,0.36811351776123047,0.015344930812716484,0.02690170146524906
0.6905472278594971,0.23885488510131836,0.006614059209823608,0.0013290203642100096,0.04178151115775108,0.01852087676525116,0.002352471463382244
0.2132081389427185,0.3695406913757324,0.005104487761855125,0.014036404900252819,0.3282070755958557,0.06785891205072403,0.0020442139357328415
0.4184124767780304,0.06511860340833664,0.2174745798110962,0.002789078513160348,0.19820624589920044,0.051919639110565186,0.04607946798205376
0.2152986228466034,0.057281121611595154,0.1436043083667755,0.004729658830910921,0.13792169094085693,0.43442127108573914,0.006743337959051132
0.00818399153649807,0.016492916271090508,0.000969845219515264,0.70096755027771,0.24737955629825592,0.006901618558913469,0.019104596227407455
0.01048408355563879,0.03134676814079285,0.0029037310741841793,0.20413440465927124,0.6934758424758911,0.027879754081368446,0.029775330796837807
