anger,disgust,fear,joy,neutral,sadness,surprise
0.02645147405564785,0.02749795652925968,0.004146849270910025,0.44319140911102295,0.0536586195230484,0.375360906124115,0.06969281286001205
0.004747422877699137,0.014399747364223003,0.0032481676898896694,0.002863160567358136,0.10471004247665405,0.845819890499115,0.02421160228550434
0.014946072362363338,0.013876124285161495,0.04657066613435745,0.017899164929986,0.3450060784816742,0.549136221408844,0.012565676122903824
0.01619439758360386,0.03211316838860512,0.01204819418489933,0.0028098351322114468,0.23020334541797638,0.05576663091778755,0.6508644223213196
0.43836262822151184,0.09514090418815613,0.0090687470510602,0.0025754726957529783,0.15176542103290558,0.2885972261428833,0.0144895538687706
0.008314751088619232,0.011291814036667347,0.003942378796637058,0.005500734783709049,0.9499080777168274,0.0057229832746088505,0.015319273807108402
0.024242598563432693,0.05593026801943779,0.004424826707690954,0.0012102905893698335,0.048713475465774536,0.8465375304222107,0.018940947949886322
0.07208480685949326,0.14633169770240784,0.07616858184337616,0.006944254040718079,0.6534550189971924,0.033055346459150314,0.01196032203733921
0.10067101567983627,0.023172050714492798,0.7069504261016846,0.003143236506730318,0.13573519885540009,0.01760602928698063,0.012722043320536613
0.019966524094343185,0.11682745814323425,0.14133121073246002,0.002737994072958827,0.29720789194107056,0.3877238631248474,0.03420500084757805
0.018862996250391006,0.032483261078596115,0.005976282991468906,0.4025280773639679,0.450715571641922,0.0232767965644598,0.06615705043077469
0.02458508312702179,0.027840981259942055,0.007193173281848431,0.019373111426830292,0.8953996300697327,0.00896495021879673,0.016643034294247627
0.006203679367899895,0.008602365851402283,0.002298896200954914,0.3581358790397644,0.6090887784957886,0.007505084853619337,0.00816535297781229
0.23114027082920074,0.03814062848687172,0.6468652486801147,0.0055675506591796875,0.06347119808197021,0.009302874095737934,0.005512180272489786
0.04174062982201576,0.00494439247995615,0.009704855270683765,0.005419519264250994,0.14532245695590973,0.7030311822891235,0.089836984872818
