anger,disgust,fear,joy,neutral,sadness,surprise
0.021794002503156662,0.07343509793281555,0.003013055305927992,0.11399728804826736,0.7470987439155579,0.026572540402412415,0.014089309610426426
0.007641984149813652,0.008084146305918694,0.003380721667781472,0.3655226528644562,0.5171096324920654,0.07143088430166245,0.026830004528164864
0.013764902949333191,0.02679339423775673,0.0012263498501852155,0.01609978638589382,0.9228684902191162,0.010512485168874264,0.008734572678804398
0.014474423602223396,0.005065033677965403,0.000887044589035213,0.7165822982788086,0.22556093335151672,0.013170470483601093,0.024259841069579124
0.010250221937894821,0.03562625125050545,0.006000373978167772,0.005347664467990398,0.11074493080377579,0.8223446011543274,0.009685937315225601
0.0815204605460167,0.17078165709972382,0.00121870927978307,0.042358387261629105,0.5745016932487488,0.11326131224632263,0.01635776273906231
0.020718742161989212,0.017534606158733368,0.01975935697555542,0.0034302130807191133,0.16323797404766083,0.7671470642089844,0.008172099478542805
0.9360546469688416,0.01861467957496643,0.004402210004627705,0.0007478455081582069,0.025565780699253082,0.009729654528200626,0.0048851026222109795
0.8629276156425476,0.08539384603500366,0.0027090623043477535,0.0009216612088494003,0.03439156338572502,0.011208727955818176,0.0024475366808474064
0.01815447211265564,0.009224875830113888,0.0022364261094480753,0.00886672642081976,0.9473640322685242,0.008495387621223927,0.005658120848238468
0.023028703406453133,0.04213111102581024,0.0021148426458239555,0.1431005746126175,0.6232215166091919,0.07690642774105072,0.08949683606624603
0.010852468200027943,0.035467084497213364,0.703830361366272,0.00281455647200346,0.21163572371006012,0.028142113238573074,0.007257690653204918
0.007572439964860678,0.00931744184345007,0.003606564598158002,0.009261580184102058,0.927539587020874,0.031503863632678986,0.011198434978723526
0.03571058064699173,0.008808118291199207,0.9179194569587708,0.002467639511451125,0.025304432958364487,0.005348585546016693,0.004441241268068552
0.23022513091564178,0.3316650390625,0.004015256185084581,0.09151150286197662,0.2643604576587677,0.013139670714735985,0.06508290767669678
0.4353485703468323,0.12344129383563995,0.010340090841054916,0.0037427416536957026,0.31723108887672424,0.10701523721218109,0.002881082473322749
0.11394917964935303,0.15762580931186676,0.011026222258806229,0.001248374581336975,0.05725814029574394,0.654405415058136,0.004486908670514822
0.07705234736204147,0.026441801339387894,0.5568487644195557,0.0022464762441813946,0.08435680717229843,0.24240662157535553,0.010647205635905266
0.7650402188301086,0.05488761141896248,0.003206107998266816,0.0013076765462756157,0.1367146223783493,0.03081907518208027,0.008024712093174458
0.04892697185277939,0.1029035672545433,0.0018316241912543774,0.009522730484604836,0.8086122870445251,0.020843934267759323,0.007358788978308439
0.007244625594466925,0.0043517835438251495,0.0011165342293679714,0.6875919103622437,0.21225880086421967,0.005470366682857275,0.08196600526571274
0.08052683621644974,0.1061086505651474,0.0036115222610533237,0.005226020235568285,0.7825884819030762,0.011239070445299149,0.010699449107050896
0.011656268499791622,0.0066880518570542336,0.004708379041403532,0.0693163275718689,0.881402850151062,0.004062199499458075,0.02216598019003868
0.018942562863230705,0.03820495307445526,0.0007936994661577046,0.7386577129364014,0.18347731232643127,0.008776932954788208,0.011146746575832367
0.0929071381688118,0.10441702604293823,0.03813105821609497,0.004008922725915909,0.5224394798278809,0.17807523906230927,0.06002110242843628
0.011809702031314373,0.02666642889380455,0.002682287013158202,0.01587509736418724,0.04739094153046608,0.004363107029348612,0.8912124037742615
0.043042320758104324,0.6008251905441284,0.002475992077961564,0.1458987146615982,0.11496959626674652,0.08711881190538406,0.005669358652085066
0.011006230488419533,0.07296118885278702,0.0011199008440598845,0.5920169353485107,0.29094332456588745,0.023290257900953293,0.008662189356982708
