anger,disgust,fear,joy,neutral,sadness,surprise
0.01003232691437006,0.06909060478210449,0.0014831661246716976,0.43233993649482727,0.46806493401527405,0.008207312785089016,0.010781676508486271
0.037249594926834106,0.19008076190948486,0.6819473505020142,0.001974195707589388,0.027922285720705986,0.015372860245406628,0.04545290023088455
0.0121980682015419,0.003963837865740061,0.08329368382692337,0.002565445378422737,0.017547709867358208,0.0033680973574519157,0.8770632147789001
0.12562879920005798,0.19134142994880676,0.5481075644493103,0.001104747410863638,0.027970990166068077,0.08697293698787689,0.018873533234000206
0.003829944645985961,0.0011222956236451864,0.9762020707130432,0.0012163794599473476,0.00959482230246067,0.0062381811439991,0.001796491676941514
0.13526597619056702,0.03695358335971832,0.7696982026100159,0.0020690711680799723,0.03627396374940872,0.010946409776806831,0.008792818523943424
0.09497461467981339,0.7394994497299194,0.03658926486968994,0.0011274571297690272,0.10626569390296936,0.014087975025177002,0.007455534767359495
0.0903739482164383,0.017179332673549652,0.13995374739170074,0.0035269204527139664,0.021699313074350357,0.026549434289336205,0.7007172703742981
0.3813043236732483,0.5284301042556763,0.019475694745779037,0.0008515632944181561,0.04866515100002289,0.01936190575361252,0.001911220490001142
0.058517444878816605,0.47333893179893494,0.039121340960264206,0.008005324751138687,0.114841528236866,0.30356213450431824,0.0026133600622415543
0.883669912815094,0.08526589721441269,0.0019817310385406017,0.0006537872250191867,0.01943860575556755,0.0072937398217618465,0.001696439809165895
0.08420044183731079,0.21258452534675598,0.039232853800058365,0.0019557825289666653,0.6091286540031433,0.048817284405231476,0.004080459475517273
0.012578616850078106,0.002625310095027089,0.9790922403335571,0.0005964941810816526,0.0021816249936819077,0.0018369888421148062,0.0010886627715080976
0.8350041508674622,0.08125320822000504,0.011930912733078003,0.001181568717584014,0.047010891139507294,0.021782761439681053,0.0018365236464887857
0.32442736625671387,0.29191508889198303,0.160601407289505,0.001286670914851129,0.07349494099617004,0.14339180290699005,0.004882582928985357
0.07479360699653625,0.06205190718173981,0.015793735161423683,0.3395305275917053,0.1586407572031021,0.3433893918991089,0.005800089333206415
0.016712578013539314,0.3288162052631378,0.014935758896172047,0.02881976030766964,0.5769377946853638,0.007521099876612425,0.02625681832432747
0.370108962059021,0.18209438025951385,0.003302136668935418,0.005559226032346487,0.40618640184402466,0.02973119355738163,0.0030177338048815727
