anger,disgust,fear,joy,neutral,sadness,surprise
0.011860551312565804,0.48363274335861206,0.007226987276226282,0.007070283405482769,0.03526928648352623,0.4419932961463928,0.012946929782629013
0.008021273650228977,0.9741467833518982,0.0022772341035306454,0.00043228655704297125,0.008870984427630901,0.005450264550745487,0.0008011023164726794
0.003749012714251876,0.9882567524909973,0.0024461429566144943,0.00039526703767478466,0.0029578707180917263,0.0015546281356364489,0.0006403509178198874
0.02016589045524597,0.017459115013480186,0.0017216725973412395,0.057908330112695694,0.8847389221191406,0.010687556117773056,0.007318546064198017
0.007792007178068161,0.07256557792425156,0.014020922593772411,0.007222266867756844,0.16194795072078705,0.7021098136901855,0.03434145450592041
0.015771308913826942,0.511718213558197,0.13409361243247986,0.0017944229766726494,0.021510807797312737,0.3109324276447296,0.00417927885428071
0.5896477103233337,0.36198997497558594,0.022310324013233185,0.0013537306804209948,0.015787431970238686,0.00588059239089489,0.0030302598606795073
0.07792113721370697,0.6110307574272156,0.030374843627214432,0.005590919870883226,0.23892351984977722,0.01259369682520628,0.023564985021948814
0.15841512382030487,0.23370659351348877,0.021441077813506126,0.01071480568498373,0.5581570863723755,0.015483384020626545,0.002081831218674779
0.010224470868706703,0.15297919511795044,0.0023019269574433565,0.30989596247673035,0.4864111542701721,0.026181934401392937,0.012005387805402279
0.0065531316213309765,0.0019661569967865944,0.002361298305913806,0.25870466232299805,0.5666770339012146,0.08698686212301254,0.07675085961818695
0.010105889290571213,0.003538531484082341,0.007493489887565374,0.1286405473947525,0.738644540309906,0.0475541353225708,0.06402282416820526
0.011644529178738594,0.8119406700134277,0.028567086905241013,0.007367847952991724,0.12822256982326508,0.0030350855085998774,0.009222348220646381
0.019802672788500786,0.05507591739296913,0.06257784366607666,0.005359308794140816,0.8195704817771912,0.008539261296391487,0.029074471443891525
0.2439492791891098,0.13990479707717896,0.008375676348805428,0.0043517523445189,0.5157519578933716,0.08154866844415665,0.0061178202740848064
0.1582346260547638,0.10162835568189621,0.14985401928424835,0.005192273762077093,0.5496522784233093,0.021033259108662605,0.014405191875994205
0.40007561445236206,0.04395398870110512,0.3049953877925873,0.004015587270259857,0.1738215535879135,0.034437280148267746,0.03870053589344025
0.3230651319026947,0.10684290528297424,0.062133193016052246,0.005893527064472437,0.44924408197402954,0.011052235029637814,0.04176883026957512
0.08174242824316025,0.025865597650408745,0.01565813645720482,0.013590516522526741,0.8309451937675476,0.023412780836224556,0.00878527294844389
0.1232471764087677,0.09546378254890442,0.02939719520509243,0.004955125506967306,0.6629537343978882,0.07453718036413193,0.009445746429264545
0.029745807871222496,0.0305793359875679,0.014505362138152122,0.004921807441860437,0.8757861256599426,0.015961164608597755,0.028500381857156754
0.023742254823446274,0.04675981029868126,0.03242180496454239,0.008884514681994915,0.8664485812187195,0.011696982197463512,0.01004607230424881
0.04000707343220711,0.09033185243606567,0.009551002644002438,0.006876692641526461,0.8272495269775391,0.0067567769438028336,0.019227083772420883
0.32467758655548096,0.33684590458869934,0.06792452186346054,0.001987699419260025,0.1206376850605011,0.14108288288116455,0.006843759212642908
0.020120663568377495,0.05116976797580719,0.006258039735257626,0.006599235348403454,0.8958340287208557,0.005258521996438503,0.014759653247892857
0.08492787927389145,0.029774045571684837,0.11793655902147293,0.005465098191052675,0.7260473966598511,0.018316177651286125,0.017532717436552048
0.060816407203674316,0.42337191104888916,0.22314892709255219,0.0036224485374987125,0.23758095502853394,0.04330156743526459,0.008157894015312195
0.14696842432022095,0.024748360738158226,0.004744419362396002,0.014383070170879364,0.7411884069442749,0.049268100410699844,0.018699169158935547
0.019086262211203575,0.7656464576721191,0.04767739400267601,0.001510420348495245,0.1411215364933014,0.021483244374394417,0.003474515164270997
0.02729206718504429,0.027420174330472946,0.0031176763586699963,0.004974180832505226,0.9267195463180542,0.005705132149159908,0.004771139472723007
0.7807169556617737,0.18012592196464539,0.018303297460079193,0.000893055519554764,0.012049881741404533,0.005618659313768148,0.0022921490017324686
0.1263914853334427,0.029925519600510597,0.580859363079071,0.004295202437788248,0.20298156142234802,0.024066515266895294,0.03148030489683151
0.21879693865776062,0.09626492857933044,0.24356402456760406,0.004172570072114468,0.316499263048172,0.06832563132047653,0.05237669497728348
0.2641800045967102,0.6058143973350525,0.029313702136278152,0.0011023959377780557,0.023691518232226372,0.06670446693897247,0.009193582460284233
0.04604684188961983,0.6759011149406433,0.02880735881626606,0.0015601918566972017,0.12952125072479248,0.06898656487464905,0.04917670786380768
0.1412116289138794,0.6950822472572327,0.06794658303260803,0.0015520668821409345,0.05925792083144188,0.027927225455641747,0.007022321689873934
0.3305264115333557,0.066264308989048,0.2994374930858612,0.008306813426315784,0.2116265892982483,0.04106795787811279,0.042770348489284515
0.0838257372379303,0.2404305785894394,0.18228597939014435,0.007254755590111017,0.43040022253990173,0.038585320115089417,0.017217379063367844
0.12058810889720917,0.6622921228408813,0.018073035404086113,0.0009774781065061688,0.1528273969888687,0.03572594374418259,0.009515882469713688
0.17797604203224182,0.13714347779750824,0.36935412883758545,0.004260452929884195,0.17395950853824615,0.029060279950499535,0.1082460954785347
0.46039992570877075,0.16413991153240204,0.15333709120750427,0.00417615519836545,0.18473899364471436,0.013517020270228386,0.0196909811347723
0.5038208961486816,0.05282057821750641,0.019318576902151108,0.0014412527671083808,0.07181296497583389,0.34450584650039673,0.0062798974104225636
0.04245354235172272,0.19940787553787231,0.09824072569608688,0.0077662393450737,0.44761553406715393,0.14573578536510468,0.058780379593372345
0.09957601875066757,0.8227419853210449,0.022223521023988724,0.001282138517126441,0.04305701330304146,0.005740058608353138,0.005379200913012028
0.01908584125339985,0.0962720438838005,0.004342370200902224,0.13639676570892334,0.6805321574211121,0.050410863012075424,0.012959969229996204
0.5471817255020142,0.23883965611457825,0.09779561311006546,0.0027352289762347937,0.08124826848506927,0.020585445687174797,0.011614042334258556
0.024970656260848045,0.06402593851089478,0.14397843182086945,0.018775729462504387,0.6616418361663818,0.046678170561790466,0.039929263293743134
0.5360546112060547,0.38995808362960815,0.03789291903376579,0.0006695638876408339,0.01810087449848652,0.013745262287557125,0.0035786591470241547
0.004444015212357044,0.005297905299812555,0.0024035393726080656,0.045121174305677414,0.9052227735519409,0.007550935726612806,0.02995966747403145
0.023646565154194832,0.9075366258621216,0.010562091134488583,0.000823657785076648,0.030602240934967995,0.024996528401970863,0.0018322978867217898
0.5492645502090454,0.3495199978351593,0.07488630712032318,0.0014841523952782154,0.013946953229606152,0.004075966309756041,0.006822024937719107
0.20868006348609924,0.5818285346031189,0.0800166055560112,0.0028209728188812733,0.0912645012140274,0.023615574464201927,0.01177375391125679
0.007362756412476301,0.005279162432998419,0.5390315055847168,0.008753826841711998,0.3970522880554199,0.02092217281460762,0.021598344668745995
0.17551785707473755,0.5154142379760742,0.08466028422117233,0.0021518419962376356,0.07551029324531555,0.13033485412597656,0.016410624608397484
0.014339743182063103,0.02178189717233181,0.06484281271696091,0.002266736002638936,0.11181554198265076,0.003156309248879552,0.7817969918251038
0.5303748250007629,0.34664103388786316,0.05237417295575142,0.0020014378242194653,0.037435438483953476,0.019495844841003418,0.011677193455398083
0.022645873948931694,0.021072357892990112,0.09318141639232635,0.004454382695257664,0.8203575611114502,0.010656297206878662,0.027632037177681923
