anger,disgust,fear,joy,neutral,sadness,surprise
0.013046016916632652,0.0033169591333717108,0.003640317590907216,0.0015365654835477471,0.005117368418723345,0.9716414213180542,0.0017012925818562508
0.015365974977612495,0.9211000204086304,0.01776188611984253,0.0007947896956466138,0.00893327035009861,0.03371598199009895,0.002328154630959034
0.2631533741950989,0.11476708948612213,0.29911208152770996,0.0025724684819579124,0.09640254825353622,0.21013756096363068,0.013854927383363247
0.016888029873371124,0.01127223763614893,0.019589874893426895,0.004755028989166021,0.9079291224479675,0.005499725230038166,0.03406597301363945
0.01281740888953209,0.008591089397668839,0.006192074157297611,0.007403199560940266,0.9139482975006104,0.021269530057907104,0.029778342694044113
0.054090745747089386,0.5254960060119629,0.03279229626059532,0.0037683872506022453,0.3312402665615082,0.02910722605884075,0.02350504696369171
0.03440244123339653,0.04523186758160591,0.005526112858206034,0.06202377751469612,0.7207025289535522,0.07817360013723373,0.05393964797258377
0.42395803332328796,0.5097619891166687,0.04087195545434952,0.0009546344517730176,0.014690419659018517,0.008454684168100357,0.0013082558289170265
0.022429300472140312,0.07128816097974777,0.007555561605840921,0.002394123002886772,0.856838583946228,0.00883321650326252,0.030660971999168396
0.06253090500831604,0.031239641830325127,0.5288291573524475,0.009264243766665459,0.22889578342437744,0.009192722849547863,0.13004747033119202
0.005605990067124367,0.0035286673810333014,0.0017760004848241806,0.02293773554265499,0.9330042004585266,0.003327476093545556,0.029819902032613754
0.017726939171552658,0.027622058987617493,0.005650113336741924,0.005423412192612886,0.8213077187538147,0.007714106701314449,0.11455560475587845
0.6583085060119629,0.06429874151945114,0.10472498089075089,0.00266588618978858,0.09057202935218811,0.07384414225816727,0.005585659295320511
0.010888462886214256,0.07439835369586945,0.5175594687461853,0.002887374022975564,0.08613517135381699,0.29975083470344543,0.00838029757142067
0.024495596066117287,0.031064584851264954,0.0028223746921867132,0.03415155038237572,0.8905971050262451,0.010761287994682789,0.006107637193053961
0.422730416059494,0.4296656847000122,0.014476527459919453,0.0021224250085651875,0.10961231589317322,0.016333069652318954,0.0050595346838235855
0.10328084975481033,0.19411467015743256,0.0157345961779356,0.0039043519645929337,0.6420178413391113,0.03925679624080658,0.001690838485956192
0.5016797780990601,0.10516884922981262,0.01886705309152603,0.0044361199252307415,0.353426069021225,0.014020854607224464,0.0024012147914618254
0.4210595488548279,0.3968890607357025,0.02887127734720707,0.0030575557611882687,0.06935226172208786,0.07822223007678986,0.002548032207414508
0.42349642515182495,0.20820045471191406,0.07271739095449448,0.0012690476141870022,0.1277969926595688,0.036780282855033875,0.1297394186258316
0.07108408957719803,0.5200486183166504,0.03265887871384621,0.0019060575868934393,0.1616966724395752,0.06251543760299683,0.15009020268917084
0.00744263082742691,0.047248635441064835,0.002216581255197525,0.09166385233402252,0.5492449402809143,0.2322222888469696,0.06996103376150131
0.2111058086156845,0.01576082967221737,0.12957867980003357,0.0017534333746880293,0.06891605257987976,0.5356296300888062,0.03725552186369896
0.035121843218803406,0.23360365629196167,0.004355335608124733,0.003740864573046565,0.7003434300422668,0.007645153906196356,0.015189825557172298
0.004966885317116976,0.0448051318526268,0.013346867635846138,0.0074582877568900585,0.08605454117059708,0.7786139249801636,0.06475436687469482
0.08753414452075958,0.18762557208538055,0.00435219518840313,0.0017196452245116234,0.6721130609512329,0.03861400485038757,0.008041489869356155
0.017400842159986496,0.026757732033729553,0.002744467230513692,0.009697665460407734,0.9184796810150146,0.021513424813747406,0.003406272269785404
0.062209393829107285,0.2978209853172302,0.046630728989839554,0.0025898017920553684,0.5355340242385864,0.0498533770442009,0.0053616357035934925
0.028078539296984673,0.017925938591361046,0.10300283879041672,0.0015584343345835805,0.04267140477895737,0.7868340611457825,0.019928796216845512
0.0032966930884867907,0.008107714354991913,0.001910977065563202,0.013944427482783794,0.14856699109077454,0.8167670369148254,0.007406207732856274
0.10457508265972137,0.020620860159397125,0.7277867794036865,0.003154260106384754,0.010323185473680496,0.049752604216337204,0.08378719538450241
0.2505297064781189,0.29045385122299194,0.3179667294025421,0.006545460782945156,0.09926050901412964,0.03263437747955322,0.0026093428023159504
0.024358460679650307,0.013509219512343407,0.04300111159682274,0.012333056889474392,0.8674017786979675,0.017408903688192368,0.021987443789839745
