anger,disgust,fear,joy,neutral,sadness,surprise
0.012504118494689465,0.010107098147273064,0.02635730803012848,0.2623107433319092,0.14153577387332916,0.5179470777511597,0.029237864539027214
0.010763349942862988,0.4544978141784668,0.003794032381847501,0.17792341113090515,0.31619688868522644,0.012274805456399918,0.024549657478928566
0.02385508455336094,0.08317742496728897,0.012148283421993256,0.3704509437084198,0.15702155232429504,0.3409072756767273,0.012439381331205368
0.00869184359908104,0.011837326921522617,0.5942512154579163,0.006226802710443735,0.09450580179691315,0.10125087201595306,0.18323621153831482
0.121502585709095,0.0804445892572403,0.004326280672103167,0.11335987597703934,0.25373896956443787,0.4163800776004791,0.010247667320072651
0.31502917408943176,0.5948939323425293,0.005465598311275244,0.0028296802192926407,0.06008732318878174,0.01850266195833683,0.0031917712185531855
0.11675619333982468,0.025691362097859383,0.6318362951278687,0.04296959564089775,0.15419445931911469,0.02171938493847847,0.006832730025053024
0.02695835940539837,0.0265148114413023,0.026611071079969406,0.012769555673003197,0.7887792587280273,0.02566646784543991,0.09270047396421432
0.0037179356440901756,0.015710657462477684,0.0013958634808659554,0.0011580721475183964,0.006940403021872044,0.9678561687469482,0.0032208438497036695
0.020901238545775414,0.5336481332778931,0.3897109627723694,0.013913649134337902,0.0168165136128664,0.0054486533626914024,0.01956082321703434
0.011787941679358482,0.04094571992754936,0.6302517056465149,0.0033348514698445797,0.037938013672828674,0.007615380454808474,0.26812639832496643
0.0253828726708889,0.045694466680288315,0.11868322640657425,0.0030374969355762005,0.4782538115978241,0.019432449713349342,0.30951568484306335
0.01375166792422533,0.7836996912956238,0.013602063059806824,0.0010409224778413773,0.014941073954105377,0.1692522168159485,0.0037122671492397785
0.03900126740336418,0.125944122672081,0.029394472017884254,0.002002432243898511,0.7611458897590637,0.03118928335607052,0.011322581209242344
0.05373857170343399,0.49424484372138977,0.007852915674448013,0.003107910742983222,0.3886692225933075,0.025916483253240585,0.026470160111784935
0.06979093700647354,0.4332018494606018,0.07020019739866257,0.0021890474017709494,0.05713620409369469,0.22425958514213562,0.14322218298912048
0.006451006978750229,0.2192535400390625,0.046101491898298264,0.5509042739868164,0.1286698281764984,0.01651567965745926,0.03210423141717911
0.07579954713582993,0.48390474915504456,0.0025920679327100515,0.2324744313955307,0.19034627079963684,0.011782795190811157,0.003099992172792554
0.034683629870414734,0.15309201180934906,0.012065984308719635,0.01804407685995102,0.70979905128479,0.0276196226477623,0.04469560086727142
0.0035275176633149385,0.002491687424480915,0.00043772844946943223,0.001720916829071939,0.005128806922584772,0.9826510548591614,0.0040422482416033745
0.016545936465263367,0.5948490500450134,0.013051535002887249,0.04772133007645607,0.29662007093429565,0.01958445832133293,0.011627500876784325
0.03446398302912712,0.07085447758436203,0.007502196356654167,0.013547487556934357,0.856541633605957,0.005499409511685371,0.011590825393795967
0.010593983344733715,0.008573193103075027,0.009782829321920872,0.001933378167450428,0.014557145535945892,0.9508066773414612,0.003752737073227763
0.0013360893353819847,0.003701874054968357,0.0011591525981202722,0.9609465599060059,0.01871662586927414,0.007248919457197189,0.006890696939080954
0.010980789549648762,0.9208459258079529,0.003790264017879963,0.004000235348939896,0.05245663598179817,0.005932089872658253,0.0019941057544201612
0.2731819748878479,0.4407601058483124,0.0872427299618721,0.0018048804486170411,0.08660764992237091,0.08093457669019699,0.029468031600117683
0.024342000484466553,0.03999260067939758,0.0023155042435973883,0.0910096988081932,0.7974443435668945,0.010146780870854855,0.03474905341863632
0.02781970053911209,0.05835356190800667,0.038554999977350235,0.0037394652608782053,0.22303178906440735,0.6309911608695984,0.01750936731696129
0.1249052882194519,0.5055264830589294,0.002371820155531168,0.04039301723241806,0.31472471356391907,0.007461462635546923,0.004617213737219572
0.002018735511228442,0.009618249721825123,0.0008397771744057536,0.9459782838821411,0.03490271419286728,0.004148942418396473,0.0024933782406151295
0.2145533710718155,0.5190431475639343,0.013834811747074127,0.015304598025977612,0.20956099033355713,0.018865928053855896,0.008837130852043629
0.356937050819397,0.49542924761772156,0.010493463836610317,0.0021662749350070953,0.11021512746810913,0.02292345091700554,0.0018354200292378664
0.08153221756219864,0.1382061094045639,0.07887010276317596,0.003139926353469491,0.24137760698795319,0.4134906530380249,0.04338343068957329
0.04681563377380371,0.8929916024208069,0.0044498685747385025,0.0014834573958069086,0.03219112381339073,0.02042032778263092,0.0016479770420119166
0.5821313858032227,0.21063806116580963,0.009838697500526905,0.0013531118165701628,0.018908783793449402,0.17479638755321503,0.002333542797714472
0.0478421188890934,0.18649885058403015,0.001153872231952846,0.46617698669433594,0.23927384614944458,0.055553413927555084,0.00350082665681839
0.13594239950180054,0.590829610824585,0.004249984864145517,0.004083673935383558,0.2417977750301361,0.01825694926083088,0.004839611239731312
0.02050809934735298,0.061449069529771805,0.8113294839859009,0.0008316716412082314,0.01704387366771698,0.08431629091501236,0.00452158460393548
0.004864232614636421,0.023837434127926826,0.0069492897018790245,0.13653670251369476,0.2985694110393524,0.5137744545936584,0.015468434430658817
0.0050585041753947735,0.004285427276045084,0.001117823412641883,0.8264755010604858,0.13652385771274567,0.010197028517723083,0.016341906040906906
0.011156672611832619,0.04514177888631821,0.003089333651587367,0.09790845215320587,0.8054471611976624,0.01293734647333622,0.024319324642419815
0.017978664487600327,0.025964029133319855,0.008123115636408329,0.020842062309384346,0.6164531111717224,0.008187958970665932,0.3024510443210602
0.0322234071791172,0.07162608951330185,0.0018504704348742962,0.12550781667232513,0.6733342409133911,0.08145219832658768,0.014005743898451328
