anger,disgust,fear,joy,neutral,sadness,surprise
0.5017550587654114,0.32218965888023376,0.007475112099200487,0.0018857904942706227,0.12243112176656723,0.03907966986298561,0.005183548200875521
0.25920549035072327,0.4079839289188385,0.0177384652197361,0.0025325482711195946,0.045153241604566574,0.2634557783603668,0.003930531442165375
0.04479221627116203,0.2101123183965683,0.012959195300936699,0.004540434572845697,0.5559636354446411,0.16383381187915802,0.007798456121236086
0.3915325999259949,0.1559450477361679,0.007779733743518591,0.00591659639030695,0.22276471555233002,0.2127225697040558,0.003338753944262862
0.3507341146469116,0.15320251882076263,0.07115238159894943,0.008887805044651031,0.32686665654182434,0.08600489050149918,0.0031516074668616056
0.19209793210029602,0.034664563834667206,0.5065050721168518,0.0052025699988007545,0.21466071903705597,0.02234746888279915,0.024521656334400177
0.08634224534034729,0.7098801136016846,0.025667287409305573,0.0010181472171097994,0.02701757289469242,0.14834220707416534,0.0017324677901342511
0.017978519201278687,0.9253946542739868,0.011015736497938633,0.0004472251166589558,0.03511148691177368,0.005560612305998802,0.004491826053708792
0.041346870362758636,0.06262918561697006,0.005465622991323471,0.011430264450609684,0.5987113118171692,0.2740561068058014,0.006360600236803293
0.03086129203438759,0.05329647287726402,0.00668668607249856,0.0959039181470871,0.7873925566673279,0.012978639453649521,0.01288043987005949
0.412860631942749,0.5463136434555054,0.0075241983868181705,0.00116364483255893,0.02094941772520542,0.006757378578186035,0.00443103164434433
0.45753225684165955,0.17391835153102875,0.01667560636997223,0.0030958044808357954,0.22670452296733856,0.11552302539348602,0.006550437770783901
0.07642946392297745,0.1689307540655136,0.02684207074344158,0.002060496248304844,0.028887299820780754,0.6946821212768555,0.00216782558709383
