anger,disgust,fear,joy,neutral,sadness,surprise
0.011254900135099888,0.11353498697280884,0.0031562920194119215,0.16729965806007385,0.661554753780365,0.03136696666479111,0.011832444928586483
0.0040372093208134174,0.016417229548096657,0.01615249551832676,0.013179987668991089,0.9033163189888,0.020538687705993652,0.026358040049672127
0.015074711292982101,0.04095509648323059,0.0033730189315974712,0.18765868246555328,0.7189738154411316,0.02437717095017433,0.009587482549250126
0.011974514462053776,0.02109861746430397,0.001718629151582718,0.7393872141838074,0.20627421140670776,0.012543081305921078,0.00700378930196166
0.03461947664618492,0.07778514921665192,0.019096827134490013,0.0031543055083602667,0.8346683979034424,0.024319730699062347,0.006356044206768274
0.05859695374965668,0.028320498764514923,0.0019343873718753457,0.7552268505096436,0.10459224879741669,0.04451938718557358,0.0068096863105893135
0.013953560963273048,0.005232451017946005,0.004418700933456421,0.18195976316928864,0.675578236579895,0.007662239018827677,0.11119510233402252
0.21032269299030304,0.11108256876468658,0.013886512257158756,0.007886754348874092,0.1851903200149536,0.44665399193763733,0.024977169930934906
0.39237096905708313,0.05212429165840149,0.14934943616390228,0.005374344065785408,0.17999042570590973,0.06832453608512878,0.15246592462062836
0.02095130831003189,0.00488110538572073,0.007779617793858051,0.0036312234587967396,0.6534108519554138,0.007369398605078459,0.3019764721393585
0.00832110084593296,0.008962588384747505,0.7751283645629883,0.00536426343023777,0.18251864612102509,0.013011732138693333,0.006693242117762566
