anger,disgust,fear,joy,neutral,sadness,surprise
0.04902997985482216,0.11923282593488693,0.01307305321097374,0.009775225073099136,0.6548475027084351,0.11934475600719452,0.034696660935878754
0.405190110206604,0.035408444702625275,0.021767009049654007,0.004409012384712696,0.38232511281967163,0.11711093038320541,0.033789362758398056
0.3548663556575775,0.39712345600128174,0.0038922070525586605,0.006524296943098307,0.16130538284778595,0.06411968916654587,0.01216859184205532
0.10516301542520523,0.0346270427107811,0.0177425816655159,0.010442598722875118,0.14546415209770203,0.015112223103642464,0.6714483499526978
0.39735540747642517,0.04865727201104164,0.2547343969345093,0.004736298695206642,0.19640113413333893,0.05121946334838867,0.04689610004425049
0.013438478112220764,0.010958530008792877,0.001233240938745439,0.004351256415247917,0.9521676898002625,0.008326198905706406,0.009524601511657238
0.005685944575816393,0.010270507074892521,0.002367929555475712,0.1344182938337326,0.791948139667511,0.02405482344329357,0.03125433623790741
0.0022024791687726974,0.0041603511199355125,0.01807127334177494,0.17589658498764038,0.6903406381607056,0.05483248084783554,0.05449613556265831
0.026303280144929886,0.2766627371311188,0.02071637287735939,0.004269524943083525,0.6180068850517273,0.021230315789580345,0.03281082212924957
