anger,disgust,fear,joy,neutral,sadness,surprise
0.0539180189371109,0.0070342691615223885,0.7446474432945251,0.0016612651525065303,0.007653025444597006,0.13683603703975677,0.048250067979097366
0.1494012475013733,0.01579044945538044,0.17132329940795898,0.003315557027235627,0.30062147974967957,0.047013867646455765,0.31253406405448914
0.03009282983839512,0.025162817910313606,0.013222351670265198,0.006482513155788183,0.8859016299247742,0.009144010953605175,0.029993770644068718
0.009860841557383537,0.012408184818923473,0.020252970978617668,0.003416800405830145,0.07371605187654495,0.8782927393913269,0.002052479423582554
0.009934699162840843,0.025598915293812752,0.0016358497086912394,0.001957670785486698,0.9459824562072754,0.00318624684587121,0.011704282835125923
0.029291899874806404,0.06004093214869499,0.01441436167806387,0.011615216732025146,0.8475964665412903,0.010001758113503456,0.02703940123319626
0.03887517377734184,0.1758018583059311,0.012582160532474518,0.005589269567281008,0.7460141777992249,0.014629876241087914,0.0065074218437075615
0.059798337519168854,0.12570254504680634,0.016186591237783432,0.014531483873724937,0.7618343830108643,0.012149298563599586,0.009797364473342896
0.01569899544119835,0.06042608246207237,0.005527450703084469,0.003089659381657839,0.9018228054046631,0.006616044789552689,0.006819011177867651
0.024782361462712288,0.003964550327509642,0.9554051160812378,0.001684595481492579,0.010099507868289948,0.0016499499324709177,0.0024139564484357834
0.016420435160398483,0.6732382774353027,0.00997257698327303,0.24818740785121918,0.03497965261340141,0.010110272094607353,0.0070913732051849365
0.0040684356354177,0.002049848670139909,0.0013470069970935583,0.9070638418197632,0.04882153123617172,0.012771178036928177,0.02387814037501812
0.010245311073958874,0.06766366958618164,0.008283539675176144,0.3536522090435028,0.5181359648704529,0.028695497661828995,0.01332386676222086
0.0953468531370163,0.5417957305908203,0.08874836564064026,0.0022134941536933184,0.13729946315288544,0.12286491692066193,0.01173111330717802
0.6754281520843506,0.03961513563990593,0.026524370536208153,0.0027038089465349913,0.07004407048225403,0.17337864637374878,0.012305856682360172
0.07970046252012253,0.01740158721804619,0.018617887049913406,0.0016257289098575711,0.11504366993904114,0.7629858255386353,0.0046248724684119225
0.025821557268500328,0.2742692530155182,0.025980647653341293,0.004151027649641037,0.6282170414924622,0.018480416387319565,0.02308003231883049
0.12920904159545898,0.023318864405155182,0.3685745298862457,0.006607219576835632,0.4315861165523529,0.01760878786444664,0.023095477372407913
0.046380966901779175,0.08241358399391174,0.013617396354675293,0.029617246240377426,0.6280078887939453,0.16288578510284424,0.037077102810144424
0.2717842161655426,0.02831427939236164,0.5825492739677429,0.015580574981868267,0.0886349231004715,0.008070790208876133,0.005065877456218004
0.03272533789277077,0.007736911065876484,0.4505009651184082,0.0049125454388558865,0.22302083671092987,0.012527966871857643,0.26857540011405945
0.01288554072380066,0.01293431781232357,0.017018472775816917,0.028138695284724236,0.8147396445274353,0.004188093822449446,0.11009525507688522
0.010055847465991974,0.009737885557115078,0.0013012780109420419,0.8505288362503052,0.10748221725225449,0.006140005774796009,0.014753865078091621
0.006926668342202902,0.003974693361669779,0.0024272215086966753,0.010261702351272106,0.4940462112426758,0.007034268230199814,0.47532919049263
0.006101389415562153,0.005748199764639139,0.0025667997542768717,0.77521812915802,0.14841441810131073,0.04875911772251129,0.013192015700042248
0.07420844584703445,0.3855145275592804,0.04261860251426697,0.016996629536151886,0.43189525604248047,0.03729051724076271,0.01147595513612032
0.7923885583877563,0.028234589844942093,0.0869651734828949,0.0026373621076345444,0.03154118359088898,0.053709521889686584,0.004523728974163532
0.4070727825164795,0.23966513574123383,0.21102897822856903,0.00137321965303272,0.04394674673676491,0.0947931781411171,0.0021199684124439955
0.006771042477339506,0.0229274183511734,0.004002929665148258,0.00973410252481699,0.9408855438232422,0.012034132145345211,0.0036448182072490454
