anger,disgust,fear,joy,neutral,sadness,surprise
0.002839925466105342,0.008014022372663021,0.0057555814273655415,0.0020883865654468536,0.03212021291255951,0.9392839670181274,0.009897951036691666
0.12700805068016052,0.4362766444683075,0.006831072270870209,0.0038174523506313562,0.10655329376459122,0.3172915577888489,0.0022218532394617796
0.013085485436022282,0.09256955981254578,0.0039822873659431934,0.002187965903431177,0.10476826131343842,0.7790415287017822,0.004364916123449802
0.040475085377693176,0.23062705993652344,0.0035791643895208836,0.0020959400571882725,0.0452747568488121,0.6728692054748535,0.005078714806586504
0.10949616879224777,0.5759283900260925,0.0744674876332283,0.001448968076147139,0.19104234874248505,0.018743816763162613,0.028872711583971977
0.021337904036045074,0.10033690184354782,0.0029609831981360912,0.2032797932624817,0.5778798460960388,0.08502589166164398,0.009178683161735535
0.5561239719390869,0.23747196793556213,0.0816250666975975,0.006525448523461819,0.08987905830144882,0.025276625528931618,0.0030978680588304996
0.017874086275696754,0.2537614107131958,0.0358133465051651,0.009473972953855991,0.6090901494026184,0.035724084824323654,0.038262926042079926
0.004811079706996679,0.9703899621963501,0.013756435364484787,0.0005258733872324228,0.004055781289935112,0.003796702018007636,0.0026640361174941063
0.02321786619722843,0.2397683560848236,0.07157766819000244,0.019155483692884445,0.5277743339538574,0.11030176281929016,0.008204569108784199
0.0026381351053714752,0.003484617453068495,0.9587932825088501,0.002086913911625743,0.00870221946388483,0.023113738745450974,0.0011810633586719632
0.0205518901348114,0.8359948396682739,0.014074113219976425,0.0011651379754766822,0.08289633691310883,0.03650539368391037,0.008812434040009975
0.008084173314273357,0.14563967287540436,0.014629796147346497,0.011384557001292706,0.6898889541625977,0.05668656527996063,0.07368630915880203
0.00540414173156023,0.005087058991193771,0.0011976235546171665,0.6680136322975159,0.24458283185958862,0.023310430347919464,0.05240417271852493
0.006249079015105963,0.005265012849122286,0.00372113985940814,0.0046738991513848305,0.9385095834732056,0.010719044134020805,0.030862314626574516
0.006376682780683041,0.004902778193354607,0.01065829861909151,0.011228292249143124,0.8935067057609558,0.05574464052915573,0.017582492902874947
0.00520340958610177,0.023884376510977745,0.001512788818217814,0.4508899748325348,0.49485641717910767,0.017758293077349663,0.0058947959914803505
0.004526762291789055,0.005127246025949717,0.0006233695312403142,0.9416168928146362,0.026509065181016922,0.01752256415784359,0.004074086435139179
0.0410798080265522,0.1202814057469368,0.014763914048671722,0.003708610078319907,0.41868647933006287,0.0455334298312664,0.3559463322162628
0.009637231938540936,0.9518666863441467,0.0026597122196108103,0.002997888717800379,0.025767993181943893,0.00555693032220006,0.0015134400455281138
0.011093559674918652,0.008301900699734688,0.001823392347432673,0.01546517200767994,0.6554239392280579,0.008070706389844418,0.29982125759124756
0.06615164130926132,0.10927671939134598,0.0052879005670547485,0.0031596883200109005,0.805217444896698,0.0073579526506364346,0.0035485902335494757
0.07538043707609177,0.7353410720825195,0.005440157372504473,0.0028068432584404945,0.16055424511432648,0.013825401663780212,0.006651830859482288
0.1813800185918808,0.09747227281332016,0.008769676089286804,0.0036689245607703924,0.05951486900448799,0.6461210250854492,0.0030731777660548687
0.012964146211743355,0.014810214750468731,0.012376770377159119,0.35289084911346436,0.23242977261543274,0.357844740152359,0.016683578491210938
0.04410618916153908,0.0775831937789917,0.004122887272387743,0.004664385691285133,0.8129646182060242,0.052691198885440826,0.0038676459807902575
0.02540142461657524,0.06652718782424927,0.26956409215927124,0.013252099975943565,0.507229208946228,0.05713852867484093,0.060887400060892105
0.014141591265797615,0.057958781719207764,0.019040780141949654,0.0028812706004828215,0.36121058464050293,0.5196114778518677,0.025155486539006233
0.011130275204777718,0.006894945167005062,0.003221894381567836,0.005503400228917599,0.9568220376968384,0.007223287131637335,0.009204071946442127
0.034559473395347595,0.04989823326468468,0.03448402136564255,0.0017263931222259998,0.5940964221954346,0.26867061853408813,0.01656484045088291
0.016521736979484558,0.008995416574180126,0.04728059470653534,0.0021738288924098015,0.021967286244034767,0.08251801133155823,0.8205431699752808
0.040189553052186966,0.17436422407627106,0.009085129015147686,0.0020476270001381636,0.7143455743789673,0.020547498017549515,0.03942039608955383
