anger,disgust,fear,joy,neutral,sadness,surprise
0.23992526531219482,0.2058764398097992,0.04308978468179703,0.00378321367315948,0.15369951725006104,0.35071176290512085,0.0029140105471014977
0.16149993240833282,0.12926656007766724,0.04644240066409111,0.009621521458029747,0.6041221022605896,0.042787663638591766,0.006259844172745943
0.029420699924230576,0.011327732354402542,0.0050361971370875835,0.2647537887096405,0.6318264603614807,0.031735070049762726,0.025900069624185562
0.022137222811579704,0.03213885799050331,0.00875484012067318,0.0019249215256422758,0.17964808642864227,0.7473087310791016,0.008087295107543468
0.02133718505501747,0.029010338708758354,0.0038258065469563007,0.009894809685647488,0.8807268738746643,0.052707213908433914,0.002497888868674636
0.06674771755933762,0.04660072922706604,0.009827633388340473,0.007546974346041679,0.8438080549240112,0.021136537194252014,0.004332414362579584
0.42413297295570374,0.43198278546333313,0.007679045666009188,0.0015676489565521479,0.10471707582473755,0.02569415606558323,0.00422630924731493
0.05765817314386368,0.09933459013700485,0.005626063793897629,0.00969456322491169,0.6783905625343323,0.11845602095127106,0.030839931219816208
0.7018892168998718,0.2142518013715744,0.021394874900579453,0.002501610666513443,0.050658077001571655,0.005792494863271713,0.003511938499286771
0.01990305818617344,0.003626389428973198,0.00956778135150671,0.018007799983024597,0.9221634268760681,0.007150903809815645,0.019580703228712082
0.767868161201477,0.07303208112716675,0.12732714414596558,0.0019827077630907297,0.017499886453151703,0.0037143505178391933,0.00857564527541399
0.18978503346443176,0.077469602227211,0.007166896015405655,0.00864961463958025,0.46563756465911865,0.24785807728767395,0.003433183068409562
0.17134301364421844,0.01795450784265995,0.7556620240211487,0.005045172292739153,0.041869498789310455,0.0055872476659715176,0.0025386193301528692
0.041262686252593994,0.5967065691947937,0.03273232281208038,0.004150297027081251,0.2083967626094818,0.10737217217683792,0.009379205293953419
