anger,disgust,fear,joy,neutral,sadness,surprise
0.18837323784828186,0.036591000854969025,0.1780398190021515,0.00314490869641304,0.03277523070573807,0.55381840467453,0.007257369812577963
0.3076404333114624,0.5163331627845764,0.07241726666688919,0.0008352663135156035,0.006653959862887859,0.09364727884531021,0.002472592517733574
0.6294003129005432,0.1608952283859253,0.13926313817501068,0.0011328227119520307,0.013312839902937412,0.05380704253911972,0.002188584767282009
0.5798065662384033,0.3257530927658081,0.04861339181661606,0.0014273866545408964,0.01914384961128235,0.02212856337428093,0.0031271532643586397
0.005744392052292824,0.01845622807741165,0.012933216989040375,0.30598312616348267,0.6224345564842224,0.027161840349435806,0.007286579813808203
0.0033900614362210035,0.0624859593808651,0.048549145460128784,0.061743807047605515,0.15817782282829285,0.6093307137489319,0.05632246285676956
0.0014701709151268005,0.00719596678391099,0.008874179795384407,0.001731552300043404,0.007195564452558756,0.9693538546562195,0.004178715869784355
0.07091836631298065,0.5985684394836426,0.03607863560318947,0.0027813250198960304,0.26289546489715576,0.024401608854532242,0.0043562413193285465
0.0725112035870552,0.8678900599479675,0.004561184905469418,0.0006949870148673654,0.008873460814356804,0.04470667988061905,0.0007624747813679278
0.03675822541117668,0.1521267294883728,0.007469200529158115,0.02395247109234333,0.7516663670539856,0.012336240150034428,0.015690622851252556
0.160924032330513,0.5499613881111145,0.0018552461406216025,0.018667297437787056,0.25183549523353577,0.013251584023237228,0.0035050271544605494
0.09257227182388306,0.8637081384658813,0.0015030854847282171,0.0011996915563941002,0.024308638647198677,0.014623379334807396,0.002084895968437195
0.24370191991329193,0.26031479239463806,0.11850591748952866,0.0011937798699364066,0.10561899840831757,0.24895884096622467,0.02170579507946968
0.020479463040828705,0.011053435504436493,0.042230214923620224,0.0071231708861887455,0.8858828544616699,0.014499803073704243,0.01873105764389038
0.02561498060822487,0.8288951516151428,0.002847881754860282,0.002735826186835766,0.13110655546188354,0.00343777216039598,0.005361910443753004
0.07767803966999054,0.05121554806828499,0.0026007210835814476,0.022051626816391945,0.7579274773597717,0.04463155195116997,0.04389510676264763
0.03244300186634064,0.03438742831349373,0.017388366162776947,0.006260380148887634,0.8391771912574768,0.05460222437977791,0.015741460025310516
0.15466974675655365,0.11869335919618607,0.047174300998449326,0.0024501406587660313,0.38887426257133484,0.2788732349872589,0.009264909662306309
0.055110033601522446,0.2296711653470993,0.007241377606987953,0.1596864014863968,0.5090354084968567,0.009804463014006615,0.02945113740861416
0.009883279912173748,0.006225176155567169,0.957590639591217,0.0012296022614464164,0.019756658002734184,0.0038752970285713673,0.001439342275261879
0.15259438753128052,0.10956086218357086,0.05752725526690483,0.23461978137493134,0.23437446355819702,0.2046513706445694,0.006671967916190624
