anger,disgust,fear,joy,neutral,sadness,surprise
0.0033040414564311504,0.0014026068383827806,0.002168901264667511,0.8356874585151672,0.08243773132562637,0.04085421562194824,0.03414503112435341
0.029621295630931854,0.7368813157081604,0.16893692314624786,0.00667619938030839,0.03442016616463661,0.021609794348478317,0.0018543301848694682
0.20732328295707703,0.7438815832138062,0.0034860684536397457,0.001735722180455923,0.02736775577068329,0.014819832518696785,0.0013858512975275517
0.9003748893737793,0.04039882868528366,0.009596600197255611,0.0005711434641852975,0.013708699494600296,0.03361384943127632,0.0017359853954985738
0.4943601191043854,0.3034580647945404,0.0769013985991478,0.0022226946894079447,0.07265222817659378,0.04534308239817619,0.005062368232756853
0.02538287080824375,0.10545562207698822,0.15058854222297668,0.004201418254524469,0.19581133127212524,0.5050325989723206,0.013527595438063145
0.012255007401108742,0.02714444510638714,0.05869463086128235,0.04283924028277397,0.6876970529556274,0.1675083339214325,0.0038612852804362774
0.03077208437025547,0.5003127455711365,0.008625720627605915,0.011462184600532055,0.38092321157455444,0.04584738612174988,0.022056685760617256
0.05655898153781891,0.009074214845895767,0.8897596597671509,0.0024835749063640833,0.03410710394382477,0.004182398784905672,0.003834090894088149
0.6128843426704407,0.3461304306983948,0.010816363617777824,0.0024883593432605267,0.020106563344597816,0.006368486676365137,0.0012055477127432823
0.052629146724939346,0.3146265745162964,0.08788283169269562,0.0023443407844752073,0.20909063518047333,0.3198118209838867,0.01361469179391861
0.5592036843299866,0.036708224564790726,0.28469228744506836,0.003026546910405159,0.08964027464389801,0.01512463390827179,0.011604391038417816
0.29240530729293823,0.018013888970017433,0.5693211555480957,0.0022659748792648315,0.03709409013390541,0.06761851906776428,0.013281013816595078
0.056122832000255585,0.08437830954790115,0.1183881163597107,0.14409619569778442,0.5675926804542542,0.006998160388320684,0.022423699498176575
0.02047755941748619,0.9501835703849792,0.004614224657416344,0.0007401712937280536,0.01694309338927269,0.005023302510380745,0.002018019324168563
0.7646844983100891,0.1650346964597702,0.014763777144253254,0.0017845025286078453,0.03765266761183739,0.012734790332615376,0.0033450662158429623
0.8444002270698547,0.059223346412181854,0.025774361565709114,0.002008215757086873,0.05690322071313858,0.009341470897197723,0.002349213929846883
0.0112430639564991,0.020526481792330742,0.8140690326690674,0.0019968091510236263,0.06887344270944595,0.08014698326587677,0.003144150832667947
0.0064375391229987144,0.003492708783596754,0.9692494869232178,0.0011137904366478324,0.01486239768564701,0.003498213831335306,0.0013458882458508015
0.004549687262624502,0.022909585386514664,0.0013853582786396146,0.6238918900489807,0.3041892349720001,0.029012350365519524,0.014061881229281425
0.004348412621766329,0.012555344961583614,0.0011780466884374619,0.1572083830833435,0.8013690710067749,0.013920016586780548,0.009420640766620636
