anger,disgust,fear,joy,neutral,sadness,surprise
0.008438224904239178,0.003871992463245988,0.008627117611467838,0.064480260014534,0.3431549072265625,0.5022392272949219,0.06918827444314957
0.01662660948932171,0.05018112063407898,0.017323864623904228,0.022831754758954048,0.7733848690986633,0.07365585118532181,0.04599594324827194
0.7524598836898804,0.10171688348054886,0.03195624426007271,0.003060923656448722,0.09767157584428787,0.00660927128046751,0.006525144912302494
0.11751754581928253,0.8475847244262695,0.002032655756920576,0.0008033770718611777,0.01872502826154232,0.01207208726555109,0.0012645672541111708
0.01684800535440445,0.17673520743846893,0.06759607046842575,0.007851875387132168,0.6374536156654358,0.022059403359889984,0.07145578414201736
0.0126750897616148,0.006507274694740772,0.0068322583101689816,0.06293172389268875,0.8854147791862488,0.016436249017715454,0.009202545508742332
0.1728632152080536,0.46961164474487305,0.014378603547811508,0.001525322557426989,0.25291886925697327,0.07551094889640808,0.013191440142691135
0.14496749639511108,0.1257215142250061,0.010383200831711292,0.003797457553446293,0.19748848676681519,0.5077703595161438,0.00987149029970169
0.014291996136307716,0.04154408723115921,0.0029853982850909233,0.47791457176208496,0.3428952395915985,0.10001491010189056,0.020353717729449272
0.09921804070472717,0.345493882894516,0.004357278347015381,0.15595021843910217,0.34727030992507935,0.04191746562719345,0.0057927630841732025
0.2581107020378113,0.1375768929719925,0.0232186671346426,0.0015152121195569634,0.014341765083372593,0.0060496143996715546,0.559187114238739
0.10971558839082718,0.549184262752533,0.004243677482008934,0.005396237131208181,0.2837047874927521,0.04473093897104263,0.003024563193321228
0.17412634193897247,0.1663392186164856,0.030927510932087898,0.005339222494512796,0.3500618040561676,0.2507103979587555,0.02249550074338913
0.015087691135704517,0.44119992852211,0.4471072852611542,0.0017727529630064964,0.058719683438539505,0.009420000948011875,0.026692742481827736
0.9273619055747986,0.033872026950120926,0.001901336363516748,0.0007068266859278083,0.021235981956124306,0.011761710047721863,0.003160107182338834
0.3714703917503357,0.40979674458503723,0.04071999341249466,0.0011044611455872655,0.082908995449543,0.06662395596504211,0.027375489473342896
