anger,disgust,fear,joy,neutral,sadness,surprise
0.0015524406917393208,0.011186701245605946,0.7747937440872192,0.004702598322182894,0.0076716067269444466,0.1968725621700287,0.0032203274313360453
0.0010198302334174514,0.0008973046788014472,0.0009688622085377574,0.0051637254655361176,0.0068068415857851505,0.9756178259849548,0.00952561479061842
0.199482724070549,0.06363457441329956,0.5184890031814575,0.0024295481853187084,0.10802209377288818,0.09698571264743805,0.010956274345517159
0.01875619776546955,0.23161529004573822,0.31658679246902466,0.03232787922024727,0.26524046063423157,0.12468958646059036,0.010783676989376545
0.012687976472079754,0.40984269976615906,0.13960963487625122,0.0025795605033636093,0.34488406777381897,0.07969741523265839,0.010698724538087845
0.01367280911654234,0.03926628455519676,0.005289876367896795,0.029889825731515884,0.17747868597507477,0.7290949821472168,0.005307557061314583
0.002161614829674363,0.009579392150044441,0.0022890984546393156,0.04597373679280281,0.880091667175293,0.04332470893859863,0.01657978631556034
0.003127167234197259,0.01207212544977665,0.9535245299339294,0.001118945423513651,0.014579201117157936,0.010662744753062725,0.004915433935821056
0.004218634217977524,0.02956259436905384,0.0035696709528565407,0.007127793971449137,0.11301025748252869,0.8295722603797913,0.012938779778778553
0.00519934156909585,0.03342990577220917,0.8548439145088196,0.0022578102070838213,0.050536155700683594,0.01274782419204712,0.040985025465488434
0.08764199167490005,0.023700470104813576,0.7679923176765442,0.0039261882193386555,0.06459860503673553,0.032497797161340714,0.019642647355794907
0.018612278625369072,0.6427199840545654,0.29520750045776367,0.0020532063208520412,0.019062409177422523,0.005183737259358168,0.017160912975668907
0.014723571017384529,0.4915943443775177,0.16987615823745728,0.0038950592279434204,0.23514527082443237,0.012044677510857582,0.07272094488143921
0.010595188476145267,0.05963535234332085,0.7474642992019653,0.0020302494522184134,0.07333045452833176,0.05226244404911995,0.054681986570358276
0.013643343932926655,0.052813004702329636,0.35085928440093994,0.0035799711477011442,0.31213587522506714,0.2511703670024872,0.01579825021326542
0.5841082334518433,0.028557851910591125,0.33694419264793396,0.0011087803868576884,0.023958595469594002,0.021439751610159874,0.003882466582581401
0.6301923394203186,0.21279217302799225,0.014289564453065395,0.002357125747948885,0.09901142865419388,0.03617545962333679,0.005181934684514999
0.07841448485851288,0.04281355068087578,0.0016623111441731453,0.6903597712516785,0.17637276649475098,0.004318226594477892,0.006058854982256889
