anger,disgust,fear,joy,neutral,sadness,surprise
0.005093583837151527,0.003938500769436359,0.0036622704938054085,0.7517448663711548,0.14095807075500488,0.016996797174215317,0.0776059702038765
0.07072074711322784,0.8577306270599365,0.016023928299546242,0.0011960278498008847,0.018515637144446373,0.03428693860769272,0.0015261410735547543
0.2054719775915146,0.2859514653682709,0.08585728704929352,0.054855380207300186,0.35082367062568665,0.014562294818460941,0.0024779285304248333
0.10756199061870575,0.8011893033981323,0.02057647332549095,0.0024715589825063944,0.01716514490544796,0.049928247928619385,0.0011072454508394003
0.5616590976715088,0.2588292062282562,0.008814532309770584,0.001120554399676621,0.08036918938159943,0.08650560677051544,0.0027017530519515276
0.2646740674972534,0.1505737453699112,0.5299490094184875,0.00230626598931849,0.01981525681912899,0.023765066638588905,0.008916654624044895
0.07235351204872131,0.11741578578948975,0.014031853526830673,0.006435337010771036,0.6851681470870972,0.10062001645565033,0.003975352272391319
0.9301238059997559,0.0437568835914135,0.005367896985262632,0.0005514459917321801,0.011529316194355488,0.00728189293295145,0.001388730714097619
0.0862971842288971,0.03726297244429588,0.8502707481384277,0.0019593914039433002,0.014011042192578316,0.008294972591102123,0.0019036608282476664
0.5477408766746521,0.017674969509243965,0.041930586099624634,0.009135568514466286,0.2615184187889099,0.11076102405786514,0.011238436214625835
0.14699560403823853,0.018218716606497765,0.480574369430542,0.007004983257502317,0.24112814664840698,0.06337176263332367,0.04270654171705246
0.2819978892803192,0.25324296951293945,0.011839398182928562,0.004418888129293919,0.4172709882259369,0.02258298173546791,0.00864684209227562
0.8263596296310425,0.00701494887471199,0.02491782046854496,0.0034917464945465326,0.011086390353739262,0.01249474473297596,0.11463459581136703
0.03897903859615326,0.8613932728767395,0.04061716049909592,0.0012634970480576158,0.04855141043663025,0.005280937068164349,0.003914650529623032
0.012044208124279976,0.007250666152685881,0.020407838746905327,0.03705286234617233,0.6903313994407654,0.10216449201107025,0.13074856996536255
0.02104918472468853,0.0295769851654768,0.002599644474685192,0.015143499709665775,0.9104475378990173,0.011784296482801437,0.00939885899424553
0.17612025141716003,0.7613500952720642,0.011772357858717442,0.0007650741608813405,0.010627037845551968,0.036830391734838486,0.0025347410701215267
