anger,disgust,fear,joy,neutral,sadness,surprise
0.040224745869636536,0.4584586024284363,0.0020394125021994114,0.1358911097049713,0.31517401337623596,0.02987494319677353,0.018337110057473183
0.03472128510475159,0.22984474897384644,0.0028684053104370832,0.19407321512699127,0.5138953924179077,0.012463992461562157,0.012133019976317883
0.00739856343716383,0.026840245351195335,0.7559064030647278,0.002517212647944689,0.19034241139888763,0.010991153307259083,0.006004002410918474
0.01322514284402132,0.0016903813229873776,0.963176965713501,0.0018845386803150177,0.005426425952464342,0.0011431361781433225,0.013453461229801178
0.01452283002436161,0.026388414204120636,0.8588431477546692,0.0013816568534821272,0.058446936309337616,0.01621926575899124,0.02419768087565899
0.4160590171813965,0.06470482796430588,0.22888918220996857,0.0012423684820532799,0.023420434445142746,0.256717324256897,0.008966829627752304
0.05146376043558121,0.7265022993087769,0.02286820486187935,0.0026574409566819668,0.18294282257556915,0.006195185240358114,0.007370328530669212
0.021840672940015793,0.38049909472465515,0.015358521603047848,0.01185616198927164,0.4674064517021179,0.09456752240657806,0.008471696637570858
0.009472875855863094,0.02469387836754322,0.0017393379239365458,0.448745459318161,0.3847437798976898,0.12150076776742935,0.009103918448090553
0.23765040934085846,0.5099005699157715,0.13642451167106628,0.011223895475268364,0.08022334426641464,0.018488897010684013,0.00608846778050065
0.03385735675692558,0.023063460364937782,0.0019428437808528543,0.03441143035888672,0.8922851085662842,0.0100046806037426,0.004434990230947733
0.016201909631490707,0.043184541165828705,0.009748900309205055,0.0984845831990242,0.6547596454620361,0.1700892299413681,0.007531250361353159
0.009521812200546265,0.8018678426742554,0.006058403290808201,0.002010338008403778,0.16563357412815094,0.009141715243458748,0.005766236688941717
0.48120951652526855,0.44509848952293396,0.003990968689322472,0.0025568094570189714,0.05099409818649292,0.013387054204940796,0.0027630110271275043
0.3062311112880707,0.5121506452560425,0.0241171233355999,0.0018223801162093878,0.0887686163187027,0.06308208405971527,0.0038280084263533354
0.021934563294053078,0.010976904071867466,0.053495801985263824,0.2902211546897888,0.5825434923171997,0.0250387005507946,0.015789354220032692
0.037401292473077774,0.3667815625667572,0.009499691426753998,0.002566521754488349,0.5616823434829712,0.010713850148022175,0.011354734189808369
0.006953967269510031,0.059191472828388214,0.0019370396621525288,0.6136325597763062,0.30335813760757446,0.0054775564931333065,0.009449340403079987
0.009181427769362926,0.01632710173726082,0.0017296035075560212,0.21807147562503815,0.7173373699188232,0.03350270539522171,0.003850263776257634
0.05035754293203354,0.5496902465820312,0.004433470778167248,0.004964079242199659,0.3737798035144806,0.009734073653817177,0.00704081729054451
0.9828445911407471,0.007896405644714832,0.0022229112219065428,0.0003664146352093667,0.0040253386832773685,0.001362366951070726,0.0012820328120142221
0.025861360132694244,0.16514155268669128,0.7804644703865051,0.0014243586920201778,0.013945914804935455,0.004472494125366211,0.008689898066222668
0.7468113899230957,0.05594673380255699,0.026907267048954964,0.0015769870951771736,0.10325919836759567,0.061517003923654556,0.0039813341572880745
0.0563708133995533,0.06759462505578995,0.026926923543214798,0.03896696865558624,0.5851454138755798,0.2215915322303772,0.003403686685487628
0.03907447308301926,0.542252242565155,0.021077871322631836,0.004570307210087776,0.3756278455257416,0.011922144331037998,0.005475108977407217
0.7170846462249756,0.23800808191299438,0.005720996297895908,0.0022117344196885824,0.021459292620420456,0.008520451374351978,0.006994929630309343
0.770095944404602,0.17415425181388855,0.014539272524416447,0.0008812532178126276,0.031118636950850487,0.0038754309061914682,0.0053353076800704
0.028700608760118484,0.09189807623624802,0.016328882426023483,0.3507680296897888,0.40807271003723145,0.024742837995290756,0.07948879152536392
0.0019976741168648005,0.0063919383101165295,0.0008989109192043543,0.9260861873626709,0.05173205956816673,0.0032439990900456905,0.009649159386754036
0.05772453919053078,0.26968318223953247,0.0016479730838909745,0.4238632321357727,0.22886838018894196,0.009432688355445862,0.008780072443187237
0.12964965403079987,0.7796949148178101,0.06208769977092743,0.0006691887974739075,0.015688348561525345,0.005329901352524757,0.006880264729261398
0.05624918267130852,0.8988415002822876,0.022015254944562912,0.0010007424280047417,0.01619167998433113,0.002930533606559038,0.0027710061985999346
0.18236953020095825,0.5734165906906128,0.21917955577373505,0.0009053366957232356,0.013757801614701748,0.00541677325963974,0.004954401403665543
0.32147395610809326,0.2958731949329376,0.010393026284873486,0.012217869982123375,0.3340109884738922,0.010186322964727879,0.01584465801715851
0.6099501848220825,0.1731557697057724,0.04167737066745758,0.002391756046563387,0.11726242303848267,0.04803840070962906,0.0075240968726575375
0.0626269280910492,0.2859395742416382,0.16799935698509216,0.012258241884410381,0.11351283639669418,0.35127153992652893,0.0063915555365383625
0.032946061342954636,0.05156673863530159,0.0615975446999073,0.01024967897683382,0.5783334970474243,0.25646695494651794,0.008839535526931286
0.014483096078038216,0.013990120962262154,0.02980494499206543,0.22983859479427338,0.24887685477733612,0.4575049579143524,0.005501479841768742
0.02771412394940853,0.022928372025489807,0.06470226496458054,0.008927098475396633,0.2892918288707733,0.2912203371524811,0.29521602392196655
0.5395902991294861,0.10115069150924683,0.022946465760469437,0.003837673459202051,0.24741317331790924,0.08338750153779984,0.001674284809269011
0.027868816629052162,0.6720722317695618,0.19846665859222412,0.0013024216750636697,0.07893005758523941,0.009011791087687016,0.01234806515276432
0.3788200914859772,0.40919947624206543,0.02506539411842823,0.0020261460449546576,0.15479999780654907,0.02821217104792595,0.0018767061410471797
0.2656850814819336,0.22755034267902374,0.013844946399331093,0.002143174409866333,0.4589954912662506,0.026362983509898186,0.005417982582002878
0.08107823878526688,0.03743310272693634,0.5369896292686462,0.0014090356417000294,0.02789197489619255,0.2673428952693939,0.04785509780049324
0.02980991080403328,0.025422871112823486,0.6589615345001221,0.0034666811116039753,0.2506682276725769,0.021397260949015617,0.010273484513163567
0.043351542204618454,0.8817601203918457,0.023360567167401314,0.0016837659059092402,0.0041849324479699135,0.04525238648056984,0.000406838022172451
0.9532963037490845,0.032400112599134445,0.001579363364726305,0.00046190296416170895,0.007216735742986202,0.003793357638642192,0.001252200803719461
0.010514807887375355,0.23048773407936096,0.01861221343278885,0.0048284102231264114,0.7095266580581665,0.020262816920876503,0.005767299327999353
0.03225317597389221,0.4256231188774109,0.21622909605503082,0.002676483942195773,0.18837212026119232,0.02142636477947235,0.11341962963342667
0.006925042252987623,0.03666744381189346,0.05290800705552101,0.001912350533530116,0.07770204544067383,0.8196889162063599,0.004196136258542538
0.0899987444281578,0.2053532749414444,0.008982701227068901,0.006955590099096298,0.2618299126625061,0.4221702814102173,0.004709458444267511
