anger,disgust,fear,joy,neutral,sadness,surprise
0.0165803674608469,0.09228549897670746,0.432888388633728,0.030597811564803123,0.39640411734580994,0.017468895763158798,0.013774990104138851
0.012356246821582317,0.01973104290664196,0.00661225151270628,0.002236728323623538,0.0334915854036808,0.9193029403686523,0.0062691932544112206
0.007248705253005028,0.026574397459626198,0.006796571891754866,0.09191657602787018,0.2902892231941223,0.5628364086151123,0.01433804165571928
0.15038098394870758,0.37866291403770447,0.0028891400434076786,0.02098369225859642,0.4172082543373108,0.027704356238245964,0.0021705995313823223
0.10030128061771393,0.3864431083202362,0.13631266355514526,0.014660671353340149,0.30841371417045593,0.03734458237886429,0.016523946076631546
0.0013623611303046346,0.006346271838992834,0.00565815344452858,0.0019474970176815987,0.019034022465348244,0.9630646705627441,0.002587074413895607
0.028855256736278534,0.901957094669342,0.009389389306306839,0.0008701522601768374,0.034714024513959885,0.023230791091918945,0.0009831965435296297
0.01748252473771572,0.9495073556900024,0.002079934114590287,0.0017438215436413884,0.01918301358819008,0.008585437200963497,0.001417820225469768
0.5034283995628357,0.31808462738990784,0.06520329415798187,0.0019994426984339952,0.041521813720464706,0.06827668100595474,0.0014856739435344934
0.03992008417844772,0.8040635585784912,0.0065418146550655365,0.004138346761465073,0.060846321284770966,0.08333843946456909,0.0011515080695971847
0.21255546808242798,0.056207459419965744,0.10838893800973892,0.001589119667187333,0.005167691968381405,0.6066019535064697,0.009489352814853191
0.004383774474263191,0.0014581643044948578,0.9847831130027771,0.0013362047029659152,0.004030523356050253,0.0028922155033797026,0.0011159478453919291
0.04192877560853958,0.1705624908208847,0.0039628734812140465,0.004654405172914267,0.21038280427455902,0.5627637505531311,0.00574492709711194
0.49917519092559814,0.4293276071548462,0.017588000744581223,0.0020809946581721306,0.03687865287065506,0.012946649454534054,0.0020028597209602594
0.0460205078125,0.6898095607757568,0.04815342277288437,0.002888181246817112,0.06769422441720963,0.1439976841211319,0.0014365207171067595
0.0716598778963089,0.8779609799385071,0.009609081782400608,0.008310837671160698,0.026215553283691406,0.005601190030574799,0.0006425960455089808
0.027576377615332603,0.9592294096946716,0.0018770386232063174,0.0003162449866067618,0.002952489536255598,0.007469687610864639,0.0005785502726212144
0.011488749645650387,0.31672826409339905,0.39267027378082275,0.0052896104753017426,0.1924128383398056,0.0538443848490715,0.02756594866514206
0.024237025529146194,0.9055774211883545,0.0050154440104961395,0.0019396251300349832,0.04858144000172615,0.011721951887011528,0.002927107270807028
0.021308721974492073,0.961995005607605,0.0016959893982857466,0.0010835269931703806,0.008080516941845417,0.00547238951548934,0.0003639793721958995
0.004446626175194979,0.002301327884197235,0.008456679992377758,0.004475919529795647,0.014981918036937714,0.00397949805483222,0.9613580107688904
0.21346279978752136,0.6322723627090454,0.02617724984884262,0.0009483741014264524,0.026069400832057,0.09650544822216034,0.004564356990158558
0.04059635475277901,0.04319841042160988,0.010866585187613964,0.0026522513944655657,0.8488553166389465,0.04637503623962402,0.007456057704985142
0.01333540678024292,0.006358960643410683,0.02180478721857071,0.013905118219554424,0.8409324288368225,0.0515657402575016,0.05209754407405853
0.008371522650122643,0.0070151109248399734,0.0017386774998158216,0.08934444934129715,0.8425474762916565,0.00497096823528409,0.04601183533668518
0.0077025797218084335,0.007777178660035133,0.007041281089186668,0.0016081549692898989,0.010820219293236732,0.0010230304906144738,0.9640275239944458
0.04579213261604309,0.06091666221618652,0.04949986934661865,0.013983613811433315,0.8136646151542664,0.012171224690973759,0.003971896134316921
0.03207378461956978,0.6548609137535095,0.011445623822510242,0.005712378304451704,0.282424658536911,0.008796041831374168,0.004686607047915459
0.005749281030148268,0.0134805329144001,0.005701001733541489,0.06448341906070709,0.6333314180374146,0.23601186275482178,0.04124251380562782
0.006636951118707657,0.008202445693314075,0.00836639292538166,0.028317393735051155,0.8545346856117249,0.004276113118976355,0.08966600894927979
0.014116466976702213,0.24664567410945892,0.011455262079834938,0.0023772206623107195,0.6229726672172546,0.04617545008659363,0.05625728890299797
