anger,disgust,fear,joy,neutral,sadness,surprise
0.11214162409305573,0.8584994077682495,0.005051787942647934,0.0003380161360837519,0.008273436687886715,0.014318793080747128,0.0013769958168268204
0.6506289839744568,0.25203192234039307,0.021364973857998848,0.0017168613849207759,0.027058685198426247,0.043017979711294174,0.004180542659014463
0.0439605712890625,0.05723477900028229,0.011971368454396725,0.004758347291499376,0.857168972492218,0.005666270386427641,0.019239729270339012
0.2868528962135315,0.0945214331150055,0.401958167552948,0.00161200319416821,0.03047473356127739,0.17775261402130127,0.006828161422163248
0.008913025259971619,0.10113084316253662,0.019992122426629066,0.02371733821928501,0.5815723538398743,0.1906256079673767,0.07404874265193939
0.0061853425577282906,0.026667548343539238,0.0047951326705515385,0.004566127434372902,0.9112451076507568,0.0028940129559487104,0.043646734207868576
0.04039076343178749,0.12780314683914185,0.016525965183973312,0.030189579352736473,0.7703186869621277,0.00894711259752512,0.005824799183756113
0.25238510966300964,0.5708414912223816,0.036598652601242065,0.0010011768899857998,0.07585404813289642,0.02807348035275936,0.03524617850780487
0.03826498985290527,0.393020361661911,0.018139777705073357,0.0022851023823022842,0.48686590790748596,0.006337916012853384,0.0550859197974205
0.009128150530159473,0.0116398511454463,0.01176504883915186,0.0060155196115374565,0.5103190541267395,0.009640906006097794,0.4414914548397064
0.01213549729436636,0.06246834993362427,0.00711250863969326,0.01150580309331417,0.848901629447937,0.028781142085790634,0.02909514307975769
0.12165428698062897,0.7499278783798218,0.00909227505326271,0.0031684127170592546,0.06150991469621658,0.05021294951438904,0.004434239584952593
0.09377471357584,0.8072541952133179,0.006043832283467054,0.004024002701044083,0.06518138200044632,0.019504621624946594,0.004217222798615694
0.41416728496551514,0.24892878532409668,0.020595891401171684,0.002814354607835412,0.26671266555786133,0.043340977281332016,0.0034401090815663338
0.008266452699899673,0.030242569744586945,0.0032253072131425142,0.002187729347497225,0.9428098201751709,0.003255016403272748,0.010013045743107796
0.03281673789024353,0.6623422503471375,0.0033416200894862413,0.06796260178089142,0.21607504785060883,0.012067912146449089,0.005393762607127428
