anger,disgust,fear,joy,neutral,sadness,surprise
0.04026418179273605,0.8391225934028625,0.003196129109710455,0.007192566525191069,0.024387404322624207,0.0845172181725502,0.0013199795503169298
0.009083731099963188,0.206046462059021,0.004873408004641533,0.28648072481155396,0.4373132288455963,0.026170721277594566,0.03003181703388691
0.039395060390233994,0.021418333053588867,0.0019340058788657188,0.009178978390991688,0.0412413626909256,0.03963816910982132,0.8471941351890564
0.004346605855971575,0.03623935207724571,0.011780718341469765,0.008351122960448265,0.20937925577163696,0.6996739506721497,0.030228983610868454
0.9166905879974365,0.03332303464412689,0.004289969336241484,0.0009421174181625247,0.03257870674133301,0.008539868518710136,0.0036357834469527006
0.00449776416644454,0.0017650541849434376,0.9743192195892334,0.0019040736369788647,0.012072290293872356,0.004258880857378244,0.001182639505714178
0.008717166259884834,0.015733400359749794,0.018553007394075394,0.005945818033069372,0.09041743725538254,0.8586452007293701,0.001988041214644909
0.01858527399599552,0.03160770237445831,0.021624745801091194,0.002500407863408327,0.11966931074857712,0.7937331795692444,0.01227934192866087
0.0023620394058525562,0.003338376758620143,0.0009409685153514147,0.012530696578323841,0.9272738695144653,0.026197602972388268,0.027356449514627457
0.01902584545314312,0.8153274059295654,0.053331151604652405,0.0022173391189426184,0.07200977951288223,0.03340047970414162,0.00468809437006712
0.027261296287178993,0.5755889415740967,0.018885379657149315,0.004076770972460508,0.10883024334907532,0.2604338824748993,0.004923467990010977
0.006044766865670681,0.022253040224313736,0.0016214716015383601,0.5236915946006775,0.26349684596061707,0.17065106332302094,0.012241187505424023
0.0010277871042490005,0.0018165039364248514,0.001895028748549521,0.001651537255384028,0.008364835754036903,0.9776756763458252,0.007568607572466135
0.00981011614203453,0.18491104245185852,0.019793935120105743,0.011064432561397552,0.2543487846851349,0.5144792795181274,0.00559244817122817
