anger,disgust,fear,joy,neutral,sadness,surprise
0.004993549548089504,0.010249186307191849,0.025438660755753517,0.04459355026483536,0.058945562690496445,0.8503180742263794,0.005461350083351135
0.000674400245770812,0.004700242076069117,0.0017900598468258977,0.010330957360565662,0.018317611888051033,0.9553015232086182,0.008885226212441921
0.008098214864730835,0.004489615093916655,0.003975443542003632,0.3779686987400055,0.5733184218406677,0.008583220653235912,0.02356635220348835
0.01695888675749302,0.07123243808746338,0.015423762612044811,0.004347903188318014,0.1157899722456932,0.7514416575431824,0.024805402383208275
0.011975709348917007,0.053918417543172836,0.014686621725559235,0.3483540415763855,0.29829567670822144,0.216825932264328,0.05594352260231972
0.01085873506963253,0.9053189158439636,0.02434539794921875,0.0015315014170482755,0.00974755734205246,0.04687943682074547,0.0013185343705117702
0.05306711792945862,0.03440922871232033,0.8451117277145386,0.0013279385166242719,0.008654383942484856,0.039080940186977386,0.01834862306714058
0.0547172874212265,0.9087178707122803,0.006696619093418121,0.001392821199260652,0.010074751451611519,0.01635841093957424,0.002042291220277548
0.01832863688468933,0.03703511878848076,0.041192855685949326,0.005445179063826799,0.45131897926330566,0.422075480222702,0.0246038306504488
0.003998595755547285,0.003402003785595298,0.0015217793406918645,0.10811787098646164,0.8381385207176208,0.007852551527321339,0.036968763917684555
0.004117479547858238,0.006876026280224323,0.004079279489815235,0.05991240218281746,0.8624452948570251,0.021265380084514618,0.04130414500832558
0.0017206196207553148,0.010877025313675404,0.003415415296331048,0.001244130078703165,0.021626142784953117,0.9585919976234436,0.0025246429722756147
0.6354551911354065,0.2915305495262146,0.009040062315762043,0.0020101023837924004,0.055775027722120285,0.0045261685736477375,0.001662978669628501
0.0015883558662608266,0.026557940989732742,0.005790145136415958,0.006219981238245964,0.04941587895154953,0.9051461219787598,0.005281543359160423
0.036905448883771896,0.2639210820198059,0.0034321825951337814,0.0030650475528091192,0.6666531562805176,0.012149574235081673,0.013873516581952572
0.05519350990653038,0.048520591109991074,0.09193442761898041,0.058387115597724915,0.7185412049293518,0.011275019496679306,0.01614823192358017
0.0030418438836932182,0.005865701008588076,0.0005145135801285505,0.8257619738578796,0.1319790631532669,0.0196573156863451,0.013179633766412735
0.003332043532282114,0.0055488524958491325,0.9017519354820251,0.0017324809450656176,0.010802253149449825,0.007259066682308912,0.06957322359085083
0.0027627733070403337,0.009926974773406982,0.016919191926717758,0.015166876837611198,0.06236918643116951,0.8782722353935242,0.014582802541553974
0.004890164826065302,0.026308484375476837,0.009136450476944447,0.14991606771945953,0.7818443179130554,0.0075559853576123714,0.020348481833934784
0.002013016492128372,0.0012002697912976146,0.00046131692943163216,0.9843850135803223,0.0030644831713289022,0.002765500219538808,0.006110255606472492
0.019422687590122223,0.28160566091537476,0.02913092076778412,0.002735667861998081,0.08654530346393585,0.554071307182312,0.026488400995731354
0.0018382404232397676,0.008573386818170547,0.003265734761953354,0.04941019043326378,0.16746501624584198,0.7470969557762146,0.02235041931271553
0.11106008291244507,0.7322971224784851,0.013064801692962646,0.0010332289384678006,0.06981051713228226,0.059866342693567276,0.012867901474237442
0.04217599332332611,0.02946293167769909,0.008114726282656193,0.08418110013008118,0.710166871547699,0.11648442596197128,0.009414060041308403
0.007482632994651794,0.002463717944920063,0.006783549208194017,0.2182091325521469,0.2522806227207184,0.07625018060207367,0.436530202627182
0.16430047154426575,0.09838902205228806,0.07704760134220123,0.003923266194760799,0.2983010411262512,0.22605136036872864,0.13198724389076233
0.006176086608320475,0.028865346685051918,0.9451823830604553,0.0011520180851221085,0.007618140894919634,0.005621372256428003,0.005384695716202259
0.0005811098380945623,0.002850597957149148,0.002517477609217167,0.0016206252621486783,0.014135796576738358,0.97368323802948,0.004611243028193712
0.37505635619163513,0.3212776780128479,0.08648071438074112,0.00099685019813478,0.02319861389696598,0.17755642533302307,0.015433309599757195
0.009605258703231812,0.9198208451271057,0.0036287703551352024,0.0009461335721425712,0.0335390642285347,0.030879132449626923,0.0015807446325197816
0.9318651556968689,0.012682171538472176,0.03478457033634186,0.0007728760247118771,0.008102135732769966,0.005321900825947523,0.006471290718764067
0.010307447984814644,0.006128121167421341,0.20220981538295746,0.09704223275184631,0.5182099938392639,0.1378132849931717,0.02828909456729889
0.0023658836726099253,0.0011295274598523974,0.0008780303178355098,0.0028852378018200397,0.003532524686306715,0.9866793751716614,0.00252950144931674
