anger,disgust,fear,joy,neutral,sadness,surprise
0.012799371033906937,0.09092235565185547,0.3876263201236725,0.005593875423073769,0.0411003977060318,0.45886579155921936,0.0030919399578124285
0.07836198061704636,0.7821077704429626,0.10146021842956543,0.0006412649527192116,0.005826388485729694,0.029210038483142853,0.0023923080880194902
0.040475357323884964,0.07133081555366516,0.17699618637561798,0.002536637708544731,0.008411581628024578,0.694270670413971,0.005978731904178858
0.008873354643583298,0.9423149228096008,0.02257729507982731,0.00107662589289248,0.01934765838086605,0.0029717227444052696,0.0028384255710989237
0.01270379964262247,0.033974118530750275,0.158905491232872,0.0027145373169332743,0.0572228878736496,0.7055137157440186,0.02896546572446823
0.655074954032898,0.2597240209579468,0.02004743553698063,0.0007028412655927241,0.04946795478463173,0.01300685852766037,0.0019759787246584892
0.00529003469273448,0.014026351273059845,0.01549806259572506,0.016584111377596855,0.9132676124572754,0.01824418269097805,0.017089584842324257
0.03916540369391441,0.7527492046356201,0.05732530355453491,0.0020726341754198074,0.07922622561454773,0.06651522219181061,0.0029460208024829626
0.024139923974871635,0.3035852611064911,0.034949611872434616,0.13237419724464417,0.2417066991329193,0.252877414226532,0.010366903617978096
0.05823914334177971,0.42513978481292725,0.08587803691625595,0.0020728984382003546,0.3699458837509155,0.050781939178705215,0.007942333817481995
0.3593892455101013,0.2048918753862381,0.00624745013192296,0.002433708868920803,0.39305388927459717,0.025968382135033607,0.00801547709852457
0.23453649878501892,0.5988138318061829,0.07608867436647415,0.001593749038875103,0.044784147292375565,0.03964235633611679,0.004540789872407913
0.3389670252799988,0.5877903699874878,0.008913991041481495,0.0010791757376864552,0.018885916098952293,0.042623333632946014,0.0017402078956365585
0.015191766433417797,0.02684060111641884,0.007012589834630489,0.012947095558047295,0.7658540606498718,0.059171512722969055,0.1129823550581932
0.7890785932540894,0.147794708609581,0.030862152576446533,0.0012277239002287388,0.025045888498425484,0.004626808688044548,0.0013641788391396403
0.28564369678497314,0.06068715080618858,0.0496547631919384,0.00209067203104496,0.434068888425827,0.14736035466194153,0.020494449883699417
0.02960825338959694,0.029988521710038185,0.8737620115280151,0.007698394358158112,0.023856917396187782,0.028864407911896706,0.006221378222107887
0.027841979637742043,0.2325868308544159,0.051008883863687515,0.0014689426170662045,0.044591568410396576,0.6374075412750244,0.005094277672469616
