anger,disgust,fear,joy,neutral,sadness,surprise
0.019843965768814087,0.4335988163948059,0.012628418393433094,0.12904854118824005,0.2680659592151642,0.13145457208156586,0.005359721835702658
0.053810421377420425,0.4787343740463257,0.3050796091556549,0.003331958781927824,0.11575647443532944,0.03964979574084282,0.0036374300252646208
0.030572982504963875,0.1567038893699646,0.1406199187040329,0.0019559883512556553,0.10073447227478027,0.5325031876564026,0.03690958023071289
0.05520385131239891,0.8798035383224487,0.011324162594974041,0.0010957368649542332,0.018940545618534088,0.03217229247093201,0.0014599580317735672
0.061880532652139664,0.08397409319877625,0.6885139346122742,0.0028018068987876177,0.1406741589307785,0.014471377246081829,0.00768409576267004
0.12786993384361267,0.7384476661682129,0.11846353113651276,0.0015519483713433146,0.005464841146022081,0.006825132295489311,0.001376988715492189
0.09063280373811722,0.09621338546276093,0.018997034057974815,0.003106087911874056,0.772911787033081,0.006426963489502668,0.011711928993463516
0.03344618156552315,0.3844168186187744,0.035488810390233994,0.004568113014101982,0.5171739459037781,0.006949500180780888,0.01795664057135582
0.017215585336089134,0.021651113405823708,0.009310075081884861,0.04446404054760933,0.8901609778404236,0.004650908522307873,0.012547343038022518
0.4085710048675537,0.13857696950435638,0.3435077667236328,0.0031405373010784388,0.06661994755268097,0.03590147942304611,0.00368243595585227
0.032696433365345,0.010225173085927963,0.8709922432899475,0.00529161561280489,0.06159353628754616,0.015436407178640366,0.0037646424025297165
0.025891559198498726,0.2986830770969391,0.010835099034011364,0.00241673132404685,0.026875752955675125,0.6291937232017517,0.006104114465415478
0.10217271000146866,0.43675634264945984,0.030317489057779312,0.0022894293069839478,0.3618007004261017,0.05340210348367691,0.013261187821626663
0.7307122945785522,0.1980433464050293,0.027510499581694603,0.0019241324625909328,0.02550562284886837,0.013329575769603252,0.002974448725581169
0.01824508048593998,0.2103116363286972,0.5044623613357544,0.007052896078675985,0.08199646323919296,0.14208096265792847,0.035850588232278824
