anger,disgust,fear,joy,neutral,sadness,surprise
0.08982875943183899,0.042326219379901886,0.005553764756768942,0.04012397304177284,0.038126491010189056,0.7427954077720642,0.04124534875154495
0.22002293169498444,0.20055344700813293,0.010693014599382877,0.002506790915504098,0.45684942603111267,0.06902477890253067,0.0403495728969574
0.03746553882956505,0.023097431287169456,0.002464800840243697,0.07154243439435959,0.69657963514328,0.16494865715503693,0.0039014993235468864
0.014105712994933128,0.07156714797019958,0.02625594101846218,0.006212699692696333,0.789650559425354,0.08895659446716309,0.0032512410543859005
0.30086949467658997,0.1641102135181427,0.08302414417266846,0.002471457002684474,0.12034444510936737,0.31849852204322815,0.010681767016649246
0.010751653462648392,0.01933342032134533,0.010646263137459755,0.03100074641406536,0.48201659321784973,0.40929150581359863,0.03695979714393616
0.42818814516067505,0.348239928483963,0.004118809010833502,0.0024369563907384872,0.16837698221206665,0.043758343905210495,0.004880804102867842
0.05086943879723549,0.05834748595952988,0.5700146555900574,0.008136407472193241,0.23189280927181244,0.07642368972301483,0.004315513651818037
0.9206564426422119,0.028386084362864494,0.0018426855094730854,0.0013214456848800182,0.02052428387105465,0.02530914917588234,0.001959937158972025
0.027323530986905098,0.015977486968040466,0.0018055452965199947,0.39498957991600037,0.1881318986415863,0.022087275981903076,0.3496847450733185
0.030075466260313988,0.09315800666809082,0.003203822998329997,0.04526738077402115,0.6477395296096802,0.176410973072052,0.004144852515310049
0.024303069338202477,0.01915358565747738,0.001377850421704352,0.24410516023635864,0.11876296252012253,0.5819435119628906,0.010353884659707546
0.0055709886364638805,0.009462396614253521,0.009615538641810417,0.02319270372390747,0.9416446089744568,0.007180359680205584,0.0033334156032651663
0.005279736127704382,0.038097843527793884,0.22766460478305817,0.0022702417336404324,0.050440892577171326,0.6654934883117676,0.01075318269431591
0.021240681409835815,0.06607327610254288,0.0930410772562027,0.0015255077742040157,0.3924505114555359,0.3895486891269684,0.03612027317285538
