anger,disgust,fear,joy,neutral,sadness,surprise
0.008204844780266285,0.12364131212234497,0.00433864863589406,0.010703211650252342,0.8118680715560913,0.012906044721603394,0.02833797223865986
0.009722928516566753,0.05231895297765732,0.0047792247496545315,0.01060653105378151,0.9038524031639099,0.01536897849291563,0.0033509533386677504
0.02312706783413887,0.13536173105239868,0.030347367748618126,0.0859384536743164,0.703896164894104,0.006884394213557243,0.014444760978221893
0.00372776435688138,0.009487750008702278,0.0055659739300608635,0.0900222510099411,0.8465626835823059,0.035574182868003845,0.009059454314410686
0.013710533268749714,0.012123877182602882,0.15814179182052612,0.2973922789096832,0.4408024847507477,0.07303717732429504,0.004791791085153818
0.00473030237480998,0.010023046284914017,0.003596039256080985,0.002115324605256319,0.9490498304367065,0.005184646230190992,0.02530071884393692
0.0233219675719738,0.02554095908999443,0.03387304022908211,0.016518088057637215,0.8863876461982727,0.0075384811498224735,0.006819718051701784
0.011448635719716549,0.01867355965077877,0.4717077910900116,0.010974514298141003,0.1349826157093048,0.3471580445766449,0.005054767709225416
0.030057812109589577,0.06101657822728157,0.005545858759433031,0.0174111258238554,0.8555327653884888,0.013090641237795353,0.017345307394862175
0.0029227174818515778,0.004832638427615166,0.0020426101982593536,0.001296757603995502,0.005146632436662912,0.9790686368942261,0.004690059460699558
0.059422366321086884,0.6302813291549683,0.005530080758035183,0.021163344383239746,0.24345874786376953,0.03489704802632332,0.005246994085609913
0.00208368175663054,0.003003182588145137,0.005836453288793564,0.04985983297228813,0.04604194685816765,0.8742049336433411,0.018969951197504997
0.0229701679199934,0.24739117920398712,0.6565240025520325,0.0013976895716041327,0.017920324578881264,0.02359403856098652,0.03020264208316803
0.08742514997720718,0.03386278823018074,0.3898775279521942,0.004653606563806534,0.03050961159169674,0.010811980813741684,0.44285935163497925
0.16744664311408997,0.08790987730026245,0.4018992483615875,0.008057464845478535,0.08120786398649216,0.0481329970061779,0.20534585416316986
0.014902622438967228,0.0022485244553536177,0.9238004684448242,0.0022292558569461107,0.032499514520168304,0.017314229160547256,0.007005264982581139
0.0033373895566910505,0.012223996222019196,0.0010270607890561223,0.8889111280441284,0.08299834281206131,0.00564392888918519,0.005858214106410742
0.00579848513007164,0.0038441375363618135,0.0016202430706471205,0.925967276096344,0.05048298090696335,0.009710552170872688,0.002576300874352455
