anger,disgust,fear,joy,neutral,sadness,surprise
0.017345093190670013,0.081993468105793,0.030878879129886627,0.7276071906089783,0.07443403452634811,0.053310006856918335,0.014431306160986423
0.0241731908172369,0.12074176967144012,0.04201490059494972,0.0018254127353429794,0.005324688274413347,0.8022959232330322,0.003624116536229849
0.3451910614967346,0.5883907675743103,0.029488762840628624,0.0012840520357713103,0.017507454380393028,0.01690853200852871,0.0012294555781409144
0.7225950360298157,0.046299807727336884,0.16005665063858032,0.00209029670804739,0.009700016118586063,0.0583321675658226,0.0009260252118110657
0.0856558233499527,0.11837541311979294,0.2350107878446579,0.0022920100018382072,0.004598707892000675,0.551616907119751,0.002450323663651943
0.01024603471159935,0.005869114305824041,0.007369480561465025,0.5857914090156555,0.28962936997413635,0.00457434868440032,0.09652023017406464
0.015715736895799637,0.06862615048885345,0.016758877784013748,0.28853607177734375,0.34704113006591797,0.04521073028445244,0.21811126172542572
0.9409613013267517,0.012192525900900364,0.03196313977241516,0.0010094351600855589,0.008321739733219147,0.003968152683228254,0.0015835834201425314
0.005860182456672192,0.06251012533903122,0.12263460457324982,0.0041538723744452,0.04621988907456398,0.7535006999969482,0.005120592191815376
0.060639187693595886,0.6701875925064087,0.04904458671808243,0.005628328304737806,0.045776672661304474,0.1671808660030365,0.0015427578473463655
0.003820182755589485,0.022362366318702698,0.026794523000717163,0.0019419646123424172,0.018181324005126953,0.9236598610877991,0.0032397082541137934
0.027926208451390266,0.16923412680625916,0.02260860800743103,0.0017408127896487713,0.06342948228120804,0.71153324842453,0.0035274256952106953
0.014507551677525043,0.22867275774478912,0.015498271211981773,0.3806305527687073,0.31437477469444275,0.02362164855003357,0.022694440558552742
0.006643020547926426,0.010470753535628319,0.00928411167114973,0.23794518411159515,0.4070797264575958,0.31387749314308167,0.014699704013764858
