anger,disgust,fear,joy,neutral,sadness,surprise
0.37823036313056946,0.06390336900949478,0.08409494906663895,0.002764625707641244,0.3558330833911896,0.10291453450918198,0.012259198352694511
0.19195647537708282,0.4787193536758423,0.0028569966088980436,0.01075148954987526,0.234065979719162,0.07780138403177261,0.003848285647109151
0.006515178829431534,0.009333978407084942,0.0022192776668816805,0.013785007409751415,0.9316023588180542,0.0038856782484799623,0.032658498734235764
0.022096481174230576,0.04683994501829147,0.0016342838061973453,0.010355612263083458,0.795505940914154,0.014040890149772167,0.10952679812908173
0.006605552509427071,0.03837573900818825,0.10770295560359955,0.0037579864729195833,0.23752300441265106,0.5510581135749817,0.05497658625245094
0.03205811604857445,0.10399360209703445,0.014695459045469761,0.004355586599558592,0.8117945194244385,0.02397986687719822,0.00912279449403286
0.003128924174234271,0.007838194258511066,0.9581505656242371,0.0008604870527051389,0.019150998443365097,0.0054389713332057,0.005431922152638435
0.2467396855354309,0.25802797079086304,0.3180561065673828,0.002863388042896986,0.14311258494853973,0.02239113301038742,0.008809158578515053
0.029492763802409172,0.051268093287944794,0.0789632722735405,0.003858619136735797,0.7718787789344788,0.05253636837005615,0.012002072297036648
0.007910631597042084,0.0036312793381512165,0.9661591053009033,0.0011527180904522538,0.013476112857460976,0.002949636895209551,0.0047205304726958275
0.5873492360115051,0.26127690076828003,0.0070312716998159885,0.003043039934709668,0.10103203356266022,0.03113580495119095,0.009131750091910362
0.02444393001496792,0.05953915789723396,0.8283462524414062,0.0014401475200429559,0.03279665485024452,0.031056499108672142,0.022377323359251022
0.018589671701192856,0.018564756959676743,0.01508865412324667,0.004786515608429909,0.8948586583137512,0.04194004088640213,0.006171768996864557
0.8138465881347656,0.03078928217291832,0.020438285544514656,0.013388010673224926,0.023304777219891548,0.006190647836774588,0.09204239398241043
0.011546716094017029,0.0035774295683950186,0.010174541734158993,0.021848734468221664,0.2815493047237396,0.2880478799343109,0.38325539231300354
0.5478505492210388,0.09998102486133575,0.011552936397492886,0.0034257902298122644,0.31486889719963074,0.015447896905243397,0.006872889120131731
0.08085614442825317,0.1307632476091385,0.5285658836364746,0.004468012601137161,0.20263047516345978,0.026100367307662964,0.02661585621535778
0.024658648297190666,0.35270196199417114,0.17138105630874634,0.0021286173723638058,0.40008145570755005,0.02662481926381588,0.022423379123210907
0.007488473784178495,0.9158839583396912,0.04318496212363243,0.001559038064442575,0.02044827863574028,0.005274034570902586,0.0061613949947059155
0.34222689270973206,0.5628306269645691,0.020899083465337753,0.0007729358621872962,0.028076879680156708,0.029076049104332924,0.01611749827861786
0.052758704870939255,0.6354426741600037,0.19784298539161682,0.0011489235330373049,0.05448971316218376,0.02831917069852352,0.02999781258404255
0.006938890554010868,0.9472678303718567,0.008590727113187313,0.000588070135563612,0.018996097147464752,0.015476454980671406,0.002141787903383374
0.006239449605345726,0.977676510810852,0.007375258952379227,0.00039507250767201185,0.0036213379353284836,0.0031729310285300016,0.0015194155275821686
0.012117735110223293,0.28734874725341797,0.6064379215240479,0.004488194826990366,0.0599120669066906,0.012726658023893833,0.016968684270977974
0.04154014587402344,0.06563450396060944,0.4698898494243622,0.0034141908399760723,0.05517278239130974,0.04348921403288841,0.3208593428134918
0.006686565466225147,0.05616430938243866,0.19978593289852142,0.004937712103128433,0.19735801219940186,0.5210076570510864,0.014059766195714474
0.0718228742480278,0.5088663697242737,0.23468893766403198,0.003738383064046502,0.1563456654548645,0.020492572337388992,0.004045197274535894
0.020566698163747787,0.11606667935848236,0.001760658691637218,0.04204140231013298,0.7971268892288208,0.006067897658795118,0.016369717195630074
0.04066920652985573,0.5706529021263123,0.35977572202682495,0.001946754870004952,0.014666908420622349,0.00846481416374445,0.003823651932179928
0.16432549059391022,0.15713593363761902,0.5829899311065674,0.00230471882969141,0.03784887120127678,0.05055633932352066,0.004838752560317516
0.030865086242556572,0.8217887282371521,0.07300937175750732,0.003996535204350948,0.047699637711048126,0.01761547103524208,0.005025146529078484
0.004170568659901619,0.022036030888557434,0.8870382308959961,0.0012630567653104663,0.03847799077630043,0.022595921531319618,0.024418193846940994
0.008998491801321507,0.08024155348539352,0.005615989211946726,0.008008884266018867,0.8190299272537231,0.019876891747117043,0.05822809785604477
0.040586069226264954,0.8779019713401794,0.03248346596956253,0.0019457342568784952,0.018628930673003197,0.026776161044836044,0.0016775948461145163
0.03785521537065506,0.021417642012238503,0.29996415972709656,0.024890650063753128,0.596178412437439,0.01349466573446989,0.006199315190315247
0.14755648374557495,0.10219662636518478,0.5619376301765442,0.0029665848705917597,0.1573278158903122,0.02199780009686947,0.006017081439495087
0.12610304355621338,0.6878705620765686,0.011600859463214874,0.0015224710805341601,0.1336871236562729,0.034371793270111084,0.0048440746031701565
0.03699292987585068,0.8507787585258484,0.003784922184422612,0.001448454917408526,0.09056127816438675,0.013290761038661003,0.003142871893942356
0.04005677253007889,0.017895091325044632,0.10039044916629791,0.013712968677282333,0.7689737677574158,0.01689145155251026,0.042079512029886246
0.17583896219730377,0.06986676901578903,0.0026715099811553955,0.0055448017083108425,0.5820269584655762,0.012059212662279606,0.15199187397956848
0.00667971046641469,0.10845282673835754,0.7502523064613342,0.0017236412968486547,0.05197039619088173,0.014135361649096012,0.06678575277328491
0.1337902545928955,0.028519675135612488,0.007807624526321888,0.010376287624239922,0.7776389122009277,0.01698617823421955,0.02488105371594429
0.027473367750644684,0.6694537401199341,0.004823703784495592,0.021266695111989975,0.1772058755159378,0.09120240807533264,0.008574144914746284
0.5663685202598572,0.2609228491783142,0.007893294095993042,0.0017553034704178572,0.11941977590322495,0.03870914876461029,0.004931128118187189
0.00985198374837637,0.0018701923545449972,0.9759396314620972,0.0009359472314827144,0.0058355978690087795,0.0022169542498886585,0.003349734703078866
0.4483332335948944,0.24409843981266022,0.015057719312608242,0.0015811978373676538,0.04976518452167511,0.23716337978839874,0.004000857472419739
0.015896528959274292,0.1847848743200302,0.011389202438294888,0.01808781735599041,0.5129771828651428,0.25378745794296265,0.003076910739764571
