anger,disgust,fear,joy,neutral,sadness,surprise
0.0031837632413953543,0.01578230783343315,0.9427715539932251,0.01017970871180296,0.01970825530588627,0.004188195802271366,0.004186197649687529
0.009587394073605537,0.06410003453493118,0.02149738371372223,0.7372801303863525,0.10711254924535751,0.04097556322813034,0.01944688707590103
0.13409027457237244,0.06243502348661423,0.0037554248701781034,0.0015941226156428456,0.027383634820580482,0.7586184740066528,0.012122959829866886
0.16356484591960907,0.029533063992857933,0.7794095277786255,0.0016143202083185315,0.005021100398153067,0.010231606662273407,0.010625474154949188
0.6035398840904236,0.2588489353656769,0.06301625072956085,0.0019857119768857956,0.05898825824260712,0.008857385255396366,0.004763564094901085
0.0384749174118042,0.003357592737302184,0.09314730018377304,0.023475266993045807,0.6619319319725037,0.04691407084465027,0.1326989233493805
0.10163204371929169,0.1820647269487381,0.27192509174346924,0.0018164393259212375,0.2594144344329834,0.17215578258037567,0.010991460643708706
0.1819787621498108,0.0717993974685669,0.05137455835938454,0.001533984555862844,0.005486755631864071,0.6809227466583252,0.006903774105012417
0.27454596757888794,0.4918835759162903,0.1552632600069046,0.0009261836530640721,0.010741444304585457,0.06156674772500992,0.005072851665318012
0.043089739978313446,0.034697409719228745,0.013308290392160416,0.010158724151551723,0.621605396270752,0.009562073275446892,0.2675783336162567
0.0033350002486258745,0.0018731114687398076,0.9823616147041321,0.0009853983065113425,0.006372301839292049,0.0024904878810048103,0.002581927226856351
0.04482730105519295,0.06538331508636475,0.022779587656259537,0.012218278832733631,0.6201481223106384,0.22436128556728363,0.010282156988978386
0.0026233133394271135,0.0035331458784639835,0.9858609437942505,0.0006137298769317567,0.003218320431187749,0.0023506293073296547,0.0018000012496486306
0.03494732081890106,0.640620768070221,0.046430669724941254,0.0009068494546227157,0.06445170938968658,0.19908975064754486,0.01355294045060873
0.01695898361504078,0.1639358401298523,0.12875965237617493,0.001980114495381713,0.0893307775259018,0.5630217790603638,0.03601282835006714
0.0072694458067417145,0.012092039920389652,0.056152235716581345,0.016840370371937752,0.1207808256149292,0.7828356027603149,0.004029430914670229
0.3228274881839752,0.31280264258384705,0.06645078957080841,0.0012174082221463323,0.00914094503968954,0.2786877751350403,0.008872956037521362
0.007500064093619585,0.010182058438658714,0.956476628780365,0.0007508880808018148,0.00361074972897768,0.004449950996786356,0.01702962815761566
0.07687295973300934,0.027940446510910988,0.8754379749298096,0.0006235059117898345,0.004487556405365467,0.009170377627015114,0.0054670823737978935
0.019213682040572166,0.9461619853973389,0.02103840373456478,0.00027371340547688305,0.006945518776774406,0.004298533778637648,0.00206813495606184
0.046656981110572815,0.8114673495292664,0.07484086602926254,0.0008325217058882117,0.012439780868589878,0.01459483988583088,0.03916776180267334
0.049062635749578476,0.8551091551780701,0.027497900649905205,0.0010851299157366157,0.02353953756392002,0.04187622293829918,0.001829391228966415
0.1254238337278366,0.246612548828125,0.08639352023601532,0.002592558041214943,0.3853455185890198,0.0726059228181839,0.08102608472108841
0.3300212025642395,0.27219751477241516,0.14301078021526337,0.002457656431943178,0.056768450886011124,0.1805097907781601,0.01503461878746748
0.08132131397724152,0.857029914855957,0.035670358687639236,0.0007102875388227403,0.013792973011732101,0.008212411776185036,0.003262764075770974
0.5319607853889465,0.01531378086656332,0.31422826647758484,0.003115060506388545,0.09402750432491302,0.027413800358772278,0.013940739445388317
0.15086676180362701,0.01433838065713644,0.4199696481227875,0.0018046466866508126,0.019137412309646606,0.17985273897647858,0.21403037011623383
0.1844288855791092,0.3698912262916565,0.026622403413057327,0.0021571561228483915,0.07900948822498322,0.26589667797088623,0.07199421525001526
0.001135207829065621,0.002842861693352461,0.9810656905174255,0.0008481686818413436,0.004584033042192459,0.0037836995907127857,0.005740277469158173
