anger,disgust,fear,joy,neutral,sadness,surprise
0.012773910537362099,0.010065923444926739,0.04486864060163498,0.13061590492725372,0.6520019173622131,0.03091733157634735,0.11875643581151962
0.027691060677170753,0.952155590057373,0.0053079877980053425,0.0008338573388755322,0.009950685314834118,0.0034523271024227142,0.0006085174391046166
0.24063901603221893,0.2824011445045471,0.16022971272468567,0.0049717016518116,0.0928805023431778,0.1679932028055191,0.05088476464152336
0.08565086126327515,0.47274070978164673,0.014482809230685234,0.014887824654579163,0.36291640996932983,0.0121531393378973,0.037168290466070175
0.28931498527526855,0.07830681651830673,0.31954607367515564,0.003943946678191423,0.2679537832736969,0.03611309081315994,0.0048211608082056046
0.29011431336402893,0.22748224437236786,0.018249040469527245,0.002511963713914156,0.42849859595298767,0.026216939091682434,0.006927012465894222
0.2069714516401291,0.04906079173088074,0.23246394097805023,0.006979757454246283,0.40216729044914246,0.015511732548475266,0.08684492111206055
0.04599232226610184,0.49695080518722534,0.05943399295210838,0.0017566925380378962,0.3570229709148407,0.01979878731071949,0.019044412299990654
0.030397944152355194,0.013442901894450188,0.9357713460922241,0.001515797572210431,0.0064626154489815235,0.007179625798016787,0.005229780916124582
0.21366186439990997,0.09778328239917755,0.005904339253902435,0.002293253783136606,0.1715375930070877,0.49994438886642456,0.008875245228409767
0.192735955119133,0.00738045247271657,0.7862319946289062,0.0014441420789808035,0.006253499537706375,0.0026553950738161802,0.0032985867001116276
0.012318482622504234,0.0037151069846004248,0.021799298003315926,0.2380703240633011,0.6744865775108337,0.010569971054792404,0.039040204137563705
0.04262959957122803,0.01661471091210842,0.003867326769977808,0.046099476516246796,0.8773509860038757,0.004591412376612425,0.008846491575241089
0.020153451710939407,0.44179514050483704,0.014272556640207767,0.005453118123114109,0.4498627483844757,0.013354446738958359,0.05510861426591873
0.05416035279631615,0.0335092768073082,0.11323688924312592,0.002132329624146223,0.03511243686079979,0.7530708909034729,0.00877784751355648
0.08742359280586243,0.029996568337082863,0.5961222052574158,0.005119740962982178,0.2171178013086319,0.032645080238580704,0.03157498314976692
0.04981767013669014,0.009336600080132484,0.09945230185985565,0.01136317290365696,0.7848343849182129,0.011076027527451515,0.034119825810194016
0.0323040671646595,0.487175852060318,0.06793262809515,0.003189101815223694,0.21061797440052032,0.12183483690023422,0.07694544643163681
0.0023933968041092157,0.041392985731363297,0.011239598505198956,0.05570866912603378,0.6679121851921082,0.1513700783252716,0.06998305022716522
0.015171290375292301,0.024343593046069145,0.09714297205209732,0.003619267838075757,0.7771994471549988,0.010901162400841713,0.0716223195195198
0.37155428528785706,0.03220072761178017,0.3003042936325073,0.007760538253933191,0.2627548277378082,0.019090477377176285,0.006334822159260511
0.2978258430957794,0.19885604083538055,0.05532688647508621,0.0025844124611467123,0.19068314135074615,0.19955599308013916,0.05516761168837547
0.03674609214067459,0.005736437626183033,0.9353588819503784,0.002325276844203472,0.012765905819833279,0.0037050703540444374,0.003362412331625819
0.0034702050033956766,0.007447084411978722,0.005153047852218151,0.006225210148841143,0.11575564742088318,0.8388391733169556,0.023109564557671547
0.035088587552309036,0.007567416410893202,0.07960956543684006,0.0025218597147613764,0.03670439124107361,0.7716567516326904,0.0668514221906662
0.09520875662565231,0.011431821621954441,0.5588224530220032,0.008823143318295479,0.28638413548469543,0.009999695234000683,0.029329989105463028
0.005740002263337374,0.0037532581482082605,0.008733530528843403,0.1742074340581894,0.6206410527229309,0.08514941483736038,0.10177527368068695
0.033457279205322266,0.24496766924858093,0.00599053455516696,0.004372972063720226,0.6848618984222412,0.015475424006581306,0.010874215513467789
0.07745061814785004,0.006330007221549749,0.6473188996315002,0.004293316975235939,0.065098837018013,0.053274527192115784,0.14623381197452545
0.037980206310749054,0.8466631174087524,0.005397616419941187,0.0018105338094756007,0.0719505250453949,0.03397708013653755,0.002220879076048732
0.022564249113202095,0.022682851180434227,0.784555196762085,0.002165504265576601,0.016635768115520477,0.01546828355640173,0.13592809438705444
0.08019496500492096,0.004828487057238817,0.06642980128526688,0.0023387190885841846,0.018288176506757736,0.7607028484344482,0.06721703708171844
0.01807570829987526,0.008347434923052788,0.23713529109954834,0.01151333749294281,0.6058380603790283,0.021645311266183853,0.09744487702846527
0.0008090921328403056,0.0026787957176566124,0.0021569104865193367,0.0025583049282431602,0.014245121739804745,0.9706620573997498,0.00688974978402257
0.01707048900425434,0.03266938775777817,0.00570388650521636,0.11507155746221542,0.8024446368217468,0.023917056620121002,0.003122969064861536
0.43347790837287903,0.08242003619670868,0.09510622918605804,0.001719859428703785,0.24945026636123657,0.03686722368001938,0.10095848888158798
0.02558683045208454,0.605025589466095,0.11456653475761414,0.007959170266985893,0.12615279853343964,0.07284410297870636,0.04786492511630058
0.008013689890503883,0.27101778984069824,0.02648918703198433,0.05383509397506714,0.49231791496276855,0.09103657305240631,0.05728961527347565
