anger,disgust,fear,joy,neutral,sadness,surprise
0.007074544206261635,0.01143854670226574,0.0017677954165264964,0.011656205169856548,0.9380399584770203,0.013330449350178242,0.016692541539669037
0.004638811107724905,0.007174677215516567,0.017687590792775154,0.02424599975347519,0.8646990656852722,0.005636102054268122,0.0759178176522255
0.010536568239331245,0.0065325903706252575,0.004308185074478388,0.010775095783174038,0.8836057782173157,0.002930667717009783,0.08131099492311478
0.059026673436164856,0.15889616310596466,0.0444219671189785,0.005339812021702528,0.35044950246810913,0.36081287264823914,0.02105298452079296
0.011094166897237301,0.03197645768523216,0.00915893167257309,0.011507600545883179,0.9116280674934387,0.013299409300088882,0.011335378512740135
0.0028554261662065983,0.06969019025564194,0.9020453095436096,0.002332098316401243,0.01043024193495512,0.004792777821421623,0.007853996008634567
0.0066096787340939045,0.5866298079490662,0.174397274851799,0.004437037743628025,0.050390440970659256,0.008112051524221897,0.16942374408245087
0.07275418937206268,0.03855740651488304,0.44493699073791504,0.0022639743983745575,0.1692143827676773,0.007652227766811848,0.2646208107471466
0.03538107872009277,0.11147113144397736,0.06225455552339554,0.01646513305604458,0.7574976682662964,0.00570573378354311,0.011224767193198204
0.4049360752105713,0.14758668839931488,0.041046980768442154,0.00933142937719822,0.363036185503006,0.029615718871355057,0.0044468906708061695
0.24798373878002167,0.12044113129377365,0.03634900599718094,0.012736902572214603,0.5374730825424194,0.02407393604516983,0.020942209288477898
0.0964907854795456,0.06831556558609009,0.020406730473041534,0.007290042005479336,0.3601875901222229,0.3988574147224426,0.04845186695456505
0.011579970829188824,0.06076524779200554,0.013309036381542683,0.026909327134490013,0.8006163835525513,0.014416956342756748,0.07240312546491623
0.25398609042167664,0.056950490921735764,0.5246163606643677,0.002066653687506914,0.02490793913602829,0.1204451322555542,0.017027251422405243
0.23810778558254242,0.16045774519443512,0.38753756880760193,0.0022405115887522697,0.15754316747188568,0.015628505498170853,0.03848464787006378
0.005979881621897221,0.01789235509932041,0.005979730281978846,0.009503353387117386,0.9344719648361206,0.0027436530217528343,0.023429222404956818
0.45984962582588196,0.33246102929115295,0.014661627821624279,0.0035212375223636627,0.15249665081501007,0.024472147226333618,0.012537743896245956
0.2859605550765991,0.19071291387081146,0.03925796225667,0.004485292360186577,0.41453978419303894,0.05933167412877083,0.005711931735277176
0.01583348773419857,0.054058440029621124,0.07076651602983475,0.0071518877521157265,0.8246922492980957,0.015998369082808495,0.011499053798615932
0.1953655481338501,0.2024265080690384,0.3870334327220917,0.0035110991448163986,0.18598024547100067,0.01649678684771061,0.00918638613075018
0.04453837126493454,0.24590010941028595,0.09674271196126938,0.0014423900283873081,0.2485279142856598,0.35826200246810913,0.0045865485444664955
0.03308527171611786,0.02055303007364273,0.010327668860554695,0.009935815818607807,0.8837527632713318,0.024715455248951912,0.017629947513341904
0.02515556290745735,0.010249804705381393,0.0018299466464668512,0.16834096610546112,0.7564921975135803,0.006998647004365921,0.030932890251278877
