anger,disgust,fear,joy,neutral,sadness,surprise
0.26084184646606445,0.6189537048339844,0.05999224632978439,0.002144523663446307,0.04729466885328293,0.005038199480623007,0.005734854843467474
0.023121321573853493,0.024640807881951332,0.004646692890673876,0.0597323440015316,0.87050461769104,0.002251765923574567,0.015102487057447433
0.009374784305691719,0.08844970911741257,0.011052829213440418,0.7032252550125122,0.1711278259754181,0.008172637782990932,0.008596963249146938
0.010335346683859825,0.022094666957855225,0.004349378868937492,0.07688378542661667,0.7787885069847107,0.013660416007041931,0.09388800710439682
0.05834690108895302,0.04089513048529625,0.279816597700119,0.00759357213973999,0.1843479722738266,0.28840386867523193,0.1405959576368332
0.05548645183444023,0.0660228356719017,0.046934910118579865,0.008948671631515026,0.5445417165756226,0.23901484906673431,0.03905059024691582
0.021208759397268295,0.032327160239219666,0.006374422460794449,0.005631258711218834,0.8631142973899841,0.03008083440363407,0.0412631556391716
0.26852285861968994,0.21559053659439087,0.08395594358444214,0.0038656180258840322,0.3098289668560028,0.11179716885089874,0.006438923068344593
0.0023891970049589872,0.0014624131144955754,0.9639063477516174,0.0020593281369656324,0.020073525607585907,0.00494725676253438,0.00516193313524127
0.045573655515909195,0.9306036233901978,0.014003180898725986,0.0005344622768461704,0.004866975359618664,0.0037356182001531124,0.0006825365708209574
0.025086434558033943,0.5739383101463318,0.009787005372345448,0.0012422943254932761,0.35761138796806335,0.020987264811992645,0.011347330175340176
0.009444409050047398,0.06922683119773865,0.010553965345025063,0.005308595020323992,0.8673527240753174,0.012009354308247566,0.026104118674993515
0.005053965374827385,0.020820360630750656,0.01725080795586109,0.013180475682020187,0.8879021406173706,0.00346333347260952,0.05232900381088257
0.006450624205172062,0.023905912414193153,0.0023876894265413284,0.008034545928239822,0.9380695223808289,0.006070932373404503,0.015080693177878857
0.0047955564223229885,0.012074404396116734,0.001588758546859026,0.011221850290894508,0.9352840185165405,0.0025007296353578568,0.032534778118133545
