anger,disgust,fear,joy,neutral,sadness,surprise
0.045882388949394226,0.017175259068608284,0.029020143672823906,0.0194256454706192,0.07091615349054337,0.8028593063354492,0.01472112163901329
0.14666932821273804,0.11373774707317352,0.5486250519752502,0.0046082474291324615,0.16793915629386902,0.012612324208021164,0.005808151792734861
0.009885501116514206,0.020445827394723892,0.0017529622418805957,0.02514779567718506,0.931978702545166,0.0047791488468647,0.006010089069604874
0.4701155424118042,0.27450841665267944,0.05705539137125015,0.0022055460140109062,0.16971899569034576,0.0226293858140707,0.003766773035749793
0.06350825726985931,0.9167019724845886,0.008069555275142193,0.0006318068481050432,0.007002244703471661,0.003265110542997718,0.0008209136431105435
0.0241535734385252,0.08953910320997238,0.8550047278404236,0.0024432868231087923,0.020098265260457993,0.00718624796718359,0.0015746193239465356
0.050448209047317505,0.008063971996307373,0.9211050868034363,0.0031873213592916727,0.012119006365537643,0.004321377258747816,0.0007550787995569408
0.07879638671875,0.5924519896507263,0.02743934467434883,0.004989737644791603,0.0791023001074791,0.20130467414855957,0.015915652737021446
0.0043182214722037315,0.008912887424230576,0.001917202491313219,0.03586162254214287,0.8884733319282532,0.03291923925280571,0.027597537264227867
0.005932536441832781,0.008179603144526482,0.007445021066814661,0.022316690534353256,0.7963554859161377,0.040647801011800766,0.11912289261817932
0.05072323605418205,0.2276642918586731,0.12705649435520172,0.054714202880859375,0.40096378326416016,0.0927695780992508,0.04610847681760788
0.0030416594818234444,0.0027896028477698565,0.00195168552454561,0.02233929932117462,0.9244113564491272,0.01618591509759426,0.02928042970597744
0.013555913232266903,0.037587955594062805,0.014651866629719734,0.03675847500562668,0.7578350901603699,0.06735945492982864,0.07225129753351212
