anger,disgust,fear,joy,neutral,sadness,surprise
0.09295205771923065,0.8705629706382751,0.0022639711387455463,0.0009944497141987085,0.02053620107471943,0.011728515848517418,0.0009619710617698729
0.016286393627524376,0.04209559038281441,0.1940368413925171,0.24087440967559814,0.45558205246925354,0.038536187261343,0.012588545680046082
0.019082481041550636,0.9526809453964233,0.017384065315127373,0.00031567580299451947,0.006123706232756376,0.0024104099720716476,0.0020027407445013523
0.3750172257423401,0.2606346011161804,0.14289680123329163,0.001437780330888927,0.049638088792562485,0.1649589240550995,0.005416566971689463
0.05966914817690849,0.011615949682891369,0.9087458848953247,0.0008821598603390157,0.00937511958181858,0.00880764052271843,0.0009041110752150416
0.11521468311548233,0.17024341225624084,0.6322483420372009,0.0011689307866618037,0.029958749189972878,0.046150434762239456,0.0050154333002865314
0.06267327070236206,0.6895939111709595,0.004998691845685244,0.00339129869826138,0.01706606149673462,0.22009502351284027,0.0021817549131810665
0.6325356960296631,0.32188665866851807,0.005255259107798338,0.0015544386114925146,0.022657843306660652,0.01398454885929823,0.0021255898755043745
0.10142876952886581,0.8094283938407898,0.0011429478181526065,0.00865582749247551,0.06378450244665146,0.011411863379180431,0.004147771745920181
0.03817091882228851,0.910879373550415,0.00659869285300374,0.00472275959327817,0.03379223495721817,0.00481047760695219,0.0010254803346469998
0.12901833653450012,0.08490858227014542,0.02706782892346382,0.0018290082225576043,0.09582177549600601,0.6567144393920898,0.004640050232410431
0.030685067176818848,0.06268566846847534,0.2053065448999405,0.004998607560992241,0.26883792877197266,0.3979383409023285,0.029547851532697678
0.005666395649313927,0.0037911366671323776,0.00255845719948411,0.024421485140919685,0.8862746357917786,0.006092832423746586,0.07119511067867279
0.7043424844741821,0.09610071033239365,0.008706214837729931,0.003043027827516198,0.17420561611652374,0.010711274109780788,0.002890615491196513
0.3201392590999603,0.6177734732627869,0.0026867296546697617,0.001346548437140882,0.03318458050489426,0.023079518228769302,0.001789861242286861
