anger,disgust,fear,joy,neutral,sadness,surprise
0.009938071481883526,0.9492402672767639,0.005201337859034538,0.01048560906201601,0.015829142183065414,0.008451332338154316,0.0008541939314454794
0.025518815964460373,0.42048877477645874,0.4348011016845703,0.002238379791378975,0.07407937198877335,0.010234365239739418,0.03263912722468376
0.15870723128318787,0.7927922606468201,0.015246285125613213,0.001313559478148818,0.013128326274454594,0.017822375521063805,0.0009899601573124528
0.021877102553844452,0.37819427251815796,0.04606814682483673,0.0013338011922314763,0.04102747514843941,0.47059187293052673,0.040907371789216995
0.022618241608142853,0.834638774394989,0.00385139393620193,0.0031489250250160694,0.11885491013526917,0.009213448502123356,0.0076742107048630714
0.09427586197853088,0.7957727909088135,0.0044240704737603664,0.0030883648432791233,0.06037339195609093,0.03214871138334274,0.009916840121150017
0.005447243805974722,0.008629612624645233,0.0013423798372969031,0.03359808772802353,0.9355455040931702,0.0050758481957018375,0.010361292399466038
0.04395049437880516,0.7248015403747559,0.05113961175084114,0.007004242390394211,0.06103382632136345,0.010521859861910343,0.1015484482049942
0.00782411266118288,0.777592122554779,0.007125317584723234,0.04867935925722122,0.1124499961733818,0.04338511824607849,0.002944009145721793
0.04768499359488487,0.1425330936908722,0.02335171401500702,0.0022693113423883915,0.3959794044494629,0.36968284845352173,0.018498675897717476
0.1349753588438034,0.5752155184745789,0.09784629195928574,0.0019382915925234556,0.10020546615123749,0.08757670968770981,0.0022423353511840105
0.00849010981619358,0.019303811714053154,0.9099650979042053,0.001236308366060257,0.013023452833294868,0.02013157680630684,0.027849670499563217
0.025012435391545296,0.27501216530799866,0.0018868901534006,0.07250994443893433,0.5649337768554688,0.013085340149700642,0.047559477388858795
0.6616773009300232,0.10607285052537918,0.0037186082918196917,0.019177410751581192,0.19499638676643372,0.011310246773064137,0.003047144040465355
0.018047966063022614,0.14352618157863617,0.0019888589158654213,0.4884478449821472,0.32641181349754333,0.013168197125196457,0.008409232832491398
0.03905099630355835,0.43304160237312317,0.3706149756908417,0.003334773937240243,0.1197003647685051,0.029950285330414772,0.004307038150727749
0.0458223931491375,0.24525830149650574,0.09238404780626297,0.02663515880703926,0.5293706059455872,0.049642518162727356,0.010886949487030506
0.0023807829711586237,0.002779522677883506,0.6261064410209656,0.0054922825656831264,0.012129435315728188,0.3487359881401062,0.002375553594902158
0.009883470833301544,0.02412344142794609,0.017571978271007538,0.04534624144434929,0.8714451193809509,0.02004612609744072,0.011583640240132809
0.06815926730632782,0.24093632400035858,0.18340225517749786,0.00474596256390214,0.21027663350105286,0.2888186573982239,0.003660934278741479
0.016146358102560043,0.6819916367530823,0.019044533371925354,0.0012622675858438015,0.04460611566901207,0.23026438057422638,0.006684703752398491
0.006860001478344202,0.04082275927066803,0.035387661308050156,0.002479549730196595,0.03440765663981438,0.8764575719833374,0.0035848207771778107
0.10726547986268997,0.7348952293395996,0.0026140445843338966,0.0015655673341825604,0.12902942299842834,0.020976554602384567,0.0036537405103445053
0.055193666368722916,0.49328386783599854,0.1347547471523285,0.002004459034651518,0.28750377893447876,0.010944057255983353,0.01631537638604641
0.002807906363159418,0.006398794241249561,0.005520378705114126,0.0011963571887463331,0.011783459223806858,0.9688558578491211,0.003437128383666277
0.6645476222038269,0.0794505625963211,0.18843504786491394,0.0033504548482596874,0.03670179098844528,0.022475818172097206,0.005038735456764698
0.22721536457538605,0.5974218249320984,0.09120234102010727,0.0011638659052550793,0.04851073771715164,0.03180066496133804,0.002685264218598604
0.011754135601222515,0.0880994126200676,0.09270719438791275,0.00319230486638844,0.23935502767562866,0.034584950655698776,0.5303069949150085
0.11531379818916321,0.0283211637288332,0.01979447342455387,0.5333697199821472,0.2837604284286499,0.010866835713386536,0.008573539555072784
