anger,disgust,fear,joy,neutral,sadness,surprise
0.007746733725070953,0.005156685598194599,0.03518819808959961,0.2474418729543686,0.6320894360542297,0.022734031081199646,0.04964298754930496
0.007967333309352398,0.029633870348334312,0.5478030443191528,0.03965532407164574,0.1345151960849762,0.01230313815176487,0.2281220555305481
0.08046584576368332,0.016360217705368996,0.735819399356842,0.003195174504071474,0.12589260935783386,0.007842334918677807,0.030424445867538452
0.005740414373576641,0.004241593647748232,0.02891445718705654,0.7225819826126099,0.20560742914676666,0.0058161672204732895,0.02709793485701084
0.02364582009613514,0.04104059562087059,0.006892286706715822,0.35561737418174744,0.54706209897995,0.019974729046225548,0.005767094902694225
0.20512744784355164,0.5850046277046204,0.018380217254161835,0.010688749141991138,0.1618146449327469,0.01685844548046589,0.002125921193510294
0.05070722475647926,0.24660716950893402,0.009253025986254215,0.3607061803340912,0.28610658645629883,0.011123288422822952,0.03549656271934509
0.026754403486847878,0.12931124866008759,0.3474094867706299,0.0055951206013560295,0.13729546964168549,0.04098019003868103,0.3126540184020996
0.022291449829936028,0.930088222026825,0.008639390580356121,0.0007351195090450346,0.018497273325920105,0.017864210531115532,0.001884346711449325
0.039852745831012726,0.013797265477478504,0.34403032064437866,0.010793342255055904,0.4722751975059509,0.03497545048594475,0.08427561074495316
0.005523602478206158,0.011110949330031872,0.037223074585199356,0.004007016308605671,0.10919903963804245,0.7880278825759888,0.04490843787789345
0.06278052181005478,0.3960438072681427,0.3465428948402405,0.0023354697041213512,0.07342318445444107,0.11504490673542023,0.003829063381999731
0.8239744901657104,0.09538082778453827,0.01183241605758667,0.000807468022685498,0.016468007117509842,0.050425805151462555,0.0011110745836049318
0.08426336199045181,0.013012179173529148,0.8120166659355164,0.0023724061902612448,0.06420658528804779,0.01361754909157753,0.010511262342333794
0.3126083314418793,0.36204230785369873,0.08133713155984879,0.0016001102048903704,0.11089885979890823,0.12618769705295563,0.005325494799762964
0.2083863914012909,0.40385109186172485,0.3220330774784088,0.0021139897871762514,0.03380458056926727,0.024838829413056374,0.004972068592905998
