anger,disgust,fear,joy,neutral,sadness,surprise
0.8663738965988159,0.014437382109463215,0.006214120890945196,0.002416570670902729,0.06907298415899277,0.02062642201781273,0.02085864171385765
0.04749220237135887,0.027354564517736435,0.007682831957936287,0.009375524707138538,0.8404651880264282,0.052753906697034836,0.01487584225833416
0.010953634977340698,0.004246460273861885,0.002142770681530237,0.02643904648721218,0.9377056956291199,0.012077120132744312,0.006435266695916653
0.014924628660082817,0.0022313932422548532,0.002615198725834489,0.1224253848195076,0.7052715420722961,0.003408535150811076,0.1491233855485916
0.6349853277206421,0.1293548345565796,0.019002508372068405,0.008246708661317825,0.19313248991966248,0.010302701033651829,0.004975358955562115
0.007501707412302494,0.05525821074843407,0.005650049075484276,0.022496206685900688,0.4611752927303314,0.3641987442970276,0.08371977508068085
0.11284139007329941,0.3278404772281647,0.025108670815825462,0.0032245120964944363,0.40070921182632446,0.12640461325645447,0.003871059976518154
0.7775127291679382,0.054592471569776535,0.003600062569603324,0.009458980523049831,0.12979111075401306,0.02270570583641529,0.0023389512207359076
0.009146896190941334,0.015159882605075836,0.015870172530412674,0.011491826735436916,0.621148943901062,0.008733761496841908,0.3184484839439392
0.0070305499248206615,0.009198872372508049,0.001665404881350696,0.33303287625312805,0.5128852725028992,0.08733544498682022,0.04885156452655792
0.008167661726474762,0.0399337038397789,0.01707301288843155,0.053383346647024155,0.12248111516237259,0.7553564310073853,0.0036046782042831182
0.036597348749637604,0.12314705550670624,0.09967416524887085,0.004367964342236519,0.2363937646150589,0.4821411967277527,0.01767847314476967
0.006988123059272766,0.015389005653560162,0.003691478166729212,0.41750672459602356,0.4800167679786682,0.06879518926143646,0.007612620946019888
