anger,disgust,fear,joy,neutral,sadness,surprise
0.012101912871003151,0.08364630490541458,0.005382945761084557,0.7916139364242554,0.037923090159893036,0.06422052532434464,0.005111231468617916
0.013456249609589577,0.012954430654644966,0.007699743844568729,0.01372682023793459,0.9371329545974731,0.009415822103619576,0.005614042282104492
0.009861147031188011,0.0017350115813314915,0.010047119110822678,0.21352878212928772,0.048304930329322815,0.07483610510826111,0.6416869759559631
0.027087656781077385,0.11557823419570923,0.005270910449326038,0.016519805416464806,0.021648822352290154,0.8108504414558411,0.0030441300477832556
0.04430307820439339,0.030811011791229248,0.01548925694078207,0.02049317955970764,0.7626556158065796,0.11020827293395996,0.01603950932621956
0.02406083047389984,0.8481892943382263,0.012404474429786205,0.0019998422358185053,0.0583992563188076,0.0475994348526001,0.007347024977207184
0.5037024021148682,0.2699776291847229,0.007437468972057104,0.0027405782602727413,0.1050645038485527,0.10176513344049454,0.009312313981354237
0.016632383689284325,0.22237952053546906,0.024850301444530487,0.009966119192540646,0.1075141504406929,0.6143216490745544,0.004335877485573292
0.0355418361723423,0.1387186199426651,0.004836857784539461,0.00895688310265541,0.023353420197963715,0.786223828792572,0.002368499059230089
