anger,disgust,fear,joy,neutral,sadness,surprise
0.004414730705320835,0.0018456852994859219,0.0007403399795293808,0.9468325972557068,0.026142586022615433,0.0042604743503034115,0.01576365903019905
0.00598318362608552,0.006181534845381975,0.002564764814451337,0.07768680900335312,0.7489836812019348,0.028518378734588623,0.13008172810077667
0.10871109366416931,0.007548815570771694,0.8641303777694702,0.0007791597163304687,0.008124844171106815,0.0062476592138409615,0.004457986447960138
0.131643608212471,0.016834331676363945,0.05919049307703972,0.11823511868715286,0.6490010023117065,0.016207611188292503,0.008887807838618755
0.047609664499759674,0.00483103608712554,0.9181836247444153,0.00477093830704689,0.013807110488414764,0.009034102782607079,0.0017635815311223269
0.2010958194732666,0.22150909900665283,0.033049240708351135,0.006285747047513723,0.3028053939342499,0.03132446110248566,0.2039303183555603
0.04693293198943138,0.11518774181604385,0.07104865461587906,0.007831440307199955,0.6293186545372009,0.11576724052429199,0.013913290575146675
0.017539646476507187,0.05200386047363281,0.02458503097295761,0.004593424033373594,0.8746357560157776,0.018999982625246048,0.0076423222199082375
0.9632998704910278,0.005916163325309753,0.013560778461396694,0.0006516576395370066,0.012250486761331558,0.00280429283156991,0.0015167187666520476
0.08371938019990921,0.016691898927092552,0.06603784114122391,0.012002522125840187,0.4617388844490051,0.30692651867866516,0.05288286879658699
0.03341761603951454,0.010187608189880848,0.005724903661757708,0.002797388471662998,0.9241989254951477,0.015597344376146793,0.008076269179582596
0.01007173303514719,0.004318867344409227,0.003657374996691942,0.12898758053779602,0.8295637965202332,0.004704596009105444,0.018696056678891182
0.7991511225700378,0.04832317680120468,0.06381820142269135,0.001419003470800817,0.0452156588435173,0.03780697286128998,0.004265904426574707
0.010677975602447987,0.23426760733127594,0.011841165833175182,0.00846423115581274,0.3584737181663513,0.371293306350708,0.004981979727745056
0.043045684695243835,0.011811903677880764,0.02112998627126217,0.03818134963512421,0.8575872182846069,0.010078500024974346,0.018165361136198044
0.055224258452653885,0.020730718970298767,0.05600966513156891,0.008820691145956516,0.8093006014823914,0.01019799243658781,0.039716050028800964
0.24260519444942474,0.4862460494041443,0.09383882582187653,0.0024657396133989096,0.11826600879430771,0.04407356306910515,0.01250471267849207
0.004522799514234066,0.009393478743731976,0.0011770230485126376,0.6602073907852173,0.24406710267066956,0.07314372807741165,0.007488434202969074
0.21616843342781067,0.23836201429367065,0.0077776662074029446,0.005230001173913479,0.5085845589637756,0.017758501693606377,0.006118813529610634
