anger,disgust,fear,joy,neutral,sadness,surprise
0.023389063775539398,0.08657651394605637,0.49576643109321594,0.009124619886279106,0.12278725951910019,0.24697507917881012,0.015380948781967163
0.2826694846153259,0.6603023409843445,0.0029488345608115196,0.002376827411353588,0.04126238077878952,0.008973286487162113,0.0014668339863419533
0.07913655787706375,0.7655042409896851,0.007532193791121244,0.006253950297832489,0.12718921899795532,0.01160398032516241,0.0027798351366072893
0.12019640952348709,0.8277068734169006,0.012943321838974953,0.0019317676778882742,0.02979077585041523,0.006224954966455698,0.001206077984534204
0.011837057769298553,0.013878573663532734,0.003935188055038452,0.009995469823479652,0.9367957711219788,0.005266467109322548,0.018291445448994637
0.04709876328706741,0.9052138924598694,0.010405917651951313,0.0006958236335776746,0.02612830139696598,0.004377179779112339,0.00608003418892622
0.1490156650543213,0.7265303730964661,0.02717517875134945,0.001406162977218628,0.06998790800571442,0.022414902225136757,0.003469786373898387
0.0491311140358448,0.8244638442993164,0.03380917012691498,0.0032860522624105215,0.06369730830192566,0.017500068992376328,0.00811231229454279
0.03425487130880356,0.03241784870624542,0.004917882848531008,0.07217980921268463,0.8279157280921936,0.020614489912986755,0.007699270267039537
0.00768981734290719,0.127294659614563,0.7973794937133789,0.0026125735603272915,0.041206493973731995,0.005864806938916445,0.01795223355293274
0.773758053779602,0.17321835458278656,0.002856457605957985,0.001371367136016488,0.03440183028578758,0.012202979996800423,0.0021909698843955994
0.22090137004852295,0.6335442066192627,0.010864333249628544,0.0013750309590250254,0.11476875096559525,0.014017987065017223,0.004528353456407785
0.0009842775762081146,0.0028681298717856407,0.0022772743832319975,0.003998264204710722,0.010644273832440376,0.976443350315094,0.0027844663709402084
