anger,disgust,fear,joy,neutral,sadness,surprise
0.6496834754943848,0.31794118881225586,0.008851250633597374,0.0032350446563214064,0.015253262594342232,0.0034706764854490757,0.0015650697750970721
0.018183981999754906,0.31018057465553284,0.0038317572325468063,0.017456568777561188,0.637719452381134,0.0031810086220502853,0.009446730837225914
0.005980422720313072,0.0069369785487651825,0.007180689834058285,0.018698694184422493,0.9165435433387756,0.020880067721009254,0.023779524490237236
0.036573998630046844,0.32769083976745605,0.0988244116306305,0.009642177261412144,0.08722591400146484,0.436951220035553,0.0030914589297026396
0.031462617218494415,0.1588931828737259,0.008006712421774864,0.03537609055638313,0.7308371067047119,0.022251110523939133,0.013173201121389866
0.005505163688212633,0.009578385390341282,0.0015726267592981458,0.016626769676804543,0.9533762335777283,0.004036006052047014,0.009304838255047798
0.012853821739554405,0.025598278269171715,0.0012874623062089086,0.01135425828397274,0.9359102845191956,0.0026180949062108994,0.010377821512520313
0.04709642753005028,0.038604483008384705,0.01933668926358223,0.303972989320755,0.5207672119140625,0.012373910285532475,0.05784834176301956
0.5241089463233948,0.11432680487632751,0.004320693667978048,0.010981030762195587,0.11333891749382019,0.19891123473644257,0.034012336283922195
0.35396918654441833,0.2799331247806549,0.017732711508870125,0.007967643439769745,0.10966398566961288,0.005308917257934809,0.22542449831962585
0.04402725771069527,0.047980159521102905,0.00524205481633544,0.015048114582896233,0.8375394344329834,0.023833055049180984,0.02632981166243553
0.2912609875202179,0.07510262727737427,0.0643930584192276,0.07167106121778488,0.11612662672996521,0.014370891265571117,0.36707475781440735
0.02610033005475998,0.0789693221449852,0.19011646509170532,0.03180854767560959,0.5015798211097717,0.01089771930128336,0.160527765750885
0.011009648442268372,0.09699971973896027,0.02554289996623993,0.2508465647697449,0.5555480718612671,0.020458828657865524,0.03959421068429947
0.06539113819599152,0.19512416422367096,0.020453277975320816,0.06682520359754562,0.6307284832000732,0.014294852502644062,0.0071828532963991165
0.018268749117851257,0.4658704102039337,0.0076498063281178474,0.005528128705918789,0.4634076952934265,0.013120302930474281,0.02615494653582573
0.0690847858786583,0.1844504326581955,0.001925752847455442,0.007697866763919592,0.6187575459480286,0.04798829182982445,0.07009529322385788
0.325135201215744,0.2888141870498657,0.1601332277059555,0.0034878654405474663,0.19257545471191406,0.017679309472441673,0.01217476837337017
0.0234157033264637,0.06663739681243896,0.0017739541362971067,0.021439747884869576,0.023421231657266617,0.8580520153045654,0.005259918514639139
0.005655731074512005,0.005613942164927721,0.0011242750333622098,0.0027036936953663826,0.01333377230912447,0.9658469557762146,0.005721588619053364
0.07004320621490479,0.21333149075508118,0.004478255286812782,0.0020798570476472378,0.04101051017642021,0.6660647988319397,0.0029918537475168705
0.9586232304573059,0.026913302019238472,0.002124289982020855,0.0005981752183288336,0.007714063860476017,0.0022537894546985626,0.001773199299350381
0.662696361541748,0.03352716565132141,0.005934188608080149,0.01706639677286148,0.2065531611442566,0.00898068305104971,0.06524192541837692
0.03729747608304024,0.057643823325634,0.009096404537558556,0.008527490310370922,0.5197617411613464,0.009571735747158527,0.35810136795043945
0.014835206791758537,0.023360399529337883,0.0017068036831915379,0.8591688871383667,0.09106895327568054,0.004629867151379585,0.005229874048382044
0.005231507122516632,0.005165516398847103,0.0020343116484582424,0.012088761664927006,0.04600340873003006,0.9250231981277466,0.004453263711184263
0.5069106817245483,0.0035210908390581608,0.41936957836151123,0.007476415950804949,0.02409619837999344,0.030067220330238342,0.008558838628232479
0.00959800835698843,0.021373478695750237,0.937102735042572,0.0010245023295283318,0.012905840761959553,0.0023305874783545732,0.01566489040851593
0.004380499478429556,0.0015324706910178065,0.0010410250397399068,0.011280274018645287,0.012954240664839745,0.002493372419849038,0.9663181900978088
