anger,disgust,fear,joy,neutral,sadness,surprise
0.02140897884964943,0.0034812281373888254,0.9591889381408691,0.0006279144436120987,0.0021646732930094004,0.008840689435601234,0.004287663847208023
0.048005856573581696,0.006321103777736425,0.5064117908477783,0.006726621184498072,0.1981143355369568,0.11941338330507278,0.11500692367553711
0.012772885151207447,0.5875328183174133,0.20215153694152832,0.0030859264079481363,0.08346208930015564,0.004526629578322172,0.1064680889248848
0.011591492220759392,0.006074011325836182,0.027835730463266373,0.13679930567741394,0.41782936453819275,0.37267905473709106,0.027191003784537315
0.3101511597633362,0.09170369058847427,0.009015905670821667,0.0025596346240490675,0.0999549999833107,0.48006340861320496,0.006551171652972698
0.03650645166635513,0.011722547002136707,0.03933382406830788,0.0019586514681577682,0.2750902771949768,0.6160523295402527,0.01933586224913597
0.02952524647116661,0.06922738999128342,0.031535618007183075,0.003926627337932587,0.5772726535797119,0.2833048701286316,0.005207629408687353
0.021768182516098022,0.02313362993299961,0.04036863520741463,0.004138872493058443,0.5729312300682068,0.31454944610595703,0.023110028356313705
0.006950377486646175,0.007905219681560993,0.0031150125432759523,0.023944580927491188,0.9399726986885071,0.003080167807638645,0.015031971037387848
0.011273195967078209,0.006986548658460379,0.004199353978037834,0.11774717271327972,0.8370444774627686,0.007259521167725325,0.01548971887677908
0.022252604365348816,0.7670904397964478,0.010794566944241524,0.003415564773604274,0.1620175689458847,0.01772976480424404,0.016699569299817085
0.016716383397579193,0.022462517023086548,0.04403592273592949,0.05674174427986145,0.8296806216239929,0.011323011480271816,0.019039761275053024
0.04568006843328476,0.07601509243249893,0.028510402888059616,0.0025219053495675325,0.6943575739860535,0.1457306146621704,0.007184332236647606
0.12998861074447632,0.03191424906253815,0.4486852288246155,0.05822394788265228,0.2671665847301483,0.04498375579714775,0.01903756521642208
0.009455516934394836,0.11245235800743103,0.007086851168423891,0.02782275527715683,0.8175501823425293,0.007759618107229471,0.017872657626867294
0.42170923948287964,0.19556789100170135,0.02039288729429245,0.0041700247675180435,0.285783052444458,0.025316117331385612,0.047060757875442505
0.1302860826253891,0.37757501006126404,0.04627427086234093,0.00493836821988225,0.36301499605178833,0.0707477480173111,0.007163508329540491
0.14746880531311035,0.6880227327346802,0.0314154326915741,0.001174103352241218,0.07702498883008957,0.01852431707084179,0.03636956214904785
0.005321338772773743,0.9735518097877502,0.0046446723863482475,0.000337833451339975,0.011474644765257835,0.0031461315229535103,0.0015235744649544358
0.09286268055438995,0.2131151407957077,0.13907285034656525,0.0024560284800827503,0.06494046747684479,0.47917646169662476,0.008376410230994225
0.08480323106050491,0.06813690811395645,0.20616959035396576,0.004791988525539637,0.5459543466567993,0.07834003120660782,0.011803971603512764
0.019847197458148003,0.057034801691770554,0.7043774724006653,0.0013328081695362926,0.0732257142663002,0.1083756536245346,0.035806383937597275
0.05789542943239212,0.6047294735908508,0.03827166557312012,0.001339202281087637,0.221961110830307,0.03883776068687439,0.03696534410119057
0.7152757048606873,0.07849167287349701,0.12873397767543793,0.002192552899941802,0.06575759500265121,0.0053150770254433155,0.004233424551784992
0.008465630933642387,0.012002221308648586,0.008374235592782497,0.012820732779800892,0.9405041933059692,0.009495879523456097,0.008337129838764668
0.0664958730340004,0.15241529047489166,0.04825761169195175,0.003952402621507645,0.2609120309352875,0.42759206891059875,0.0403747484087944
0.38999542593955994,0.5481555461883545,0.029109563678503036,0.0010986501583829522,0.018483882769942284,0.008272482082247734,0.0048845126293599606
0.007634163834154606,0.0745372474193573,0.005304024089127779,0.01166598778218031,0.6790225505828857,0.21198666095733643,0.009849319234490395
0.10313791036605835,0.11530554294586182,0.008798914961516857,0.0018825752194970846,0.7510892748832703,0.01329280249774456,0.006492914166301489
0.3104192018508911,0.10334452986717224,0.4939945936203003,0.0015797615051269531,0.039613112807273865,0.026051713153719902,0.024997111409902573
0.024329539388418198,0.16991417109966278,0.012434587813913822,0.0030884332954883575,0.7555489540100098,0.015093892812728882,0.019590415060520172
0.008592591620981693,0.03175295889377594,0.011356244795024395,0.004290485754609108,0.7546050548553467,0.03130659461021423,0.15809611976146698
0.03410448879003525,0.22625179588794708,0.0439487062394619,0.002799632493406534,0.4605597257614136,0.1899256706237793,0.04240994527935982
0.4661412537097931,0.3622720241546631,0.023970793932676315,0.0016507607651874423,0.13021577894687653,0.01258646510541439,0.003162911394611001
0.12674233317375183,0.8333117961883545,0.009487530216574669,0.0006235727923922241,0.02104836329817772,0.006935700308531523,0.001850812346674502
0.016148146241903305,0.03994985669851303,0.009730012156069279,0.010859986767172813,0.7473878264427185,0.14118973910808563,0.034734368324279785
0.09128059446811676,0.04633089527487755,0.6431300044059753,0.006028029602020979,0.13104815781116486,0.03448933735489845,0.047692976891994476
0.110477976500988,0.06010325253009796,0.006906656548380852,0.004758333787322044,0.7249098420143127,0.08221357315778732,0.010630352422595024
0.16580697894096375,0.37584349513053894,0.016314847394824028,0.005284247454255819,0.4206943213939667,0.007583963219076395,0.008472017012536526
0.025498831644654274,0.9374634027481079,0.010660634376108646,0.00043824673048220575,0.013920415192842484,0.009254095144569874,0.0027644052170217037
0.007062729448080063,0.003992252051830292,0.00673199025914073,0.004193887580186129,0.9645610451698303,0.006286480464041233,0.007171721197664738
0.08163299411535263,0.7325564622879028,0.021081283688545227,0.002734036883339286,0.15195384621620178,0.0057226005010306835,0.004318768158555031
0.0781899243593216,0.5657439827919006,0.009799811989068985,0.0019366698106750846,0.3249033987522125,0.015485072508454323,0.003941210452467203
0.5509516000747681,0.333957314491272,0.017336666584014893,0.0015399011317640543,0.07653035968542099,0.016180021688342094,0.0035041924566030502
0.16999551653862,0.012686779722571373,0.35304006934165955,0.0036062048748135567,0.20499269664287567,0.024087300524115562,0.23159143328666687
0.27923768758773804,0.2048976570367813,0.06862783432006836,0.002314882120117545,0.2720792293548584,0.028850944712758064,0.14399173855781555
0.3798413574695587,0.06035295128822327,0.17786629498004913,0.006101355422288179,0.3490542471408844,0.02377147600054741,0.003012321190908551
0.1115371584892273,0.2142903208732605,0.03562310338020325,0.007794470060616732,0.6044788360595703,0.012445722706615925,0.013830271549522877
0.06655165553092957,0.3005501925945282,0.00876974780112505,0.0027527918573468924,0.5453923940658569,0.04093500226736069,0.03504819795489311
0.04329945147037506,0.6993167400360107,0.019382698461413383,0.0021791993640363216,0.09168267995119095,0.1295391172170639,0.014600060880184174
0.07163204997777939,0.06549528986215591,0.4143884479999542,0.0036593845579773188,0.3927655816078186,0.0362887904047966,0.015770431607961655
0.06901983171701431,0.035105783492326736,0.047947973012924194,0.20766299962997437,0.6019511818885803,0.008981401100754738,0.029330790042877197
0.11515964567661285,0.6834703683853149,0.049645476043224335,0.0019049588590860367,0.11650974303483963,0.009001617319881916,0.024308141320943832
0.5908187627792358,0.15951615571975708,0.08769358694553375,0.0021730083972215652,0.018830621615052223,0.11110706627368927,0.02986082248389721
0.03814806789159775,0.393811970949173,0.0437692292034626,0.014684149995446205,0.46224695444107056,0.03878503665328026,0.008554551750421524
