anger,disgust,fear,joy,neutral,sadness,surprise
0.007442063186317682,0.007253777701407671,0.012660897336900234,0.015332804061472416,0.9122077822685242,0.010025710798799992,0.03507695347070694
0.04498125612735748,0.018616333603858948,0.0033211756963282824,0.09962520748376846,0.4122314155101776,0.41702789068222046,0.004196712747216225
0.2158019244670868,0.15989211201667786,0.030222412198781967,0.1338289976119995,0.4428991377353668,0.012744933366775513,0.004610489122569561
0.09863731265068054,0.07802579551935196,0.19833199679851532,0.02575911395251751,0.5230898857116699,0.07121259719133377,0.004943318199366331
0.10916134715080261,0.0829780250787735,0.017787782475352287,0.0018913483945652843,0.7690748572349548,0.008696217089891434,0.010410385206341743
0.18353904783725739,0.11097437888383865,0.3283401429653168,0.016220582649111748,0.2752384841442108,0.046614985913038254,0.03907235339283943
0.005133918486535549,0.002560590161010623,0.0042052483186125755,0.001599105424247682,0.007162368390709162,0.0008989060879684985,0.9784398674964905
0.4578864872455597,0.38744667172431946,0.02096874825656414,0.0008180621080100536,0.09325139224529266,0.03620770946145058,0.0034209066070616245
0.008264213800430298,0.005081608891487122,0.9600343108177185,0.0010134540498256683,0.013891690410673618,0.009967165999114513,0.0017477120272815228
