anger,disgust,fear,joy,neutral,sadness,surprise
0.02088472619652748,0.009984012693166733,0.07492054253816605,0.10642480850219727,0.6103785634040833,0.021555153653025627,0.15585218369960785
0.32496756315231323,0.21740321815013885,0.1943613588809967,0.0037893280386924744,0.22969314455986023,0.011209998279809952,0.018575355410575867
0.008258023299276829,0.008274396881461143,0.054825324565172195,0.07305250316858292,0.5598691701889038,0.2530761659145355,0.04264434054493904
0.06914646923542023,0.020146774128079414,0.0305133368819952,0.004923665430396795,0.8581560850143433,0.010721800848841667,0.006391914561390877
0.05226290971040726,0.62789386510849,0.011165425181388855,0.007909526117146015,0.2823556661605835,0.01605943962931633,0.0023530484177172184
0.12622301280498505,0.144001305103302,0.08595957607030869,0.006047740112990141,0.5930712819099426,0.038823843002319336,0.005873205605894327
0.7507987022399902,0.19502876698970795,0.004352306481450796,0.001715988852083683,0.04225826635956764,0.004626410081982613,0.0012195641174912453
0.1497882604598999,0.47092121839523315,0.006797908339649439,0.002391921589151025,0.30292871594429016,0.0631261095404625,0.0040458678267896175
0.02529904432594776,0.025419609621167183,0.03562713414430618,0.008997217752039433,0.8610279560089111,0.035144127905368805,0.00848489347845316
0.009698259644210339,0.0136690903455019,0.0036205460783094168,0.0200506579130888,0.7997391819953918,0.0041531785391271114,0.14906913042068481
0.03958556428551674,0.01705653965473175,0.18282733857631683,0.005047492682933807,0.7026360630989075,0.015012897551059723,0.037834104150533676
0.00589043227955699,0.004188732244074345,0.007468667812645435,0.011930572800338268,0.8252198100090027,0.005805531516671181,0.13949620723724365
0.48741498589515686,0.03872188553214073,0.030947918072342873,0.006517923902720213,0.42017117142677307,0.011806335300207138,0.004419810138642788
0.006230978760868311,0.004373864270746708,0.0024681196082383394,0.09567012637853622,0.8443235754966736,0.01055717933923006,0.036376189440488815
0.6007677316665649,0.315064936876297,0.0465892069041729,0.0008914069621823728,0.010527744889259338,0.018234090879559517,0.007924902252852917
0.0238193292170763,0.006711106281727552,0.1273193061351776,0.02147488109767437,0.7865699529647827,0.021029917523264885,0.01307546254247427
0.013150525279343128,0.009044823236763477,0.0048353467136621475,0.0032751793041825294,0.03215330094099045,0.9365978837013245,0.0009429075289517641
0.015749333426356316,0.029659029096364975,0.007937835529446602,0.023919545114040375,0.899820864200592,0.007813727483153343,0.015099624171853065
0.10843995213508606,0.32111790776252747,0.015466058626770973,0.036987558007240295,0.42266160249710083,0.09206880629062653,0.003257990116253495
0.05273362249135971,0.040317609906196594,0.0057278783060610294,0.07954621315002441,0.6408912539482117,0.17328909039497375,0.007494413293898106
