anger,disgust,fear,joy,neutral,sadness,surprise
0.007295358460396528,0.010541289113461971,0.0422806516289711,0.06114034354686737,0.7609833478927612,0.0036898378748446703,0.11406920105218887
0.00637480104342103,0.016533123329281807,0.003543813480064273,0.004805492702871561,0.9438198804855347,0.010422950610518456,0.014499995857477188
0.009987976402044296,0.08629158139228821,0.0029873622115701437,0.14113178849220276,0.7444871664047241,0.008264094591140747,0.006850104313343763
0.015717174857854843,0.12525981664657593,0.008849666453897953,0.0015276793856173754,0.036055948585271835,0.8101487159729004,0.0024410290643572807
0.005423380993306637,0.005884694866836071,0.0038317081052809954,0.735669732093811,0.21938632428646088,0.0211986992508173,0.00860554352402687
0.40143918991088867,0.3429991900920868,0.011707216501235962,0.002623626496642828,0.11827661842107773,0.1194770485162735,0.003477174323052168
0.005955797154456377,0.052129946649074554,0.005927699618041515,0.0030838155653327703,0.11865092813968658,0.810845136642456,0.0034067293163388968
0.019823357462882996,0.10519421100616455,0.022462280467152596,0.007641355507075787,0.8287290930747986,0.00628048088401556,0.009869188070297241
0.0048636216670274734,0.003527199849486351,0.0014090599725022912,0.0087185213342309,0.9500992894172668,0.007554234005510807,0.023827986791729927
0.901310920715332,0.049786318093538284,0.008808990009129047,0.0010286595206707716,0.029952289536595345,0.00713093439117074,0.001981927314773202
0.5174736976623535,0.4025377035140991,0.0054401797242462635,0.0014390569413080812,0.05972099304199219,0.008645436726510525,0.00474284403026104
0.022877337411046028,0.04270649328827858,0.8128015398979187,0.0022295601665973663,0.09460858255624771,0.020481042563915253,0.004295524675399065
0.08924689888954163,0.5784253478050232,0.013359462842345238,0.0012062403839081526,0.2940847873687744,0.020874299108982086,0.0028030958492308855
0.1559523493051529,0.7103980183601379,0.01726442016661167,0.0015737354988232255,0.01944705657660961,0.09462960809469223,0.0007348314975388348
0.058334168046712875,0.011859187856316566,0.18184371292591095,0.0029405171517282724,0.042235758155584335,0.7002672553062439,0.002519401954486966
0.059630606323480606,0.2617705166339874,0.2253226786851883,0.002222021808847785,0.13530012965202332,0.3091295063495636,0.00662460271269083
0.011452636681497097,0.2577160894870758,0.04550793394446373,0.008104351349174976,0.28400546312332153,0.38804975152015686,0.0051637995056807995
0.3886391520500183,0.4261902868747711,0.010399148799479008,0.007333680521696806,0.1410605013370514,0.022092660889029503,0.0042845201678574085
0.027663014829158783,0.03346346691250801,0.06930586695671082,0.01021544449031353,0.6170636415481567,0.032249536365270615,0.21003903448581696
0.004731568042188883,0.014583119191229343,0.003298654220998287,0.02690075896680355,0.8855791091918945,0.011307737790048122,0.053599052131175995
0.9064289331436157,0.050223976373672485,0.006643577478826046,0.0005464163841679692,0.0222628116607666,0.012417145073413849,0.0014772018184885383
0.006519297603517771,0.010542544536292553,0.008720016106963158,0.010057804174721241,0.9377695322036743,0.01296125166118145,0.013429507613182068
0.0037203016690909863,0.016853811219334602,0.002157374285161495,0.6808264851570129,0.27860328555107117,0.0036809146404266357,0.014157832600176334
0.013284889049828053,0.9275466799736023,0.0053503625094890594,0.0029799039475619793,0.04679667949676514,0.002207099460065365,0.0018342466792091727
0.46180325746536255,0.3541741669178009,0.032588619738817215,0.0018741694511845708,0.1077847108244896,0.006823255214840174,0.03495185822248459
0.06287617236375809,0.04979480430483818,0.777289092540741,0.0019954475574195385,0.07194509357213974,0.00573003338649869,0.030369456857442856
0.020165638998150826,0.030925437808036804,0.9281917214393616,0.0007787270005792379,0.007093464490026236,0.005499626509845257,0.007345275487750769
0.09629055112600327,0.08314276486635208,0.0064375498332083225,0.04654305800795555,0.7517905235290527,0.014277184382081032,0.0015184578951448202
0.008387348614633083,0.08883899450302124,0.1472453474998474,0.0027027600444853306,0.11718779057264328,0.5774478316307068,0.05818992480635643
0.011307611130177975,0.009480115957558155,0.015099816024303436,0.033473167568445206,0.9045282602310181,0.019081076607108116,0.007029946427792311
0.004210467450320721,0.004495558794587851,0.007315386552363634,0.001577254617586732,0.012252556160092354,0.04319683462381363,0.9269518852233887
0.012837574817240238,0.040304623544216156,0.038417939096689224,0.003653377527371049,0.8813314437866211,0.008419769816100597,0.015035365708172321
0.008811612613499165,0.0885380208492279,0.01535847969353199,0.005648239515721798,0.8492021560668945,0.015777625143527985,0.016663897782564163
0.014360781759023666,0.07959722727537155,0.004816944245249033,0.04756569862365723,0.731323778629303,0.11848250031471252,0.0038530004676431417
0.06523046642541885,0.8451188802719116,0.02518153190612793,0.0007277099066413939,0.04220839962363243,0.012815849855542183,0.008717275224626064
