anger,disgust,fear,joy,neutral,sadness,surprise
0.007836376316845417,0.5900935530662537,0.09483460336923599,0.1779855340719223,0.10033369064331055,0.023452378809452057,0.005463883280754089
0.17192889750003815,0.31453076004981995,0.003149184864014387,0.32859212160110474,0.14993757009506226,0.02814696542918682,0.0037145125679671764
0.011559821665287018,0.8280999064445496,0.003102331655099988,0.0026990072801709175,0.0444873571395874,0.10679812729358673,0.003253526519984007
0.08934401720762253,0.1148293986916542,0.15457893908023834,0.007944587618112564,0.5348801016807556,0.07344728708267212,0.024975711479783058
0.031055515632033348,0.03337099030613899,0.018030675128102303,0.017927996814250946,0.19409431517124176,0.004641768056899309,0.7008787393569946
0.18099723756313324,0.06563490629196167,0.5955502390861511,0.003996795043349266,0.08693090826272964,0.038598112761974335,0.028291787952184677
0.05207318067550659,0.45858466625213623,0.008743946440517902,0.0011943653225898743,0.05786465108394623,0.40818271040916443,0.013356396928429604
0.01163412630558014,0.009823189117014408,0.006446835584938526,0.022238072007894516,0.2957943379878998,0.5287629961967468,0.12530045211315155
0.13554123044013977,0.7887551188468933,0.007209488190710545,0.0010762261226773262,0.03925711289048195,0.023017702624201775,0.005143125541508198
0.049699779599905014,0.9238075017929077,0.0013867269735783339,0.0023698383010923862,0.019437028095126152,0.0024377387017011642,0.0008614700636826456
0.06321781128644943,0.07905977219343185,0.5346338152885437,0.0035899190697818995,0.2786255180835724,0.011099060997366905,0.029774079099297523
0.010397438891232014,0.010685757733881474,0.019014433026313782,0.00975292269140482,0.9369388818740845,0.005277442745864391,0.007933142594993114
0.12317128479480743,0.644099235534668,0.04296501725912094,0.0028776931576430798,0.17440198361873627,0.008032706566154957,0.004452172666788101
0.06428166478872299,0.10959445685148239,0.052740514278411865,0.0038882701192051172,0.7428587079048157,0.012468583881855011,0.014167819172143936
0.36799636483192444,0.059502631425857544,0.09235735237598419,0.0042816572822630405,0.45123279094696045,0.021466391161084175,0.0031626918353140354
0.03172171115875244,0.051408879458904266,0.014512990601360798,0.0018887557089328766,0.8788243532180786,0.016518039628863335,0.005125315859913826
0.45461246371269226,0.02570430375635624,0.45888110995292664,0.001718557788990438,0.036544278264045715,0.009697004221379757,0.012842395342886448
0.037156302481889725,0.04332848638296127,0.04404326528310776,0.0014165312750265002,0.03311415761709213,0.8342245817184448,0.006716690957546234
0.062400076538324356,0.8209721446037292,0.036919672042131424,0.001136975479312241,0.022890053689479828,0.02344045601785183,0.03224065899848938
0.36095723509788513,0.5635970234870911,0.010796132497489452,0.0008675245335325599,0.019919464364647865,0.04179547727108002,0.002067252527922392
0.004711397457867861,0.02082858607172966,0.004798035137355328,0.04081084579229355,0.9054165482521057,0.009317445568740368,0.014117206446826458
0.04635939374566078,0.8526224493980408,0.02719128131866455,0.0020424197427928448,0.06404625624418259,0.0063797603361308575,0.0013584153493866324
0.0028597628697752953,0.005251388531178236,0.9691768884658813,0.001315179280936718,0.01518962811678648,0.0035406716633588076,0.0026665381155908108
0.08214704692363739,0.08338440954685211,0.08759759366512299,0.0021399674005806446,0.05394298583269119,0.6751502156257629,0.01563776470720768
0.028063520789146423,0.008806724101305008,0.0024363345000892878,0.011192365549504757,0.9421233534812927,0.0038569550961256027,0.0035207662731409073
0.06432672590017319,0.7186424136161804,0.03981760889291763,0.0025547207333147526,0.15922081470489502,0.009690087288618088,0.005747680552303791
0.10348980873823166,0.029875047504901886,0.09748338907957077,0.003036477603018284,0.09115198254585266,0.00642031105235219,0.6685429811477661
0.051353223621845245,0.17556613683700562,0.6883332133293152,0.002593577140942216,0.04697706922888756,0.020766127854585648,0.014410645700991154
0.03274493291974068,0.125987246632576,0.14177757501602173,0.006350778974592686,0.6646260619163513,0.018942764028906822,0.009570582769811153
0.03809893876314163,0.024493759498000145,0.010590950958430767,0.004421283025294542,0.885791540145874,0.03308044746518135,0.003523095976561308
0.47054606676101685,0.07511213421821594,0.3991820812225342,0.0022763863671571016,0.033801041543483734,0.014695381745696068,0.0043869623914361
0.03233267739415169,0.3818708658218384,0.04499208182096481,0.0010845676297321916,0.027307718992233276,0.5070936679840088,0.005318354349583387
0.3537992238998413,0.5769068598747253,0.042924683541059494,0.001781475031748414,0.018281834200024605,0.004647727590054274,0.0016581704840064049
0.05932307615876198,0.2715929448604584,0.01156584918498993,0.10806680470705032,0.4016249477863312,0.14497289061546326,0.002853391459211707
0.30103370547294617,0.055037252604961395,0.47003450989723206,0.004325341898947954,0.13742251694202423,0.024484863504767418,0.007661917246878147
0.5425386428833008,0.05670040100812912,0.033661697059869766,0.005499467719346285,0.09459292888641357,0.2641606330871582,0.002846247050911188
0.008870674297213554,0.034126993268728256,0.004156318958848715,0.17918582260608673,0.7550968527793884,0.014342219568789005,0.0042211636900901794
0.8242087364196777,0.05878851190209389,0.0023218635469675064,0.0019564374815672636,0.049690693616867065,0.0490228608250618,0.014010965824127197
0.2888578176498413,0.09600409865379333,0.5689807534217834,0.002934090793132782,0.03451021760702133,0.005442572291940451,0.003270472167059779
0.010091572068631649,0.05120779201388359,0.02877175435423851,0.005906308069825172,0.10682831704616547,0.7925341725349426,0.0046600583009421825
0.29188549518585205,0.10810679197311401,0.009778120554983616,0.003851063549518585,0.5658155083656311,0.012879438698291779,0.007683558389544487
0.005126971285790205,0.035945743322372437,0.009269255213439465,0.008077563717961311,0.9162217974662781,0.015902351588010788,0.009456384927034378
0.012615994550287724,0.011867040768265724,0.005561802536249161,0.00300223077647388,0.9270586371421814,0.006646564230322838,0.033247679471969604
0.125116229057312,0.5946168899536133,0.015847956761717796,0.0024980322923511267,0.24714508652687073,0.009473918937146664,0.005301921162754297
0.01069970428943634,0.011656448245048523,0.002066741930320859,0.07995227724313736,0.8496356010437012,0.02997843362390995,0.01601075939834118
0.22244402766227722,0.10525242984294891,0.04952627047896385,0.0032716444693505764,0.2342439889907837,0.3061479926109314,0.07911359518766403
0.006033794023096561,0.06132320314645767,0.013708100654184818,0.003556287381798029,0.22213909029960632,0.6867297291755676,0.006509851198643446
0.20217669010162354,0.17732401192188263,0.045745573937892914,0.003104057163000107,0.539137601852417,0.019846653565764427,0.01266542635858059
0.29987668991088867,0.05861150473356247,0.031438663601875305,0.001066022552549839,0.04520171135663986,0.5571447610855103,0.00666062394157052
0.027793174609541893,0.1116504892706871,0.080711230635643,0.01443448569625616,0.5325610637664795,0.2140698879957199,0.018779736012220383
0.25117433071136475,0.34563082456588745,0.005877198651432991,0.002048101741820574,0.3723013699054718,0.014103869907557964,0.008864175528287888
0.025769582018256187,0.042054954916238785,0.0009162615751847625,0.5349560379981995,0.3803042471408844,0.011529287323355675,0.004469596780836582
0.02133101224899292,0.18524211645126343,0.004295859951525927,0.013174932450056076,0.7352473735809326,0.028054166585206985,0.012654485180974007
0.12381654232740402,0.5334064960479736,0.03985029086470604,0.001666609081439674,0.12256353348493576,0.16656836867332458,0.01212809793651104
0.05177688226103783,0.16545893251895905,0.010006573051214218,0.0011289245449006557,0.031171200796961784,0.738103449344635,0.002354072406888008
0.0782904401421547,0.8321850895881653,0.07854999601840973,0.0007142518879845738,0.0028602243401110172,0.006079689133912325,0.0013201606925576925
0.08224797993898392,0.09109798818826675,0.2510692775249481,0.003809492103755474,0.20665600895881653,0.3567523658275604,0.00836690329015255
0.5540229082107544,0.0987415760755539,0.004810889717191458,0.0024894203525036573,0.06787201762199402,0.2695466876029968,0.0025164936669170856
0.008397785946726799,0.03571144491434097,0.00826201867312193,0.005420834757387638,0.9160916209220886,0.010072548873722553,0.01604374311864376
0.023488635197281837,0.09419812262058258,0.00356154702603817,0.013709806837141514,0.8510041236877441,0.0077413637191057205,0.006296397186815739
0.019544966518878937,0.26699161529541016,0.664811372756958,0.002377548720687628,0.03426389768719673,0.007311039138585329,0.004699517507106066
0.00617957441136241,0.031295593827962875,0.045279406011104584,0.0021504813339561224,0.047975193709135056,0.8533914685249329,0.013728288933634758
0.006526204291731119,0.07114282995462418,0.04822731763124466,0.013850287534296513,0.13260944187641144,0.6885392069816589,0.0391046442091465
0.008347448892891407,0.20071105659008026,0.0062719108536839485,0.0063678184524178505,0.1829686164855957,0.5835400223731995,0.011793168261647224
0.28756675124168396,0.6218345761299133,0.002993180649355054,0.0013363632606342435,0.07195122539997101,0.009586155414581299,0.004731741733849049
0.06372685730457306,0.6473572254180908,0.0358177050948143,0.004949439782649279,0.06808992475271225,0.08118937909603119,0.09886956214904785
0.00589341577142477,0.977363109588623,0.0013301742728799582,0.0003861455770675093,0.005344711244106293,0.008608479984104633,0.001073893392458558
0.03329179435968399,0.14328233897686005,0.019034119322896004,0.003441224340349436,0.31060826778411865,0.16379688680171967,0.3265453577041626
0.01292423065751791,0.08135849982500076,0.2934049367904663,0.010918797925114632,0.4942890405654907,0.07971952110528946,0.02738494612276554
0.09840066730976105,0.03202367201447487,0.3407658338546753,0.004469228442758322,0.04557333514094353,0.44862863421440125,0.030138637870550156
0.3356122076511383,0.3920018672943115,0.05418332293629646,0.0016005492070689797,0.15136635303497314,0.040181875228881836,0.025053905323147774
0.002099238568916917,0.006886197719722986,0.01840372011065483,0.001557171461172402,0.024302760139107704,0.9395036101341248,0.007247240748256445
0.011037053540349007,0.07702901214361191,0.011011442169547081,0.027475759387016296,0.8481276035308838,0.011923929676413536,0.013395268470048904
0.014507865533232689,0.9625809192657471,0.0017968934262171388,0.001556262606754899,0.015971029177308083,0.00288809509947896,0.0006989226676523685
0.024951810017228127,0.44841551780700684,0.08926905691623688,0.003631060943007469,0.30563628673553467,0.008466245606541634,0.11963001638650894
0.1448221206665039,0.041911445558071136,0.5164194107055664,0.0011383806122466922,0.008391392417252064,0.27675729990005493,0.01055997610092163
