anger,disgust,fear,joy,neutral,sadness,surprise
0.35289716720581055,0.3704564571380615,0.04275897517800331,0.0017006488051265478,0.01636294089257717,0.21128346025943756,0.004540321417152882
0.022880349308252335,0.010809900239109993,0.07277015596628189,0.1098787784576416,0.6432386636734009,0.0665624588727951,0.07385963946580887
0.0029892469756305218,0.009245527908205986,0.0011041972320526838,0.005507113412022591,0.9605053663253784,0.005401592701673508,0.015246931463479996
0.01838941127061844,0.316017746925354,0.011463083326816559,0.009416362270712852,0.6030809283256531,0.0222817063331604,0.019350789487361908
0.04902725666761398,0.9215143918991089,0.002197996247559786,0.0006021935259923339,0.01914118602871895,0.006534154061228037,0.0009827573085203767
0.1828097701072693,0.15484535694122314,0.014245584607124329,0.004641499370336533,0.30448785424232483,0.33443763852119446,0.004532257094979286
0.03458060324192047,0.3423216938972473,0.010344035923480988,0.0040857684798538685,0.5338684916496277,0.031000547111034393,0.0437987744808197
0.29918384552001953,0.15367311239242554,0.025456896051764488,0.10605401545763016,0.36093008518218994,0.03584131598472595,0.01886068284511566
0.26360228657722473,0.18035292625427246,0.31615567207336426,0.0026582181453704834,0.09322371333837509,0.11016721278429031,0.03384002298116684
0.23567995429039001,0.12217133492231369,0.02955140545964241,0.002256302395835519,0.4684790372848511,0.061699703335762024,0.08016226440668106
0.008861181326210499,0.02259371615946293,0.005922563374042511,0.6822077631950378,0.255825400352478,0.005147658754140139,0.019441744312644005
