anger,disgust,fear,joy,neutral,sadness,surprise
0.007439700420945883,0.021351460367441177,0.016029376536607742,0.3975396454334259,0.5177371501922607,0.009281786158680916,0.030620891600847244
0.0012099562445655465,0.004473479464650154,0.0016090931603685021,0.003934685606509447,0.011343469843268394,0.9741367101669312,0.003292524954304099
0.0026851247530430555,0.0391944944858551,0.0051880511455237865,0.0030085500329732895,0.026653023436665535,0.9195396304130554,0.0037310475017875433
0.0035322229377925396,0.0025361136067658663,0.017362091690301895,0.0018866019090637565,0.004908306058496237,0.0033694985322654247,0.9664050936698914
0.12846875190734863,0.18335945904254913,0.008388467133045197,0.07148436456918716,0.17329244315624237,0.4201716184616089,0.01483486220240593
0.5783023238182068,0.21558816730976105,0.006906879134476185,0.0032381676137447357,0.09955640882253647,0.09330125153064728,0.0031068879179656506
0.06855898350477219,0.10362257808446884,0.11129243671894073,0.01390424557030201,0.28941941261291504,0.41038450598716736,0.0028177564963698387
0.8980333805084229,0.02772914618253708,0.0027528118807822466,0.001643072348088026,0.054306671023368835,0.010454676114022732,0.0050803665071725845
0.014120802283287048,0.04232550039887428,0.0093279629945755,0.6341850757598877,0.26830238103866577,0.022477129474282265,0.009261080995202065
