anger,disgust,fear,joy,neutral,sadness,surprise
0.002653379226103425,0.0020533218048512936,0.0024629253894090652,0.9453039169311523,0.014361834153532982,0.002378176897764206,0.030786436051130295
0.019603710621595383,0.8743978142738342,0.018373889848589897,0.000866271904669702,0.07190417498350143,0.008873001672327518,0.0059810965321958065
0.009504599496722221,0.020095545798540115,0.027793683111667633,0.007963406853377819,0.08974894136190414,0.8373426198959351,0.007551230955868959
0.005936955567449331,0.9535084366798401,0.003699461929500103,0.0010076228063553572,0.026826748624444008,0.007411493919789791,0.0016091283177956939
0.39950352907180786,0.2863592505455017,0.13515283167362213,0.010337894782423973,0.13648493587970734,0.017385387793183327,0.01477613765746355
0.007489250507205725,0.9729423522949219,0.0031904561910778284,0.0011412003077566624,0.011765317991375923,0.0020189164206385612,0.0014524119906127453
0.36814239621162415,0.5708450078964233,0.007901466451585293,0.0014558773254975677,0.037608176469802856,0.012627365067601204,0.0014197432901710272
0.006556764245033264,0.017133379355072975,0.007314613088965416,0.004001657012850046,0.025802215561270714,0.0021549698431044817,0.9370364546775818
0.005000715143978596,0.9217410683631897,0.005528176203370094,0.0088803144171834,0.02582891844213009,0.03198084607720375,0.0010399564635008574
0.05451343581080437,0.8379829525947571,0.002819290617480874,0.003246396780014038,0.07829570770263672,0.018884481862187386,0.004257834516465664
0.01216795016080141,0.9472348093986511,0.009819322265684605,0.0014131204225122929,0.02464526891708374,0.0027034522499889135,0.002016135025769472
0.007143707480281591,0.9730713963508606,0.002432404551655054,0.001157707185484469,0.012060526758432388,0.0028890781104564667,0.0012452400987967849
0.014068624004721642,0.9214782118797302,0.003096554195508361,0.0025491120759397745,0.050582822412252426,0.005817065481096506,0.002407520078122616
0.006988939363509417,0.9220470786094666,0.025630144402384758,0.0009225030662491918,0.030039876699447632,0.007999306544661522,0.006372182630002499
0.8658310770988464,0.047983575612306595,0.0027754949405789375,0.008412478491663933,0.053790383040905,0.01299106515944004,0.00821606907993555
0.04284000024199486,0.048495613038539886,0.009167421609163284,0.10655726492404938,0.7731292247772217,0.006883809808641672,0.012926687486469746
0.005279581993818283,0.008867066353559494,0.004989673383533955,0.004531394690275192,0.12383423000574112,0.8474374413490295,0.005060649011284113
0.010672945529222488,0.012296088971197605,0.011321721598505974,0.16736038029193878,0.6580508351325989,0.08912159502506256,0.051176462322473526
0.017956433817744255,0.8323548436164856,0.029325880110263824,0.0013453051215037704,0.032295070588588715,0.08394601196050644,0.0027764388360083103
0.23035143315792084,0.709536075592041,0.0344964936375618,0.0006600040942430496,0.013394474983215332,0.008151077665388584,0.0034105197992175817
0.00756385363638401,0.9794918298721313,0.003982745110988617,0.00033016508677974343,0.004360569640994072,0.003679636400192976,0.0005911830230616033
0.04166277498006821,0.939947247505188,0.003299940377473831,0.0009366725571453571,0.006051725707948208,0.007536092773079872,0.0005656532011926174
0.02840179018676281,0.96358323097229,0.002274620346724987,0.00028329441556707025,0.0021619084291160107,0.002698733238503337,0.0005963462172076106
0.06181303784251213,0.0267353393137455,0.8680403828620911,0.0014533114153891802,0.028883129358291626,0.010288096033036709,0.002786618657410145
0.009139621630311012,0.01656193844974041,0.0015159741742536426,0.6016297340393066,0.2927049398422241,0.06566756218671799,0.012780282646417618
0.022550929337739944,0.5755024552345276,0.011005580425262451,0.0018002038123086095,0.33002743124961853,0.043836481869220734,0.015276893973350525
