anger,disgust,fear,joy,neutral,sadness,surprise
0.008048826828598976,0.008069599978625774,0.0473284088075161,0.5972106456756592,0.2975771427154541,0.030767371878027916,0.010998019017279148
0.043808434158563614,0.10619205236434937,0.002119624288752675,0.06108842045068741,0.767703115940094,0.008481400087475777,0.010607019066810608
0.012950689531862736,0.02518528699874878,0.0011902062688022852,0.2702469527721405,0.5771321654319763,0.0937051996588707,0.019589463248848915
0.012976083904504776,0.011439097113907337,0.010972979478538036,0.06528980284929276,0.725968599319458,0.018382474780082703,0.15497082471847534
0.21169167757034302,0.30910998582839966,0.01404848974198103,0.0032933768816292286,0.3823743462562561,0.02495434321463108,0.05452781170606613
0.18771623075008392,0.2079923003911972,0.0042337700724601746,0.007547331508249044,0.5680754780769348,0.01967555284500122,0.004759259521961212
0.16065098345279694,0.2620297968387604,0.011393693275749683,0.006370421499013901,0.4010973274707794,0.048415422439575195,0.11004234850406647
0.04221992939710617,0.034312378615140915,0.5918447971343994,0.00605764938518405,0.20981109142303467,0.10733234137296677,0.008421802893280983
0.018313070759177208,0.8027587532997131,0.12007131427526474,0.004802271723747253,0.03832581266760826,0.012565200217068195,0.0031636515632271767
0.16039976477622986,0.42438027262687683,0.08865270018577576,0.0033912656363099813,0.04057522863149643,0.27500495314598083,0.007595780771225691
0.05074312165379524,0.16337420046329498,0.008409664034843445,0.03699062019586563,0.7188147902488708,0.011328252032399178,0.010339378379285336
0.561543881893158,0.12499669194221497,0.017153263092041016,0.006127773784101009,0.24374224245548248,0.02593226358294487,0.02050376497209072
0.05592506006360054,0.44897565245628357,0.01483957003802061,0.0019872221164405346,0.44468748569488525,0.027343139052391052,0.006241891998797655
0.14399345219135284,0.723827600479126,0.01664578728377819,0.002357304096221924,0.04921459034085274,0.06178632006049156,0.002175045432522893
0.02983594313263893,0.8220103979110718,0.007700276095420122,0.002302540699020028,0.08900891989469528,0.038775768131017685,0.010366211645305157
0.022746538743376732,0.14024338126182556,0.4908576011657715,0.0023591818753629923,0.08206795901060104,0.22787071764469147,0.03385460749268532
0.014836804009974003,0.36504927277565,0.020984476432204247,0.3136633336544037,0.18859228491783142,0.07889962941408157,0.01797427237033844
0.009284673258662224,0.20338121056556702,0.05041665583848953,0.0054434980265796185,0.6512511372566223,0.02605760283768177,0.05416518449783325
0.016357967630028725,0.1605677604675293,0.004669713322073221,0.03736986964941025,0.7151386141777039,0.02166696824133396,0.04422910138964653
0.012409226037561893,0.008854893036186695,0.11149118840694427,0.0020390155259519815,0.017463460564613342,0.8313937187194824,0.01634851284325123
0.06911617517471313,0.8497041463851929,0.0040989830158650875,0.002646896056830883,0.039683226495981216,0.033367156982421875,0.001383477239869535
0.02145996317267418,0.17037148773670197,0.005268454551696777,0.0032080335076898336,0.028223145753145218,0.7700492739677429,0.0014196672709658742
0.007662436459213495,0.03273233771324158,0.003605874255299568,0.03897504508495331,0.8801336884498596,0.03099709004163742,0.0058935959823429585
0.0209756251424551,0.09353269636631012,0.0025616015773266554,0.06663370132446289,0.7972127795219421,0.00517898378893733,0.013904618099331856
