anger,disgust,fear,joy,neutral,sadness,surprise
0.0068857609294354916,0.9814109206199646,0.0024174407590180635,0.00033178733428940177,0.005438689142465591,0.002458041300997138,0.0010573845356702805
0.03620746731758118,0.8865134716033936,0.004401041194796562,0.001000632531940937,0.054352764040231705,0.015522255562245846,0.002002470660954714
0.01307810191065073,0.956913948059082,0.0038434264715760946,0.00065072305733338,0.022281372919678688,0.0023920838721096516,0.0008402387029491365
0.03326128050684929,0.9309919476509094,0.004205756355077028,0.0006108200177550316,0.020778710022568703,0.007034053094685078,0.003117382526397705
0.9770157933235168,0.009682063944637775,0.0019169180886819959,0.0004509197606239468,0.005720766726881266,0.0028053715359419584,0.0024080551229417324
0.04209914058446884,0.06279351562261581,0.10958907008171082,0.26633474230766296,0.28466638922691345,0.006358286365866661,0.22815880179405212
0.7678484320640564,0.09883420914411545,0.02706310525536537,0.0024430847261101007,0.0858110785484314,0.01423607300966978,0.0037639786023646593
0.019437942653894424,0.010235934518277645,0.6146699786186218,0.0032787928357720375,0.040381014347076416,0.018534405156970024,0.29346200823783875
0.04426509886980057,0.023227563127875328,0.8263538479804993,0.0026685954071581364,0.08172056078910828,0.018577344715595245,0.003186979331076145
