anger,disgust,fear,joy,neutral,sadness,surprise
0.003560194745659828,0.006669912021607161,0.0017657544231042266,0.3724929094314575,0.08348780125379562,0.5237354040145874,0.008288025856018066
0.020713115110993385,0.08385837078094482,0.005913755390793085,0.026136143133044243,0.8183529376983643,0.03886503353714943,0.006160596385598183
0.008086225017905235,0.002345360815525055,0.008352928794920444,0.273764967918396,0.57007896900177,0.011177366599440575,0.12619414925575256
0.006206989753991365,0.056066833436489105,0.006177015136927366,0.8335596323013306,0.06958506256341934,0.004642819054424763,0.02376171573996544
0.02280999906361103,0.8498520255088806,0.0042284149676561356,0.006373008247464895,0.10058218240737915,0.01362231932580471,0.0025321743451058865
0.14557278156280518,0.31503117084503174,0.0063523487187922,0.0013052457943558693,0.5071772336959839,0.01869470812380314,0.005866533610969782
0.3327791094779968,0.11507096886634827,0.01113956980407238,0.005052115302532911,0.36960092186927795,0.11266201734542847,0.053695257753133774
0.005429072771221399,0.256442666053772,0.48748579621315,0.012560578994452953,0.052123524248600006,0.15303371846675873,0.03292461112141609
0.02807113155722618,0.04416311904788017,0.08777976781129837,0.16076895594596863,0.4914351999759674,0.008342470042407513,0.17943935096263885
0.13687875866889954,0.24966049194335938,0.005385532043874264,0.11134190857410431,0.4316396415233612,0.06140957400202751,0.0036841167602688074
0.004013733938336372,0.005505179520696402,0.4867435693740845,0.35718733072280884,0.08823837339878082,0.026335550472140312,0.03197627514600754
0.1381845772266388,0.03428548201918602,0.005999660585075617,0.002449935069307685,0.020164167508482933,0.7928462028503418,0.0060699316672980785
0.02979045920073986,0.42484250664711,0.009008425287902355,0.06656266748905182,0.4033863842487335,0.05955823138356209,0.006851409561932087
0.017774976789951324,0.12152174115180969,0.29530882835388184,0.011055908165872097,0.5118654370307922,0.027759350836277008,0.014713772572577
0.4955790936946869,0.0795169398188591,0.035197749733924866,0.03366291895508766,0.11251451075077057,0.24144500494003296,0.002083817031234503
0.013199109584093094,0.005761401727795601,0.8968596458435059,0.0019507455872371793,0.05408848077058792,0.01921847090125084,0.008922187611460686
0.0036239924374967813,0.011250302195549011,0.002225538482889533,0.002206904347985983,0.020319830626249313,0.9576209187507629,0.0027525401674211025
0.0266533512622118,0.04844893887639046,0.46505576372146606,0.0037881454918533564,0.2622504234313965,0.10439161211252213,0.08941175043582916
0.03845633193850517,0.1564285159111023,0.009130660444498062,0.005000980570912361,0.7527352571487427,0.008839861489832401,0.029408389702439308
0.057249587029218674,0.04817430302500725,0.0010077387560158968,0.7218946218490601,0.15352803468704224,0.010174200870096684,0.007971479557454586
0.3220842182636261,0.3736376464366913,0.021718570962548256,0.0016512280562892556,0.1597731113433838,0.1111006811261177,0.010034579783678055
0.007733829319477081,0.004408995155245066,0.01245382335036993,0.654029130935669,0.21167537569999695,0.08207805454730988,0.027620820328593254
0.023299189284443855,0.1354103982448578,0.03288949280977249,0.008193614892661572,0.4183271825313568,0.3771476745605469,0.004732439760118723
0.08109927922487259,0.049063850194215775,0.021080460399389267,0.0014711585827171803,0.01967509277164936,0.825497567653656,0.0021125569473952055
0.020762966945767403,0.11592599004507065,0.6153641939163208,0.010074657388031483,0.19006924331188202,0.043882280588150024,0.003920556511729956
0.02528413198888302,0.044660236686468124,0.002911567920818925,0.20313766598701477,0.6821402311325073,0.014545843936502934,0.027320370078086853
0.04648342356085777,0.06112454831600189,0.00411194609478116,0.07509554922580719,0.7767884135246277,0.030398929491639137,0.005997176747769117
0.005046288017183542,0.06759779900312424,0.003946003038436174,0.008739758282899857,0.901910662651062,0.004817627370357513,0.007941939868032932
0.006541139911860228,0.00753395538777113,0.009727670811116695,0.0007851261761970818,0.02191663160920143,0.948400616645813,0.005094808526337147
0.011512958444654942,0.07388867437839508,0.00532395439222455,0.007465607486665249,0.21674844622612,0.6406872868537903,0.04437306895852089
0.0882268100976944,0.005436712875962257,0.8915902376174927,0.0011662845499813557,0.009059066884219646,0.002435617381706834,0.002085217274725437
0.40705180168151855,0.1818242222070694,0.02133503556251526,0.0036448375321924686,0.158314049243927,0.22169409692287445,0.006136007606983185
0.9431420564651489,0.01219560019671917,0.002065890934318304,0.0008405370754189789,0.02834339253604412,0.0043969168327748775,0.009015483781695366
0.0012729181908071041,0.0009017210104502738,0.0003424430324230343,0.9789074063301086,0.007424257695674896,0.00669822609052062,0.004453038331121206
