anger,disgust,fear,joy,neutral,sadness,surprise
0.004786716774106026,0.002629140391945839,0.0029176126699894667,0.7652493715286255,0.16519373655319214,0.026536598801612854,0.03268677741289139
0.12255850434303284,0.03161996975541115,0.272738516330719,0.002658947603777051,0.07301589846611023,0.39591220021247864,0.10149584710597992
0.4162239730358124,0.11143217980861664,0.06297881156206131,0.003182667773216963,0.20325559377670288,0.196568101644516,0.006358652375638485
0.03859337791800499,0.9165878891944885,0.025077620521187782,0.0007209458854049444,0.013444601558148861,0.0022864248603582382,0.003289174987003207
0.10181382298469543,0.6394487023353577,0.04714445769786835,0.0014487210428342223,0.15363755822181702,0.00862413551658392,0.04788252338767052
0.039069630205631256,0.009669791907072067,0.936165452003479,0.0006883043679408729,0.004693887196481228,0.005216740537434816,0.004496137611567974
0.1621129959821701,0.05197849124670029,0.07703041285276413,0.009546220302581787,0.2157524973154068,0.43222472071647644,0.05135461688041687
0.1746542602777481,0.015155321918427944,0.7767102122306824,0.0008695730357430875,0.003991570323705673,0.018979454413056374,0.009639525786042213
0.038021236658096313,0.004360109101980925,0.6321426033973694,0.0055799526162445545,0.2178105264902115,0.04455503821372986,0.057530466467142105
0.45342493057250977,0.2673957347869873,0.07031144201755524,0.0028112127911299467,0.15116344392299652,0.039919108152389526,0.014974135905504227
0.10826817899942398,0.7204758524894714,0.038831811398267746,0.0028044991195201874,0.06846148520708084,0.05817606300115585,0.00298210303299129
0.0032667615450918674,0.006513493601232767,0.004518187139183283,0.031010128557682037,0.9318073987960815,0.005786377005279064,0.017097624018788338
0.0013046349631622434,0.0020367715042084455,0.017286507412791252,0.002037761500105262,0.007943285629153252,0.9630501866340637,0.006340845953673124
0.09634565562009811,0.7922121286392212,0.010644844733178616,0.0010721394792199135,0.08073820918798447,0.012723577208817005,0.006263346411287785
0.012103096581995487,0.5674614906311035,0.04163486137986183,0.0023570165503770113,0.18483895063400269,0.14053022861480713,0.051074471324682236
0.15339018404483795,0.18205973505973816,0.00661767041310668,0.00217875512316823,0.2012043595314026,0.44041669368743896,0.014132668264210224
0.0035244326572865248,0.9770345687866211,0.003589184721931815,0.0005021425313316286,0.010688229463994503,0.003221787279471755,0.0014396313345059752
0.008600447326898575,0.9682515263557434,0.008591091260313988,0.0002234007406514138,0.007782516535371542,0.005168592091649771,0.001382561051286757
0.0723177045583725,0.079727403819561,0.11117936670780182,0.00431383540853858,0.20314568281173706,0.21657951176166534,0.31273651123046875
0.006459015421569347,0.0052330452017486095,0.0022622994147241116,0.09449376910924911,0.7780895233154297,0.03281321004033089,0.08064913004636765
0.23460814356803894,0.019061164930462837,0.023887671530246735,0.007181731052696705,0.6783024072647095,0.017135603353381157,0.01982330158352852
0.07078756392002106,0.0957389771938324,0.024638662114739418,0.002133606467396021,0.733757495880127,0.0455823577940464,0.027361257001757622
0.271860271692276,0.05444684624671936,0.5993911623954773,0.002261293353512883,0.04316933453083038,0.011931092478334904,0.01693997159600258
0.07017547637224197,0.009836961515247822,0.851530134677887,0.0018406410235911608,0.045310936868190765,0.01589922606945038,0.0054065459407866
0.9423892498016357,0.024510914459824562,0.009866400621831417,0.0006463358295150101,0.01601157896220684,0.0031363535672426224,0.003439173102378845
0.08101099729537964,0.013409814797341824,0.18072357773780823,0.014753879979252815,0.6223987340927124,0.0724235400557518,0.015279514715075493
0.4227115213871002,0.025237739086151123,0.30182990431785583,0.0024289656430482864,0.15576213598251343,0.07579784840345383,0.01623193547129631
0.10900463163852692,0.09386974573135376,0.02402065135538578,0.0049810027703642845,0.6286311745643616,0.014872502535581589,0.12462036311626434
0.7858831882476807,0.07874056696891785,0.017629384994506836,0.0034242018591612577,0.06852695345878601,0.034731507301330566,0.011064199730753899
0.08570729196071625,0.5210228562355042,0.2178320288658142,0.0025629005394876003,0.13724955916404724,0.02162882126867771,0.013996506109833717
0.6410365104675293,0.16840022802352905,0.01486975234001875,0.0008775045280344784,0.06138312816619873,0.10217123478651047,0.01126171462237835
0.09109293669462204,0.037338342517614365,0.14595447480678558,0.0038135405629873276,0.16475273668766022,0.0798453837633133,0.47720253467559814
0.08116336166858673,0.11696203798055649,0.009301974438130856,0.00930013693869114,0.7520112991333008,0.008281509391963482,0.022979717701673508
0.058392394334077835,0.03969106823205948,0.3317711055278778,0.0027407919988036156,0.21479986608028412,0.33047208189964294,0.022132746875286102
0.01902862824499607,0.741237998008728,0.05436626449227333,0.0013191273901611567,0.051646698266267776,0.07954593002796173,0.052855413407087326
0.541982889175415,0.20563942193984985,0.0639238953590393,0.0014102720888331532,0.09241633117198944,0.0650041401386261,0.02962309494614601
0.5812723636627197,0.07163941115140915,0.06425464898347855,0.000966654799412936,0.03552304953336716,0.21546873450279236,0.030875179916620255
0.00957445614039898,0.017254456877708435,0.006525464355945587,0.008023102767765522,0.9401518106460571,0.01540495827794075,0.0030657926108688116
0.6344189643859863,0.15309786796569824,0.033296436071395874,0.0034656370989978313,0.0892876461148262,0.08100425451993942,0.005429278593510389
0.6067162156105042,0.1142040267586708,0.008448540233075619,0.00252786697819829,0.20487351715564728,0.05063300579786301,0.012596817687153816
0.059729281812906265,0.6560631990432739,0.03685411065816879,0.015659412369132042,0.19638057053089142,0.02409878559410572,0.011214626021683216
