anger,disgust,fear,joy,neutral,sadness,surprise
0.018657943233847618,0.02668680250644684,0.003727384377270937,0.11334843933582306,0.8063133955001831,0.005609005223959684,0.025656990706920624
0.007619495503604412,0.013659683056175709,0.010923020541667938,0.001070790458470583,0.012130261398851871,0.9488044381141663,0.005792318843305111
0.0036648379173129797,0.01751210168004036,0.0021450011990964413,0.17848211526870728,0.6688165068626404,0.07991158217191696,0.04946788772940636
0.34559449553489685,0.08826246112585068,0.1929519772529602,0.0024185332003980875,0.14306968450546265,0.20103251934051514,0.026670390740036964
0.09734471142292023,0.7397924661636353,0.0821262076497078,0.0034742881543934345,0.05094384029507637,0.020990028977394104,0.005328560248017311
0.007938923314213753,0.04741780832409859,0.0042572361417114735,0.15200230479240417,0.7241436839103699,0.055086828768253326,0.009153181686997414
0.12293289601802826,0.0934358760714531,0.014453601092100143,0.0045251804403960705,0.13906043767929077,0.6180294752120972,0.007562483195215464
0.2593441903591156,0.08718494325876236,0.2583034038543701,0.012170854024589062,0.33830615878105164,0.041012126952409744,0.003678330220282078
0.03637421876192093,0.0424245148897171,0.019522078335285187,0.002482658252120018,0.09553864598274231,0.7812042832374573,0.02245362661778927
0.565497875213623,0.11854489147663116,0.19344177842140198,0.0014450597809627652,0.05829111859202385,0.059996169060468674,0.0027830307371914387
0.012668593786656857,0.013181900605559349,0.01097023393958807,0.013842841610312462,0.9232324361801147,0.015724802389740944,0.01037907600402832
0.299432635307312,0.30009377002716064,0.02305462956428528,0.0021317265927791595,0.0778997391462326,0.2793942391872406,0.017993316054344177
0.5838471055030823,0.05581262335181236,0.06720689684152603,0.004176376387476921,0.26574772596359253,0.004973602015525103,0.018235594034194946
0.09210631996393204,0.2353377640247345,0.009539305232465267,0.004010209813714027,0.592532753944397,0.024931928142905235,0.04154177010059357
0.0051353988237679005,0.0131709398701787,0.002045039087533951,0.7510604858398438,0.09034615755081177,0.12815628945827484,0.010085704736411572
0.03191658854484558,0.02788333036005497,0.0022233619820326567,0.05595933273434639,0.8655114769935608,0.005840257741510868,0.01066570170223713
0.007692109327763319,0.005811324808746576,0.0021269372664391994,0.006330027710646391,0.9427797198295593,0.004504638258367777,0.03075517900288105
0.029700418934226036,0.015766354277729988,0.017549695447087288,0.0038910701405256987,0.08342177420854568,0.05248802527785301,0.7971826791763306
0.8515653014183044,0.033524997532367706,0.05645594000816345,0.0012591651175171137,0.046143680810928345,0.00792253203690052,0.003128341631963849
0.4927506148815155,0.0316116139292717,0.10809788852930069,0.01160736009478569,0.18666784465312958,0.15421640872955322,0.01504831574857235
0.07699573785066605,0.07918741554021835,0.26555895805358887,0.010377510450780392,0.5010161995887756,0.018621452152729034,0.04824270308017731
0.2678994834423065,0.18081609904766083,0.02412290871143341,0.002400619676336646,0.0818040743470192,0.07962825894355774,0.36332860589027405
0.22358354926109314,0.021313123404979706,0.732037365436554,0.0013877293094992638,0.005291882902383804,0.011299911886453629,0.005086412653326988
0.12812919914722443,0.006016662809997797,0.05279197543859482,0.011721987277269363,0.7614349722862244,0.017243877053260803,0.02266126312315464
0.49073004722595215,0.14726746082305908,0.08081822097301483,0.0035421913489699364,0.1613282561302185,0.08923233300447464,0.027081500738859177
0.12879042327404022,0.08336209505796432,0.3026278018951416,0.011744043789803982,0.3804602324962616,0.02354307845234871,0.06947220116853714
0.07486928999423981,0.1838453859090805,0.00961230881512165,0.005873668007552624,0.593366265296936,0.04086408019065857,0.09156898409128189
0.2968776226043701,0.213227316737175,0.20760108530521393,0.003009153064340353,0.16831372678279877,0.06671701371669769,0.04425404220819473
0.008667848072946072,0.006853396538645029,0.000606619636528194,0.6733138561248779,0.2847459316253662,0.008432084694504738,0.017380278557538986
0.29446569085121155,0.1445673108100891,0.009375207126140594,0.0034464739728718996,0.2398776262998581,0.2972474694252014,0.011020183563232422
0.005829670000821352,0.00424630893394351,0.0012132301926612854,0.0253995880484581,0.813090443611145,0.015812747180461884,0.13440801203250885
