anger,disgust,fear,joy,neutral,sadness,surprise
0.014606822282075882,0.924492359161377,0.004427941050380468,0.003391656558960676,0.01724194921553135,0.035172175616025925,0.0006670616567134857
0.7155367136001587,0.25070327520370483,0.008399778045713902,0.0008231072570197284,0.015949442982673645,0.006773738190531731,0.001814001821912825
0.01725413277745247,0.9675036668777466,0.004677916876971722,0.00031350046629086137,0.006377198733389378,0.0010938704945147038,0.0027796952053904533
0.022109325975179672,0.0557723268866539,0.0028655175119638443,0.0023977896198630333,0.5173721313476562,0.018596649169921875,0.3808861970901489
0.4195357859134674,0.34772247076034546,0.005879061296582222,0.0012378009269014,0.16443072259426117,0.05106427147984505,0.010129934176802635
0.0918293371796608,0.04260705038905144,0.07650210708379745,0.005027474835515022,0.16389405727386475,0.32187381386756897,0.29826620221138
0.3875228464603424,0.37450122833251953,0.0050593409687280655,0.00265080900862813,0.2085632085800171,0.01687365584075451,0.004828901961445808
0.22694508731365204,0.12625858187675476,0.006339610554277897,0.006208606995642185,0.608334481716156,0.013847925700247288,0.012065587565302849
0.15327796339988708,0.31183797121047974,0.009158018045127392,0.002431374043226242,0.4972558617591858,0.019471455365419388,0.006567296572029591
0.583570122718811,0.13905350863933563,0.03535877913236618,0.01510385237634182,0.14898781478405,0.015659013763070107,0.06226680427789688
0.00710031483322382,0.0060776276513934135,0.0016758302226662636,0.114956796169281,0.7781262993812561,0.007696466986089945,0.08436659723520279
0.10169685631990433,0.5502623915672302,0.003312055254355073,0.012580565176904202,0.3131818473339081,0.011681640520691872,0.007284698076546192
0.09755077213048935,0.14011454582214355,0.019532453268766403,0.0023661500308662653,0.6110408902168274,0.11897051334381104,0.010424661450088024
0.02678408846259117,0.05560916289687157,0.0034785298630595207,0.01250198669731617,0.8602985143661499,0.013009384274482727,0.028318356722593307
0.011323868297040462,0.01535949856042862,0.0010911620920524001,0.5350500345230103,0.40102842450141907,0.011769217438995838,0.024377746507525444
0.013664213940501213,0.017559411004185677,0.0024324411060661077,0.002739147748798132,0.9277878999710083,0.008783980272710323,0.02703300304710865
0.1477297693490982,0.14581094682216644,0.5830286145210266,0.002003602683544159,0.06911729276180267,0.041396573185920715,0.010913195088505745
0.10270390659570694,0.3566615879535675,0.12505370378494263,0.00694865919649601,0.12130646407604218,0.23860496282577515,0.04872073978185654
0.12613213062286377,0.01954287849366665,0.02290056273341179,0.05006952956318855,0.4010855555534363,0.29069310426712036,0.08957625180482864
0.5376899838447571,0.39841949939727783,0.009725425392389297,0.002130582695826888,0.026787664741277695,0.022508030757308006,0.002738798502832651
0.5033500790596008,0.08218952268362045,0.0741066187620163,0.004944199696183205,0.24436472356319427,0.02033320628106594,0.070711649954319
0.6441267132759094,0.2060251086950302,0.0034409703221172094,0.005438728258013725,0.12256206572055817,0.011450649239122868,0.006955746561288834
0.016136029735207558,0.07413674145936966,0.011769522912800312,0.0036863088607788086,0.5972225069999695,0.2859351933002472,0.011113696731626987
0.4746054708957672,0.2855027914047241,0.0031203310936689377,0.0038999791722744703,0.1449272185564041,0.0839504674077034,0.0039937361143529415
0.01932165026664734,0.04283642768859863,0.010682351887226105,0.005519341677427292,0.5014817714691162,0.40719640254974365,0.01296202465891838
0.23383088409900665,0.5590434670448303,0.007250424940139055,0.001446234411559999,0.11462914943695068,0.06843386590480804,0.015365999191999435
0.9189659357070923,0.02261311374604702,0.006725093815475702,0.0018320841481909156,0.03186526522040367,0.011198226362466812,0.0068001761101186275
0.2859569787979126,0.07287216186523438,0.043169863522052765,0.0037573401350528,0.3729672431945801,0.20699305832386017,0.014283408410847187
0.2690010070800781,0.5100420713424683,0.005694826599210501,0.003050765721127391,0.1491766721010208,0.05799870938062668,0.005035905633121729
0.020177552476525307,0.020094027742743492,0.007315106689929962,0.003735313192009926,0.879104733467102,0.029384994879364967,0.04018824175000191
0.47217366099357605,0.2773691415786743,0.007031483110040426,0.00421265559270978,0.19018325209617615,0.04519347473978996,0.0038363859057426453
0.18448157608509064,0.17119067907333374,0.008525818586349487,0.014785325154662132,0.17478276789188385,0.4224361479282379,0.023797672241926193
