anger,disgust,fear,joy,neutral,sadness,surprise
0.5304147005081177,0.3475337028503418,0.06188010424375534,0.005527783185243607,0.024847975000739098,0.02649424597620964,0.0033015706576406956
0.01269044354557991,0.7706663012504578,0.0032489500008523464,0.017200855538249016,0.1778508424758911,0.013528244569897652,0.004814388696104288
0.05633474141359329,0.14318311214447021,0.02068662829697132,0.03432265296578407,0.6153314113616943,0.11328676342964172,0.016854697838425636
0.048566460609436035,0.19848328828811646,0.0017668051877990365,0.38346901535987854,0.25313448905944824,0.09471604228019714,0.019863851368427277
0.00830124132335186,0.008099444210529327,0.0038937684148550034,0.7260666489601135,0.19651302695274353,0.008299112319946289,0.048826754093170166
0.013613286428153515,0.007554344367235899,0.0017648412613198161,0.0016457081073895097,0.01962471753358841,0.9414606094360352,0.014336487278342247
0.3004959523677826,0.647521436214447,0.01752544566988945,0.0010547260753810406,0.020750975236296654,0.010179021395742893,0.0024724246468394995
0.11247984319925308,0.10818085819482803,0.00607026694342494,0.03144007921218872,0.7048728466033936,0.033725008368492126,0.003231146140024066
0.3610062897205353,0.4766407907009125,0.0031449217349290848,0.002153941662982106,0.11879915744066238,0.028410103172063828,0.009844870306551456
0.06967516988515854,0.07315760850906372,0.00897096935659647,0.017248962074518204,0.785275399684906,0.03684890270233154,0.00882293563336134
0.15431979298591614,0.05256570130586624,0.2262057065963745,0.004493972286581993,0.5176389813423157,0.030123190954327583,0.014652675949037075
0.17066335678100586,0.07075244933366776,0.003138359170407057,0.03297874704003334,0.2771224081516266,0.4390340745449066,0.006310557946562767
0.144658625125885,0.00721039017662406,0.8239119648933411,0.0014142341678962111,0.013801000081002712,0.005564570426940918,0.0034392005763947964
0.01266117300838232,0.973990261554718,0.0009044455946423113,0.000615968310739845,0.007900798693299294,0.002959104720503092,0.0009680564980953932
0.2586425542831421,0.039108578115701675,0.5642486214637756,0.00310438871383667,0.09335782378911972,0.034923452883958817,0.006614564917981625
0.8851338028907776,0.020323479548096657,0.07462448626756668,0.0007507932023145258,0.011019575409591198,0.005352616310119629,0.0027952073141932487
0.9226382970809937,0.01661696285009384,0.03843461349606514,0.0009406898752786219,0.008185042068362236,0.008691431023180485,0.004492985550314188
0.006910593714565039,0.027788721024990082,0.009546751156449318,0.0014240470482036471,0.05317024886608124,0.8761147856712341,0.02504485659301281
0.004159952513873577,0.013143965974450111,0.006499595008790493,0.03359656035900116,0.3434765040874481,0.5918773412704468,0.007246121764183044
