anger,disgust,fear,joy,neutral,sadness,surprise
0.5361713171005249,0.156768336892128,0.2022678256034851,0.012619100511074066,0.07518906146287918,0.008693081326782703,0.008291246369481087
0.227789506316185,0.16614893078804016,0.4179278612136841,0.004802468232810497,0.14365123212337494,0.023321259766817093,0.016358736902475357
0.17073985934257507,0.01472407951951027,0.013399830088019371,0.03347666561603546,0.7302244305610657,0.005295592825859785,0.03213958814740181
0.014000250026583672,0.008990894071757793,0.28911295533180237,0.019960416480898857,0.5952328443527222,0.0166477058082819,0.05605493485927582
0.01409800536930561,0.004677234683185816,0.9089314937591553,0.0020373081788420677,0.02440551668405533,0.0024411643389612436,0.043409306555986404
0.7651816606521606,0.09606311470270157,0.06722458451986313,0.002465446013957262,0.05577211454510689,0.009955576620995998,0.0033375336788594723
0.1697147786617279,0.0534631721675396,0.6866085529327393,0.0035709587391465902,0.05735379084944725,0.018400132656097412,0.010888624005019665
0.006769080646336079,0.0033640440087765455,0.004209868144243956,0.3623621463775635,0.5816017985343933,0.009207740426063538,0.03248533979058266
0.043440524488687515,0.3540947437286377,0.20806638896465302,0.0038259760476648808,0.28385668992996216,0.10097615420818329,0.005739535670727491
0.03188883885741234,0.11462441086769104,0.03340829536318779,0.005914733279496431,0.7987384796142578,0.0035350972320884466,0.011890090070664883
0.017335759475827217,0.013546256348490715,0.7298363447189331,0.008377131074666977,0.2176535576581955,0.010127054527401924,0.003123967908322811
0.685446560382843,0.1980283409357071,0.02431892789900303,0.001222378108650446,0.06231086701154709,0.025482892990112305,0.003189924405887723
