anger,disgust,fear,joy,neutral,sadness,surprise
0.4119599163532257,0.13966140151023865,0.1529272198677063,0.005790103692561388,0.0335920974612236,0.24953967332839966,0.006529599893838167
0.15431277453899384,0.06743087619543076,0.024498891085386276,0.008617685176432133,0.046817392110824585,0.6923168301582336,0.006005598232150078
0.06829167902469635,0.16858498752117157,0.02150810696184635,0.002332486445084214,0.07751226425170898,0.6591197848320007,0.002650780137628317
0.76182621717453,0.1121693029999733,0.054666899144649506,0.0017533485079184175,0.023953476920723915,0.033535368740558624,0.012095388025045395
0.016574185341596603,0.024981554597616196,0.007429194170981646,0.050908733159303665,0.6462920904159546,0.2324245125055313,0.02138984203338623
0.09085778146982193,0.005962523631751537,0.8740916848182678,0.001973186619579792,0.015494183637201786,0.005327032878994942,0.0062935976311564445
0.12791316211223602,0.10747911781072617,0.014663116075098515,0.002326493849977851,0.19435861706733704,0.547259509563446,0.005999972112476826
0.5844102501869202,0.3085659444332123,0.018547093495726585,0.0014159285929054022,0.038689106702804565,0.046776045113801956,0.0015957196010276675
0.8892955780029297,0.0495314784348011,0.02869085595011711,0.0007507922709919512,0.005445110145956278,0.013085536658763885,0.013200611807405949
0.033928148448467255,0.08373797684907913,0.015448779799044132,0.09197866171598434,0.7164579629898071,0.05392873287200928,0.004519662354141474
0.7837396264076233,0.10400115698575974,0.0030424969736486673,0.0032970919273793697,0.08091550320386887,0.017525676637887955,0.007478367071598768
0.0527038499712944,0.04545644298195839,0.0466245636343956,0.02765001356601715,0.7242890000343323,0.04476737976074219,0.058508820831775665
0.02288096584379673,0.002418316900730133,0.898189902305603,0.0016316549153998494,0.010025394149124622,0.0314566008746624,0.03339701518416405
0.05107453092932701,0.06869767606258392,0.014300035312771797,0.0031939151231199503,0.16944120824337006,0.6671604514122009,0.026132158935070038
0.037545956671237946,0.265591561794281,0.06971178948879242,0.005652496591210365,0.16157223284244537,0.4577653706073761,0.0021606399677693844
0.14632923901081085,0.7550631761550903,0.017726516351103783,0.0018820925615727901,0.06265761703252792,0.012605863623321056,0.003735397942364216
0.009558086283504963,0.06009377911686897,0.004308668430894613,0.008279051631689072,0.6043691635131836,0.28776249289512634,0.025628712028265
0.0020242994651198387,0.015818128362298012,0.004614407196640968,0.0019093463197350502,0.01716875471174717,0.9555194973945618,0.002945471554994583
0.010137076489627361,0.005927995778620243,0.0008218204020522535,0.33483803272247314,0.5122783184051514,0.007157674990594387,0.12883904576301575
0.0013911474961787462,0.00564556336030364,0.003826190484687686,0.006847758777439594,0.06924512982368469,0.9033936262130737,0.009650534950196743
0.0511542409658432,0.014428792521357536,0.07597915828227997,0.004190344363451004,0.7244224548339844,0.016849322244524956,0.11297567933797836
0.5362854599952698,0.1464233696460724,0.11905629932880402,0.0010620452230796218,0.09224578738212585,0.076274074614048,0.028652982786297798
0.022625034675002098,0.09066612273454666,0.008661958388984203,0.024310359731316566,0.7305737733840942,0.104512058198452,0.01865074783563614
0.007355659268796444,0.008207780309021473,0.0008692920091561973,0.8231441974639893,0.10465707629919052,0.003613940207287669,0.05215214937925339
0.03943473473191261,0.19649991393089294,0.003737703198567033,0.0072039212100207806,0.20638002455234528,0.5433692336082458,0.0033745027612894773
0.01647436060011387,0.002802841365337372,0.9496275186538696,0.0026003120001405478,0.021883228793740273,0.00490864273160696,0.0017030576709657907
0.07887401431798935,0.5459062457084656,0.003563180798664689,0.001699033658951521,0.022029686719179153,0.34289124608039856,0.0050365678034722805
0.007189033553004265,0.020690450444817543,0.006354993674904108,0.0021496994886547327,0.9358838796615601,0.017801832407712936,0.009930108673870564
0.012030541896820068,0.004517827648669481,0.0012471087975427508,0.7206992506980896,0.18587490916252136,0.006331037264317274,0.06929927319288254
0.011383527889847755,0.0024633680004626513,0.0023463787510991096,0.107737235724926,0.7460275888442993,0.04296378046274185,0.08707822114229202
0.008066480979323387,0.01314983144402504,0.0069853560999035835,0.4388948082923889,0.1719338297843933,0.35689374804496765,0.004075983539223671
