anger,disgust,fear,joy,neutral,sadness,surprise
0.004995203111320734,0.30251023173332214,0.026251686736941338,0.0038433708250522614,0.07071387767791748,0.5605243444442749,0.031161244958639145
0.009558887220919132,0.05929932743310928,0.003693273290991783,0.005700914654880762,0.8791216611862183,0.010082042776048183,0.03254390135407448
0.02066020481288433,0.039978012442588806,0.6400082111358643,0.004055178724229336,0.2419886589050293,0.04848321154713631,0.004826577380299568
0.028363553807139397,0.9485086798667908,0.0056497398763895035,0.0006580554181709886,0.0024113256949931383,0.013905126601457596,0.0005034696077927947
0.011686625890433788,0.02087179571390152,0.017724985256791115,0.06960106641054153,0.04171828180551529,0.80306077003479,0.035336486995220184
0.028741804882884026,0.9444624781608582,0.005593236535787582,0.0005177840357646346,0.009329864755272865,0.01034681685268879,0.0010081117507070303
0.17956365644931793,0.305178701877594,0.41577890515327454,0.0028572725132107735,0.059268541634082794,0.03531338647007942,0.0020395240280777216
0.5760672092437744,0.10540103912353516,0.26801323890686035,0.0016024053329601884,0.037989292293787,0.007373652420938015,0.003553115762770176
0.0076957764104008675,0.006648411974310875,0.006575095932930708,0.11627200245857239,0.24683432281017303,0.6071944236755371,0.008779904805123806
0.8091397881507874,0.06965137273073196,0.0025140433572232723,0.002205664524808526,0.09702012687921524,0.014066032133996487,0.005402976181358099
0.36235982179641724,0.34533798694610596,0.019797423854470253,0.008766385726630688,0.2398672103881836,0.019844776019454002,0.004026283044368029
0.4161144196987152,0.22310999035835266,0.08357960730791092,0.0017042831750586629,0.05175657942891121,0.21509316563606262,0.00864208023995161
0.03255957365036011,0.04884198307991028,0.012990528717637062,0.011722379364073277,0.7864095568656921,0.0058816527016460896,0.10159431397914886
0.11397555470466614,0.7416544556617737,0.08267955482006073,0.0055304039269685745,0.04495207592844963,0.008918281644582748,0.002289564348757267
0.00401274673640728,0.0037948365788906813,0.027673065662384033,0.026388252153992653,0.8943848609924316,0.03653871640563011,0.0072075380012393
0.3059737980365753,0.06999830901622772,0.46426400542259216,0.004635577090084553,0.048459652811288834,0.1026623323559761,0.004006326198577881
0.01346674282103777,0.047864172607660294,0.0033493211958557367,0.3809044659137726,0.3945131003856659,0.148863285779953,0.011039018630981445
0.023564685136079788,0.011511671356856823,0.002079429803416133,0.3694795072078705,0.5662291049957275,0.016519950702786446,0.010615615174174309
