anger,disgust,fear,joy,neutral,sadness,surprise
0.047798335552215576,0.22592268884181976,0.017238041386008263,0.09253159165382385,0.43216684460639954,0.16034996509552002,0.023992501199245453
0.44013071060180664,0.42322373390197754,0.007880921475589275,0.00797219667583704,0.06594076752662659,0.04909491539001465,0.005756723694503307
0.08038215339183807,0.25004133582115173,0.07509636878967285,0.0450013093650341,0.3826318085193634,0.12566745281219482,0.04117956757545471
0.4778832197189331,0.3773393929004669,0.0050696926191449165,0.002726547187194228,0.09910136461257935,0.032056111842393875,0.005823696497827768
0.3910272717475891,0.39132142066955566,0.044345930218696594,0.004558741580694914,0.03845873475074768,0.11977642774581909,0.010511421598494053
0.0018575383583083749,0.0010187607258558273,0.004024303983896971,0.0023255671840161085,0.00805970374494791,0.9701094031333923,0.012604672461748123
0.04495688155293465,0.031086450442671776,0.0014001454692333937,0.14775098860263824,0.7278949618339539,0.03217095136642456,0.014739705249667168
0.4834752678871155,0.2467786818742752,0.004290863871574402,0.004434608854353428,0.2103157788515091,0.048591285943984985,0.002113592578098178
0.004961817990988493,0.007291565183550119,0.004282138776034117,0.05625759810209274,0.8689332008361816,0.028285332024097443,0.029988329857587814
0.019474565982818604,0.01380150020122528,0.0030100042931735516,0.04249274358153343,0.8966973423957825,0.009004060178995132,0.015519819222390652
0.042609941214323044,0.5704053640365601,0.006703733000904322,0.005109585355967283,0.34881117939949036,0.023731805384159088,0.0026284060440957546
0.028897829353809357,0.0655437558889389,0.011016661301255226,0.012798712588846684,0.8446406126022339,0.02039746567606926,0.016704898327589035
0.006298025604337454,0.003074347972869873,0.0006098065641708672,0.9179603457450867,0.04915407672524452,0.004445892758667469,0.018457578495144844
0.0458042286336422,0.4774387776851654,0.0018448623595759273,0.04863951727747917,0.24280695617198944,0.16844521462917328,0.01502052042633295
0.3653784692287445,0.21938280761241913,0.07548481225967407,0.0051311589777469635,0.2944827973842621,0.03245650231838226,0.007683481089770794
0.05872977524995804,0.09758128970861435,0.0023830283898860216,0.020556844770908356,0.8053421378135681,0.00939208548516035,0.0060148825868964195
0.012917975895106792,0.028539080172777176,0.0012522866018116474,0.028961073607206345,0.8945231437683105,0.016007987782359123,0.017798399552702904
