anger,disgust,fear,joy,neutral,sadness,surprise
0.0017760207410901785,0.002117830328643322,0.0014295403379946947,0.9786348938941956,0.00825698021799326,0.004364827647805214,0.003419879823923111
0.08941534161567688,0.1518511325120926,0.3953772187232971,0.009428990073502064,0.3108600080013275,0.02737908437848091,0.015688249841332436
0.010667099617421627,0.008191809058189392,0.010219854302704334,0.0029507684521377087,0.927081823348999,0.004577174782752991,0.036311473697423935
0.0018726945854723454,0.002414203714579344,0.9801688194274902,0.0010918425396084785,0.009547969326376915,0.0031567702535539865,0.0017476447392255068
0.003514958545565605,0.0024316112976521254,0.0006276497151702642,0.9648867845535278,0.01676858402788639,0.00908215343952179,0.0026883443351835012
0.14997802674770355,0.7333281636238098,0.007289064582437277,0.003033379092812538,0.07124058902263641,0.032540321350097656,0.002590515883639455
0.0007163957925513387,0.0010348947253078222,0.0007150967721827328,0.0031379174906760454,0.0033345064148306847,0.9879330992698669,0.003128065261989832
0.05614414066076279,0.18559905886650085,0.002626825589686632,0.06491176784038544,0.6740230917930603,0.013549581170082092,0.0031456530559808016
0.1016383245587349,0.22459416091442108,0.004697423428297043,0.006121397018432617,0.605430006980896,0.004780163988471031,0.05273857340216637
0.25037431716918945,0.6084865927696228,0.0017110200133174658,0.02254846692085266,0.07843799889087677,0.03436604514718056,0.004075530916452408
0.005491749383509159,0.5692947506904602,0.04142379388213158,0.010405847802758217,0.19603672623634338,0.17084261775016785,0.006504538934677839
0.0346316434442997,0.9064522385597229,0.006732019130140543,0.000930624024476856,0.03581763431429863,0.014694688841700554,0.0007412282866425812
0.0037656270433217287,0.02483387477695942,0.003866571933031082,0.01784910261631012,0.9209564328193665,0.003627094905823469,0.02510124072432518
0.023838264867663383,0.9235002398490906,0.005884597077965736,0.0026169989723712206,0.02903471514582634,0.013339430093765259,0.0017857016064226627
0.019720925018191338,0.17027834057807922,0.009327784180641174,0.0078226737678051,0.7320931553840637,0.0133209815248847,0.047436174005270004
0.22242029011249542,0.6019875407218933,0.013716177083551884,0.003295509610325098,0.14695635437965393,0.009432384744286537,0.0021917736157774925
0.015287822112441063,0.008878003805875778,0.0016312679508700967,0.0064870682545006275,0.9456892609596252,0.009450819343328476,0.012575827538967133
0.004235624335706234,0.0022404296323657036,0.9823457598686218,0.001137576182372868,0.0060749235562980175,0.002685104962438345,0.0012806516606360674
0.013981425203382969,0.06013232097029686,0.007309399079531431,0.0045656850561499596,0.7859630584716797,0.11661498993635178,0.0114331915974617
0.054642725735902786,0.041746869683265686,0.040298812091350555,0.0980389267206192,0.7434857487678528,0.016046836972236633,0.005740059074014425
