anger,disgust,fear,joy,neutral,sadness,surprise
0.22371619939804077,0.19024726748466492,0.010966626927256584,0.0027760895900428295,0.497401624917984,0.06891066581010818,0.005981531925499439
0.009654494002461433,0.0042468649335205555,0.0017807995900511742,0.09617683291435242,0.7825444340705872,0.058131612837314606,0.047464966773986816
0.0041295746341347694,0.032275427132844925,0.004024209454655647,0.03684671223163605,0.6706836819648743,0.230912446975708,0.021127931773662567
0.04410051181912422,0.014671375043690205,0.09023606777191162,0.0430949367582798,0.7136377096176147,0.006024523172527552,0.08823484182357788
0.39156651496887207,0.43083494901657104,0.014866668730974197,0.0015601085033267736,0.0783962681889534,0.0754418671131134,0.007333656772971153
0.010656565427780151,0.05227527767419815,0.004480700008571148,0.004035701975226402,0.7390294075012207,0.016205035150051117,0.17331728339195251
0.07580983638763428,0.01163645088672638,0.007659767754375935,0.16806796193122864,0.6954694390296936,0.0050799790769815445,0.03627650439739227
0.004228030331432819,0.01297256164252758,0.0035093510523438454,0.06591558456420898,0.8735936880111694,0.0318492166697979,0.007931620813906193
0.034630097448825836,0.023545414209365845,0.0014097928069531918,0.004666369408369064,0.9176944494247437,0.010467826388776302,0.007586095482110977
0.1815355271100998,0.3419643044471741,0.007979881949722767,0.00179803348146379,0.35845404863357544,0.09825431555509567,0.01001389604061842
0.006918499246239662,0.002599256346002221,0.002941318554803729,0.22850044071674347,0.5642445683479309,0.01235494576394558,0.18244095146656036
0.006524449680000544,0.02014332264661789,0.0033249584957957268,0.02881692349910736,0.7875466346740723,0.010621624067425728,0.14302214980125427
0.004664630629122257,0.00995364598929882,0.008807046338915825,0.06467093527317047,0.8858805298805237,0.005906658247113228,0.020116537809371948
0.009544244036078453,0.033388204872608185,0.009163696318864822,0.005794960539788008,0.897670328617096,0.005784138571470976,0.03865437209606171
0.010970457457005978,0.0027728427667170763,0.0017407889245077968,0.001188849564641714,0.0045394739136099815,0.9742138981819153,0.004573635756969452
0.865496814250946,0.07436281442642212,0.007592395879328251,0.0011767111718654633,0.037804875522851944,0.01130663976073265,0.0022597552742809057
0.15379028022289276,0.25635167956352234,0.03477687016129494,0.008501450531184673,0.4406895339488983,0.09963356703519821,0.006256583146750927
0.0784829631447792,0.020883871242403984,0.013204565271735191,0.056455519050359726,0.6840822696685791,0.012236802838742733,0.1346540004014969
0.004026999697089195,0.0028466300573199987,0.00044760783202946186,0.9266654253005981,0.047325462102890015,0.006275569088757038,0.0124124214053154
0.01580950990319252,0.008484373800456524,0.8852551579475403,0.0019787289202213287,0.06574390083551407,0.008066295646131039,0.014661990106105804
0.009451035410165787,0.004007474519312382,0.002102642087265849,0.02526078373193741,0.8328818082809448,0.005747766233980656,0.12054851651191711
0.1586773842573166,0.02955719456076622,0.07794828712940216,0.003514231415465474,0.6594786047935486,0.035313867032527924,0.035510387271642685
0.005647887010127306,0.0067650917917490005,0.005269930232316256,0.16627660393714905,0.7687985897064209,0.033081647008657455,0.014160371385514736
0.020241260528564453,0.10128743946552277,0.016527945175766945,0.006171093787997961,0.4348047971725464,0.33952540159225464,0.08144199103116989
0.050437700003385544,0.017846595495939255,0.48078495264053345,0.01804274320602417,0.19168274104595184,0.17884506285190582,0.0623602531850338
0.11510362476110458,0.03041647933423519,0.18512403964996338,0.008402741514146328,0.5811038613319397,0.05124983564019203,0.028599392622709274
0.76614910364151,0.013018833473324776,0.08677256852388382,0.0033140908926725388,0.11109662055969238,0.012119094841182232,0.007529572583734989
0.05448669195175171,0.008456448093056679,0.01453727763146162,0.1299823820590973,0.7509506940841675,0.028988299891352654,0.012598305940628052
0.5671600699424744,0.039867181330919266,0.1440911591053009,0.009416564367711544,0.22242948412895203,0.010366681031882763,0.006668930407613516
0.004852171055972576,0.003405794035643339,0.0007543441606685519,0.8362017869949341,0.13654018938541412,0.003705952549353242,0.014539775438606739
0.005677731707692146,0.002037829253822565,0.9347719550132751,0.00281331455335021,0.031025558710098267,0.01815531961619854,0.005518268793821335
0.008700612001121044,0.006587759125977755,0.007745841983705759,0.3554176986217499,0.6029123663902283,0.010482197627425194,0.008153529837727547
0.2298814058303833,0.12556298077106476,0.18895608186721802,0.005173671990633011,0.16613686084747314,0.21736854314804077,0.06692048162221909
0.03178178891539574,0.01170396152883768,0.020012840628623962,0.05161130800843239,0.19527211785316467,0.678490161895752,0.011127804405987263
0.00934684369713068,0.02048332430422306,0.006415759213268757,0.03028535656630993,0.8923640251159668,0.008959667757153511,0.032144997268915176
