anger,disgust,fear,joy,neutral,sadness,surprise
0.004792040213942528,0.017753364518284798,0.01374099962413311,0.054930880665779114,0.8525697588920593,0.00751001900061965,0.04870294779539108
0.04530959948897362,0.7252305150032043,0.10891423374414444,0.0016300927381962538,0.048209503293037415,0.0036943622399121523,0.06701172888278961
0.032862160354852676,0.9574772715568542,0.002015544567257166,0.0005821530357934535,0.0037520849145948887,0.0022539987694472075,0.0010568134021013975
0.03907434269785881,0.5674440264701843,0.3130885660648346,0.0018411892233416438,0.03492250666022301,0.008359169587492943,0.0352700799703598
0.03469372168183327,0.03444863483309746,0.09362969547510147,0.005220998078584671,0.10016847401857376,0.6913982629776001,0.04044022411108017
0.24591994285583496,0.04647750407457352,0.17747344076633453,0.0020947728771716356,0.032768964767456055,0.4012349843978882,0.09403032064437866
0.0011393992463126779,0.007507069036364555,0.002497863257303834,0.002536592772230506,0.023806268349289894,0.9517772793769836,0.010735572315752506
0.6094672083854675,0.29223254323005676,0.06558367609977722,0.0007021984783932567,0.01598711870610714,0.012071315199136734,0.0039558568969368935
0.09695104509592056,0.0742427185177803,0.08089224994182587,0.005073335487395525,0.6210746169090271,0.05172524228692055,0.07004084438085556
0.024110794067382812,0.20964579284191132,0.716109573841095,0.0019989756401628256,0.03627321124076843,0.004494393244385719,0.007367291487753391
0.14202025532722473,0.0890052393078804,0.620945155620575,0.004869459196925163,0.09677299857139587,0.030573992058634758,0.0158128309994936
0.3982252776622772,0.1297941356897354,0.16021429002285004,0.006559557281434536,0.20038440823554993,0.029967080801725388,0.07485528290271759
0.09857137501239777,0.011790027841925621,0.10102247446775436,0.013252542354166508,0.7259605526924133,0.007997593842446804,0.041405368596315384
0.11053786426782608,0.01013747788965702,0.37833768129348755,0.007327169179916382,0.27627304196357727,0.1183604821562767,0.09902624040842056
0.01186449732631445,0.007736383005976677,0.8938096165657043,0.001818621763959527,0.054411277174949646,0.004185912199318409,0.026173653081059456
0.12813028693199158,0.42069530487060547,0.1266808807849884,0.002870678436011076,0.06372988224029541,0.18820278346538544,0.06969009339809418
0.012839602306485176,0.05508418008685112,0.8685771822929382,0.002294430509209633,0.018814731389284134,0.003036665264517069,0.03935328871011734
0.6338627934455872,0.013497158885002136,0.2396388053894043,0.001959951827302575,0.032573848962783813,0.0637107565999031,0.014756743796169758
0.020861376076936722,0.013754530809819698,0.025662148371338844,0.010766107589006424,0.6377637982368469,0.021248709410429,0.2699432969093323
0.36683785915374756,0.5177144408226013,0.007865247316658497,0.0013314938405528665,0.03522000089287758,0.06808340549468994,0.0029476021882146597
0.0017281124601140618,0.0020677826832979918,0.0013663123827427626,0.8949202299118042,0.06392336636781693,0.010682610794901848,0.02531171776354313
0.014360709115862846,0.03155473619699478,0.008482745848596096,0.0017682091565802693,0.7073639631271362,0.04231095314025879,0.1941586434841156
