anger,disgust,fear,joy,neutral,sadness,surprise
0.006728419568389654,0.8647416234016418,0.015433934517204762,0.032586708664894104,0.058942217379808426,0.010435410775244236,0.01113174669444561
0.0674162283539772,0.3200337290763855,0.019954711198806763,0.008520289324223995,0.5752758979797363,0.0023413863964378834,0.006457738112658262
0.016219304874539375,0.011551566421985626,0.30241158604621887,0.2578279674053192,0.2563652992248535,0.11404822766780853,0.04157610237598419
0.03609402850270271,0.1624772697687149,0.0034524272195994854,0.5635030269622803,0.20113350450992584,0.019139915704727173,0.01419981848448515
0.006864127237349749,0.005697428714483976,0.0025009426753968,0.8317826390266418,0.10850302129983902,0.004421635530889034,0.04023018851876259
0.4218733310699463,0.33287400007247925,0.014527730643749237,0.0017405776306986809,0.08369077742099762,0.14351055026054382,0.0017831427976489067
0.2554880976676941,0.33273762464523315,0.061043526977300644,0.0038582251872867346,0.3224889039993286,0.0173910204321146,0.00699259527027607
0.02473287656903267,0.2640847861766815,0.01954449899494648,0.060363613069057465,0.5911081433296204,0.0156360175460577,0.024530068039894104
0.21776443719863892,0.3808373212814331,0.05634887516498566,0.005812884774059057,0.31826645135879517,0.015592610463500023,0.00537749333307147
0.07894983887672424,0.20064052939414978,0.03119235299527645,0.043887339532375336,0.45649898052215576,0.18541859090328217,0.0034124129451811314
0.2931286096572876,0.06800538301467896,0.0037047667428851128,0.004672660026699305,0.6116516590118408,0.012211195193231106,0.006625778507441282
0.014718113467097282,0.00266378209926188,0.009417904540896416,0.0018439878476783633,0.019763434305787086,0.008213452063500881,0.943379282951355
0.13657936453819275,0.1004021018743515,0.004907961934804916,0.007420229259878397,0.7253356575965881,0.021599680185317993,0.0037549901753664017
0.0211196206510067,0.02998431958258152,0.8358364105224609,0.0023357521276921034,0.03443733975291252,0.0024558103177696466,0.07383070886135101
0.015001227147877216,0.06580638140439987,0.006049232091754675,0.002512536942958832,0.7889761328697205,0.019437775015830994,0.1022166982293129
0.41765671968460083,0.5276278257369995,0.016862908378243446,0.0018606492085382342,0.01739652268588543,0.017577335238456726,0.001018078182823956
0.09407193213701248,0.027615701779723167,0.17890062928199768,0.055836569517850876,0.48076093196868896,0.028141681104898453,0.134672611951828
0.39028987288475037,0.4403271973133087,0.08431269973516464,0.002368055982515216,0.05495959520339966,0.024982145056128502,0.0027603707276284695
0.1221264973282814,0.30267229676246643,0.0199007298797369,0.006792593747377396,0.5266160368919373,0.010176094248890877,0.011715703643858433
0.1077805757522583,0.8249714374542236,0.02095022238790989,0.0013510717544704676,0.026614312082529068,0.017152324318885803,0.0011800945503637195
0.003803771222010255,0.0018418383551761508,0.0013185872230678797,0.0028328229673206806,0.007775119040161371,0.001141165615990758,0.9812867045402527
0.07942235469818115,0.04311329871416092,0.013447529636323452,0.02202433906495571,0.8299772143363953,0.007389382924884558,0.004625857807695866
0.06269730627536774,0.09839928150177002,0.05398869886994362,0.0314168743789196,0.7275294065475464,0.006212593987584114,0.019755830988287926
0.04771570861339569,0.12033706158399582,0.29247117042541504,0.003681513946503401,0.4453222453594208,0.011340050958096981,0.07913227379322052
0.03382200747728348,0.15525251626968384,0.11543901264667511,0.016408231109380722,0.40502214431762695,0.24701204895973206,0.027044011279940605
0.22644664347171783,0.017279498279094696,0.3220089375972748,0.008252207189798355,0.3716471791267395,0.027245476841926575,0.0271200779825449
0.27269840240478516,0.2120192050933838,0.02390648052096367,0.004332569893449545,0.31310850381851196,0.16113069653511047,0.012804149650037289
0.14081060886383057,0.0884728953242302,0.017540477216243744,0.004758660681545734,0.6371254920959473,0.08491596579551697,0.026375891640782356
0.5008055567741394,0.04884371906518936,0.038845788687467575,0.001909493701532483,0.020042916759848595,0.38725700974464417,0.002295523649081588
0.042136043310165405,0.5192463994026184,0.017626928165555,0.0019788003992289305,0.21129603683948517,0.1974312961101532,0.010284444317221642
