anger,disgust,fear,joy,neutral,sadness,surprise
0.0030195170547813177,0.0011209306539967656,0.0026217212434858084,0.8989575505256653,0.064763143658638,0.00703819515183568,0.02247895486652851
0.06231740862131119,0.6197437047958374,0.03762476146221161,0.08815104514360428,0.14958588778972626,0.02685466781258583,0.01572253182530403
0.026521282270550728,0.07281889766454697,0.002396948868408799,0.5729419589042664,0.29704782366752625,0.020344747230410576,0.007928424514830112
0.006591949611902237,0.0031071272678673267,0.014523141086101532,0.2955528795719147,0.577049195766449,0.028878191486001015,0.07429759204387665
0.07712005823850632,0.054847411811351776,0.015509569086134434,0.022700676694512367,0.7665367126464844,0.05478893965482712,0.008496592752635479
0.04298567399382591,0.12555836141109467,0.05978459492325783,0.6060826778411865,0.09585276246070862,0.03067883849143982,0.03905703127384186
0.11378901451826096,0.37393397092819214,0.005838080774992704,0.26204314827919006,0.17455193400382996,0.05536546930670738,0.014478364028036594
0.01975736767053604,0.05553549528121948,0.00408107228577137,0.11999336630105972,0.7830595374107361,0.0023891646414995193,0.015184102579951286
0.02751026675105095,0.03368234261870384,0.005826249718666077,0.003489408176392317,0.1039460226893425,0.8173494935035706,0.008196239359676838
0.07204844057559967,0.057298287749290466,0.01575922966003418,0.03356032446026802,0.7910491824150085,0.026085296645760536,0.004199309274554253
0.013637904077768326,0.006256367079913616,0.00117733224760741,0.2070448100566864,0.7315889596939087,0.005221466533839703,0.035073209553956985
0.09210336208343506,0.1517343968153,0.012743686325848103,0.002452313667163253,0.19668471813201904,0.5394452810287476,0.004836247768253088
0.04802246019244194,0.02923581190407276,0.0253837238997221,0.00818889494985342,0.03351420536637306,0.8510391116142273,0.004615824203938246
