anger,disgust,fear,joy,neutral,sadness,surprise
0.03600827604532242,0.11450311541557312,0.032501015812158585,0.0053392136469483376,0.023775018751621246,0.7682839035987854,0.01958942599594593
0.1749245524406433,0.7788950204849243,0.0025600907392799854,0.0010783519828692079,0.029374774545431137,0.011835143901407719,0.0013320213183760643
0.1500532627105713,0.07952775061130524,0.010484817437827587,0.006590917240828276,0.726349413394928,0.02424238808453083,0.002751455642282963
0.047736041247844696,0.1280425637960434,0.01002197153866291,0.07154331356287003,0.7017065286636353,0.004565211944282055,0.036384474486112595
0.10138636082410812,0.31349343061447144,0.00782477855682373,0.010436112061142921,0.29962942004203796,0.2614453434944153,0.005784567911177874
0.038682010024785995,0.1811486929655075,0.0172182135283947,0.07219836860895157,0.6639469861984253,0.01405420247465372,0.012751585803925991
0.16941483318805695,0.7277370095252991,0.003130499739199877,0.004150001797825098,0.06712395697832108,0.02519894205033779,0.003244735999032855
0.06368540227413177,0.09613895416259766,0.011169721372425556,0.001823324360884726,0.20457936823368073,0.6061540842056274,0.016449177637696266
0.01359239500015974,0.013273634016513824,0.0017571053467690945,0.007065777666866779,0.92514967918396,0.003727501491084695,0.035433895885944366
0.07883526384830475,0.11232386529445648,0.0012941836612299085,0.05520956590771675,0.7392784953117371,0.007386938668787479,0.005671605002135038
0.7473061680793762,0.16550597548484802,0.027051202952861786,0.0072910902090370655,0.03865475580096245,0.010531340725719929,0.003659483976662159
0.13586290180683136,0.017418377101421356,0.025782302021980286,0.00572021072730422,0.5506272315979004,0.23735134303569794,0.02723758853971958
0.2882847487926483,0.16177275776863098,0.009508607909083366,0.007846031337976456,0.42834407091140747,0.09550051391124725,0.0087432274594903
0.10935724526643753,0.03816954419016838,0.008977267891168594,0.028514327481389046,0.5327386856079102,0.26079094409942627,0.021451981738209724
0.2267446219921112,0.2875668704509735,0.015985501930117607,0.006723463535308838,0.4091765582561493,0.04680933430790901,0.0069936299696564674
