anger,disgust,fear,joy,neutral,sadness,surprise
0.00705934502184391,0.009365325793623924,0.003220832906663418,0.12312982976436615,0.7538119554519653,0.00638181809335947,0.0970308780670166
0.013202400878071785,0.03740668296813965,0.0023728415835648775,0.026265589520335197,0.90120530128479,0.005466703325510025,0.01408062782138586
0.49100786447525024,0.22572842240333557,0.04571549594402313,0.0022474704310297966,0.10742662101984024,0.12413477152585983,0.0037392701487988234
0.9059926867485046,0.048866529017686844,0.003768485737964511,0.001503574545495212,0.027537142857909203,0.009901339188218117,0.0024302820675075054
0.009780866093933582,0.0760093703866005,0.01519148238003254,0.6239936351776123,0.20425710082054138,0.06553325057029724,0.005234201904386282
0.34992700815200806,0.40013638138771057,0.0027487934567034245,0.01121507864445448,0.048088815063238144,0.18335604667663574,0.004527847282588482
0.5904459953308105,0.24998867511749268,0.00864448957145214,0.005098508205264807,0.09647347778081894,0.04666740447282791,0.0026814774610102177
0.974274218082428,0.008813740685582161,0.003700054483488202,0.00045660111936740577,0.009614108130335808,0.0019160369411110878,0.0012253096792846918
0.016477128490805626,0.2503630816936493,0.06167924031615257,0.03363356739282608,0.5852839946746826,0.01812577061355114,0.03443721681833267
0.02576332911849022,0.010706867091357708,0.26852405071258545,0.0019574661273509264,0.027591006830334663,0.20149779319763184,0.4639594554901123
0.05924243852496147,0.14897814393043518,0.06088092923164368,0.004501908086240292,0.15293216705322266,0.5705958604812622,0.0028685862198472023
0.0011018324876204133,0.00566816283389926,0.0021420747507363558,0.0022013806737959385,0.024038678035140038,0.9627522826194763,0.002095540054142475
0.0037536844611167908,0.008797094225883484,0.0025375178083777428,0.01465670857578516,0.9564979076385498,0.006567953620105982,0.007189225405454636
0.08566348999738693,0.16886602342128754,0.04239083454012871,0.00135186524130404,0.024434488266706467,0.6715083718299866,0.005784866865724325
0.8914521336555481,0.053589195013046265,0.005156598519533873,0.0015114117413759232,0.037839390337467194,0.007816437631845474,0.002634880831465125
0.9318385124206543,0.030376797541975975,0.00644149724394083,0.0012181424535810947,0.022787898778915405,0.0066797854378819466,0.0006572939455509186
0.01945582404732704,0.5150594115257263,0.0023203426972031593,0.04031708836555481,0.3847092092037201,0.033740535378456116,0.004397585988044739
0.004426036030054092,0.025325795635581017,0.021124400198459625,0.16244840621948242,0.10852573812007904,0.6654598116874695,0.012689811177551746
0.4209727644920349,0.036493513733148575,0.27717140316963196,0.0021341368556022644,0.04349943622946739,0.21509185433387756,0.004636968951672316
0.02249732054769993,0.044013530015945435,0.0027677237521857023,0.1863526701927185,0.07510175555944443,0.6632779240608215,0.005989071447402239
0.003260720521211624,0.0008728121174499393,0.9893403649330139,0.0011994083179160953,0.0029611364006996155,0.0014738441677764058,0.0008917544037103653
0.7983096837997437,0.08377335220575333,0.004582990426570177,0.0038017923943698406,0.05316532403230667,0.054516665637493134,0.0018501775339245796
0.16178913414478302,0.036289241164922714,0.1641255021095276,0.005805115681141615,0.24913126230239868,0.3707897365093231,0.012070032767951488
0.020951611921191216,0.5158379673957825,0.02071276493370533,0.10210976004600525,0.2942855954170227,0.02816448174417019,0.01793777570128441
0.008154417388141155,0.021197663620114326,0.0019450715044513345,0.041091036051511765,0.9109171628952026,0.0070642270147800446,0.00963042862713337
0.06614934653043747,0.03722119331359863,0.004105985164642334,0.017895786091685295,0.8522469401359558,0.0039325617253780365,0.018448125571012497
0.06521483510732651,0.0342685803771019,0.0019173676846548915,0.312265008687973,0.41127699613571167,0.16781949996948242,0.007237735670059919
0.06105364114046097,0.07811902463436127,0.001195825170725584,0.6384888291358948,0.1963711529970169,0.021977022290229797,0.002794524421915412
0.4380270540714264,0.026187613606452942,0.025219429284334183,0.0016774054383859038,0.06311223655939102,0.43466439843177795,0.011111888103187084
0.29437175393104553,0.5366867184638977,0.0023500146344304085,0.015502904541790485,0.1341482698917389,0.007602576166391373,0.009337697178125381
0.13112463057041168,0.01727365143597126,0.7580886483192444,0.0016153621254488826,0.028817297890782356,0.06120556220412254,0.001874839304946363
0.08786003291606903,0.04628106206655502,0.0029309308156371117,0.15254804491996765,0.6918633580207825,0.009935330599546432,0.008581191301345825
0.057070292532444,0.03947039321064949,0.713128387928009,0.0020517187658697367,0.020908495411276817,0.10053057968616486,0.0668400451540947
0.7303801774978638,0.23037545382976532,0.007614954840391874,0.0008289621910080314,0.014548403210937977,0.014068476855754852,0.0021835535299032927
0.9043017029762268,0.044348519295454025,0.026100054383277893,0.0008893809281289577,0.01732844114303589,0.003980585839599371,0.0030513692181557417
0.14344024658203125,0.6251062154769897,0.011701569892466068,0.02414623089134693,0.13338468968868256,0.00896770041435957,0.053253330290317535
0.26534461975097656,0.05297957360744476,0.5845752358436584,0.00340290367603302,0.017164744436740875,0.004582365974783897,0.0719505324959755
0.004579325206577778,0.009865416213870049,0.9601544141769409,0.004310475662350655,0.011019716039299965,0.007378662936389446,0.002692104084417224
0.09060535579919815,0.009913809597492218,0.8428627848625183,0.002230126643553376,0.005895201116800308,0.023685749620199203,0.02480701543390751
0.4000764489173889,0.20225030183792114,0.02435307763516903,0.003462534863501787,0.3019832968711853,0.06149247661232948,0.006381830666214228
0.10645882785320282,0.09988699108362198,0.005259850062429905,0.04954037442803383,0.6871779561042786,0.04949536919593811,0.0021806552540510893
0.006918619386851788,0.011851334013044834,0.09545997530221939,0.0017207179917022586,0.04580531641840935,0.8275372982025146,0.010706835426390171
