anger,disgust,fear,joy,neutral,sadness,surprise
0.035305801779031754,0.34499698877334595,0.15487779676914215,0.009394316002726555,0.4354057312011719,0.01117586437612772,0.00884359609335661
0.03758833929896355,0.004038442391902208,0.815203845500946,0.005184706766158342,0.05314707010984421,0.015501021407544613,0.06933651119470596
0.03170740604400635,0.359097957611084,0.004481777548789978,0.1185142919421196,0.4440149664878845,0.03356747701764107,0.008616212755441666
0.02108139917254448,0.11607489734888077,0.0045920442789793015,0.00954868458211422,0.8309217691421509,0.013000497594475746,0.0047806934453547
0.10268400609493256,0.20424538850784302,0.008852958679199219,0.05366940051317215,0.6052790880203247,0.010555009357631207,0.014714114367961884
0.12200126051902771,0.027029510587453842,0.3179798126220703,0.07397983968257904,0.4310320019721985,0.016520151868462563,0.011457402259111404
0.07663091272115707,0.17050801217556,0.0026985439471900463,0.2854349613189697,0.4161279797554016,0.018543411046266556,0.030056195333600044
0.00930523406714201,0.013340499252080917,0.0033389199525117874,0.0085160406306386,0.8456363081932068,0.03992244228720665,0.0799405425786972
0.8307933211326599,0.13368870317935944,0.006236421875655651,0.0013291219947859645,0.02199506387114525,0.003812993410974741,0.0021443916484713554
0.0031906994991004467,0.004450734704732895,0.0011361578945070505,0.019048219546675682,0.9585195183753967,0.0031825657933950424,0.010472099296748638
0.0032511060126125813,0.014875581488013268,0.00239539728499949,0.012562965042889118,0.9272047877311707,0.009205701760947704,0.030504435300827026
0.008059789426624775,0.005049893166869879,0.0028757641557604074,0.2632850110530853,0.6772333383560181,0.0060410648584365845,0.037455130368471146
0.0033829547464847565,0.0023278139997273684,0.0013272145297378302,0.03949020430445671,0.9263676404953003,0.007664626929908991,0.019439658150076866
0.00862307008355856,0.005550467874854803,0.0017058298690244555,0.04774654284119606,0.90821772813797,0.008650638163089752,0.01950567215681076
