anger,disgust,fear,joy,neutral,sadness,surprise
0.0033877340611070395,0.008684446103870869,0.0022618991788476706,0.013724111020565033,0.018376944586634636,0.9462568759918213,0.007308072876185179
0.0029863049276173115,0.01650197058916092,0.0012638844782486558,0.9499640464782715,0.016776712611317635,0.007773600518703461,0.004733504261821508
0.23767347633838654,0.043918587267398834,0.661384642124176,0.0020683342590928078,0.007777801714837551,0.04350394383072853,0.00367317465133965
0.014538010582327843,0.6963489651679993,0.07741887122392654,0.0015942570753395557,0.07301045209169388,0.12755873799324036,0.009530712850391865
0.027473827823996544,0.8714973330497742,0.017836326733231544,0.0010923105292022228,0.04845208674669266,0.03223251923918724,0.001415570848621428
0.03277629613876343,0.0437227338552475,0.004013760946691036,0.021036874502897263,0.39431723952293396,0.48906993865966797,0.015063139609992504
0.0032619962003082037,0.010996689088642597,0.002296655671671033,0.08338718861341476,0.7903726696968079,0.09683321416378021,0.012851595878601074
0.006149582099169493,0.8677988648414612,0.018472732976078987,0.003671115031465888,0.0548994354903698,0.008787804283201694,0.04022056236863136
0.013448015786707401,0.051174767315387726,0.005778051447123289,0.011806569993495941,0.6260805130004883,0.020402614027261734,0.27130940556526184
0.9926490187644958,0.0018731474410742521,0.0008738573524169624,0.00038028357084840536,0.0016060145571827888,0.0018672527512535453,0.0007503594388253987
0.030744442716240883,0.8040663599967957,0.022469721734523773,0.0024820053949952126,0.05671962350606918,0.08001533895730972,0.0035025579854846
0.008070377632975578,0.09785901755094528,0.007161684799939394,0.015989674255251884,0.7804451584815979,0.005851650610566139,0.08462245762348175
0.014318848960101604,0.009128243662416935,0.816464364528656,0.001876537804491818,0.11011137068271637,0.010585298761725426,0.03751527518033981
0.004226009827107191,0.006055107340216637,0.9548379182815552,0.0015773798804730177,0.022097626700997353,0.007432849146425724,0.003773194970563054
0.008825636468827724,0.016790438443422318,0.02367853932082653,0.004943086300045252,0.9336820244789124,0.0030090995132923126,0.009071252308785915
0.007975052110850811,0.022980982437729836,0.005338123068213463,0.046438589692115784,0.6576413512229919,0.2448425441980362,0.014783286489546299
0.0030263469088822603,0.0016704477602615952,0.982313871383667,0.0008963490836322308,0.008147490210831165,0.002680808538571,0.0012647229013964534
0.02427840232849121,0.34629133343696594,0.010688371025025845,0.016439296305179596,0.5761374235153198,0.01018461398780346,0.01598062366247177
