anger,disgust,fear,joy,neutral,sadness,surprise
0.0032875712495297194,0.010286044329404831,0.03135104104876518,0.20079296827316284,0.42812108993530273,0.30778124928474426,0.01838008128106594
0.001696936902590096,0.0011804462410509586,0.000678545271512121,0.9829761981964111,0.002734570298343897,0.0015162065392360091,0.00921702291816473
0.007178024854511023,0.8236410617828369,0.0029499640222638845,0.011228769086301327,0.08676109462976456,0.06644939631223679,0.0017915710341185331
0.2793336510658264,0.625180721282959,0.031876906752586365,0.0019117604242637753,0.0445580780506134,0.015865448862314224,0.0012734007323160768
0.007620227988809347,0.013284547254443169,0.0020254238042980433,0.831378161907196,0.10896065831184387,0.03367612510919571,0.0030549534130841494
0.0737580880522728,0.04224401339888573,0.009337208233773708,0.41751059889793396,0.11443215608596802,0.32212820649147034,0.020589681342244148
0.4977952837944031,0.17111659049987793,0.0037068261299282312,0.007030268665403128,0.21271361410617828,0.10017231851816177,0.007465049158781767
0.6386579871177673,0.1424165517091751,0.004262481350451708,0.0021737285424023867,0.03483470901846886,0.17618130147457123,0.0014731723349541426
0.5082641839981079,0.06805689632892609,0.007274617440998554,0.010573141276836395,0.16127952933311462,0.24085737764835358,0.0036942041479051113
0.09801878035068512,0.4680163860321045,0.03056398220360279,0.0016656775260344148,0.05676513910293579,0.3412151336669922,0.003754938952624798
0.03461303934454918,0.13699476420879364,0.0217966940253973,0.019487712532281876,0.6979953050613403,0.08562035858631134,0.003492015413939953
0.19507479667663574,0.12737734615802765,0.00835014320909977,0.07903463393449783,0.5302958488464355,0.05485676974058151,0.005010422319173813
0.04550882428884506,0.12870024144649506,0.005012763198465109,0.0026437644846737385,0.7780081033706665,0.023241354152560234,0.016884950920939445
0.5246345400810242,0.2273542433977127,0.005070636048913002,0.005066146608442068,0.16994275152683258,0.065637968480587,0.0022936868481338024
0.004487091209739447,0.018602434545755386,0.0032476976048201323,0.004095280077308416,0.9475377798080444,0.018712550401687622,0.003317121649160981
