anger,disgust,fear,joy,neutral,sadness,surprise
0.01654123142361641,0.06400526314973831,0.40009304881095886,0.09614349901676178,0.21442176401615143,0.2035965919494629,0.005198661237955093
0.07246703654527664,0.5579202771186829,0.05196904018521309,0.011368085630238056,0.2738592028617859,0.020473625510931015,0.011942705139517784
0.3005494475364685,0.23570775985717773,0.02652033045887947,0.005826934706419706,0.40133240818977356,0.021830478683114052,0.00823267363011837
0.30661386251449585,0.48472386598587036,0.08347894996404648,0.0024575504940003157,0.07333655655384064,0.04561120271682739,0.003778047626838088
0.7188906073570251,0.12827898561954498,0.05217461287975311,0.0019245775183662772,0.041890375316143036,0.05483654513955116,0.0020043342374265194
0.13562576472759247,0.12009117752313614,0.010493860580027103,0.004078252241015434,0.7033295631408691,0.021028803661465645,0.005352659150958061
0.35257869958877563,0.42982277274131775,0.13640077412128448,0.0011254989076405764,0.031078914180397987,0.043212007731199265,0.005781310610473156
0.008905616588890553,0.10703331977128983,0.00276449928060174,0.1016763374209404,0.7480353116989136,0.02238895371556282,0.00919595081359148
0.9635883569717407,0.015881486237049103,0.0022709898184984922,0.0005868989392183721,0.012069517746567726,0.0028715161606669426,0.002731387736275792
0.9496374130249023,0.02026348188519478,0.0018564752535894513,0.0015138511080294847,0.020312633365392685,0.004540895111858845,0.0018753045005723834
0.11146922409534454,0.19340437650680542,0.12173523753881454,0.006917399819940329,0.5241661667823792,0.0386076346039772,0.0036999788135290146
0.2189144343137741,0.21652178466320038,0.3210783302783966,0.002456998685374856,0.1485053449869156,0.06437578052282333,0.02814733423292637
0.6089213490486145,0.09327712655067444,0.0036255368031561375,0.0028856589924544096,0.2593388259410858,0.02455800771713257,0.007393561769276857
0.4360244572162628,0.03616342693567276,0.25185427069664,0.004140653647482395,0.13446049392223358,0.0758046805858612,0.06155204772949219
0.013374109752476215,0.4352104961872101,0.014412558637559414,0.008648471906781197,0.45122191309928894,0.06939089298248291,0.007741432636976242
0.030687522143125534,0.9451344609260559,0.002434323076158762,0.000630910333711654,0.01616019383072853,0.003965515177696943,0.0009870961075648665
