anger,disgust,fear,joy,neutral,sadness,surprise
0.004208529368042946,0.014096521772444248,0.0032638804987072945,0.7512285709381104,0.19144318997859955,0.011888360604643822,0.023870890960097313
0.011018063873052597,0.06565380841493607,0.02894032560288906,0.017979837954044342,0.7866423726081848,0.053572166711091995,0.036193475127220154
0.006450717803090811,0.00786649715155363,0.0011793833691626787,0.01589578576385975,0.9282242059707642,0.003572604153305292,0.03681085631251335
0.018877072259783745,0.01670464500784874,0.112910695374012,0.12231998890638351,0.6974385380744934,0.010479691438376904,0.021269414573907852
0.02425185777246952,0.019038844853639603,0.014299293980002403,0.018478278070688248,0.7952947616577148,0.03608039394021034,0.09255644679069519
0.018330032005906105,0.029353449121117592,0.09965260326862335,0.003535076742991805,0.27551981806755066,0.4612320065498352,0.11237702518701553
0.715140700340271,0.0730169489979744,0.005595795344561338,0.008643007837235928,0.11629654467105865,0.060549478977918625,0.02075739949941635
0.0076744575053453445,0.004679413978010416,0.0023688473738729954,0.010289994068443775,0.9171079993247986,0.00869984645396471,0.049179431051015854
0.010114805772900581,0.062275100499391556,0.003678899956867099,0.6378980875015259,0.16677750647068024,0.059041399508714676,0.06021428853273392
0.1965496689081192,0.4681805372238159,0.022709539160132408,0.0015979188028723001,0.29252544045448303,0.012635443359613419,0.005801375024020672
0.00431177020072937,0.028420209884643555,0.006112087517976761,0.00832526758313179,0.9067172408103943,0.007605197839438915,0.03850824013352394
0.029039641842246056,0.010334325022995472,0.49104103446006775,0.006847088225185871,0.06136934086680412,0.36294397711753845,0.038424551486968994
0.02438431978225708,0.01801285147666931,0.32428455352783203,0.006715583615005016,0.6034798622131348,0.014580780640244484,0.008541966788470745
0.006325185298919678,0.007678423076868057,0.003147765528410673,0.004484438803046942,0.9557400941848755,0.006691840942949057,0.015932327136397362
0.03460478037595749,0.040228936821222305,0.0023684941697865725,0.4483370780944824,0.4000414311885834,0.06942092627286911,0.004998325370252132
0.1298968493938446,0.005203115753829479,0.19133415818214417,0.23210500180721283,0.3353974223136902,0.02821660041809082,0.07784685492515564
0.05184297263622284,0.014712201431393623,0.6185854077339172,0.006360746920108795,0.11289510875940323,0.03567736595869064,0.1599261313676834
0.010808065533638,0.0025156093761324883,0.003990865312516689,0.6329123377799988,0.1516890525817871,0.011950700543820858,0.18613338470458984
0.14579559862613678,0.02490074560046196,0.039101045578718185,0.03583536297082901,0.7153542637825012,0.018658461049199104,0.02035447396337986
0.0810549259185791,0.1163758784532547,0.07266675680875778,0.011257385835051537,0.6128767728805542,0.05360862985253334,0.0521596223115921
0.009899278171360493,0.006451136898249388,0.01407869067043066,0.03905878961086273,0.8616208434104919,0.00777213042601943,0.06111907213926315
0.010921290144324303,0.048031505197286606,0.011502359062433243,0.6842541098594666,0.1907591074705124,0.04642711579799652,0.008104474283754826
0.0012236993061378598,0.0005035684444010258,0.0006098791491240263,0.9307835102081299,0.024194730445742607,0.028132114559412003,0.014552612788975239
