anger,disgust,fear,joy,neutral,sadness,surprise
0.0035261327866464853,0.006364095024764538,0.19485221803188324,0.0021545113995671272,0.03250584751367569,0.7476397156715393,0.012957562692463398
0.01714419201016426,0.012568783946335316,0.004277530591934919,0.1296047568321228,0.4022029936313629,0.40294626355171204,0.03125542774796486
0.012674683704972267,0.02311360463500023,0.02564667910337448,0.023099875077605247,0.8828164339065552,0.01881473883986473,0.013833976350724697
0.23110061883926392,0.3685627281665802,0.3157457709312439,0.0017564381705597043,0.045054517686367035,0.020935745909810066,0.016844013705849648
0.06484004855155945,0.09782809019088745,0.3652319014072418,0.0074232108891010284,0.40129557251930237,0.027501365169882774,0.03587990999221802
0.014477592892944813,0.011819067411124706,0.0034981013741344213,0.24725395441055298,0.3148380219936371,0.39023062586784363,0.017882652580738068
0.005346271209418774,0.007519599515944719,0.0007984249386936426,0.49846774339675903,0.4711459279060364,0.006027141585946083,0.010694910772144794
0.009641910903155804,0.002249640179798007,0.0033380105160176754,0.15347415208816528,0.7284832000732422,0.039789482951164246,0.06302358210086823
0.073920838534832,0.10631639510393143,0.4659806489944458,0.001923294155858457,0.22099995613098145,0.040410835295915604,0.0904480516910553
0.05053313821554184,0.17506159842014313,0.15861240029335022,0.003419925458729267,0.5700963735580444,0.038576483726501465,0.0037000381853431463
0.0064271679148077965,0.00999896414577961,0.9217013716697693,0.0014617240522056818,0.022799000144004822,0.007570870220661163,0.030040958896279335
0.03188846632838249,0.2294522374868393,0.029913125559687614,0.002890627132728696,0.6803039908409119,0.01201418973505497,0.013537404127418995
0.13909894227981567,0.8118093609809875,0.007424579467624426,0.0009681921219453216,0.03088187612593174,0.008039564825594425,0.0017774286679923534
0.01734469272196293,0.005174914840608835,0.8921549916267395,0.003779825521633029,0.05850370600819588,0.010977225378155708,0.012064618058502674
0.009004498831927776,0.026380307972431183,0.9440162777900696,0.0009481499437242746,0.011002954095602036,0.0026499140076339245,0.005998057313263416
0.3245285749435425,0.23306569457054138,0.021138546988368034,0.00661449134349823,0.19588784873485565,0.2173113375902176,0.0014535271329805255
0.024856235831975937,0.06346441805362701,0.01396333146840334,0.006169979926198721,0.37428566813468933,0.503514289855957,0.013746078126132488
0.024593818932771683,0.0071100881323218346,0.8822828531265259,0.0030716867186129093,0.06305911391973495,0.007330121006816626,0.012552270665764809
0.0935632586479187,0.02502979151904583,0.31656959652900696,0.03891031816601753,0.39156973361968994,0.10883580148220062,0.025521516799926758
0.00449012964963913,0.003599280957132578,0.00858605932444334,0.007604621816426516,0.07690723240375519,0.004423713777214289,0.8943889141082764
0.31155651807785034,0.05159083753824234,0.3190616965293884,0.006177880801260471,0.20728997886180878,0.00785402487963438,0.09646902233362198
0.5514479279518127,0.1907907873392105,0.14568202197551727,0.0014160571154206991,0.08042941987514496,0.02217891998589039,0.00805482268333435
0.04739847779273987,0.8714369535446167,0.04538198560476303,0.0007028348045423627,0.020493123680353165,0.009582817554473877,0.005003887694329023
0.03894150257110596,0.5124553442001343,0.07601650804281235,0.009135215543210506,0.24723021686077118,0.10890311747789383,0.007318027783185244
0.004944332875311375,0.02048959583044052,0.006089021451771259,0.5540612936019897,0.3613573908805847,0.04158049449324608,0.011477811262011528
