anger,disgust,fear,joy,neutral,sadness,surprise
0.01680627092719078,0.5363673567771912,0.34992966055870056,0.0012088577495887876,0.03715319186449051,0.030030397698283195,0.02850416861474514
0.14743517339229584,0.7684741020202637,0.04811367765069008,0.0009483160101808608,0.01848950795829296,0.014227584935724735,0.0023116460070014
0.10814376920461655,0.10917624086141586,0.009058845229446888,0.013957327231764793,0.7417779564857483,0.015370948240160942,0.0025149278808385134
0.0907939225435257,0.23565340042114258,0.05024180933833122,0.004643511958420277,0.601470947265625,0.013452043756842613,0.003744385903701186
0.36531367897987366,0.30425596237182617,0.038905322551727295,0.0025914255529642105,0.2728131115436554,0.013499678112566471,0.0026208097115159035
0.20381414890289307,0.7561134696006775,0.004932503681629896,0.0007994031184352934,0.018956299871206284,0.013174785301089287,0.002209451049566269
0.005960221868008375,0.018170997500419617,0.002378840232267976,0.003779203398153186,0.9574443101882935,0.004019459243863821,0.008247079327702522
0.016127049922943115,0.033106014132499695,0.0036731185391545296,0.1256534904241562,0.8007761836051941,0.012069054879248142,0.008595019578933716
0.013974683359265327,0.04202711209654808,0.001000046613626182,0.12143751978874207,0.776875376701355,0.008892918936908245,0.03579234331846237
