anger,disgust,fear,joy,neutral,sadness,surprise
0.016029326245188713,0.016330234706401825,0.07051476836204529,0.009223267436027527,0.5607280135154724,0.29929599165916443,0.02787838689982891
0.04023567587137222,0.005779508501291275,0.9111405611038208,0.0016238491516560316,0.011340413242578506,0.025612635537981987,0.004267382435500622
0.02060309238731861,0.011891014873981476,0.007584665901958942,0.007504516281187534,0.8802730441093445,0.004698180127888918,0.06744549423456192
0.024355044588446617,0.2503497302532196,0.015208933502435684,0.20381636917591095,0.4185103476047516,0.05716097354888916,0.0305985976010561
0.042105719447135925,0.0879669189453125,0.00746873440220952,0.008602041751146317,0.16829901933670044,0.6720307469367981,0.01352676935493946
0.028238600119948387,0.7995292544364929,0.060452915728092194,0.0014215228147804737,0.07169497758150101,0.03553113713860512,0.0031315551605075598
0.01186850480735302,0.009041951037943363,0.014807714149355888,0.08184529840946198,0.8014569878578186,0.013554859906435013,0.06742468476295471
0.43804246187210083,0.07276374101638794,0.21509785950183868,0.0067306323908269405,0.05664471536874771,0.1530376672744751,0.05768289417028427
0.19959844648838043,0.062473494559526443,0.42279955744743347,0.001386368996463716,0.07060106843709946,0.2359517216682434,0.0071893916465342045
0.005649283062666655,0.0037933681160211563,0.011223867535591125,0.06805121153593063,0.8230522871017456,0.03431076928973198,0.053919125348329544
0.06910349428653717,0.05000566691160202,0.006999270059168339,0.0012941076420247555,0.07964065670967102,0.010394079610705376,0.782562792301178
0.4807114601135254,0.05389372259378433,0.42213374376296997,0.0015444877790287137,0.026110416278243065,0.011084667406976223,0.004521526396274567
0.3090081810951233,0.21083427965641022,0.03222581744194031,0.016920361667871475,0.39776158332824707,0.00917799025774002,0.02407178282737732
0.06399306654930115,0.718637228012085,0.10203438252210617,0.002334030345082283,0.0904514342546463,0.01766120456159115,0.004888631869107485
0.2028491497039795,0.3219764530658722,0.20908713340759277,0.004334410652518272,0.2247931808233261,0.01226088311523199,0.02469891868531704
0.26157721877098083,0.043677277863025665,0.025895284488797188,0.003144409041851759,0.05590711534023285,0.5971013903617859,0.012697331607341766
0.16029737889766693,0.09817146509885788,0.5555917620658875,0.005473444238305092,0.15626198053359985,0.01331065222620964,0.010893297381699085
0.7616994380950928,0.04723498597741127,0.10247508436441422,0.001553076901473105,0.053439851850271225,0.023026177659630775,0.010571316815912724
0.2119714468717575,0.008561834692955017,0.6994467377662659,0.002409935463219881,0.035079192370176315,0.032036129385232925,0.010494702495634556
0.15370811522006989,0.04388129338622093,0.6758018732070923,0.003709555370733142,0.09598928689956665,0.013154532760381699,0.013755282387137413
0.09405643492937088,0.05122280865907669,0.034342147409915924,0.005114640109241009,0.7007127404212952,0.016384057700634003,0.09816719591617584
0.710172712802887,0.17788705229759216,0.08074860274791718,0.0017231205711141229,0.01777726225554943,0.009282706305384636,0.002408470492810011
0.3042869567871094,0.12900091707706451,0.16436469554901123,0.00972759909927845,0.28475597500801086,0.08487004041671753,0.02299375832080841
0.19470751285552979,0.08533851057291031,0.0505269318819046,0.004417780786752701,0.24334417283535004,0.41400372982025146,0.007661391515284777
0.06261502206325531,0.032263509929180145,0.10910020023584366,0.0056279506534338,0.570868968963623,0.20371113717556,0.015813156962394714
0.03996138274669647,0.07201307266950607,0.1640329658985138,0.007506181485950947,0.6429213285446167,0.0367087721824646,0.03685631975531578
0.6396709680557251,0.026459744200110435,0.1673250049352646,0.005152781028300524,0.0582684688270092,0.07369725406169891,0.02942574955523014
0.8739559054374695,0.01518160942941904,0.023253556340932846,0.0012858802219852805,0.033497534692287445,0.048834074288606644,0.003991426434367895
0.6690770387649536,0.16809268295764923,0.08884146064519882,0.0020824111998081207,0.045109719038009644,0.013271023519337177,0.01352565549314022
0.6636697053909302,0.19581396877765656,0.0025190948508679867,0.0032013857271522284,0.09798020124435425,0.02786109410226345,0.008954448625445366
