anger,disgust,fear,joy,neutral,sadness,surprise
0.0022246427834033966,0.0009881918085739017,0.9680869579315186,0.004591101314872503,0.010050208307802677,0.010797177441418171,0.0032616863027215004
0.01536499708890915,0.2600189447402954,0.49885815382003784,0.004951860290020704,0.14185743033885956,0.06629141420125961,0.012657222338020802
0.0012985795037820935,0.002180093666538596,0.9888362288475037,0.000537066429387778,0.001623093499802053,0.0029102477710694075,0.002614626195281744
0.005806176457554102,0.039919644594192505,0.010463149286806583,0.00224690162576735,0.8492088913917542,0.033510513603687286,0.058844637125730515
0.009016438387334347,0.9120399951934814,0.028382645919919014,0.0006002114387229085,0.032488059252500534,0.0029167288448661566,0.01455595064908266
0.7970324754714966,0.07960016280412674,0.08967938274145126,0.0013261816930025816,0.0215593408793211,0.005211046896874905,0.005591365043073893
0.2261907011270523,0.07814153283834457,0.01627192832529545,0.0032129688188433647,0.2677498161792755,0.39835548400878906,0.010077509097754955
0.014041504822671413,0.014892598614096642,0.006146768573671579,0.5118740797042847,0.33279117941856384,0.009856590069830418,0.11039736121892929
0.07278743386268616,0.7503013014793396,0.11289018392562866,0.0022178555373102427,0.03145064786076546,0.027838444337248802,0.002514107618480921
0.02114197425544262,0.04407148063182831,0.15682482719421387,0.008943234570324421,0.6990268230438232,0.0503547377884388,0.019636988639831543
0.011456864885985851,0.526618242263794,0.009036972187459469,0.10437903553247452,0.32453668117523193,0.010628711432218552,0.013343499042093754
0.013495384715497494,0.0391291119158268,0.5569149851799011,0.0017143386648967862,0.1909364014863968,0.01683191768825054,0.18097782135009766
0.19683100283145905,0.47753918170928955,0.026820532977581024,0.001365302363410592,0.24197900295257568,0.0394478514790535,0.01601717434823513
0.23208189010620117,0.5197252631187439,0.01106640137732029,0.006555585190653801,0.21481236815452576,0.00985957682132721,0.005898898467421532
0.23300160467624664,0.06749549508094788,0.05885649099946022,0.03052290715277195,0.5268278121948242,0.06755780428647995,0.01573784463107586
0.007815090008080006,0.019576847553253174,0.0940653532743454,0.014289949089288712,0.8005721569061279,0.05300356447696686,0.010677093639969826
0.0056322901509702206,0.006404148414731026,0.9102413058280945,0.0019000323954969645,0.05720093846321106,0.014967876486480236,0.0036534934770315886
0.02356075309216976,0.03809133917093277,0.08681901544332504,0.002448535989969969,0.7857469320297241,0.04824676737189293,0.015086669474840164
0.006855804473161697,0.03671940788626671,0.010635939426720142,0.027520732954144478,0.7359780073165894,0.12341471761465073,0.05887547507882118
