anger,disgust,fear,joy,neutral,sadness,surprise
0.016373680904507637,0.06919009983539581,0.26105815172195435,0.08050043135881424,0.42983296513557434,0.12586873769760132,0.017175937071442604
0.1580398827791214,0.13936039805412292,0.03760408237576485,0.0063368286937475204,0.5218875408172607,0.1337534785270691,0.0030178201850503683
0.007755883503705263,0.8447978496551514,0.016783706843852997,0.06030727177858353,0.0398268848657608,0.025955311954021454,0.004573000129312277
0.05617254972457886,0.5818239450454712,0.21027448773384094,0.0037361118011176586,0.07008666545152664,0.0736473873257637,0.004258860368281603
0.05421389639377594,0.20228324830532074,0.007046638987958431,0.4096902310848236,0.3019792139530182,0.021415475755929947,0.0033713874872773886
0.06746114790439606,0.9077591896057129,0.010138066485524178,0.001755070174112916,0.007773988880217075,0.0045448532328009605,0.0005677115404978395
0.012221936136484146,0.0559421181678772,0.46882399916648865,0.005731587763875723,0.043056420981884,0.41166144609451294,0.002562425099313259
0.12791234254837036,0.6718754768371582,0.05262131616473198,0.0009581050835549831,0.0992736741900444,0.0454053096473217,0.001953728264197707
0.3496030271053314,0.5451539754867554,0.04701187461614609,0.0007930614519864321,0.027169805020093918,0.02893371693789959,0.0013345322804525495
0.6394364833831787,0.25672462582588196,0.0063697355799376965,0.001187424873933196,0.023790817707777023,0.06973093003034592,0.0027599348686635494
0.026211516931653023,0.062402211129665375,0.0036195339635014534,0.5057256817817688,0.32015201449394226,0.07547762244939804,0.006411422044038773
0.5236766934394836,0.18860390782356262,0.01803058385848999,0.003047981997951865,0.02050175331532955,0.24408328533172607,0.002055787481367588
0.055548567324876785,0.09538929909467697,0.7804258465766907,0.003735726233571768,0.04717781022191048,0.010244580917060375,0.007478178013116121
0.008892643265426159,0.000924888823647052,0.9776844382286072,0.0009812989737838507,0.0051307715475559235,0.0039908429607748985,0.002395045943558216
0.030847927555441856,0.02672540955245495,0.006783806718885899,0.024297639727592468,0.8746675252914429,0.029489608481526375,0.007188055664300919
0.7238978147506714,0.17855344712734222,0.005705852527171373,0.0030042279977351427,0.04575803875923157,0.04078349843621254,0.0022971979342401028
0.7357617020606995,0.06039796024560928,0.002857950981706381,0.002552617806941271,0.18834422528743744,0.0053757568821311,0.004709857515990734
0.6472797989845276,0.09290487319231033,0.15693216025829315,0.005379711743444204,0.05573894456028938,0.039799198508262634,0.001965280156582594
0.15833263099193573,0.054972074925899506,0.003437291132286191,0.005835347808897495,0.17428280413150787,0.592387855052948,0.010751963593065739
0.018654076382517815,0.01854032278060913,0.0014400302898138762,0.48631906509399414,0.4560077488422394,0.0070124403573572636,0.01202637143433094
