anger,disgust,fear,joy,neutral,sadness,surprise
0.17474527657032013,0.19220690429210663,0.0464688241481781,0.011470586992800236,0.14651499688625336,0.42392697930336,0.004666466731578112
0.18264590203762054,0.014408132061362267,0.38718727231025696,0.014258699491620064,0.17035159468650818,0.21443374454975128,0.01671462133526802
0.006145348306745291,0.01050445158034563,0.003036420326679945,0.004094193689525127,0.06028266251087189,0.002494432497769594,0.9134424924850464
0.010515986941754818,0.9720468521118164,0.0034722902346402407,0.0005070247570984066,0.009336700662970543,0.0033165907952934504,0.0008045470458455384
0.12882769107818604,0.3688543140888214,0.28809893131256104,0.0029182727448642254,0.1752650886774063,0.03039110265672207,0.005644654389470816
0.7016721367835999,0.04103822633624077,0.21647052466869354,0.002192871645092964,0.025088023394346237,0.00633313599973917,0.007205044850707054
0.038721006363630295,0.019654080271720886,0.23722068965435028,0.011982899159193039,0.2505218982696533,0.3157660663127899,0.12613336741924286
0.12234557420015335,0.1983535885810852,0.11133452504873276,0.005815672688186169,0.2078646421432495,0.34877368807792664,0.0055122761987149715
0.06385530531406403,0.011169198900461197,0.08821176737546921,0.0041605341248214245,0.7668107748031616,0.03653273358941078,0.029259689152240753
0.16068102419376373,0.009247916750609875,0.797706663608551,0.0014645402552559972,0.02166624180972576,0.004088487476110458,0.005145162809640169
0.0015865872846916318,0.00679265521466732,0.00447048107162118,0.011123217642307281,0.023557499051094055,0.9454861283302307,0.00698348181322217
0.04926967993378639,0.1686835139989853,0.0084479795768857,0.00589383952319622,0.7406532168388367,0.023898450657725334,0.0031533013097941875
0.020281342789530754,0.04525425657629967,0.05323325842618942,0.07568014413118362,0.6906337738037109,0.10278578102588654,0.012131384573876858
0.028346549719572067,0.828166127204895,0.008350842632353306,0.0011398778297007084,0.09143472462892532,0.03335735946893692,0.009204534813761711
0.016838014125823975,0.014392117038369179,0.9005454778671265,0.0010836039436981082,0.0397513248026371,0.02140580676496029,0.005983544513583183
0.02314935065805912,0.24207237362861633,0.004468872211873531,0.004737325944006443,0.6793187260627747,0.031247299164533615,0.015006041154265404
0.004278951790183783,0.06862153112888336,0.7974702715873718,0.0037045618519186974,0.05341436713933945,0.01153203472495079,0.06097825616598129
0.0030845575965940952,0.009928361512720585,0.9768399000167847,0.0007390184910036623,0.0029756242875009775,0.004516217391937971,0.0019163873512297869
0.21694590151309967,0.40644803643226624,0.0867934301495552,0.004703523591160774,0.21839867532253265,0.06057523563504219,0.006135130766779184
0.006916134152561426,0.02108088508248329,0.0059988899156451225,0.012615267187356949,0.9286364316940308,0.006640140432864428,0.01811220869421959
0.04841017723083496,0.32826077938079834,0.0035542037803679705,0.0039284187369048595,0.5890599489212036,0.01872793212532997,0.008058520033955574
0.008982984349131584,0.029956281185150146,0.001460388069972396,0.006833741441369057,0.9374487996101379,0.004983821883797646,0.010333993472158909
0.0012308950535953045,0.0009049210348166525,0.00041357293957844377,0.985741138458252,0.004504896700382233,0.001812931732274592,0.005391670390963554
0.0032342099584639072,0.0056070308201014996,0.0007216476951725781,0.9163022637367249,0.06861262023448944,0.0033864504657685757,0.002135766902938485
0.06176239997148514,0.12839792668819427,0.23659034073352814,0.0025672283954918385,0.06671012938022614,0.49342215061187744,0.010549771599471569
0.24854443967342377,0.20560379326343536,0.28632259368896484,0.003638397203758359,0.20424501597881317,0.029872220009565353,0.021773643791675568
0.0394270159304142,0.032180339097976685,0.3609166741371155,0.00256568961776793,0.14228154718875885,0.02015877515077591,0.4024699926376343
0.15873673558235168,0.0997103601694107,0.030304746702313423,0.00533512607216835,0.6130850315093994,0.08738289773464203,0.005445114336907864
0.038787826895713806,0.013412415981292725,0.00252112396992743,0.375638484954834,0.5223914980888367,0.00836165715008974,0.038886964321136475
0.0046828496269881725,0.005806665867567062,0.0012054932303726673,0.5568435192108154,0.41028183698654175,0.007259562145918608,0.013920099474489689
0.01041592750698328,0.01706719771027565,0.002893340541049838,0.6220972537994385,0.3253859579563141,0.012567252852022648,0.009573130868375301
0.06436127424240112,0.0927826464176178,0.005605898331850767,0.0040498762391507626,0.8106546401977539,0.009193088859319687,0.013352472335100174
