anger,disgust,fear,joy,neutral,sadness,surprise
0.003898532595485449,0.009851250797510147,0.0031803862657397985,0.0025029873941093683,0.9582605361938477,0.010385062545537949,0.01192113384604454
0.060327280312776566,0.2902429401874542,0.12594307959079742,0.00418583070859313,0.4058203101158142,0.007941662333905697,0.10553893446922302
0.4831793010234833,0.24587014317512512,0.08899236470460892,0.0009402047726325691,0.10810312628746033,0.06389249116182327,0.00902238767594099
0.04094386473298073,0.22650520503520966,0.04936594143509865,0.0050015379674732685,0.1765224039554596,0.49831247329711914,0.00334860454313457
0.01844904199242592,0.08464301377534866,0.04614010080695152,0.00291836797259748,0.7735875248908997,0.023562604561448097,0.050699323415756226
0.017334694042801857,0.013425984419882298,0.018928011879324913,0.0034967202227562666,0.9272180199623108,0.006038743536919355,0.013557842932641506
0.8181340098381042,0.01948040910065174,0.10057757794857025,0.0011048826854676008,0.014112219214439392,0.02637847326695919,0.020212531089782715
0.024928996339440346,0.03576761484146118,0.1493670791387558,0.06770165264606476,0.659431517124176,0.020695576444268227,0.042107537388801575
0.00518666161224246,0.00682463962584734,0.00648636044934392,0.002229362493380904,0.9460384249687195,0.019502736628055573,0.01373173575848341
0.00609369995072484,0.018796024844050407,0.006709679961204529,0.003151409327983856,0.939853310585022,0.01564931310713291,0.009746638126671314
0.02876686491072178,0.04992326349020004,0.004269883036613464,0.01055846642702818,0.19041895866394043,0.695345938205719,0.02071659453213215
0.13113674521446228,0.623225748538971,0.001824278850108385,0.006820405833423138,0.1280367076396942,0.10739455372095108,0.0015615265583619475
0.0065122428350150585,0.02362208627164364,0.001368328114040196,0.029199164360761642,0.9210434556007385,0.008157238364219666,0.010097433812916279
0.007582337595522404,0.060930680483579636,0.00636118371039629,0.02291162870824337,0.8857718110084534,0.004988622851669788,0.011453787796199322
0.02217859961092472,0.09534355252981186,0.011069342494010925,0.007350965403020382,0.8229159712791443,0.019331185147166252,0.02181035280227661
0.07581363618373871,0.07540595531463623,0.7837738990783691,0.0017971559427678585,0.01736111007630825,0.0193149596452713,0.02653326839208603
0.015263212844729424,0.010061455890536308,0.07103019207715988,0.007264397107064724,0.856681227684021,0.010776251554489136,0.028923271223902702
0.014677153900265694,0.015318052843213081,0.10025787353515625,0.007441195193678141,0.7948212623596191,0.018088484182953835,0.04939598590135574
0.01234134566038847,0.005877072922885418,0.01661781407892704,0.0111466646194458,0.9164109826087952,0.00673423707485199,0.030871907249093056
0.06977768987417221,0.3131147027015686,0.011078273877501488,0.0075975097715854645,0.5520694851875305,0.040840473026037216,0.005521926563233137
0.4433550238609314,0.3083668053150177,0.026090819388628006,0.002089390065521002,0.19663725793361664,0.021636636927723885,0.0018240041099488735
0.04857311397790909,0.668605625629425,0.029649216681718826,0.0039205304346978664,0.23456980288028717,0.008167888037860394,0.006513676606118679
0.001640572678297758,0.0040237028151750565,0.0012572649866342545,0.9442604780197144,0.03666580468416214,0.00764076691120863,0.004511531908065081
0.02992967702448368,0.14471857249736786,0.0018934726249426603,0.05045781284570694,0.7273181676864624,0.04081755131483078,0.004864765331149101
0.12470957636833191,0.023206833750009537,0.17257337272167206,0.012031852267682552,0.3984338045120239,0.17933091521263123,0.08971358835697174
0.02766627073287964,0.030142076313495636,0.007846107706427574,0.005823582876473665,0.9161074161529541,0.004650755785405636,0.007763713598251343
0.008536227978765965,0.22371193766593933,0.006389224901795387,0.01389885414391756,0.6747118830680847,0.007136987522244453,0.06561491638422012
0.01915385015308857,0.03504529595375061,0.00680535240098834,0.020872976630926132,0.9077572822570801,0.003911227453500032,0.006453940644860268
0.00804324820637703,0.024117935448884964,0.002646970096975565,0.04562225937843323,0.9090418219566345,0.0057264515198767185,0.004801308736205101
0.018860995769500732,0.02205594815313816,0.0034606230910867453,0.003255798015743494,0.9340734481811523,0.008919074200093746,0.009374158456921577
0.09959084540605545,0.3229984939098358,0.39621874690055847,0.002208877820521593,0.11578624695539474,0.037487052381038666,0.025709792971611023
0.4221246838569641,0.29970619082450867,0.011812141165137291,0.0036843237467110157,0.19974754750728607,0.05854439735412598,0.004380787257105112
0.01310417428612709,0.015745770186185837,0.04330866411328316,0.0033586679492145777,0.32618406414985657,0.009565127082169056,0.5887334942817688
0.009396656416356564,0.011052765883505344,0.004230096936225891,0.0033855633810162544,0.9271059036254883,0.009228830225765705,0.035600099712610245
0.030835933983325958,0.03883155435323715,0.5565077066421509,0.002117021242156625,0.2859096825122833,0.06702720373868942,0.0187709741294384
0.01108111348003149,0.01818053424358368,0.016927823424339294,0.0021011659409850836,0.8219383358955383,0.00558920344337821,0.12418176233768463
0.004726162180304527,0.05150800570845604,0.018531015142798424,0.00333413970656693,0.11683697253465652,0.7926178574562073,0.012445772998034954
0.08705560117959976,0.30032670497894287,0.36196959018707275,0.0017030888702720404,0.12941835820674896,0.09399975836277008,0.025527020916342735
0.008664417080581188,0.344519704580307,0.009254256263375282,0.010950284078717232,0.38175830245018005,0.22164471447467804,0.023208288475871086
