anger,disgust,fear,joy,neutral,sadness,surprise
0.0020128802862018347,0.004419839475303888,0.9723184108734131,0.0012459425488486886,0.013442963361740112,0.0028660998214036226,0.0036939282435923815
0.8933815360069275,0.04708278924226761,0.0007661947165615857,0.0030312982853502035,0.045251332223415375,0.006534663029015064,0.0039521558210253716
0.024725986644625664,0.180045947432518,0.020196352154016495,0.005913709290325642,0.23551839590072632,0.5296555161476135,0.003944091964513063
0.20664797723293304,0.40339046716690063,0.05797756835818291,0.001303072553128004,0.06313750147819519,0.25736209750175476,0.010181348770856857
0.023201467469334602,0.005915404763072729,0.010369128547608852,0.06126272678375244,0.8522217869758606,0.012565127573907375,0.034464411437511444
0.048226248472929,0.16441118717193604,0.006408201064914465,0.008889869786798954,0.04356590658426285,0.7223809957504272,0.006117638200521469
0.008958403952419758,0.014026014134287834,0.006864724215120077,0.6329721808433533,0.28755706548690796,0.029128778725862503,0.02049272507429123
0.41850486397743225,0.4897678792476654,0.012979400344192982,0.0017147274920716882,0.03845599666237831,0.037358541041612625,0.0012186137028038502
0.23428280651569366,0.08310828357934952,0.0028326017782092094,0.04415011778473854,0.37518686056137085,0.24839885532855988,0.012040515430271626
0.04369786009192467,0.01828865148127079,0.053536903113126755,0.008499639108777046,0.7436899542808533,0.11340496689081192,0.018882017582654953
0.022580072283744812,0.1387300342321396,0.3787766396999359,0.003405101830139756,0.06779558211565018,0.38340696692466736,0.0053056213073432446
0.3358820378780365,0.14159181714057922,0.09623084217309952,0.006003033369779587,0.17875444889068604,0.03320140764117241,0.20833651721477509
0.019170686602592468,0.01470081228762865,0.016003483906388283,0.005986294709146023,0.794487476348877,0.03165408596396446,0.11799715459346771
0.41137662529945374,0.12325431406497955,0.10686318576335907,0.0038478863425552845,0.19504153728485107,0.03644769638776779,0.12316872924566269
0.0841120108962059,0.29231375455856323,0.4401055574417114,0.001762174884788692,0.13929328322410583,0.03534442558884621,0.007068797014653683
0.06006217747926712,0.19674502313137054,0.12730590999126434,0.020268259570002556,0.46434536576271057,0.10824014246463776,0.023033177480101585
0.08920253068208694,0.04128169268369675,0.050340838730335236,0.0022192609030753374,0.5538538694381714,0.025858428329229355,0.23724333941936493
0.0935920849442482,0.07007477432489395,0.6950886845588684,0.003456901991739869,0.07107234001159668,0.052894435822963715,0.01382085308432579
0.04996223747730255,0.11560317128896713,0.3212035894393921,0.008038264699280262,0.37247830629348755,0.07997963577508926,0.05273482948541641
0.048337820917367935,0.021641727536916733,0.7627602815628052,0.01344979926943779,0.06134536489844322,0.08326096832752228,0.009204032830893993
0.013108431361615658,0.06157751753926277,0.012524565681815147,0.009571200236678123,0.8376932144165039,0.04429659992456436,0.021228501573204994
0.01709873415529728,0.02165582776069641,0.010274877771735191,0.13921329379081726,0.6741190552711487,0.05042451247572899,0.08721377700567245
