anger,disgust,fear,joy,neutral,sadness,surprise
0.02153121866285801,0.27745577692985535,0.006608503870666027,0.003340457333251834,0.18480461835861206,0.5023008584976196,0.003958564251661301
0.0638931393623352,0.6795912384986877,0.004568755626678467,0.010488784871995449,0.23324698209762573,0.006529179401695728,0.0016819201409816742
0.006550511810928583,0.09616740792989731,0.83944171667099,0.0027148579247295856,0.023638181388378143,0.0056008449755609035,0.02588655799627304
0.6916980743408203,0.06010214611887932,0.18480095267295837,0.0031765021849423647,0.05352294445037842,0.003944833297282457,0.002754523418843746
0.23149827122688293,0.09849517792463303,0.007113719824701548,0.003415170358493924,0.6419073343276978,0.008759615942835808,0.008810722269117832
0.053574323654174805,0.9084999561309814,0.0013673267094418406,0.0023011434823274612,0.02399040199816227,0.009139773435890675,0.001127020688727498
0.06674599647521973,0.4919993579387665,0.007248856592923403,0.0026439866051077843,0.42257317900657654,0.004862627480179071,0.003926003817468882
0.014297643676400185,0.034207988530397415,0.0033007648307830095,0.029215842485427856,0.9068174958229065,0.002972414018586278,0.009187878109514713
0.005935871973633766,0.014596911147236824,0.001389366458170116,0.025182459503412247,0.9200838804244995,0.011421654373407364,0.021389804780483246
0.006065121851861477,0.007475054822862148,0.0005700179026462138,0.831770122051239,0.14323583245277405,0.004698676057159901,0.006185159087181091
0.03092849627137184,0.14170171320438385,0.002183718141168356,0.009119906462728977,0.8084872961044312,0.00415613129734993,0.003422725247219205
0.01760576106607914,0.04462943598628044,0.004324993584305048,0.00917760469019413,0.9105632901191711,0.005241126287728548,0.008457825519144535
0.492167592048645,0.3146260678768158,0.023902155458927155,0.003942196723073721,0.14178800582885742,0.019607024267315865,0.003966974560171366
0.013899341225624084,0.023554963991045952,0.0047062900848686695,0.008331790566444397,0.9097620844841003,0.02756192907691002,0.012183577753603458
0.059380434453487396,0.9181339740753174,0.012506725266575813,0.0005172017263248563,0.006515910848975182,0.0022731227800250053,0.0006727278814651072
0.011341271921992302,0.016412988305091858,0.0021847658790647984,0.0423724539577961,0.9104320406913757,0.013242929242551327,0.004013548605144024
0.19591940939426422,0.6171801686286926,0.0047073643654584885,0.0018630960257723927,0.16535639762878418,0.012662102468311787,0.0023114599753171206
0.024912603199481964,0.822532057762146,0.021265937015414238,0.0015391949564218521,0.11839737743139267,0.007669730111956596,0.00368296611122787
0.3296278715133667,0.32020461559295654,0.005766932386904955,0.0030385281424969435,0.32292407751083374,0.009792758151888847,0.008645178750157356
0.008996662683784962,0.006498550996184349,0.0010275451932102442,0.011235087178647518,0.9300989508628845,0.008718106895685196,0.03342511132359505
0.07735142856836319,0.022308632731437683,0.8579850196838379,0.0021199143957346678,0.034292660653591156,0.00339409988373518,0.002548204269260168
0.35534605383872986,0.5309705138206482,0.06939610093832016,0.00101869844365865,0.018753157928586006,0.021285980939865112,0.0032294716220349073
0.1345289647579193,0.6240426898002625,0.012389793060719967,0.0029984230641275644,0.19281141459941864,0.029964756220579147,0.0032639421988278627
0.9409651160240173,0.02719748020172119,0.008423959836363792,0.0006957492441870272,0.014660043641924858,0.0053037796169519424,0.002753686858341098
0.014154712669551373,0.04694170504808426,0.007113974075764418,0.00446787104010582,0.3219485282897949,0.6000178456306458,0.0053553953766822815
0.05977979302406311,0.051108989864587784,0.1420031487941742,0.002668310422450304,0.09608440101146698,0.6025243401527405,0.04583106189966202
0.0127990348264575,0.006573977414518595,0.0068081459030508995,0.019904565066099167,0.9237826466560364,0.007130165584385395,0.023001456633210182
0.060385484248399734,0.04049229994416237,0.0076391068287193775,0.002392113907262683,0.08612531423568726,0.7944839596748352,0.008481706492602825
0.05917450785636902,0.361803263425827,0.011909857392311096,0.008699762634932995,0.4973515570163727,0.05690211057662964,0.004158973228186369
0.12603627145290375,0.45726776123046875,0.019662518054246902,0.0022938023321330547,0.07086116820573807,0.3197605013847351,0.004117955919355154
0.01174132525920868,0.026713479310274124,0.0022702275309711695,0.012033984996378422,0.9368338584899902,0.003770776791498065,0.006636459846049547
0.01415556762367487,0.02967960201203823,0.0035440120846033096,0.06464012712240219,0.8152965903282166,0.024555597454309464,0.048128463327884674
0.053270645439624786,0.12929247319698334,0.01105397380888462,0.004459756426513195,0.7749108672142029,0.01921881176531315,0.007793487049639225
0.01809105835855007,0.06453999876976013,0.001066901022568345,0.44152331352233887,0.4367053806781769,0.012440036982297897,0.0256333127617836
0.020222363993525505,0.24144789576530457,0.010186470113694668,0.012837233953177929,0.6730734705924988,0.00937231257557869,0.03286023810505867
0.13032753765583038,0.41646525263786316,0.40785929560661316,0.0009095343411900103,0.02318766713142395,0.011103732511401176,0.010146964341402054
