anger,disgust,fear,joy,neutral,sadness,surprise
0.0063322437927126884,0.00912228412926197,0.002496113767847419,0.2895335257053375,0.6285849213600159,0.00969350803643465,0.054237350821495056
0.007329888641834259,0.021602768450975418,0.006710199639201164,0.03631820157170296,0.731753408908844,0.015821678563952446,0.18046383559703827
0.011384779587388039,0.16606353223323822,0.07601140439510345,0.060551196336746216,0.6638948321342468,0.01208911370486021,0.010005219839513302
0.08005055785179138,0.38631707429885864,0.02803911082446575,0.0267717894166708,0.41265055537223816,0.053935643285512924,0.012235267087817192
0.7390301823616028,0.11677419394254684,0.008006084710359573,0.0013847046066075563,0.09321556240320206,0.03403879702091217,0.0075504351407289505
0.11096109449863434,0.38206908106803894,0.08837436884641647,0.025156822055578232,0.21292699873447418,0.16146454215049744,0.01904703676700592
0.7902888059616089,0.09227554500102997,0.0031045167706906796,0.002301463857293129,0.0476987287402153,0.05649122595787048,0.007839868776500225
0.03130175173282623,0.8338750004768372,0.00399822136387229,0.007512339390814304,0.10402659326791763,0.017690030857920647,0.0015960432356223464
0.4980207681655884,0.22440718114376068,0.007138145621865988,0.013236092403531075,0.23324063420295715,0.01977510005235672,0.004182138945907354
0.1511193811893463,0.5229016542434692,0.12566013634204865,0.0025932826101779938,0.12437958270311356,0.056585416197776794,0.01676047407090664
0.05223047733306885,0.15867117047309875,0.019881052896380424,0.007822771556675434,0.7228192090988159,0.023115135729312897,0.015460296534001827
0.07169489562511444,0.014560298062860966,0.006346154026687145,0.0012480108998715878,0.02078140713274479,0.8763959407806396,0.008973304182291031
0.0055949147790670395,0.009274473413825035,0.007577314507216215,0.010970432311296463,0.23417092859745026,0.6843957304954529,0.048016153275966644
0.5755398869514465,0.16730308532714844,0.056769274175167084,0.0033507640473544598,0.06283644586801529,0.12587988376617432,0.008320624940097332
0.0864398181438446,0.8267511129379272,0.014419179409742355,0.0015990536194294691,0.04178735241293907,0.026607660576701164,0.002395815448835492
0.0030831468757241964,0.9365478754043579,0.038590945303440094,0.0009957836009562016,0.007902899757027626,0.010453636758029461,0.00242558098398149
0.05312313884496689,0.6786335110664368,0.0029631697107106447,0.07248854637145996,0.18258994817733765,0.007531825918704271,0.0026697907596826553
0.10720330476760864,0.2459516078233719,0.009130780585110188,0.0074961232021451,0.41713759303092957,0.1923520863056183,0.02072855271399021
0.01117834635078907,0.3910966217517853,0.0030704280361533165,0.006790278945118189,0.5090485215187073,0.01208188384771347,0.06673384457826614
0.02655840292572975,0.02002483606338501,0.0052864872850477695,0.008409933187067509,0.9032473564147949,0.004756425507366657,0.03171652555465698
0.016268489882349968,0.022059911862015724,0.054232820868492126,0.046869512647390366,0.7357606291770935,0.02351798303425312,0.10129059851169586
0.06104235723614693,0.8893918395042419,0.03057631477713585,0.0004810143727809191,0.007651890628039837,0.010001060552895069,0.000855612161103636
0.009400319308042526,0.009957755915820599,0.013657467439770699,0.006547992117702961,0.9258884787559509,0.004820746835321188,0.029727300629019737
0.04766630008816719,0.6412466168403625,0.006228270009160042,0.005888968240469694,0.2690151333808899,0.016405902802944183,0.013548804447054863
0.3848463296890259,0.02933080680668354,0.09016077220439911,0.0015327408909797668,0.04246637597680092,0.40063294768333435,0.05103011801838875
0.025861045345664024,0.017917416989803314,0.004454724490642548,0.018620064482092857,0.9114696383476257,0.014734866097569466,0.006942270323634148
0.03784390538930893,0.6660416722297668,0.005957618355751038,0.006846930831670761,0.2684251070022583,0.006980353035032749,0.007904338650405407
0.11234090477228165,0.1741739809513092,0.22361603379249573,0.004404992330819368,0.2871841788291931,0.05419446900486946,0.14408540725708008
0.050797853618860245,0.19750180840492249,0.04768364503979683,0.0025920674670487642,0.24207261204719543,0.0484144426882267,0.410937637090683
0.0036221304908394814,0.0011476260842755437,0.002095993608236313,0.002141029806807637,0.013885912485420704,0.001956239342689514,0.975151002407074
0.009403521195054054,0.05849801376461983,0.005882679484784603,0.02021212689578533,0.7740111351013184,0.050501737743616104,0.08149074763059616
0.010764062404632568,0.005706113297492266,0.003949332516640425,0.002840382046997547,0.9537255167961121,0.012622321024537086,0.01039233710616827
0.008025816641747952,0.9748076796531677,0.0013103673700243235,0.0004164499114267528,0.004795401357114315,0.009616401046514511,0.001028012135066092
0.10109619051218033,0.4134955108165741,0.004557295236736536,0.004093919415026903,0.3468219041824341,0.09245548397302628,0.037479717284440994
0.8928704261779785,0.021695870906114578,0.01552521251142025,0.0007490806747227907,0.009521158412098885,0.04585307836532593,0.013785161077976227
0.022824332118034363,0.054910529404878616,0.00885256752371788,0.0021490168292075396,0.05245479196310043,0.8564538955688477,0.0023549089673906565
0.0060685486532747746,0.007418041117489338,0.0025983548257499933,0.31148862838745117,0.5900508761405945,0.039072535932064056,0.04330305755138397
0.026547253131866455,0.0267549566924572,0.18868330121040344,0.008285732008516788,0.5380280017852783,0.1317879855632782,0.07991275191307068
0.27282220125198364,0.43953725695610046,0.010068543255329132,0.00564119778573513,0.09525393694639206,0.16982406377792358,0.006852754391729832
0.04607639089226723,0.03966008871793747,0.016287848353385925,0.011878605000674725,0.657065212726593,0.03198235109448433,0.19704954326152802
0.13640522956848145,0.7682791352272034,0.0027313774917274714,0.005992155056446791,0.05056334286928177,0.01932545006275177,0.016703177243471146
0.008339624851942062,0.017036927863955498,0.003567253705114126,0.002480804920196533,0.9231290817260742,0.02274048700928688,0.022705823183059692
0.018385956063866615,0.06495361030101776,0.1627131998538971,0.0062080989591777325,0.05854224041104317,0.040528859943151474,0.6486680507659912
0.007910997606813908,0.01607244648039341,0.0032250096555799246,0.4685971736907959,0.43857771158218384,0.009942610748112202,0.05567409098148346
0.010297541506588459,0.9649205207824707,0.004147784318774939,0.0011174028040841222,0.013555575162172318,0.004322180990129709,0.0016391708049923182
0.028959061950445175,0.5154064893722534,0.022761307656764984,0.05694519728422165,0.1002301424741745,0.27025821805000305,0.005439584143459797
0.1469724178314209,0.7195733189582825,0.0032236382830888033,0.0028662553522735834,0.037646543234586716,0.07981087267398834,0.009907049126923084
0.005074630957096815,0.011025343090295792,0.0008967546746134758,0.12607309222221375,0.8009561896324158,0.011488089337944984,0.04448582977056503
