anger,disgust,fear,joy,neutral,sadness,surprise
0.034665919840335846,0.06915812194347382,0.006820358335971832,0.18709073960781097,0.6707853674888611,0.010031484067440033,0.021447980776429176
0.12063280493021011,0.04043634980916977,0.007902935147285461,0.01775631122291088,0.7989221215248108,0.00943745020776987,0.004912006668746471
0.7225449085235596,0.18214456737041473,0.01604599691927433,0.0014618068234995008,0.046499982476234436,0.030049560591578484,0.0012530857929959893
0.00313021638430655,0.018274549394845963,0.005238495301455259,0.010717266239225864,0.9290987849235535,0.006531075108796358,0.027009740471839905
0.18065308034420013,0.05040383338928223,0.20167894661426544,0.0026998273096978664,0.07277620583772659,0.38054701685905457,0.11124108731746674
0.006134399678558111,0.016925519332289696,0.003755350364372134,0.011280160397291183,0.9477800726890564,0.008385918103158474,0.005738590843975544
0.0012585854856297374,0.0010601207613945007,0.0004124478728044778,0.9818186163902283,0.009587930515408516,0.0018121963366866112,0.004050105344504118
0.006515729706734419,0.9400330781936646,0.00440820399671793,0.0018300942610949278,0.034833360463380814,0.0053742416203022,0.0070052193477749825
0.016841813921928406,0.028274649754166603,0.006053042598068714,0.0783032551407814,0.8325622081756592,0.011196821928024292,0.026768215000629425
0.00991355162113905,0.013579603284597397,0.0012052026577293873,0.020875848829746246,0.9416795969009399,0.004565374460071325,0.008180782198905945
0.012747949920594692,0.006258341018110514,0.0056999013759195805,0.40255865454673767,0.5445029139518738,0.0059806788340210915,0.02225155010819435
0.008564963936805725,0.010119842365384102,0.006121483165770769,0.0013360345037654042,0.09726513177156448,0.8669555187225342,0.009636987000703812
0.012471499852836132,0.10149072110652924,0.07480524480342865,0.0021475576795637608,0.10949581861495972,0.6755220293998718,0.0240671094506979
0.00311079528182745,0.030580686405301094,0.024305477738380432,0.0016475097509101033,0.030666295439004898,0.8975292444229126,0.012159937992691994
0.04384772107005119,0.2604730725288391,0.17351658642292023,0.002425638260319829,0.4779447913169861,0.028652215376496315,0.013140072114765644
0.09132304042577744,0.19290415942668915,0.06033158674836159,0.002432579640299082,0.5843502283096313,0.009234439581632614,0.059424012899398804
0.4468872547149658,0.4236676096916199,0.0037325189914554358,0.0026597478426992893,0.10512825101613998,0.016017800197005272,0.0019067451357841492
0.28127700090408325,0.1122206375002861,0.05910792946815491,0.0018304702825844288,0.4285021722316742,0.11127624660730362,0.005785592831671238
0.41666465997695923,0.21005745232105255,0.006423666141927242,0.009193997830152512,0.32610756158828735,0.0298070777207613,0.0017455582274124026
0.04418276622891426,0.043619267642498016,0.07123663276433945,0.005226448643952608,0.8024016618728638,0.01719801127910614,0.016135256737470627
0.04870123416185379,0.21579977869987488,0.003984860610216856,0.08742250502109528,0.6278738379478455,0.004313067067414522,0.011904689483344555
0.08845309913158417,0.09541390091180801,0.0020849371794611216,0.023825528100132942,0.7722553014755249,0.012687616981565952,0.005279515404254198
0.022313769906759262,0.040296584367752075,0.048052310943603516,0.01623309589922428,0.8404650092124939,0.03005683422088623,0.0025823325850069523
0.03974646329879761,0.018649257719516754,0.0013029156252741814,0.19217437505722046,0.7014811635017395,0.03147363290190697,0.015172157436609268
0.15696550905704498,0.20172087848186493,0.010747629217803478,0.0022509798873215914,0.16057433187961578,0.43013936281204224,0.037601228803396225
0.03429192304611206,0.2130342572927475,0.0024082036688923836,0.35905563831329346,0.3704976439476013,0.007891927845776081,0.012820453383028507
0.09082446247339249,0.4017336964607239,0.005535996984690428,0.018699845299124718,0.30111175775527954,0.1520300954580307,0.03006419539451599
0.04219573363661766,0.3567596971988678,0.006253030151128769,0.10017620772123337,0.46673882007598877,0.010716983117163181,0.01715945638716221
0.3749401867389679,0.2311723828315735,0.11115510016679764,0.009687438607215881,0.2376769632101059,0.02622569166123867,0.009142257273197174
0.0036001617554575205,0.0045915525406599045,0.0014589919010177255,0.006368941627442837,0.8930521011352539,0.007879506796598434,0.08304864168167114
0.09217208623886108,0.1522381752729416,0.009983285330235958,0.004399687051773071,0.5706131458282471,0.16689170897006989,0.003701896872371435
