anger,disgust,fear,joy,neutral,sadness,surprise
0.028883054852485657,0.10051516443490982,0.005538200028240681,0.00716376630589366,0.08156189322471619,0.7684463262557983,0.007891608402132988
0.04068489000201225,0.03139742463827133,0.025477755814790726,0.027570782229304314,0.7756258845329285,0.017774673178792,0.08146852999925613
0.018127785995602608,0.5600910186767578,0.005560721270740032,0.003366016084328294,0.39368298649787903,0.004664868116378784,0.014506534673273563
0.023178203031420708,0.049740422517061234,0.131524920463562,0.006130545400083065,0.667238712310791,0.02146179787814617,0.10072536021471024
0.014567520469427109,0.011577560566365719,0.6663264632225037,0.00878587644547224,0.20162789523601532,0.019625866785645485,0.07748886942863464
0.013498681597411633,0.008660336025059223,0.8893231153488159,0.0024418397806584835,0.03929462656378746,0.006893663201481104,0.03988758474588394
0.04219936579465866,0.24071994423866272,0.07842445373535156,0.0017998579423874617,0.5106574296951294,0.05148155614733696,0.07471742480993271
0.02685447596013546,0.0794023871421814,0.013187854550778866,0.05404387786984444,0.8120858669281006,0.008652377873659134,0.005773174110800028
0.27370667457580566,0.47390487790107727,0.005814632400870323,0.009758088737726212,0.2132428139448166,0.019102873280644417,0.004470175132155418
0.07082472741603851,0.0564114972949028,0.22939464449882507,0.0019448439124971628,0.25411370396614075,0.3461642861366272,0.04114632308483124
0.008175534196197987,0.03754265978932381,0.02440645545721054,0.00469319149851799,0.8906453251838684,0.0034371684305369854,0.031099701300263405
0.01849195919930935,0.02263423055410385,0.015587806701660156,0.0050800638273358345,0.8603509664535522,0.07096783816814423,0.006886993069201708
0.13670581579208374,0.020212404429912567,0.1272217333316803,0.005855259019881487,0.6690309643745422,0.009679271839559078,0.031294532120227814
0.601600706577301,0.1494879424571991,0.05696742609143257,0.001030543353408575,0.09236166626214981,0.09228512644767761,0.0062665631994605064
0.07574859261512756,0.16991116106510162,0.022657418623566628,0.003232877468690276,0.18035635352134705,0.5220897197723389,0.026003845036029816
0.0035999754909425974,0.030664607882499695,0.01920325867831707,0.041270043700933456,0.8421092629432678,0.04702943190932274,0.01612345315515995
0.0067263259552419186,0.0024429280310869217,0.0007919560302980244,0.7177324295043945,0.15442045032978058,0.009340635500848293,0.10854534804821014
0.44006112217903137,0.023045729845762253,0.015409709885716438,0.036913882941007614,0.11857658624649048,0.3327459990978241,0.03324699029326439
0.15761952102184296,0.024634182453155518,0.0032215944956988096,0.11195734143257141,0.6865371465682983,0.009892405942082405,0.006137690972536802
0.02120957151055336,0.042461227625608444,0.005794039461761713,0.06398067623376846,0.7744000554084778,0.08838929980993271,0.003765139961615205
0.007468107156455517,0.005162668880075216,0.0006565604126080871,0.6489335894584656,0.2876649796962738,0.009674016386270523,0.04044010490179062
0.00850496906787157,0.025258194655179977,0.0028098912443965673,0.012788987718522549,0.6886411309242249,0.019158653914928436,0.24283821880817413
