anger,disgust,fear,joy,neutral,sadness,surprise
0.03197559341788292,0.7761146426200867,0.00511964363977313,0.002382687060162425,0.16469700634479523,0.010853894054889679,0.008856531232595444
0.017780086025595665,0.007336880080401897,0.0009291926398873329,0.0086379898712039,0.8034210801124573,0.0028604145627468824,0.1590343415737152
0.02792583964765072,0.21616911888122559,0.08315494656562805,0.003180775325745344,0.15792213380336761,0.0968289002776146,0.41481831669807434
0.014907868579030037,0.08307155221700668,0.04838261008262634,0.014392727054655552,0.7453132271766663,0.04313052445650101,0.05080147832632065
0.002522085327655077,0.006196325644850731,0.001980285160243511,0.0109655000269413,0.9427198767662048,0.0033307389821857214,0.032285090535879135
0.007923617027699947,0.0031730576884001493,0.0049643805250525475,0.21369388699531555,0.6803991198539734,0.009943012148141861,0.07990287989377975
0.006428942549973726,0.011162764392793179,0.0013238333631306887,0.012706148438155651,0.9296162724494934,0.0060104988515377045,0.032751478254795074
0.024903347715735435,0.8887256979942322,0.007053322624415159,0.028578612953424454,0.0314897783100605,0.008723431266844273,0.010525733232498169
0.0161159448325634,0.003437463194131851,0.0013685689773410559,0.6493725776672363,0.25499334931373596,0.006759586278349161,0.06795261800289154
0.010400901548564434,0.012904331088066101,0.006628447212278843,0.004752722103148699,0.9459388256072998,0.014259574003517628,0.005115230102092028
0.01021439116448164,0.3290226459503174,0.007460776250809431,0.007145705167204142,0.4323858916759491,0.1951756477355957,0.018594911321997643
0.051263365894556046,0.06322865188121796,0.01950126141309738,0.020389670506119728,0.6038045883178711,0.006997318472713232,0.23481512069702148
0.031086979433894157,0.031183570623397827,0.007453596219420433,0.04744045436382294,0.8451212048530579,0.005480200983583927,0.03223394975066185
0.04913746193051338,0.09649341553449631,0.002257745712995529,0.04127433896064758,0.792081356048584,0.005054796580225229,0.013700910843908787
0.008491253480315208,0.019503895193338394,0.0011316888267174363,0.015409067273139954,0.945686399936676,0.002550817094743252,0.007226838264614344
0.48812222480773926,0.06486403197050095,0.3158581852912903,0.007125616539269686,0.061024684458971024,0.02805565483868122,0.034949544817209244
0.008876947686076164,0.018103066831827164,0.0013111779699102044,0.5611152648925781,0.3786551356315613,0.008067021146416664,0.02387133054435253
0.6274793744087219,0.1320527046918869,0.016793955117464066,0.0026602488942444324,0.18413971364498138,0.03297733888030052,0.0038966950960457325
0.07385970652103424,0.0437886118888855,0.004055009689182043,0.00817977637052536,0.12221672385931015,0.7314502000808716,0.016449978575110435
0.32934921979904175,0.3277626037597656,0.1420566290616989,0.003047920297831297,0.10818898677825928,0.059300340712070465,0.030294347554445267
0.008335599675774574,0.060336947441101074,0.010707372799515724,0.04332057014107704,0.4484799802303314,0.4134730100631714,0.015346597880125046
0.7451145648956299,0.05532504990696907,0.003982947673648596,0.004536417778581381,0.17177638411521912,0.012685636058449745,0.006578981410712004
0.006632340140640736,0.012839739210903645,0.00222397199831903,0.012101505883038044,0.9479758739471436,0.01178696472197771,0.006439589895308018
0.6248210072517395,0.2713453769683838,0.005339614115655422,0.0013091725995764136,0.08419235050678253,0.011423598974943161,0.0015689192805439234
0.012150204740464687,0.007973285391926765,0.047316428273916245,0.012603484094142914,0.3792361319065094,0.4390607178211212,0.10165984183549881
0.04632096365094185,0.007865311577916145,0.27511635422706604,0.02767748199403286,0.17693985998630524,0.35959675908088684,0.10648324340581894
0.006494615692645311,0.005568213760852814,0.010167289525270462,0.0025181048549711704,0.07596900314092636,0.87459397315979,0.02468881569802761
0.009191990830004215,0.019117571413517,0.3006095588207245,0.0031401205342262983,0.0393168069422245,0.004406953230500221,0.6242169141769409
0.017558807507157326,0.046057429164648056,0.002397362608462572,0.007274802308529615,0.3962743580341339,0.013111384585499763,0.5173258781433105
0.019881287589669228,0.027288086712360382,0.00766000896692276,0.5104515552520752,0.4173600375652313,0.01082715392112732,0.006531795021146536
0.5057677626609802,0.09057923406362534,0.005340135656297207,0.08560170233249664,0.2615000903606415,0.04558699578046799,0.005624055862426758
0.04341611638665199,0.47417449951171875,0.015185844153165817,0.003375822911038995,0.2663595378398895,0.09682497382164001,0.10066317021846771
0.01708965376019478,0.02602641098201275,0.003933024127036333,0.006548201199620962,0.9369477033615112,0.007887034676969051,0.0015679483767598867
0.0037603487726300955,0.013749121688306332,0.0026499175000935793,0.002082299208268523,0.04078134149312973,0.9327284693717957,0.0042485566809773445
0.00822796206921339,0.020565446466207504,0.002559203188866377,0.09592676162719727,0.8594736456871033,0.006432928144931793,0.006814139895141125
0.0262064840644598,0.2582317292690277,0.018765335902571678,0.0021358304657042027,0.4388589859008789,0.23358802497386932,0.022213567048311234
0.012334574945271015,0.0855347141623497,0.004608579445630312,0.043200038373470306,0.8156914710998535,0.027722196653485298,0.010908450931310654
