anger,disgust,fear,joy,neutral,sadness,surprise
0.006785833276808262,0.9154308438301086,0.037424731999635696,0.000672964146360755,0.011769034899771214,0.023503683507442474,0.004413051530718803
0.0036206208169460297,0.004383554682135582,0.00040531708509661257,0.9525647163391113,0.030397875234484673,0.006125474348664284,0.00250237830914557
0.24343882501125336,0.05412096530199051,0.07221613824367523,0.00649134861305356,0.05233007296919823,0.5676642060279846,0.003738422878086567
0.055349335074424744,0.10202211886644363,0.047479648143053055,0.003047159407287836,0.47839033603668213,0.3072539269924164,0.006457495968788862
0.15673156082630157,0.7097697257995605,0.005950456485152245,0.0017445717239752412,0.08809947967529297,0.03521191328763962,0.002492236439138651
0.1222953274846077,0.5300934314727783,0.19548514485359192,0.0017707693623378873,0.08710949122905731,0.05528592690825462,0.007959864102303982
0.3361471891403198,0.4443105459213257,0.12418744713068008,0.003633789485320449,0.05633879080414772,0.03225582465529442,0.00312633253633976
0.14099495112895966,0.21118099987506866,0.17599016427993774,0.006326484028249979,0.3880976140499115,0.0724496990442276,0.004960020072758198
0.009709587320685387,0.03442022576928139,0.43906939029693604,0.004150673281401396,0.14191679656505585,0.01134917326271534,0.359384149312973
0.07876267284154892,0.07359283417463303,0.02638353407382965,0.00945883896201849,0.7583145499229431,0.006363983731716871,0.04712354391813278
0.01353090163320303,0.017511503770947456,0.016844982281327248,0.21085365116596222,0.2334524691104889,0.005601602140814066,0.5022048354148865
0.28158125281333923,0.41395363211631775,0.04276537150144577,0.0033985006157308817,0.20854933559894562,0.038821764290332794,0.010930053889751434
0.0053402516059577465,0.007177046500146389,0.0014781499048694968,0.004656260367482901,0.052472203969955444,0.0016198477242141962,0.9272562265396118
0.006647557485848665,0.034906577318906784,0.039715707302093506,0.12198375165462494,0.7247148752212524,0.039728499948978424,0.032303061336278915
0.004699923098087311,0.08823639899492264,0.008391957730054855,0.06012016907334328,0.7908458709716797,0.042689815163612366,0.005015825852751732
0.016732046380639076,0.00892085675150156,0.5360183715820312,0.012525456957519054,0.13981474936008453,0.27496641874313354,0.011021997779607773
0.012238339520990849,0.06818889826536179,0.08875133097171783,0.00377549952827394,0.3145667314529419,0.48473110795021057,0.027748100459575653
0.06711658090353012,0.007365112658590078,0.6644953489303589,0.016383040696382523,0.19445215165615082,0.010973487980663776,0.039214227348566055
0.23882721364498138,0.4957621693611145,0.005168456118553877,0.002854594262316823,0.20769737660884857,0.00933797936886549,0.040352147072553635
0.44399502873420715,0.4620268642902374,0.04751827195286751,0.001140207634307444,0.033228013664484024,0.004894053563475609,0.007197550032287836
0.014156240038573742,0.0550060048699379,0.07933461666107178,0.39460334181785583,0.39885213971138,0.04002268612384796,0.01802489534020424
0.2935280203819275,0.25355005264282227,0.023587003350257874,0.03351615369319916,0.3236074149608612,0.07066155225038528,0.0015498306602239609
