anger,disgust,fear,joy,neutral,sadness,surprise
0.01024396251887083,0.020771898329257965,0.0018175988225266337,0.21325355768203735,0.713387131690979,0.028542187064886093,0.011983632110059261
0.021927982568740845,0.03823050484061241,0.042965345084667206,0.005331418476998806,0.5144779086112976,0.367396742105484,0.009670165367424488
0.00519590824842453,0.01958700641989708,0.0015282833483070135,0.8498981595039368,0.07080380618572235,0.0425136424601078,0.010473189875483513
0.10832025110721588,0.05786551162600517,0.014401853084564209,0.00466827442869544,0.24593590199947357,0.5562211275100708,0.012587098404765129
0.06961537897586823,0.0182711873203516,0.06045307591557503,0.003121550427749753,0.805271565914154,0.011929424479603767,0.03133784234523773
0.0640420988202095,0.1275189369916916,0.027030285447835922,0.0015089341904968023,0.3472650349140167,0.4122931659221649,0.020341530442237854
0.0432644858956337,0.11443497240543365,0.0061139315366744995,0.009974800050258636,0.7957152724266052,0.016176017001271248,0.014320552349090576
0.015446983277797699,0.9768973588943481,0.0012388075701892376,0.0011497503146529198,0.00238029845058918,0.002335045486688614,0.000551623641513288
0.023674251511693,0.017318135127425194,0.002942799823358655,0.20424911379814148,0.5573269724845886,0.05413283407688141,0.14035598933696747
