anger,disgust,fear,joy,neutral,sadness,surprise
0.0038195850793272257,0.025121105834841728,0.02046751044690609,0.007918077521026134,0.08421750366687775,0.8495020270347595,0.008954211138188839
0.5951421856880188,0.15507936477661133,0.09697577357292175,0.0015509959775954485,0.0917518362402916,0.055056918412446976,0.004443029873073101
0.010628105141222477,0.004836550448089838,0.006931384094059467,0.001670506433583796,0.016117209568619728,0.0019853804260492325,0.9578308463096619
0.0836624875664711,0.7046499252319336,0.05708537995815277,0.0006838769768364727,0.03552123159170151,0.10711295157670975,0.01128412690013647
0.0014284629141911864,0.009357254020869732,0.006067819427698851,0.0029152906499803066,0.011383683420717716,0.9541328549385071,0.0147146200761199
0.18051902949810028,0.7816591858863831,0.0039017992094159126,0.0010648482711985707,0.02153267152607441,0.008280339650809765,0.0030420352704823017
0.10452503710985184,0.2569931447505951,0.04762107506394386,0.00151542155072093,0.3949499726295471,0.1433112770318985,0.051084063947200775
0.03168899565935135,0.02143334038555622,0.002174838911741972,0.03722236678004265,0.8561895489692688,0.04521781578660011,0.006073119584470987
0.007767170201987028,0.015210672281682491,0.010838245041668415,0.00779443234205246,0.901360809803009,0.021296126767992973,0.03573252633213997
0.009477011859416962,0.01904124952852726,0.0031366494949907064,0.008151238784193993,0.903269350528717,0.020251218229532242,0.036673348397016525
0.011650829575955868,0.006971276830881834,0.40624648332595825,0.0025099830236285925,0.014742868021130562,0.5531209707260132,0.004757544957101345
0.10000426322221756,0.5233914852142334,0.0303326528519392,0.005296370945870876,0.08642668277025223,0.01827787235379219,0.23627059161663055
0.010157573036849499,0.015168074518442154,0.009982581250369549,0.002532092621549964,0.1200355663895607,0.007747453637421131,0.8343766927719116
0.010895264334976673,0.0012899494031444192,0.9783017635345459,0.0011504394933581352,0.0038405258674174547,0.002720573218539357,0.0018014650559052825
0.011499457061290741,0.06869322061538696,0.0025714202784001827,0.004873994272202253,0.8910247683525085,0.010591336525976658,0.010745764710009098
0.026110971346497536,0.4270557761192322,0.005287277977913618,0.009810267016291618,0.2985479235649109,0.15232960879802704,0.08085814863443375
0.02372528240084648,0.21659377217292786,0.0144792590290308,0.0017476539360359311,0.21325312554836273,0.504734992980957,0.025465931743383408
0.07383479177951813,0.32223546504974365,0.04731942340731621,0.0020495092030614614,0.31814292073249817,0.02512240968644619,0.211295485496521
0.010459947399795055,0.012516948394477367,0.03021964058279991,0.008196127600967884,0.7821493148803711,0.011480026878416538,0.14497795701026917
0.006790912244468927,0.014136889949440956,0.9301163554191589,0.0012738785007968545,0.013019056059420109,0.002831513062119484,0.031831495463848114
0.02631249651312828,0.9150307774543762,0.015663662925362587,0.0008646231144666672,0.02314629778265953,0.010103856213390827,0.008878256194293499
0.1660986989736557,0.31688401103019714,0.0838562473654747,0.0022370321676135063,0.08400082588195801,0.03123033605515957,0.3156929016113281
0.08880474418401718,0.012449906207621098,0.6302357316017151,0.003910329192876816,0.17974404990673065,0.023247186094522476,0.06160805746912956
0.943428099155426,0.018932504579424858,0.003904667217284441,0.0007077204645611346,0.02203669399023056,0.007726180832833052,0.0032640276476740837
0.06058327108621597,0.7790483236312866,0.00824788212776184,0.0071976324543356895,0.08731678128242493,0.056382324546575546,0.0012239557690918446
0.0686875432729721,0.25856316089630127,0.08582699298858643,0.0027200516778975725,0.3178081214427948,0.26086410880088806,0.005529958289116621
0.009287282824516296,0.00816764310002327,0.9345750212669373,0.0011338945478200912,0.033369552344083786,0.010821853764355183,0.002644774504005909
0.14365029335021973,0.09060944616794586,0.07292183488607407,0.00158904236741364,0.058723486959934235,0.5990726947784424,0.033433251082897186
0.16369569301605225,0.4313162565231323,0.2513999938964844,0.002051271265372634,0.07665898650884628,0.05978032201528549,0.015097592957317829
0.01894201524555683,0.05639592185616493,0.05870300531387329,0.012427376583218575,0.7565743923187256,0.07895813137292862,0.01799909770488739
0.002028004266321659,0.011106984689831734,0.9594709873199463,0.0010788521030917764,0.012096066027879715,0.005570261739194393,0.008648746646940708
0.2262292355298996,0.5785587430000305,0.09832625091075897,0.0009781221160665154,0.04372820630669594,0.0482679083943367,0.003911458421498537
0.15126793086528778,0.34439340233802795,0.31075143814086914,0.002625315450131893,0.10743530839681625,0.06574444472789764,0.017782196402549744
0.017152341082692146,0.8520811796188354,0.038737569004297256,0.0009434038656763732,0.07431432604789734,0.011023789644241333,0.0057474160566926
0.01291881687939167,0.04015376418828964,0.004870121832937002,0.11736331880092621,0.7534998059272766,0.020811179652810097,0.050383009016513824
0.058972980827093124,0.14333096146583557,0.00644503440707922,0.01812942512333393,0.7075063586235046,0.06130003184080124,0.004315256606787443
