anger,disgust,fear,joy,neutral,sadness,surprise
0.03928539529442787,0.1359284222126007,0.05546484515070915,0.08921327441930771,0.6400780081748962,0.021957864984869957,0.018072161823511124
0.04101547226309776,0.024026615545153618,0.06492886692285538,0.012181964702904224,0.5872204303741455,0.015493202023208141,0.2551334798336029
0.015211806632578373,0.02527213655412197,0.21403656899929047,0.007460561580955982,0.2395433932542801,0.2686777114868164,0.2297978401184082
0.1636771559715271,0.026293223723769188,0.7344678640365601,0.002368544228374958,0.053390007466077805,0.012959565967321396,0.006843600422143936
0.9844791293144226,0.006118882447481155,0.003618763294070959,0.00079149822704494,0.001742733409628272,0.0011653719702735543,0.0020835588220506907
0.09677787125110626,0.008240492083132267,0.7674598693847656,0.009547576308250427,0.0631403923034668,0.03002147376537323,0.02481233887374401
0.07764721661806107,0.4496210515499115,0.42720454931259155,0.0023766006343066692,0.019996823742985725,0.014292340725660324,0.008861410431563854
0.29449722170829773,0.16872365772724152,0.020639635622501373,0.004023213405162096,0.4186549782752991,0.05788624659180641,0.035575006157159805
0.04049120098352432,0.0248543880879879,0.276727557182312,0.003249689470976591,0.12400463968515396,0.003805115818977356,0.5268673896789551
0.4608767330646515,0.06844688951969147,0.11860695481300354,0.0024001351557672024,0.02123272232711315,0.3147158622741699,0.013720724731683731
0.15762010216712952,0.11367493122816086,0.16628047823905945,0.0031226996798068285,0.1372164934873581,0.17817793786525726,0.24390731751918793
0.060501303523778915,0.008515479974448681,0.015179428271949291,0.0018118188017979264,0.033689361065626144,0.8699248433113098,0.010377753525972366
0.10259775817394257,0.010126202367246151,0.03080224059522152,0.028461899608373642,0.251836359500885,0.15235188603401184,0.42382359504699707
0.018516426905989647,0.6035932302474976,0.06791459769010544,0.0016345633193850517,0.08135306090116501,0.2161669135093689,0.01082129217684269
0.047263264656066895,0.024554984644055367,0.0038988201413303614,0.022165672853589058,0.8547407984733582,0.038318052887916565,0.009058382362127304
0.1771799921989441,0.27700191736221313,0.020481223240494728,0.019400933757424355,0.13986614346504211,0.3425869643688202,0.02348274365067482
0.02024785801768303,0.02034902386367321,0.002074307994917035,0.005482015199959278,0.946269690990448,0.0021442987490445375,0.003432892495766282
0.010025105439126492,0.022318962961435318,0.01450869906693697,0.38578471541404724,0.4701390862464905,0.08961449563503265,0.007608833722770214
0.1071459949016571,0.04785885661840439,0.030838673934340477,0.12015968561172485,0.6728490591049194,0.007201172411441803,0.013946562074124813
0.00553232291713357,0.0374240018427372,0.004137131385505199,0.1689942330121994,0.06853564083576202,0.7061640620231628,0.009212605655193329
0.00333327054977417,0.0014761859783902764,0.00463127763941884,0.12395907938480377,0.6190949082374573,0.044803645461797714,0.2027016431093216
0.03882000967860222,0.017097201198339462,0.004024626687169075,0.008797871880233288,0.8947274684906006,0.021789178252220154,0.014743621461093426
0.19913840293884277,0.10047848522663116,0.13694219291210175,0.007530535571277142,0.14016610383987427,0.03429996222257614,0.3814443051815033
0.01947307027876377,0.009155183099210262,0.004407156258821487,0.002674723509699106,0.0360550582408905,0.8840481042861938,0.04418664053082466
0.6821837425231934,0.21259179711341858,0.01522005908191204,0.0020006378181278706,0.04981915280222893,0.0335790254175663,0.004605745896697044
0.610251247882843,0.09956321865320206,0.056508149951696396,0.004583845380693674,0.196847066283226,0.009222308173775673,0.023024171590805054
0.003126164199784398,0.005833118688315153,0.0010416315635666251,0.003125967690721154,0.01323147863149643,0.9654855728149414,0.008156024850904942
0.07183104008436203,0.03191247209906578,0.007067832630127668,0.004723194520920515,0.7311611771583557,0.10825371742248535,0.045050572603940964
0.026106184348464012,0.04969130456447601,0.01579863391816616,0.05964026227593422,0.7516315579414368,0.08871058374643326,0.008421510457992554
0.06643777340650558,0.04930957779288292,0.01050782110542059,0.00433629984036088,0.6019340753555298,0.22172923386096954,0.045745186507701874
0.23278991878032684,0.354361355304718,0.005015539471060038,0.016365308314561844,0.327531635761261,0.03831132501363754,0.025624839588999748
0.3442992866039276,0.1244698315858841,0.012609422206878662,0.00639508618041873,0.3262780010700226,0.17863258719444275,0.007315752096474171
0.019237475469708443,0.015441317111253738,0.35562190413475037,0.008305827155709267,0.5771355628967285,0.00445906026288867,0.01979883946478367
0.442745566368103,0.47418898344039917,0.01421329565346241,0.001440660678781569,0.029278511181473732,0.01346978172659874,0.024663306772708893
0.0195630956441164,0.0058672185987234116,0.003946084063500166,0.07356536388397217,0.847804605960846,0.00532365869730711,0.043929919600486755
0.0666976124048233,0.0657527893781662,0.009216831997036934,0.009090077131986618,0.6869991421699524,0.02887839823961258,0.13336516916751862
0.01448779460042715,0.9626836776733398,0.0021870327182114124,0.00043021427700296044,0.005931543651968241,0.012212589383125305,0.0020672029349952936
0.10093452036380768,0.7547636032104492,0.00570293515920639,0.0013897280441597104,0.11894399672746658,0.01357944868505001,0.004685673397034407
0.0036900239065289497,0.013190742582082748,0.0030019800178706646,0.0013152237515896559,0.016858385875821114,0.9569752812385559,0.004968326538801193
0.03813282772898674,0.01785050891339779,0.0014375534374266863,0.012561260722577572,0.6676276922225952,0.0038690355140715837,0.25852105021476746
0.012555825524032116,0.008016630075871944,0.022404883056879044,0.005147261545062065,0.529904305934906,0.39093783497810364,0.031033221632242203
0.011832023039460182,0.08857841044664383,0.006946784444153309,0.011137111112475395,0.7930414080619812,0.02067939005792141,0.06778477877378464
0.010248321108520031,0.03053840808570385,0.035005971789360046,0.005442152265459299,0.2192772775888443,0.6406206488609314,0.05886726453900337
0.007564370054751635,0.528577983379364,0.08662167936563492,0.0038461540825664997,0.14630170166492462,0.009893056005239487,0.21719501912593842
0.4293442964553833,0.2042175978422165,0.021381007507443428,0.009210451506078243,0.24668142199516296,0.061685606837272644,0.02747977338731289
0.001814571674913168,0.0069005778059363365,0.010908938013017178,0.0012021228903904557,0.01976780593395233,0.9557749032974243,0.0036310835275799036
0.0007770897354930639,0.0025809078942984343,0.010526393540203571,0.008640618994832039,0.03419695794582367,0.9322690367698669,0.011009075678884983
0.8739153146743774,0.03452986851334572,0.0027923511806875467,0.0018910053186118603,0.059619877487421036,0.024610357359051704,0.002641267841681838
0.035430897027254105,0.3666976988315582,0.023556668311357498,0.0025630139280110598,0.04028327763080597,0.5277331471443176,0.003735276637598872
0.061103884130716324,0.09743610769510269,0.013271432369947433,0.003801246639341116,0.39925363659858704,0.4153737425804138,0.00975994486361742
0.01962914504110813,0.01990465261042118,0.005145525559782982,0.0011835938785225153,0.03464652597904205,0.9144967198371887,0.00499383918941021
0.014311873354017735,0.016480430960655212,0.09544013440608978,0.011210652068257332,0.5928114056587219,0.04717911407351494,0.22256644070148468
0.2153474986553192,0.10421568155288696,0.012748654931783676,0.0020158831030130386,0.590242326259613,0.0489124171435833,0.02651759423315525
0.08171631395816803,0.12372332811355591,0.010196677409112453,0.00889064185321331,0.7409324645996094,0.030022528022527695,0.0045180125162005424
0.04515467956662178,0.02992447279393673,0.335895299911499,0.011792353354394436,0.3667914569377899,0.020359855145215988,0.1900819092988968
0.05683878809213638,0.9238168597221375,0.002341342158615589,0.004204111639410257,0.005734223872423172,0.003959770780056715,0.0031049754470586777
0.03435700759291649,0.007912208326160908,0.010770367458462715,0.17668212950229645,0.5590156316757202,0.0066643389873206615,0.2045983076095581
0.5504052639007568,0.2301151156425476,0.01109220553189516,0.0034725808072835207,0.1599142700433731,0.03414372727274895,0.010856816545128822
0.007612545508891344,0.012701245956122875,0.01344534382224083,0.011142713017761707,0.46937212347984314,0.0043304734863340855,0.48139554262161255
0.9197528958320618,0.004189610946923494,0.0031682061962783337,0.002261430025100708,0.022981571033596992,0.012215496972203255,0.035430967807769775
0.003200007136911154,0.003077093977481127,0.014112605713307858,0.0029501840472221375,0.045990101993083954,0.7984648942947388,0.13220521807670593
0.009793576784431934,0.043968476355075836,0.0013052972499281168,0.612015426158905,0.258845716714859,0.010632043704390526,0.0634395182132721
0.1572621464729309,0.5424190759658813,0.016260990872979164,0.0015898648416623473,0.24972154200077057,0.005258813034743071,0.027487538754940033
0.101174496114254,0.02126348577439785,0.002267237287014723,0.18678058683872223,0.48443806171417236,0.1407429575920105,0.06333311647176743
0.02004995197057724,0.027061237022280693,0.001149850315414369,0.010466516017913818,0.8866369724273682,0.023154746741056442,0.03148076310753822
0.17219103872776031,0.29424792528152466,0.02335595153272152,0.003846106119453907,0.29207146167755127,0.20280471444129944,0.011482859961688519
0.18184520304203033,0.18902330100536346,0.3777107298374176,0.0019112880108878016,0.15786314010620117,0.035212740302085876,0.056433603167533875
0.007900038734078407,0.008112999610602856,0.0012122286716476083,0.028668873012065887,0.16488473117351532,0.7765998840332031,0.012621349655091763
0.012730809859931469,0.027571523562073708,0.010084387846291065,0.004671170376241207,0.8509474992752075,0.02838040702044964,0.06561417132616043
0.22958946228027344,0.021148912608623505,0.00432837987318635,0.005785429384559393,0.11761122196912766,0.6169177293777466,0.004618845880031586
0.05143924802541733,0.0945146307349205,0.0015318371588364244,0.026378417387604713,0.7948378324508667,0.017141059041023254,0.014157001860439777
0.005051277577877045,0.9436610341072083,0.005927877966314554,0.0009487806237302721,0.025757476687431335,0.006130884401500225,0.012522734701633453
0.004673320800065994,0.008179196156561375,0.00909552164375782,0.0029152976348996162,0.0793733298778534,0.0015042393933981657,0.8942590951919556
0.010015327483415604,0.011419896967709064,0.003541509620845318,0.8901325464248657,0.04907543957233429,0.030768513679504395,0.0050467997789382935
0.012696354649960995,0.023711584508419037,0.2959568500518799,0.006094747222959995,0.06125028058886528,0.006619561929255724,0.593670666217804
0.04724425449967384,0.3808731734752655,0.12668849527835846,0.003908155020326376,0.3144943416118622,0.02851647138595581,0.09827511012554169
0.0464925654232502,0.01333844754844904,0.6256891489028931,0.005236202850937843,0.26360276341438293,0.03149958699941635,0.014141242019832134
0.025054022669792175,0.10465837270021439,0.014606211334466934,0.003360777162015438,0.6046873927116394,0.09817994385957718,0.1494532972574234
0.027799192816019058,0.04486315697431564,0.048089370131492615,0.005258071701973677,0.783580482006073,0.014308331534266472,0.07610135525465012
0.02331552654504776,0.011902468279004097,0.02060382440686226,0.023619813844561577,0.7231839895248413,0.015616308897733688,0.1817580759525299
0.6835268139839172,0.11998086422681808,0.004538200795650482,0.005031620617955923,0.1440196931362152,0.03895966708660126,0.003943079151213169
0.0047266422770917416,0.024751218035817146,0.004021789878606796,0.5958056449890137,0.3318655788898468,0.03209218010306358,0.006736961659044027
