anger,disgust,fear,joy,neutral,sadness,surprise
0.008598165586590767,0.0030211249832063913,0.005919025279581547,0.36829671263694763,0.3748830556869507,0.1918708086013794,0.047411106526851654
0.004684648476541042,0.011308139190077782,0.0014677817234769464,0.6462122201919556,0.2729923129081726,0.04818640649318695,0.015148494392633438
0.023435398936271667,0.11593601852655411,0.028407858684659004,0.001406678929924965,0.29708051681518555,0.49186038970947266,0.04187311232089996
0.017152337357401848,0.061439890414476395,0.1038462221622467,0.03383024036884308,0.5402199625968933,0.013418792746961117,0.2300925850868225
0.002496248809620738,0.0016554665053263307,0.9830203652381897,0.0012449737405404449,0.0071831149980425835,0.002099660225212574,0.002300216117873788
0.0044356840662658215,0.035490069538354874,0.8770347833633423,0.0024942527525126934,0.04124242439866066,0.004483297001570463,0.034819480031728745
0.444409042596817,0.40947866439819336,0.029832180589437485,0.002002951456233859,0.08613128215074539,0.021533945575356483,0.006611969321966171
0.003540511941537261,0.007961883209645748,0.9438475966453552,0.0017915589269250631,0.03235090523958206,0.004349375609308481,0.006158079020678997
0.0036427935119718313,0.05259569361805916,0.02940979041159153,0.0015639117918908596,0.05284377560019493,0.8412352800369263,0.01870879717171192
0.2973480224609375,0.06291945278644562,0.3047693371772766,0.005645890720188618,0.26460689306259155,0.0504615381360054,0.014248855412006378
0.018206655979156494,0.13755574822425842,0.033466681838035583,0.002589134033769369,0.43509143590927124,0.11247000098228455,0.2606203258037567
0.003137066960334778,0.0009740383829921484,0.984478771686554,0.0009666326222941279,0.005643568467348814,0.0014353693695738912,0.003364447271451354
0.12422654032707214,0.05254114046692848,0.003895087167620659,0.10986816138029099,0.6862526535987854,0.01891060546040535,0.004305761307477951
0.5408928990364075,0.17472347617149353,0.04499931260943413,0.002078327350318432,0.1452757567167282,0.08941345661878586,0.0026168019976466894
0.004285966511815786,0.019237423315644264,0.0020228393841534853,0.009786669164896011,0.9152897000312805,0.011438551358878613,0.037938863039016724
0.3257567882537842,0.45925280451774597,0.09406453371047974,0.005063612479716539,0.07425281405448914,0.03519383445382118,0.006415624171495438
0.010964908637106419,0.5602814555168152,0.01847114786505699,0.022064687684178352,0.19603866338729858,0.17302758991718292,0.019151581451296806
0.008985149674117565,0.010265571065247059,0.0008973635267466307,0.6443800926208496,0.3074769079685211,0.009336592629551888,0.018658308312296867
0.8071608543395996,0.10316643863916397,0.02372051775455475,0.0027305935509502888,0.055261678993701935,0.0043482473120093346,0.0036117283161729574
0.0013579276856034994,0.0013917117612436414,0.9894975423812866,0.0006658006459474564,0.0012602373026311398,0.0010251564672216773,0.0048017422668635845
0.08697523921728134,0.69989013671875,0.03023662231862545,0.0022659478709101677,0.15233784914016724,0.020898781716823578,0.007395387161523104
0.004333569668233395,0.012014062143862247,0.0035137650556862354,0.04023294895887375,0.4755639135837555,0.44890516996383667,0.015436557121574879
0.10960494726896286,0.08226852864027023,0.344591349363327,0.009049749001860619,0.36877018213272095,0.06710197031497955,0.01861332356929779
0.06762330234050751,0.0793081596493721,0.11806856840848923,0.006367742549628019,0.7124759554862976,0.009909339249134064,0.006246937904506922
0.12715758383274078,0.034464139491319656,0.062128692865371704,0.4902893602848053,0.09982996433973312,0.08067267388105392,0.10545767098665237
0.24845033884048462,0.24097982048988342,0.019406765699386597,0.011428317055106163,0.4436696171760559,0.027229052037000656,0.008836034685373306
0.007837899029254913,0.008270143531262875,0.013482315465807915,0.016137611120939255,0.5619239211082458,0.3168649673461914,0.07548315078020096
0.008710825815796852,0.006247739307582378,0.001218569464981556,0.14403259754180908,0.7207162976264954,0.013973541557788849,0.10510038584470749
0.06111784279346466,0.18482233583927155,0.3324383497238159,0.02556152082979679,0.2323399931192398,0.14275586605072021,0.020964141935110092
0.050562966614961624,0.13940849900245667,0.014676690101623535,0.006607364397495985,0.3347919285297394,0.44220489263534546,0.01174766756594181
0.867182731628418,0.013276658952236176,0.029301835224032402,0.0015121634351089597,0.021777531132102013,0.021879643201828003,0.04506940767168999
0.00523801427334547,0.004392510280013084,0.0018863477744162083,0.16711346805095673,0.7699900269508362,0.026206566020846367,0.025172993540763855
0.04027814418077469,0.3308863639831543,0.011892508715391159,0.035839613527059555,0.5595287084579468,0.01768624410033226,0.0038883110973984003
0.0748344361782074,0.8261544704437256,0.00786744523793459,0.004418287891894579,0.028278250247240067,0.00832842942327261,0.050118740648031235
0.03305957093834877,0.05254441872239113,0.15592807531356812,0.0033011888153851032,0.07771708816289902,0.0037877762224525213,0.6736618876457214
