anger,disgust,fear,joy,neutral,sadness,surprise
0.006615974474698305,0.04625401273369789,0.01553412526845932,0.30379360914230347,0.5988443493843079,0.008662117645144463,0.020295770838856697
0.027094440534710884,0.9549425840377808,0.0015811652410775423,0.0011342763900756836,0.007132792845368385,0.007553971838206053,0.0005607244092971087
0.016394605860114098,0.9546952247619629,0.0007954795146360993,0.0021480333525687456,0.021557677537202835,0.0033528408966958523,0.001056183478794992
0.1992453634738922,0.128670334815979,0.05450784042477608,0.001840915298089385,0.036300141364336014,0.5623897910118103,0.0170456450432539
0.5467872619628906,0.03945650905370712,0.006928035523742437,0.004060875158756971,0.09573456645011902,0.29088109731674194,0.01615173928439617
0.010917014442384243,0.030833803117275238,0.01344990823417902,0.011324488557875156,0.900208592414856,0.005048286635428667,0.028217853978276253
0.024643877521157265,0.03394167497754097,0.003580682445317507,0.04357854276895523,0.8663529753684998,0.006793515756726265,0.021108731627464294
0.6461960077285767,0.05156537517905235,0.0031426020432263613,0.0073140403255820274,0.21631957590579987,0.04526679590344429,0.030195625498890877
0.005312775261700153,0.004208983853459358,0.9401035904884338,0.0014387238770723343,0.03896479681134224,0.006264276336878538,0.003706814255565405
0.03146853297948837,0.22496281564235687,0.16630519926548004,0.11401491612195969,0.29800429940223694,0.1307617872953415,0.03448253870010376
0.28836220502853394,0.022219093516469002,0.01574341394007206,0.004190796986222267,0.6511393189430237,0.014011015184223652,0.004334193654358387
0.035517074167728424,0.09252289682626724,0.002505204640328884,0.4337143003940582,0.4205772578716278,0.01116025261580944,0.004003082402050495
0.02308497577905655,0.15506146848201752,0.004440275486558676,0.037212733179330826,0.7583011388778687,0.016851814463734627,0.00504758907482028
0.16651932895183563,0.6176333427429199,0.1665075272321701,0.002123459940776229,0.038728564977645874,0.005327973980456591,0.0031596687622368336
0.006981851998716593,0.017083274200558662,0.004643492866307497,0.08586657792329788,0.8173486590385437,0.012848010286688805,0.05522799491882324
0.011435101740062237,0.014108541421592236,0.00582808768376708,0.023226739838719368,0.9243778586387634,0.007712969556450844,0.013310684822499752
0.1401844322681427,0.22638562321662903,0.07013875991106033,0.006278928369283676,0.3344186544418335,0.2193041443824768,0.003289386397227645
0.07491347193717957,0.022867130115628242,0.10646937042474747,0.011019725352525711,0.7238786816596985,0.009299191646277905,0.05155239999294281
0.9312101006507874,0.007952030748128891,0.01395250204950571,0.0008641215390525758,0.01756923831999302,0.024897001683712006,0.003555024741217494
0.031768057495355606,0.006727523170411587,0.47105056047439575,0.006231529638171196,0.4411296546459198,0.024461062625050545,0.018631519749760628
0.10091684758663177,0.36482176184654236,0.006991432048380375,0.0066648367792367935,0.17539919912815094,0.340820848941803,0.0043850732035934925
0.13496087491512299,0.73013836145401,0.005437800660729408,0.008632518351078033,0.10735288262367249,0.009770507924258709,0.0037070836406201124
0.22081752121448517,0.5319311618804932,0.021499721333384514,0.0031025861389935017,0.17139427363872528,0.04618772864341736,0.005067055579274893
0.03689366206526756,0.17542535066604614,0.0024339891970157623,0.007928278297185898,0.5794492959976196,0.18393152952194214,0.013937888666987419
0.010370142757892609,0.24440543353557587,0.03007577173411846,0.011695224791765213,0.4375728666782379,0.259299099445343,0.006581434514373541
0.009625743143260479,0.007142828311771154,0.0029502366669476032,0.004627647809684277,0.7266613245010376,0.0062030041590332985,0.24278923869132996
0.007369143422693014,0.02092631720006466,0.002402698388323188,0.2778047025203705,0.6774667501449585,0.007143535651266575,0.006886799354106188
0.15023240447044373,0.6278941035270691,0.01869994029402733,0.0013475172454491258,0.12542767822742462,0.07277698069810867,0.003621430601924658
0.023868227377533913,0.47165223956108093,0.007558527402579784,0.004072185605764389,0.47472187876701355,0.009342794306576252,0.008784256875514984
0.12234646081924438,0.7916346192359924,0.011478404514491558,0.002468178980052471,0.0344601534307003,0.03523245081305504,0.002379709156230092
0.011749575845897198,0.09842725843191147,0.005373483523726463,0.2752209007740021,0.5470136404037476,0.04590217024087906,0.016313055530190468
