anger,disgust,fear,joy,neutral,sadness,surprise
0.007748409640043974,0.03904202580451965,0.0025402274914085865,0.905325174331665,0.0325300507247448,0.010634374804794788,0.0021796247456222773
0.07084499299526215,0.3322993814945221,0.02451372891664505,0.007097388152033091,0.5473576784133911,0.012256568297743797,0.00563029246404767
0.02895546704530716,0.8787246942520142,0.021357448771595955,0.032337211072444916,0.02433844655752182,0.013416287489235401,0.0008704435895197093
0.0186394602060318,0.14092516899108887,0.2553774416446686,0.04886410012841225,0.10866554826498032,0.41633766889572144,0.01119067519903183
0.0025465029757469893,0.005269572138786316,0.002017243066802621,0.10592815279960632,0.031245386227965355,0.8478061556816101,0.005186940543353558
0.019819289445877075,0.2739572823047638,0.6612744331359863,0.001058181282132864,0.009268616326153278,0.029164671897888184,0.005457514896988869
0.8017114400863647,0.16722120344638824,0.005348492879420519,0.0007093518506735563,0.012051576748490334,0.012062622234225273,0.0008953874348662794
0.9658448696136475,0.014438755810260773,0.0012225938262417912,0.0005824281251989305,0.011496050283312798,0.005201747640967369,0.0012135839788243175
0.1549404114484787,0.1934158205986023,0.1461627036333084,0.005412768572568893,0.29451873898506165,0.17316047847270966,0.03238901495933533
