anger,disgust,fear,joy,neutral,sadness,surprise
0.09795144200325012,0.21967695653438568,0.4517572820186615,0.004219463560730219,0.1553681343793869,0.06583694368600845,0.005189795978367329
0.013504326343536377,0.01659584976732731,0.006308486685156822,0.004005251452326775,0.18963178992271423,0.7286294102668762,0.04132479429244995
0.5307751893997192,0.09881306439638138,0.053327955305576324,0.005007911939173937,0.2967057228088379,0.012273731641471386,0.0030963353347033262
0.20592251420021057,0.054853327572345734,0.012956596910953522,0.003676522523164749,0.017108213156461716,0.6992940902709961,0.006188705563545227
0.010380340740084648,0.0682273730635643,0.022359982132911682,0.12096807360649109,0.700565755367279,0.015479432418942451,0.06201906502246857
0.09356505423784256,0.16279058158397675,0.16393353044986725,0.00490434980019927,0.16694480180740356,0.40025851130485535,0.007603202480822802
0.7195369601249695,0.189052551984787,0.012966223992407322,0.0023973346687853336,0.03553539514541626,0.037148766219615936,0.0033627511002123356
0.5100512504577637,0.15829892456531525,0.011795304715633392,0.0021923184394836426,0.28954625129699707,0.016115617007017136,0.012000296264886856
0.006848820485174656,0.01224434468895197,0.004596596583724022,0.21198488771915436,0.4785335063934326,0.27500271797180176,0.010789117775857449
0.054325126111507416,0.14214399456977844,0.051673196256160736,0.10763979703187943,0.5821158289909363,0.006906100548803806,0.05519593507051468
0.035854779183864594,0.005652367603033781,0.8787273168563843,0.0013580543454736471,0.010027292184531689,0.004016558639705181,0.06436366587877274
0.0150044159963727,0.014092226512730122,0.0030359455849975348,0.027960121631622314,0.9229159355163574,0.012281915172934532,0.00470957113429904
0.012003001756966114,0.006214566994458437,0.7742895483970642,0.00561746209859848,0.05738170072436333,0.0023792432621121407,0.14211444556713104
0.006513684522360563,0.0052946787327528,0.9505860209465027,0.002100413665175438,0.024912752211093903,0.0018346804426982999,0.008757812902331352
0.0116794528439641,0.03318757936358452,0.014682379551231861,0.016963666304945946,0.89225834608078,0.023799346759915352,0.007429162971675396
0.00794156827032566,0.9207242131233215,0.005413566716015339,0.0015391070628538728,0.0554325208067894,0.006473169662058353,0.0024758100043982267
0.020670432597398758,0.02562815137207508,0.002645928878337145,0.00985643733292818,0.9266095161437988,0.011913375928997993,0.002676145639270544
0.20825816690921783,0.537017822265625,0.029714537784457207,0.0027837965171784163,0.1083366870880127,0.10900527238845825,0.004883628338575363
0.08268435299396515,0.034031957387924194,0.004688989836722612,0.1531277745962143,0.684644877910614,0.028816640377044678,0.012005364522337914
0.017675284296274185,0.8819277286529541,0.004238546825945377,0.002291800919920206,0.08346312493085861,0.008584006689488888,0.0018194240983575583
0.1164628118276596,0.023918211460113525,0.0022886900696903467,0.5410299897193909,0.28944358229637146,0.007994589395821095,0.01886204071342945
0.20830844342708588,0.663025438785553,0.08381222933530807,0.0014479837846010923,0.017208710312843323,0.017850227653980255,0.008346903137862682
0.08691147714853287,0.17506642639636993,0.014943204820156097,0.0029704240150749683,0.415800005197525,0.28394201397895813,0.020366443321108818
0.31708329916000366,0.12897391617298126,0.003869202919304371,0.0036912551149725914,0.23258870840072632,0.3100455701351166,0.003747995011508465
0.0944548100233078,0.8587939143180847,0.0025911934208124876,0.001520241261459887,0.025873534381389618,0.01539432443678379,0.0013718480477109551
0.01866685040295124,0.7332857251167297,0.10545600205659866,0.0031844230834394693,0.1028594970703125,0.026162879541516304,0.010384705848991871
0.3649091124534607,0.3180515766143799,0.09352400153875351,0.007906774990260601,0.18807968497276306,0.02226131781935692,0.0052675604820251465
0.011299841105937958,0.0035349642857909203,0.9354261755943298,0.0015054598916321993,0.03212762996554375,0.007323771249502897,0.008782265707850456
0.048471663147211075,0.26890793442726135,0.5331985950469971,0.021715352311730385,0.10069283097982407,0.017010945826768875,0.010002700611948967
0.3195074200630188,0.16044916212558746,0.01008748821914196,0.0027033614460378885,0.303682804107666,0.1935114860534668,0.010058247484266758
0.0905994102358818,0.07712970674037933,0.008889799006283283,0.005318243056535721,0.7287417650222778,0.08235237747430801,0.006968682166188955
0.0055004204623401165,0.006814760621637106,0.0034713158383965492,0.01104153972119093,0.8304207921028137,0.00994944665580988,0.13280165195465088
0.010879447683691978,0.013570529408752918,0.00550141092389822,0.01916106417775154,0.9092898368835449,0.007157785352319479,0.03443993255496025
0.30731192231178284,0.138820618391037,0.4104425311088562,0.006659973878413439,0.11823996901512146,0.013599412515759468,0.004925577435642481
0.008618648163974285,0.004366916138678789,0.0074674650095403194,0.1587003618478775,0.4590323567390442,0.0037751784548163414,0.3580390512943268
0.07758919149637222,0.06436534225940704,0.003443704219534993,0.13772724568843842,0.7021352648735046,0.012539362534880638,0.0021998737938702106
0.01032336801290512,0.04268455132842064,0.0069529530592262745,0.15207430720329285,0.5224733352661133,0.25804442167282104,0.007447043899446726
0.03141181915998459,0.026827214285731316,0.7614030838012695,0.03802581503987312,0.11791660636663437,0.013127208687365055,0.011288277804851532
0.6263546943664551,0.21247555315494537,0.12052910029888153,0.002735899528488517,0.028103524819016457,0.005208401475101709,0.004592853598296642
0.0010434526484459639,0.0035100362729281187,0.001075727166607976,0.002356794197112322,0.011976388283073902,0.977735161781311,0.00230243313126266
0.21619099378585815,0.20631873607635498,0.4577799439430237,0.004708318505436182,0.1033351868391037,0.005662193987518549,0.006004642695188522
0.007271554786711931,0.02386702038347721,0.04160324111580849,0.01087359618395567,0.11101515591144562,0.8007991313934326,0.004570297431200743
0.13228021562099457,0.0056138108484447,0.840868353843689,0.0015782061964273453,0.012469367124140263,0.004531539976596832,0.0026585094165056944
0.115556500852108,0.1529737114906311,0.01836911402642727,0.002597089856863022,0.25200313329696655,0.45365387201309204,0.004846587311476469
0.05491584539413452,0.03454472869634628,0.0063843694515526295,0.029354646801948547,0.8521793484687805,0.01627042330801487,0.006350694224238396
0.016966884955763817,0.02096553146839142,0.9204767346382141,0.0026268877554684877,0.024229981005191803,0.013292333111166954,0.0014415713958442211
0.45458826422691345,0.21096959710121155,0.03729116916656494,0.010267864912748337,0.264544814825058,0.01848115585744381,0.0038572640623897314
0.038819387555122375,0.020406419411301613,0.4614473581314087,0.010881990194320679,0.36623966693878174,0.017886165529489517,0.08431896567344666
0.6314331293106079,0.0505950041115284,0.020422877743840218,0.002954644849523902,0.24875758588314056,0.04306592047214508,0.0027707896661013365
0.12733954191207886,0.8275190591812134,0.0026420243084430695,0.0025719960685819387,0.03168412670493126,0.006353225093334913,0.001890102052129805
0.27186790108680725,0.12724199891090393,0.07731198519468307,0.0037759586703032255,0.11683347821235657,0.3654628396034241,0.03750581666827202
0.17389515042304993,0.29595494270324707,0.43775254487991333,0.0016244860598817468,0.024019591510295868,0.05630624666810036,0.010447099804878235
0.11298277229070663,0.10460325330495834,0.3933030664920807,0.015750084072351456,0.33012136816978455,0.010718142613768578,0.032521314918994904
0.007575638126581907,0.011970007792115211,0.004480819683521986,0.05507024750113487,0.8710501790046692,0.022224735468626022,0.027628391981124878
0.49765753746032715,0.22682695090770721,0.022272003814578056,0.0025838229339569807,0.17758220434188843,0.06830460578203201,0.004772871267050505
0.043064262717962265,0.038352131843566895,0.0062297675758600235,0.007689259946346283,0.88322913646698,0.016799885779619217,0.004635609686374664
0.04023721441626549,0.01270010881125927,0.02446211315691471,0.020076245069503784,0.8806354999542236,0.01462238747626543,0.007266535423696041
0.0352623350918293,0.011010603979229927,0.031645625829696655,0.024138767272233963,0.8043298125267029,0.010530239902436733,0.0830826461315155
0.6372025609016418,0.054406292736530304,0.18167118728160858,0.0027496423572301865,0.10951732844114304,0.008445321582257748,0.006007638294249773
0.09167717397212982,0.21127675473690033,0.006613039877265692,0.033751219511032104,0.6333333849906921,0.021169371902942657,0.0021789465099573135
0.007587939966470003,0.009034119546413422,0.011040876619517803,0.038153309375047684,0.8134357929229736,0.09342163056135178,0.027326412498950958
0.21580280363559723,0.16699323058128357,0.23861797153949738,0.007605146151036024,0.10019072890281677,0.26551684737205505,0.0052733165211975574
0.03480608016252518,0.011243995279073715,0.2693386971950531,0.0063882432878017426,0.522775411605835,0.14847911894321442,0.006968480534851551
0.07141420245170593,0.12475264072418213,0.07588833570480347,0.018962569534778595,0.693119466304779,0.008569504134356976,0.00729322200641036
0.5738811492919922,0.04818127676844597,0.02365340292453766,0.047427937388420105,0.23950955271720886,0.04725155606865883,0.02009505219757557
0.47105497121810913,0.1126360297203064,0.17631906270980835,0.004178857430815697,0.03242260590195656,0.15686751902103424,0.04652085900306702
0.6268430948257446,0.16743189096450806,0.016758903861045837,0.0024748975411057472,0.16873569786548615,0.011647754348814487,0.006107729393988848
0.1577795147895813,0.49537786841392517,0.007295237388461828,0.0020420155487954617,0.26997432112693787,0.059737678617239,0.00779334269464016
0.023425795137882233,0.010694646276533604,0.044097378849983215,0.010086697526276112,0.8791258931159973,0.013502644374966621,0.01906687393784523
0.6170319318771362,0.2570939064025879,0.0063525037840008736,0.0016737121623009443,0.0764285996556282,0.0389767661690712,0.0024426449090242386
