anger,disgust,fear,joy,neutral,sadness,surprise
0.013694645836949348,0.03777262941002846,0.0880935937166214,0.05046261101961136,0.7625934481620789,0.027342120185494423,0.020041003823280334
0.9702433943748474,0.014630942605435848,0.0028054299764335155,0.0007837927551008761,0.007647776510566473,0.0025547980330884457,0.0013339065480977297
0.003920773044228554,0.0020179986022412777,0.003700378816574812,0.10597117245197296,0.813952624797821,0.01539523620158434,0.05504177510738373
0.10084439069032669,0.07001243531703949,0.029073238372802734,0.010436324402689934,0.7158440947532654,0.06825312972068787,0.005536384414881468
0.14443033933639526,0.34257984161376953,0.13014423847198486,0.012297087348997593,0.32553431391716003,0.0394536592066288,0.005560465157032013
0.003018520073965192,0.0012911348603665829,0.0020626953337341547,0.7092345952987671,0.160816490650177,0.06480950117111206,0.05876711383461952
0.016045356169342995,0.011381846852600574,0.012655098922550678,0.343850702047348,0.5751599073410034,0.01154281571507454,0.029364310204982758
0.15742628276348114,0.26160815358161926,0.02282291278243065,0.003224057611078024,0.18878738582134247,0.3641790747642517,0.0019521405920386314
0.01201094500720501,0.019915083423256874,0.03185296803712845,0.01233480405062437,0.8162011504173279,0.02434164471924305,0.08334343880414963
0.4741875231266022,0.2590871751308441,0.10104680806398392,0.0015529983211308718,0.05058898776769638,0.05260279029607773,0.060933761298656464
0.2224167138338089,0.006510408129543066,0.7479013204574585,0.001116824452765286,0.011176913976669312,0.0083965715020895,0.002481102477759123
0.0636109784245491,0.004775074310600758,0.23789739608764648,0.011176245287060738,0.42319104075431824,0.15487942099571228,0.10446986556053162
0.045957911759614944,0.005628988146781921,0.8964889049530029,0.002595640253275633,0.0105977738276124,0.01209330651909113,0.026637563481926918
0.12045369297266006,0.03377070277929306,0.623547375202179,0.001745370915159583,0.08983762562274933,0.12337802350521088,0.007267228327691555
0.031217612326145172,0.18330508470535278,0.031924426555633545,0.004509050864726305,0.354644775390625,0.38596123456954956,0.00843778531998396
0.6108653545379639,0.05493173375725746,0.1321675032377243,0.003432619385421276,0.15415821969509125,0.04163336753845215,0.0028112411964684725
0.25181132555007935,0.18536484241485596,0.020590005442500114,0.0020270205568522215,0.31025752425193787,0.21927101910114288,0.010678292252123356
0.28868022561073303,0.06952831894159317,0.004694849252700806,0.0018978605512529612,0.09150777012109756,0.5397486090660095,0.003942367620766163
0.018515128642320633,0.4449344873428345,0.05886541306972504,0.020635709166526794,0.318637490272522,0.006060880143195391,0.13235096633434296
0.006834421306848526,0.04471675679087639,0.0026623455341905355,0.003445347538217902,0.9273116588592529,0.0053351824171841145,0.009694312699139118
0.008762548677623272,0.9653261303901672,0.005204297136515379,0.0003191199793945998,0.011338348500430584,0.007075032684952021,0.0019746199250221252
0.005258285440504551,0.013090698979794979,0.0015038360143080354,0.003343660617247224,0.9539957642555237,0.003875990631058812,0.018931671977043152
0.1030660942196846,0.0034473564010113478,0.8100048899650574,0.002592876786366105,0.028286099433898926,0.024127211421728134,0.028475526720285416
0.040265511721372604,0.005736958235502243,0.004431681241840124,0.10132293403148651,0.782047688961029,0.008220657706260681,0.057974498718976974
0.11114456504583359,0.08740413188934326,0.12478016316890717,0.004480796400457621,0.4808972477912903,0.18017591536045074,0.011117210611701012
0.02604742720723152,0.20007380843162537,0.13922542333602905,0.003975161351263523,0.19231955707073212,0.4274626672267914,0.010895947925746441
0.05803300067782402,0.04222910851240158,0.02182270959019661,0.011323262006044388,0.7591776847839355,0.10102566331624985,0.006388589274138212
0.3279716968536377,0.20420043170452118,0.016484567895531654,0.002657366218045354,0.27506116032600403,0.14318345487117767,0.0304412804543972
0.250171422958374,0.09075159579515457,0.013698730617761612,0.006286069750785828,0.5175096988677979,0.11847727745771408,0.003105230862274766
0.050069183111190796,0.5895740985870361,0.08276649564504623,0.0025804885663092136,0.23120994865894318,0.0333377867937088,0.010461973026394844
0.007193941157311201,0.010663159191608429,0.1395244002342224,0.08519474416971207,0.6962364315986633,0.0254037007689476,0.035783618688583374
0.03139888867735863,0.06901649385690689,0.006926278583705425,0.020503439009189606,0.39840272068977356,0.45427611470222473,0.01947617530822754
0.4071629047393799,0.1289365589618683,0.2566729784011841,0.004141941200941801,0.18262606859207153,0.01437872089445591,0.006080848164856434
0.005167451221495867,0.004503899719566107,0.003461634973064065,0.09296765178442001,0.8590108156204224,0.019319577142596245,0.015569056384265423
0.003819867502897978,0.003723541973158717,0.003211080329492688,0.0034273741766810417,0.9542891383171082,0.009400265291333199,0.02212875708937645
0.009466402232646942,0.0071248989552259445,0.001904569915495813,0.012505177408456802,0.9567263126373291,0.006136414594948292,0.006136305630207062
0.021278001368045807,0.034799132496118546,0.33039742708206177,0.0028034003917127848,0.05707709118723869,0.04834942892193794,0.5052955150604248
0.007076839450746775,0.009425093419849873,0.0023672941606491804,0.0063712699338793755,0.9511398077011108,0.009123729541897774,0.014496062882244587
0.01918855495750904,0.01877685636281967,0.10391182452440262,0.02275031805038452,0.6551826596260071,0.15318574011325836,0.027004128322005272
0.007561210077255964,0.00726411072537303,0.009314791299402714,0.061673734337091446,0.8750712275505066,0.007804517168551683,0.031310297548770905
0.23900169134140015,0.33987221121788025,0.2243705838918686,0.004022567067295313,0.17008884251117706,0.017503326758742332,0.005140746012330055
0.14352066814899445,0.08018835633993149,0.026932716369628906,0.0022687315940856934,0.3695690929889679,0.3436916172504425,0.033828821033239365
0.2093440443277359,0.010295161046087742,0.582900881767273,0.004721044562757015,0.02979179099202156,0.0032646560575813055,0.1596824824810028
0.08021913468837738,0.3910278081893921,0.024203704670071602,0.002516580978408456,0.31773272156715393,0.11697426438331604,0.06732580810785294
0.2807772755622864,0.07405626773834229,0.015250944532454014,0.0008041487890295684,0.02295185998082161,0.601870596408844,0.004288926254957914
0.01072025764733553,0.04043331742286682,0.0012530633248388767,0.1756584495306015,0.7495317459106445,0.007118601817637682,0.01528457086533308
0.019528508186340332,0.04634317383170128,0.003384398063644767,0.00971671100705862,0.8877450227737427,0.030652491375803947,0.0026296828873455524
0.4741751551628113,0.36947786808013916,0.06873511523008347,0.0016210786998271942,0.06341055780649185,0.020269323140382767,0.0023109361063688993
0.019994940608739853,0.04640199989080429,0.010174529626965523,0.0928863137960434,0.5260728001594543,0.2992328405380249,0.005236566532403231
0.08091612160205841,0.07450691610574722,0.021371951326727867,0.00826185941696167,0.3790312707424164,0.32600530982017517,0.10990659892559052
0.8292542099952698,0.034494224935770035,0.01171557791531086,0.002064627828076482,0.075858935713768,0.0047663357108831406,0.04184616357088089
0.010412853211164474,0.004827508237212896,0.029343239963054657,0.03273504227399826,0.826209545135498,0.07935579866170883,0.01711597479879856
