anger,disgust,fear,joy,neutral,sadness,surprise
0.002417622832581401,0.00531951105222106,0.002940462902188301,0.17723876237869263,0.6128959655761719,0.08709588646888733,0.11209174990653992
0.018639152869582176,0.011816254816949368,0.09711726009845734,0.010984580032527447,0.5737481117248535,0.2777658998966217,0.009928785264492035
0.21363624930381775,0.6601817607879639,0.07404948770999908,0.0011821751249954104,0.023269398137927055,0.023558124899864197,0.004122735466808081
0.018450548872351646,0.0063970074988901615,0.007096704561263323,0.17995604872703552,0.6354227066040039,0.13961787521839142,0.013059057295322418
0.012755613774061203,0.0624995231628418,0.013318721204996109,0.07257973402738571,0.791527509689331,0.01913541741669178,0.028183460235595703
0.01853327825665474,0.026395944878458977,0.00580738065764308,0.05082986503839493,0.8712367415428162,0.01791597343981266,0.009280823171138763
0.010440136305987835,0.007162547670304775,0.07790128886699677,0.05464037135243416,0.7725204229354858,0.012612822465598583,0.06472238898277283
0.019797401502728462,0.0250905379652977,0.0030441430862993,0.08050426095724106,0.8330332040786743,0.03006567619740963,0.008464825339615345
0.01798360049724579,0.009158632718026638,0.07383957505226135,0.003374268300831318,0.024217192083597183,0.8701555728912354,0.0012710840674117208
