anger,disgust,fear,joy,neutral,sadness,surprise
0.004644465632736683,0.011895042844116688,0.004763177130371332,0.09725277125835419,0.8530423641204834,0.010073975659906864,0.018328234553337097
0.02145015448331833,0.03758809342980385,0.006788083352148533,0.08065953105688095,0.5881896018981934,0.1752634197473526,0.09006110578775406
0.03564249351620674,0.8617549538612366,0.04346707463264465,0.002367779379710555,0.039194609969854355,0.014775578863918781,0.00279753259383142
0.00214135623537004,0.0034777438268065453,0.019263921305537224,0.29362180829048157,0.03373119607567787,0.6205037236213684,0.027260230854153633
0.035288117825984955,0.728832483291626,0.014965996146202087,0.041796308010816574,0.03772975131869316,0.13053487241268158,0.01085258275270462
0.003912989515811205,0.01273674052208662,0.002780425362288952,0.8675474524497986,0.09366420656442642,0.011957628652453423,0.007400504779070616
0.006911414675414562,0.9463728070259094,0.03362318500876427,0.00039601934258826077,0.002160628791898489,0.009593687951564789,0.0009423644514754415
0.1595611870288849,0.012066218070685863,0.028574397787451744,0.04869094491004944,0.30557817220687866,0.43675243854522705,0.008776712231338024
0.05670421943068504,0.1263420283794403,0.0065417662262916565,0.009134208783507347,0.7717220187187195,0.016962962225079536,0.012592860497534275
0.012150119990110397,0.08098380267620087,0.002411194844171405,0.2259596735239029,0.5754450559616089,0.06722574681043625,0.035824429243803024
0.010884140618145466,0.010888355784118176,0.0033375199418514967,0.014068706892430782,0.6515325307846069,0.01597568206489086,0.29331308603286743
0.06682649999856949,0.10911726951599121,0.03818272054195404,0.00501269893720746,0.15754596889019012,0.6208361387252808,0.002478737151250243
0.11276611685752869,0.4839644432067871,0.03587674722075462,0.013057348318397999,0.2153637856245041,0.09888532012701035,0.04008622094988823
0.11291660368442535,0.7816616892814636,0.008674470707774162,0.0025981927756220102,0.06659901142120361,0.025197073817253113,0.0023529990576207638
0.020858533680438995,0.12430386245250702,0.02872089110314846,0.03892936930060387,0.6381821036338806,0.14435328543186188,0.004651874769479036
