anger,disgust,fear,joy,neutral,sadness,surprise
0.34617939591407776,0.330282986164093,0.08690480887889862,0.005355299916118383,0.06867045164108276,0.15802673995494843,0.004580370616167784
0.00809594988822937,0.007141003385186195,0.007009789347648621,0.0026535384822636843,0.9559875130653381,0.0047570448368787766,0.014355137012898922
0.14347369968891144,0.7950306534767151,0.0021333734039217234,0.001662816503085196,0.045200906693935394,0.011323563754558563,0.0011750097619369626
0.0408417284488678,0.15106521546840668,0.003654417349025607,0.07312748581171036,0.6412149667739868,0.07131955772638321,0.018776683136820793
0.037657059729099274,0.010479769669473171,0.024323957040905952,0.004575095139443874,0.9044325351715088,0.0054015242494642735,0.013130067847669125
0.026017658412456512,0.036788422614336014,0.004814417101442814,0.009901835583150387,0.9089690446853638,0.008286840282380581,0.005221748724579811
0.03956606611609459,0.013684269972145557,0.92186039686203,0.0011513109784573317,0.00438649533316493,0.0022150275763124228,0.017136208713054657
0.4792964458465576,0.1823579967021942,0.2369491010904312,0.003537303302437067,0.07139536738395691,0.018656907603144646,0.0078068682923913
0.23352302610874176,0.21238547563552856,0.026310760527849197,0.06420082598924637,0.2694593071937561,0.18926021456718445,0.004860299173742533
0.040666136890649796,0.035806864500045776,0.0954996794462204,0.00520236836746335,0.7858021259307861,0.032042570412158966,0.0049803354777395725
