anger,disgust,fear,joy,neutral,sadness,surprise
0.010532858781516552,0.06554771959781647,0.006117082666605711,0.047002583742141724,0.8363457322120667,0.006623728200793266,0.02783031575381756
0.21121229231357574,0.039162665605545044,0.5927023887634277,0.0057451450265944,0.08895254135131836,0.060812558978796005,0.001412371639162302
0.03657274693250656,0.03746543824672699,0.005646242294460535,0.027247047051787376,0.863122820854187,0.02406834065914154,0.005877322517335415
0.8669865131378174,0.05792126804590225,0.022676367312669754,0.0009913536487147212,0.029413113370537758,0.02039320580661297,0.0016181960236281157
0.010524297133088112,0.012542431242763996,0.003934120759367943,0.04053082317113876,0.9053466320037842,0.004765341989696026,0.022356322035193443
0.01971658691763878,0.014433044008910656,0.005921597592532635,0.029458196833729744,0.8932359218597412,0.008988711051642895,0.028245968744158745
0.0123390918597579,0.06889713555574417,0.012348579242825508,0.0022335334215313196,0.6997478604316711,0.1734444499015808,0.030989352613687515
0.8489131331443787,0.09199125319719315,0.029715048149228096,0.0018912216182798147,0.012495391070842743,0.008340451866388321,0.006653508171439171
0.15558691322803497,0.2628367245197296,0.007304066326469183,0.015739066526293755,0.49295586347579956,0.0557982362806797,0.009779035113751888
0.017122937366366386,0.042945217341184616,0.1299149990081787,0.015479112975299358,0.7581313252449036,0.005429737735539675,0.030976684764027596
0.05594061687588692,0.00680567929521203,0.912007749080658,0.0007854687282815576,0.0032943934202194214,0.016241131350398064,0.00492493761703372
0.11072081327438354,0.02031882479786873,0.05619717016816139,0.004900104366242886,0.7776733636856079,0.017230797559022903,0.012958910316228867
0.7163365483283997,0.2037574201822281,0.008083397522568703,0.0051963371224701405,0.028241435065865517,0.02840362675487995,0.009981269016861916
0.010371782816946507,0.006193647161126137,0.030391540378332138,0.0020628494676202536,0.021152712404727936,0.9008034467697144,0.029023947194218636
0.035576291382312775,0.01011442020535469,0.18519562482833862,0.0017574315425008535,0.03618461638689041,0.6986917853355408,0.032479796558618546
0.0423596166074276,0.036822814494371414,0.024037422612309456,0.003990720026195049,0.4673275053501129,0.4153774678707123,0.010084434412419796
0.02079946920275688,0.015018567442893982,0.865683913230896,0.0016310734208673239,0.05720353499054909,0.0363997258245945,0.003263732185587287
0.04543759673833847,0.19375284016132355,0.050724051892757416,0.011248882859945297,0.4741990566253662,0.2088337540626526,0.015803823247551918
