anger,disgust,fear,joy,neutral,sadness,surprise
0.09449364244937897,0.0034363484010100365,0.03997385501861572,0.1718323528766632,0.29965290427207947,0.34165382385253906,0.04895707964897156
0.02172657661139965,0.9592902660369873,0.005534416064620018,0.0006541207549162209,0.00866555143147707,0.003408360993489623,0.0007206466980278492
0.02997148223221302,0.7279794812202454,0.09068354219198227,0.003369283862411976,0.09566128253936768,0.03562629967927933,0.016708577051758766
0.41876712441444397,0.22404566407203674,0.25387468934059143,0.0033460594713687897,0.03605740889906883,0.06149662658572197,0.0024124744813889265
0.12643040716648102,0.25203049182891846,0.011227793991565704,0.015357543714344501,0.5772214531898499,0.011078566312789917,0.006653805263340473
0.850520133972168,0.02315974049270153,0.04876568913459778,0.003192155621945858,0.06075192242860794,0.011376641690731049,0.0022336284164339304
0.39864546060562134,0.39392611384391785,0.012734519317746162,0.0038406667299568653,0.14809148013591766,0.014750255271792412,0.028011543676257133
0.709527850151062,0.12406598031520844,0.011024662293493748,0.0037340079434216022,0.13656218349933624,0.008859304711222649,0.006226041819900274
0.7216019034385681,0.10670643299818039,0.06394825875759125,0.0038455019239336252,0.09048254042863846,0.008644246496260166,0.0047710663639009
0.015624785795807838,0.0067675490863621235,0.0031579644419252872,0.015411825850605965,0.9358123540878296,0.015093863941729069,0.008131703361868858
0.20331673324108124,0.03151562064886093,0.039059218019247055,0.004637700505554676,0.7036465406417847,0.011053831316530704,0.006770284380763769
0.11098868399858475,0.054774269461631775,0.03215400502085686,0.00434116693213582,0.7774059772491455,0.013346949592232704,0.006989047396928072
0.009156696498394012,0.026902446523308754,0.002139574382454157,0.016411367803812027,0.9258493185043335,0.00669278297573328,0.012847759760916233
0.0060706608928740025,0.047865208238363266,0.014012277126312256,0.01645081862807274,0.5168454051017761,0.3650240898132324,0.03373151645064354
