anger,disgust,fear,joy,neutral,sadness,surprise
0.04015674069523811,0.3005845844745636,0.01760903373360634,0.014500333927571774,0.5447765588760376,0.04769418016076088,0.03467857092618942
0.007610381115227938,0.013790283352136612,0.0034507729578763247,0.003266689833253622,0.9493913054466248,0.007212583441287279,0.015277951955795288
0.17906978726387024,0.2962035536766052,0.022855665534734726,0.002111173467710614,0.028973668813705444,0.46834057569503784,0.0024455732200294733
0.14121782779693604,0.734737753868103,0.005621420685201883,0.00405555684119463,0.1032269150018692,0.008151262067258358,0.0029892222955822945
0.0127485990524292,0.6764242053031921,0.01607508212327957,0.0028534699231386185,0.2424149066209793,0.01346581894904375,0.03601789101958275
0.02042544260621071,0.6882292628288269,0.09921697527170181,0.0022288961336016655,0.13207359611988068,0.01303784642368555,0.044788114726543427
0.141912579536438,0.06343338638544083,0.10627153515815735,0.006284696981310844,0.6559615135192871,0.009334412403404713,0.016801854595541954
0.3041914999485016,0.313888281583786,0.010549922473728657,0.004094899166375399,0.34442219138145447,0.018282029777765274,0.004571138881146908
0.007807075511664152,0.27362489700317383,0.015623051673173904,0.003473380347713828,0.6666750907897949,0.019947882741689682,0.012848643586039543
0.008488636463880539,0.012563100084662437,0.002643781015649438,0.0029980316758155823,0.9426724910736084,0.007569368928670883,0.023064590990543365
0.005436878651380539,0.007607285864651203,0.0015199010958895087,0.005796655546873808,0.9395250082015991,0.005683982744812965,0.03443029895424843
