anger,disgust,fear,joy,neutral,sadness,surprise
0.00628138892352581,0.0073979441076517105,0.003625670215114951,0.014546828344464302,0.9345694780349731,0.013545801863074303,0.020032890141010284
0.04340111464262009,0.007998846471309662,0.006087075918912888,0.0026645574253052473,0.054998353123664856,0.8820651173591614,0.002784896641969681
0.10037936270236969,0.6416647434234619,0.02788333036005497,0.059677571058273315,0.14148113131523132,0.02545909956097603,0.0034547948744148016
0.0025787714403122663,0.004542156122624874,0.002053776290267706,0.0036076088435947895,0.05179806426167488,0.9196999669075012,0.01571975275874138
0.13079342246055603,0.015249243937432766,0.007923174649477005,0.005248149391263723,0.7883806228637695,0.03127032890915871,0.0211350005120039
0.038061417639255524,0.03227529302239418,0.004047735594213009,0.008014202117919922,0.8918323516845703,0.019988302141427994,0.005780682433396578
0.03313135728240013,0.03872676566243172,0.009010658599436283,0.006348261144012213,0.8844867944717407,0.024066021665930748,0.004230157937854528
0.008035647682845592,0.02335924468934536,0.0019058809848502278,0.005137699190527201,0.9358056783676147,0.021533403545618057,0.004222550429403782
0.14903877675533295,0.48650407791137695,0.012353487312793732,0.0012068533105775714,0.2948411703109741,0.046009089797735214,0.010046480223536491
0.02350870706140995,0.006397389341145754,0.007008223328739405,0.3240763247013092,0.5346486568450928,0.09077073633670807,0.013589978218078613
0.03615488484501839,0.019055107608437538,0.03950261324644089,0.010306056588888168,0.8149183392524719,0.05544707179069519,0.02461593970656395
0.23473405838012695,0.7211235761642456,0.0023567434400320053,0.0019376154523342848,0.02534397691488266,0.0113615021109581,0.0031424532644450665
0.06983499228954315,0.15214139223098755,0.0035811879206448793,0.007546842563897371,0.6275783181190491,0.13246597349643707,0.006851226091384888
0.16547791659832,0.07328147441148758,0.005213466007262468,0.008688028901815414,0.712558925151825,0.008125870488584042,0.02665431797504425
0.3226548731327057,0.008880061097443104,0.6216112971305847,0.0042158085852861404,0.030202502384781837,0.009659874252974987,0.0027756462804973125
0.010260878130793571,0.030559159815311432,0.003926747012883425,0.015032462775707245,0.9170967936515808,0.00423390232026577,0.01889006420969963
0.7452074289321899,0.06367895752191544,0.0037430773954838514,0.006448506377637386,0.15744206309318542,0.020902594551444054,0.0025772633962333202
0.0013554930919781327,0.0008555419044569135,0.0007291529327630997,0.00102801073808223,0.0036564371548593044,0.9860605001449585,0.0063148802146315575
0.026664018630981445,0.09840956330299377,0.0037717176601290703,0.01381202694028616,0.3948253393173218,0.4299669861793518,0.032550401985645294
0.16435062885284424,0.18185341358184814,0.00838562473654747,0.003193541895598173,0.24045881628990173,0.3911169767379761,0.01064095739275217
0.16552364826202393,0.06276464462280273,0.004152448382228613,0.007676259148865938,0.7061471343040466,0.04613116756081581,0.007604666519910097
0.053986165672540665,0.026802828535437584,0.005204236600548029,0.004193766973912716,0.7621661424636841,0.1301024705171585,0.017544327303767204
0.6177821755409241,0.009788314811885357,0.3346500098705292,0.0015170504339039326,0.021142957732081413,0.010484052821993828,0.004635556135326624
0.0875857025384903,0.018162528052926064,0.025297798216342926,0.015355492010712624,0.5056053400039673,0.318541944026947,0.029451152309775352
0.014163788408041,0.00502349715679884,0.001048853388056159,0.07396526634693146,0.8750400543212891,0.0038224656600505114,0.026936084032058716
