anger,disgust,fear,joy,neutral,sadness,surprise
0.015211100690066814,0.02364959940314293,0.029910588636994362,0.03493374586105347,0.7184112668037415,0.14827202260494232,0.029611695557832718
0.014861722476780415,0.05141536518931389,0.006043783389031887,0.018308857455849648,0.8656086325645447,0.036408551037311554,0.007353137247264385
0.3005041480064392,0.5942711234092712,0.004303356632590294,0.00131029705516994,0.05436698719859123,0.042191438376903534,0.003052686108276248
0.017984939739108086,0.018582845106720924,0.018172983080148697,0.0049078455194830894,0.4926152527332306,0.4232761561870575,0.024460013955831528
0.020281795412302017,0.007586643099784851,0.018311727792024612,0.006493919529020786,0.03056573122739792,0.9021897315979004,0.014570522122085094
0.9839253425598145,0.0052453624084591866,0.0014146603643894196,0.0007223063730634749,0.0038012568838894367,0.002694058232009411,0.0021970721427351236
0.014815928414463997,0.07037752121686935,0.0408669114112854,0.007778242230415344,0.8320666551589966,0.0070732273161411285,0.02702152729034424
0.04001997411251068,0.0066971005871891975,0.009446609765291214,0.17434173822402954,0.6923099160194397,0.030868662521243095,0.04631594568490982
0.0070580909959971905,0.054088763892650604,0.0026415931060910225,0.006942064967006445,0.8914995789527893,0.013483403250575066,0.024286527186632156
0.017150109633803368,0.04439868777990341,0.0036940262652933598,0.0975053608417511,0.8167451620101929,0.0055360510013997555,0.014970582909882069
0.0663464218378067,0.19437454640865326,0.002436641836538911,0.3097115457057953,0.37847471237182617,0.03332207724452019,0.015334092080593109
0.9368100762367249,0.01627526618540287,0.006205461919307709,0.0014263091143220663,0.024799156934022903,0.008927351795136929,0.0055563319474458694
0.07950901240110397,0.09516523778438568,0.003474913537502289,0.0037863096222281456,0.15988415479660034,0.6492117643356323,0.0089686568826437
0.0074764881283044815,0.12950864434242249,0.01456599310040474,0.004713750444352627,0.6374165415763855,0.17990516126155853,0.026413459330797195
0.2656608521938324,0.5712370276451111,0.003194703720510006,0.004084218759089708,0.11370286345481873,0.040171291679143906,0.0019490577979013324
0.07045090943574905,0.2195347249507904,0.01232910342514515,0.008158153854310513,0.44197022914886475,0.2293510138988495,0.018205922096967697
0.017355618998408318,0.040005285292863846,0.0016947700642049313,0.2568499743938446,0.5888515114784241,0.06952693313360214,0.025715909898281097
0.011363467201590538,0.008676834404468536,0.004682614002376795,0.01803692616522312,0.940366268157959,0.0042973174713552,0.012576543726027012
0.01818757876753807,0.009336892515420914,0.0022308717016130686,0.4334348738193512,0.44852912425994873,0.015571425668895245,0.07270914316177368
0.29313531517982483,0.5518869161605835,0.0016615749336779118,0.0034301849082112312,0.0555797703564167,0.09096576273441315,0.003340465249493718
0.22393476963043213,0.08300111442804337,0.18913763761520386,0.004894612357020378,0.10545427352190018,0.1671343445777893,0.22644321620464325
0.018313225358724594,0.46408611536026,0.2020295113325119,0.023985886946320534,0.15161147713661194,0.016363661736249924,0.12361012399196625
0.007499102968722582,0.002897311467677355,0.0006857000407762825,0.7901815176010132,0.1611117124557495,0.0033503423910588026,0.034274451434612274
0.055499497801065445,0.1824551820755005,0.020978543907403946,0.012070367112755775,0.12899605929851532,0.5912247896194458,0.00877563189715147
0.23064978420734406,0.32434725761413574,0.005045995116233826,0.03721911087632179,0.38091859221458435,0.01695355959236622,0.004865767899900675
