anger,disgust,fear,joy,neutral,sadness,surprise
0.3267291784286499,0.4416947662830353,0.0036855703219771385,0.004245578311383724,0.14359121024608612,0.07682006806135178,0.00323366723023355
0.001732489443384111,0.0021630257833749056,0.0012301463866606355,0.0038314431440085173,0.013172389008104801,0.9691153168678284,0.008755197748541832
0.012071625329554081,0.25482654571533203,0.021108752116560936,0.11243429780006409,0.48454830050468445,0.021970462054014206,0.09304002672433853
0.016286496073007584,0.005799488630145788,0.0006746799917891622,0.8755931854248047,0.07463035732507706,0.006662772037088871,0.020353036001324654
0.009689873084425926,0.010682622902095318,0.10300824791193008,0.01910368911921978,0.7436104416847229,0.011229589581489563,0.10267551988363266
0.005936436355113983,0.057771191000938416,0.005819724872708321,0.5638743042945862,0.3023437559604645,0.015163823030889034,0.04909075051546097
0.013488770462572575,0.038709357380867004,0.002898555714637041,0.15711699426174164,0.7377204895019531,0.04669683799147606,0.0033690372947603464
0.004307734314352274,0.001225111074745655,0.0025900229811668396,0.04215092584490776,0.04663796350359917,0.005033147055655718,0.8980551362037659
0.015362494625151157,0.02222278341650963,0.0016723016742616892,0.10803273320198059,0.13766032457351685,0.008638828061521053,0.7064105868339539
0.0029049464501440525,0.00624026358127594,0.9541140794754028,0.0009395385859534144,0.022999772801995277,0.0047051855362951756,0.008096352219581604
0.40329962968826294,0.34894347190856934,0.011622642166912556,0.00331113045103848,0.1513974815607071,0.04884840175509453,0.032577287405729294
0.056698549538850784,0.014688938856124878,0.01802435889840126,0.003261033445596695,0.8000920414924622,0.01165386475622654,0.09558115154504776
0.03438679501414299,0.06710609793663025,0.5190105438232422,0.0038017495535314083,0.2536751627922058,0.047498669475317,0.0745210349559784
0.0019576752092689276,0.0011045790743082762,0.9855579733848572,0.0015270275762304664,0.006764225196093321,0.0014309821417555213,0.0016576438210904598
