anger,disgust,fear,joy,neutral,sadness,surprise
0.009260445833206177,0.007797324564307928,0.005369291640818119,0.2078557312488556,0.42001059651374817,0.3022971749305725,0.04740937799215317
0.011243320070207119,0.6976909637451172,0.006485147401690483,0.004812015686184168,0.22887486219406128,0.03220069408416748,0.01869295723736286
0.012911422178149223,0.31310245394706726,0.002376842312514782,0.17550882697105408,0.4271923899650574,0.062921442091465,0.005986552219837904
0.06784971803426743,0.04252462461590767,0.5840429067611694,0.0027925651520490646,0.1271459013223648,0.08097052574157715,0.09467368572950363
0.019063657149672508,0.04322692006826401,0.014044980518519878,0.0018278990173712373,0.11358027160167694,0.785426676273346,0.02282966487109661
0.2572077512741089,0.21210643649101257,0.03284282609820366,0.0024000259581953287,0.11059247702360153,0.38050633668899536,0.004344084765762091
0.01153155229985714,0.015931984409689903,0.002090049907565117,0.006456957198679447,0.9509658813476562,0.009531371295452118,0.0034921676851809025
0.04458729550242424,0.03013598546385765,0.004108612425625324,0.016472673043608665,0.8803848624229431,0.021980704739689827,0.002329877344891429
0.00826919637620449,0.007744982372969389,0.8520951867103577,0.002713229972869158,0.11220026016235352,0.004289883654564619,0.012687182053923607
0.003027733415365219,0.004993600305169821,0.00046048674266785383,0.9619952440261841,0.019822286441922188,0.0036663904320448637,0.006034180987626314
0.03369509056210518,0.03470902517437935,0.8900303244590759,0.0017892195610329509,0.021573152393102646,0.0036025966983288527,0.01460046973079443
0.7716771364212036,0.1335824877023697,0.011585947126150131,0.0010008844546973705,0.06449553370475769,0.011590538546442986,0.006067612674087286
0.027708278968930244,0.5523015856742859,0.1475476771593094,0.0024866051971912384,0.18415628373622894,0.06417998671531677,0.021619604900479317
0.16333408653736115,0.35420534014701843,0.009805495850741863,0.007550971582531929,0.31263795495033264,0.1503186821937561,0.002147490158677101
0.2148708701133728,0.4771425127983093,0.005888378247618675,0.0028909507673233747,0.26472631096839905,0.01723662205040455,0.0172443687915802
0.8123877048492432,0.060400232672691345,0.07722250372171402,0.0024794694036245346,0.029054252430796623,0.014237920753657818,0.004217952955514193
0.14340442419052124,0.0056539177894592285,0.8326464891433716,0.0009903133613988757,0.008766994811594486,0.0061816684901714325,0.002356206998229027
0.020870385691523552,0.02929835394024849,0.06744787096977234,0.015075660310685635,0.7987008690834045,0.031696055084466934,0.03691087290644646
0.9611124992370605,0.017150191590189934,0.0034473452251404524,0.0005602669552899897,0.012634187005460262,0.002630689414218068,0.002464913297444582
0.01311805471777916,0.005715432111173868,0.014583750627934933,0.03011707216501236,0.9230831861495972,0.0070040300488471985,0.006378503981977701
0.11901044845581055,0.810659646987915,0.016371354460716248,0.0012061784509569407,0.0112443957477808,0.040596891194581985,0.0009110206156037748
0.03628617152571678,0.01253760326653719,0.3584146201610565,0.004120081663131714,0.3585151135921478,0.10142429918050766,0.1287021040916443
0.020260699093341827,0.0074251084588468075,0.8193630576133728,0.0018443079898133874,0.053538285195827484,0.002986179431900382,0.09458239376544952
0.015140775591135025,0.02216150239109993,0.014252344146370888,0.002795145148411393,0.919708788394928,0.010729650966823101,0.015211790800094604
0.0410897321999073,0.030605293810367584,0.5844425559043884,0.003689500270411372,0.28789740800857544,0.017053140327334404,0.03522231802344322
0.6348884105682373,0.2349351942539215,0.036880411207675934,0.0028728966135531664,0.06804609298706055,0.014752955175936222,0.007623973768204451
0.8109466433525085,0.07461001724004745,0.022977491840720177,0.003105373587459326,0.045976750552654266,0.0352044515311718,0.00717941066250205
0.5685953497886658,0.23081493377685547,0.04295501112937927,0.002156200585886836,0.10309560596942902,0.05027933418750763,0.0021035177633166313
0.03655289113521576,0.34939685463905334,0.032597895711660385,0.0036336856428533792,0.08061368018388748,0.4925552010536194,0.004649798385798931
0.02163875661790371,0.09896935522556305,0.029478447511792183,0.006257558707147837,0.818132221698761,0.008932285942137241,0.01659141108393669
0.14299020171165466,0.13750924170017242,0.007246493827551603,0.039848119020462036,0.623877227306366,0.040879685431718826,0.007649109233170748
0.03466739133000374,0.04686611518263817,0.018370352685451508,0.011518683284521103,0.11111382395029068,0.4929710924625397,0.2844926118850708
0.012668692506849766,0.014860049821436405,0.0045272535644471645,0.0015185745432972908,0.9439414143562317,0.0057230666279792786,0.016760898754000664
0.020764021202921867,0.011210131458938122,0.8947393298149109,0.001965007046237588,0.03954796865582466,0.03030635416507721,0.0014671593671664596
0.7153738737106323,0.15668043494224548,0.01077665388584137,0.002591140801087022,0.07093516737222672,0.03706170991063118,0.006581012159585953
0.0037774897646158934,0.03063087910413742,0.0047940537333488464,0.01680026575922966,0.5113513469696045,0.42255520820617676,0.010090761817991734
