anger,disgust,fear,joy,neutral,sadness,surprise
0.02370084449648857,0.9468976855278015,0.007949881255626678,0.00034827517811208963,0.015951508656144142,0.002740055089816451,0.0024119396694004536
0.005881085991859436,0.0638432726264,0.002036653459072113,0.16110439598560333,0.74006187915802,0.017812589183449745,0.009260071441531181
0.06088439002633095,0.5786487460136414,0.09036792814731598,0.0019680322147905827,0.20350506901741028,0.013893227092921734,0.050732579082250595
0.13421568274497986,0.22188881039619446,0.007247559260576963,0.004247971810400486,0.4661635756492615,0.005058948416262865,0.16117748618125916
0.05846250802278519,0.4776611626148224,0.06515995413064957,0.0037640586961060762,0.32511642575263977,0.05074151232838631,0.019094375893473625
0.00839842390269041,0.004512402229011059,0.0013982970267534256,0.5860214233398438,0.2507561147212982,0.09793099761009216,0.05098242312669754
0.004922003485262394,0.003631597850471735,0.9056015610694885,0.0023668925277888775,0.06443316489458084,0.014246167615056038,0.0047985282726585865
0.17187966406345367,0.14213301241397858,0.05344972386956215,0.005940393544733524,0.45320725440979004,0.15816617012023926,0.015223846770823002
0.05959191918373108,0.06537110358476639,0.018502824008464813,0.005701656918972731,0.7835481762886047,0.023591414093971252,0.04369287192821503
0.013359942473471165,0.18392613530158997,0.010246225632727146,0.26001009345054626,0.49962007999420166,0.02987689897418022,0.002960638841614127
0.7449364066123962,0.16177454590797424,0.006624283734709024,0.0009928810177370906,0.03138459473848343,0.05115475878119469,0.003132513491436839
0.12323273718357086,0.7632848620414734,0.008677620440721512,0.001679384964518249,0.08327235281467438,0.017819825559854507,0.002033319091424346
0.19661441445350647,0.6253122091293335,0.016899412497878075,0.001997816376388073,0.1411162167787552,0.013650833629071712,0.004409165121614933
0.012357726693153381,0.01104491576552391,0.001243248232640326,0.019205201417207718,0.9157116413116455,0.005748416762799025,0.03468884900212288
0.22643302381038666,0.11283377557992935,0.013903196901082993,0.004585802089422941,0.6083541512489319,0.027169393375515938,0.006720682140439749
0.8942163586616516,0.06603449583053589,0.010294192470610142,0.0007860181503929198,0.021739067509770393,0.005489536561071873,0.0014403278473764658
0.0402534119784832,0.2551726698875427,0.013173670507967472,0.0065259975381195545,0.6641184687614441,0.01633654721081257,0.004419246688485146
0.04000839591026306,0.04151151701807976,0.002317420905455947,0.01215039100497961,0.8840070366859436,0.006061658728867769,0.013943609781563282
0.245143860578537,0.02964111603796482,0.033005211502313614,0.043032001703977585,0.11321775615215302,0.03971795365214348,0.49624207615852356
0.0682070404291153,0.05762330815196037,0.4736243486404419,0.008608317002654076,0.16564573347568512,0.037721600383520126,0.18856965005397797
0.5254124999046326,0.1366339921951294,0.007690650410950184,0.0033934905659407377,0.3016951084136963,0.02111862041056156,0.004055589437484741
0.12005286663770676,0.3525589108467102,0.0025370290968567133,0.07192451506853104,0.3824986517429352,0.06730376183986664,0.0031241995748132467
0.14780475199222565,0.04467693716287613,0.011044236831367016,0.112889364361763,0.6544455289840698,0.01898561231791973,0.010153606534004211
0.016510216519236565,0.09444835036993027,0.011373583227396011,0.0032421851065009832,0.8336842656135559,0.010063149966299534,0.030678343027830124
