anger,disgust,fear,joy,neutral,sadness,surprise
0.224248468875885,0.08829537034034729,0.07169204950332642,0.0243174247443676,0.25811249017715454,0.010978028178215027,0.3223562240600586
0.4972069263458252,0.2886906564235687,0.07513926923274994,0.0029238404240459204,0.11903561651706696,0.01110477652400732,0.00589889707043767
0.010106541216373444,0.017729228362441063,0.005816067568957806,0.016331201419234276,0.8905587792396545,0.0079721137881279,0.0514860637485981
0.22040122747421265,0.03348145633935928,0.028884628787636757,0.011634675785899162,0.672282874584198,0.016238851472735405,0.01707627810537815
0.04254903271794319,0.027129877358675003,0.21713079512119293,0.013671278953552246,0.563879132270813,0.10569234937429428,0.02994764968752861
0.00742843933403492,0.027145318686962128,0.0021992740221321583,0.11997777223587036,0.8018897771835327,0.014144276268780231,0.02721516415476799
0.06545035541057587,0.04362645745277405,0.01872243918478489,0.008940193802118301,0.2807142734527588,0.5793224573135376,0.0032238520216196775
0.008110955357551575,0.0233023539185524,0.007051008753478527,0.6105934977531433,0.32544174790382385,0.008947029709815979,0.016553474590182304
0.09235114604234695,0.816003143787384,0.014661521650850773,0.0009445128962397575,0.04939180985093117,0.025246405974030495,0.00140137760899961
0.008845862932503223,0.017766499891877174,0.004849940072745085,0.3331742286682129,0.6143887042999268,0.007702243514358997,0.013272590935230255
0.06016914173960686,0.6826434135437012,0.00509714474901557,0.002342830179259181,0.0695931687951088,0.17742370069026947,0.0027305094990879297
0.14527331292629242,0.5697272419929504,0.12160997837781906,0.0031641970854252577,0.12772367894649506,0.025276504456996918,0.007225117180496454
0.005426696036010981,0.01786382496356964,0.0029129167087376118,0.22665360569953918,0.6555097699165344,0.00820387527346611,0.08342932164669037
0.005232567898929119,0.007708784658461809,0.002602185122668743,0.6006986498832703,0.3251183032989502,0.021007247269153595,0.037632279098033905
0.004343614913523197,0.005567097570747137,0.012481468729674816,0.003212643088772893,0.0302251148968935,0.9386566877365112,0.00551338866353035
0.02795574441552162,0.01979796215891838,0.16292043030261993,0.00968409888446331,0.3651900589466095,0.009525904431939125,0.40492579340934753
0.024298304691910744,0.3518373668193817,0.11482785642147064,0.008935848250985146,0.322834312915802,0.15547165274620056,0.021794626489281654
0.025014273822307587,0.06369628757238388,0.0007301476434804499,0.6003517508506775,0.2762192189693451,0.009837559424340725,0.024150783196091652
0.05267128720879555,0.0979856476187706,0.03732920438051224,0.05866777524352074,0.7379944920539856,0.013179179280996323,0.002172405831515789
0.004212761763483286,0.00301321130245924,0.0012031930964440107,0.09941443800926208,0.81889808177948,0.012334475293755531,0.06092377379536629
0.004153750836849213,0.0027910959906876087,0.0036475558299571276,0.015802698209881783,0.22965724766254425,0.011914652772247791,0.7320330142974854
0.007630587555468082,0.030690105631947517,0.005274638533592224,0.30043599009513855,0.5722902417182922,0.04152396693825722,0.042154405266046524
0.00838619377464056,0.007696532644331455,0.011011354625225067,0.001288281287997961,0.00972818210721016,0.0015535164857283235,0.960335910320282
0.007088727783411741,0.030952246859669685,0.0013742970768362284,0.4670785665512085,0.44850954413414,0.01617485284805298,0.0288217905908823
0.015105345286428928,0.025665519759058952,0.0012798390816897154,0.11069115996360779,0.8208491802215576,0.010660480707883835,0.01574849896132946
0.035432327538728714,0.43799924850463867,0.47566062211990356,0.001373213599435985,0.033889289945364,0.006636091507971287,0.009009076282382011
0.009860154241323471,0.013131328858435154,0.006465007551014423,0.32616230845451355,0.531482458114624,0.051929082721471786,0.06096971780061722
0.004410007037222385,0.0024712421000003815,0.0009186735260300338,0.9479832649230957,0.030611446127295494,0.002389674773439765,0.01121558342128992
0.479610800743103,0.07063638418912888,0.3923823833465576,0.0019229023018851876,0.023152193054556847,0.030153166502714157,0.002142223995178938
0.2884421944618225,0.030396323651075363,0.6334308981895447,0.013359508477151394,0.019590573385357857,0.008722629398107529,0.006057840306311846
0.01793082244694233,0.5129395127296448,0.005086954683065414,0.22900477051734924,0.17553822696208954,0.01870802789926529,0.04079170897603035
0.1559172421693802,0.6838813424110413,0.061045512557029724,0.004642506595700979,0.07203324884176254,0.016860364004969597,0.005619872361421585
0.03723248094320297,0.06015300750732422,0.00784231349825859,0.10980406403541565,0.7612881064414978,0.009805369190871716,0.01387463416904211
0.011568903923034668,0.01980511285364628,0.003293570363894105,0.6305105090141296,0.26719096302986145,0.03701384365558624,0.030617065727710724
0.8884496092796326,0.02144145779311657,0.05312120541930199,0.0008206396014429629,0.02636922523379326,0.00579044409096241,0.0040075150318443775
0.1968017965555191,0.027764517813920975,0.33375418186187744,0.005876647774130106,0.31962862610816956,0.04034039378166199,0.07583390921354294
0.31661027669906616,0.3537690043449402,0.05497786030173302,0.008781852200627327,0.09439651668071747,0.16906549036502838,0.0023990615736693144
0.007130151614546776,0.007452603429555893,0.0032182044815272093,0.6121671795845032,0.34571632742881775,0.0133478082716465,0.010967664420604706
