anger,disgust,fear,joy,neutral,sadness,surprise
0.011427562683820724,0.005448989104479551,0.003142390865832567,0.0096019571647048,0.0231446772813797,0.9388482570648193,0.008386272005736828
0.019835934042930603,0.04394635185599327,0.0016458749305456877,0.7098303437232971,0.19879941642284393,0.016323300078511238,0.009618714451789856
0.0995258316397667,0.8337910175323486,0.008418616838753223,0.002168077975511551,0.040405720472335815,0.012086537666618824,0.0036041983403265476
0.067623570561409,0.08200066536664963,0.0029738182201981544,0.0047927070409059525,0.08227749913930893,0.7536083459854126,0.006723377853631973
0.009399724192917347,0.0005393947358243167,0.00478521641343832,0.045704230666160583,0.09474331885576248,0.03004467487335205,0.8147834539413452
0.25461432337760925,0.13792270421981812,0.0671965479850769,0.017354436218738556,0.39152801036834717,0.08829885721206665,0.04308522120118141
0.11283242702484131,0.22194330394268036,0.010579248890280724,0.0084320567548275,0.5446113348007202,0.0929093062877655,0.00869221892207861
0.0563841313123703,0.892017662525177,0.0013945333193987608,0.0013640287797898054,0.03969923034310341,0.007099860813468695,0.002040598774328828
0.29722079634666443,0.6388428211212158,0.0034816437400877476,0.001150537864305079,0.04532578960061073,0.012038428336381912,0.0019400148885324597
0.007250606082379818,0.004449889063835144,0.004328756593167782,0.13638831675052643,0.16065488755702972,0.6700894832611084,0.016838079318404198
0.24749122560024261,0.10281666368246078,0.024526039138436317,0.004813041538000107,0.4035181403160095,0.2139151692390442,0.0029197002295404673
0.4441157877445221,0.21065472066402435,0.004438130185008049,0.003912134096026421,0.27075210213661194,0.055374640971422195,0.010752537287771702
0.026740649715065956,0.01652218960225582,0.008977515622973442,0.017403127625584602,0.9046193957328796,0.02392357587814331,0.0018135678255930543
0.5192230939865112,0.35218241810798645,0.004993224050849676,0.0019014162244275212,0.10091802477836609,0.016292687505483627,0.004489181563258171
0.3826180696487427,0.15643441677093506,0.05826887860894203,0.002400313736870885,0.14045853912830353,0.2565018832683563,0.003317886730656028
0.3092110753059387,0.41311654448509216,0.0024351337924599648,0.006678317673504353,0.22299940884113312,0.040848348289728165,0.0047110687009990215
0.10188650339841843,0.11471474170684814,0.01282119657844305,0.006733264774084091,0.43389251828193665,0.32743409276008606,0.0025176203344017267
0.4295053482055664,0.02833264134824276,0.21384139358997345,0.002287226263433695,0.1639569252729416,0.12678898870944977,0.03528739511966705
0.010804562829434872,0.011951618827879429,0.05362625792622566,0.002178396563977003,0.10381100326776505,0.731461763381958,0.08616646379232407
0.03621397912502289,0.24422208964824677,0.008711783215403557,0.0240540262311697,0.5560672879219055,0.128132626414299,0.0025982067454606295
0.04541410133242607,0.049672938883304596,0.005823970772325993,0.02724948152899742,0.7358609437942505,0.1314309984445572,0.00454754987731576
0.0037280204705893993,0.0012259063078090549,0.0005328236147761345,0.8120775818824768,0.04806072264909744,0.016946902498602867,0.11742811650037766
0.05821261554956436,0.017575131729245186,0.005426785442978144,0.04620599374175072,0.7713507413864136,0.01967635564506054,0.08155237138271332
0.010484988801181316,0.5693093538284302,0.0065583735704422,0.036944691091775894,0.3486845791339874,0.024667460471391678,0.0033506001345813274
0.21885623037815094,0.054908040910959244,0.03746049478650093,0.05666114017367363,0.12669183313846588,0.22929559648036957,0.2761266529560089
0.02099592797458172,0.009551716037094593,0.007708475925028324,0.07773001492023468,0.8605613112449646,0.014012284576892853,0.009440300986170769
