anger,disgust,fear,joy,neutral,sadness,surprise
0.004336133599281311,0.0029775560833513737,0.0037750741466879845,0.021943150088191032,0.8375871777534485,0.0537552647292614,0.0756256952881813
0.02793176658451557,0.8299344182014465,0.025763092562556267,0.0220978744328022,0.07420054823160172,0.010511985048651695,0.009560415521264076
0.03948189318180084,0.6805791854858398,0.005252766888588667,0.019497325643897057,0.23443028330802917,0.01146435271948576,0.009294194169342518
0.04920024052262306,0.06524158269166946,0.04340660199522972,0.001316275680437684,0.1394042819738388,0.6723600029945374,0.029071029275655746
0.2029629796743393,0.42979148030281067,0.01150728203356266,0.0030813096091151237,0.21616250276565552,0.10347446799278259,0.033020053058862686
0.019970901310443878,0.0367303267121315,0.00607175612822175,0.0020442188251763582,0.15960568189620972,0.7409342527389526,0.03464287519454956
0.007205895613878965,0.011808867566287518,0.0067007215693593025,0.002278375206515193,0.05485248193144798,0.8519194722175598,0.06523420661687851
0.17721545696258545,0.686276912689209,0.017677953466773033,0.0011370137799531221,0.04222389683127403,0.0463956817984581,0.029073048382997513
0.02575010061264038,0.007609487045556307,0.06749853491783142,0.005798598751425743,0.8349934220314026,0.037424903362989426,0.02092500403523445
0.06085694581270218,0.1171894520521164,0.4114954471588135,0.0037109239492565393,0.17933031916618347,0.2101140320301056,0.017302876338362694
0.018725194036960602,0.07998578995466232,0.003724009497091174,0.0020659484434872866,0.8735151290893555,0.011715290136635303,0.010268653742969036
0.2268284261226654,0.06776955723762512,0.6614729762077332,0.0017759263282641768,0.020691167563199997,0.006069673225283623,0.01539226807653904
0.0196682121604681,0.11130562424659729,0.06595416367053986,0.004034095443785191,0.3647020757198334,0.22691702842712402,0.2074187695980072
0.01378672942519188,0.017375174909830093,0.899009108543396,0.001184595050290227,0.031350113451480865,0.008289490826427937,0.029004830867052078
0.02332262322306633,0.013749911449849606,0.1444137692451477,0.0020522125996649265,0.06515443325042725,0.07760906219482422,0.6736980080604553
0.02289971150457859,0.043168846517801285,0.017195144668221474,0.007393522188067436,0.8345184922218323,0.040980610996484756,0.033843714743852615
0.18805460631847382,0.7655463814735413,0.008756556548178196,0.0010401628678664565,0.02647349238395691,0.008426763117313385,0.0017019695369526744
0.02003549225628376,0.0012540293391793966,0.9699292778968811,0.0010057270992547274,0.0016746754990890622,0.005455841310322285,0.0006449298234656453
0.14327791333198547,0.15152308344841003,0.03643239662051201,0.0013887692475691438,0.05216719210147858,0.5940876603126526,0.021123023703694344
0.015849776566028595,0.03403228148818016,0.2520582675933838,0.004010012373328209,0.1715007871389389,0.0202186219394207,0.5023301839828491
0.017155062407255173,0.01733756624162197,0.01967606507241726,0.03435513749718666,0.5630702972412109,0.34131547808647156,0.007090408820658922
0.03072439320385456,0.2488352656364441,0.08847777545452118,0.0043579814955592155,0.41887542605400085,0.019710753113031387,0.18901841342449188
0.0027871294878423214,0.017289144918322563,0.0019164540572091937,0.02390860952436924,0.9040468335151672,0.020300427451729774,0.029751377180218697
0.920599639415741,0.04269832372665405,0.0039838096126914024,0.0007977917557582259,0.025326017290353775,0.0033546099439263344,0.0032396716997027397
0.031395796686410904,0.013218753971159458,0.39908263087272644,0.011088323779404163,0.48698484897613525,0.017052968963980675,0.04117664694786072
0.19826436042785645,0.2923775613307953,0.06789706647396088,0.001307255937717855,0.2838790714740753,0.09842687100172043,0.057847850024700165
0.03000866249203682,0.03369846194982529,0.013547072187066078,0.00332547421567142,0.8953858613967896,0.00785204116255045,0.016182461753487587
0.23390713334083557,0.042054638266563416,0.04735836386680603,0.00195333082228899,0.07691927254199982,0.4647742807865143,0.1330329328775406
0.11896300315856934,0.2017238736152649,0.004598870407789946,0.014363505877554417,0.3646478056907654,0.28481200337409973,0.010891038924455643
0.03858528658747673,0.22477833926677704,0.05277462676167488,0.001717336825095117,0.17990902066230774,0.46931496262550354,0.032920416444540024
0.012694464065134525,0.01491107139736414,0.12306683510541916,0.005519978702068329,0.6524184346199036,0.022217880934476852,0.16917134821414948
0.030287202447652817,0.0028497132007032633,0.9096981883049011,0.005173946730792522,0.029161959886550903,0.02016427554190159,0.002664702944457531
0.003539493540301919,0.07012660056352615,0.054337725043296814,0.021636687219142914,0.4982678294181824,0.3106250464916229,0.041466571390628815
0.03655702620744705,0.024394534528255463,0.0076777758076786995,0.0023123123683035374,0.21027813851833344,0.5356987714767456,0.18308140337467194
0.02187143824994564,0.9023003578186035,0.01767725870013237,0.0006248646532185376,0.01950608380138874,0.017026551067829132,0.020993489772081375
0.04576444625854492,0.11814818531274796,0.05631360039114952,0.0016656762454658747,0.11864367127418518,0.14892779290676117,0.5105366110801697
0.021643739193677902,0.01315816305577755,0.016273679211735725,0.003557787975296378,0.37891605496406555,0.05592583119869232,0.5105246901512146
0.24735289812088013,0.3289899528026581,0.058596350252628326,0.001532212132588029,0.05942204222083092,0.28327295184135437,0.02083354815840721
0.005597741808742285,0.044713567942380905,0.0005667261430062354,0.8187662959098816,0.11000076681375504,0.016344673931598663,0.004010132048279047
0.003719249041751027,0.01491536758840084,0.0062323519960045815,0.4939105212688446,0.3885447084903717,0.029638836160302162,0.06303901225328445
