anger,disgust,fear,joy,neutral,sadness,surprise
0.014846496284008026,0.08807829767465591,0.15076781809329987,0.00404610438272357,0.6355613470077515,0.06136222183704376,0.04533775523304939
0.03272978216409683,0.03301559016108513,0.06613755226135254,0.10284678637981415,0.7152787446975708,0.035267509520053864,0.014724175445735455
0.2886999249458313,0.48190611600875854,0.03662911057472229,0.0018642673967406154,0.17254504561424255,0.013010188937187195,0.005345442332327366
0.00973491370677948,0.028458500280976295,0.006518879439681768,0.007097848691046238,0.7098377346992493,0.04038055241107941,0.19797158241271973
0.04778081923723221,0.054730985313653946,0.033292222768068314,0.003954987972974777,0.8065344095230103,0.027659999206662178,0.026046641170978546
0.023255612701177597,0.020622918382287025,0.029216663911938667,0.004592359997332096,0.5740728974342346,0.06765759736299515,0.2805819809436798
0.21571063995361328,0.14480161666870117,0.13736653327941895,0.005752159282565117,0.29449138045310974,0.19025009870529175,0.01162749994546175
0.09609994292259216,0.239198237657547,0.003786402987316251,0.003750877222046256,0.628912091255188,0.019059935584664345,0.009192521683871746
0.8377533555030823,0.05696384236216545,0.037916410714387894,0.0018035679822787642,0.03268079087138176,0.029078003019094467,0.0038040257059037685
0.8999356627464294,0.03259505331516266,0.03212737292051315,0.0008465852006338537,0.023500921204686165,0.007550274953246117,0.003444182686507702
0.013798740692436695,0.006733276881277561,0.0028814333491027355,0.013721395283937454,0.9249638319015503,0.008455869741737843,0.029445525258779526
0.01394250150769949,0.015393166802823544,0.00339533481746912,0.007525663357228041,0.9195546507835388,0.012360607273876667,0.027828143909573555
0.6284937858581543,0.16514688730239868,0.11670180410146713,0.0017711722757667303,0.07443927228450775,0.011156494729220867,0.0022905266378074884
0.2340250164270401,0.19434385001659393,0.020966148003935814,0.0041176131926476955,0.4473772644996643,0.08568672090768814,0.013483425602316856
0.015366939827799797,0.010172651149332523,0.03379906341433525,0.21222971379756927,0.6216596364974976,0.016246533021330833,0.09052548557519913
0.7541348338127136,0.06403027474880219,0.1260315477848053,0.0019053950672969222,0.03465436026453972,0.009637346491217613,0.009606221690773964
0.009241411462426186,0.029666785150766373,0.1764872968196869,0.004841264337301254,0.16700662672519684,0.6067790985107422,0.005977478809654713
