anger,disgust,fear,joy,neutral,sadness,surprise
0.010152097791433334,0.003495374694466591,0.007386854849755764,0.7483986616134644,0.15782557427883148,0.011303148232400417,0.06143839657306671
0.005750107578933239,0.0013458384200930595,0.004324132576584816,0.5863006711006165,0.30790114402770996,0.015378640964627266,0.07899940013885498
0.034399937838315964,0.007247652858495712,0.000343411200447008,0.9176005721092224,0.020375212654471397,0.016521906480193138,0.003511351766064763
0.007026159670203924,0.03118930198252201,0.013210302218794823,0.04310246929526329,0.7601297497749329,0.06264306604862213,0.08269886672496796
0.0025442393962293863,0.001588586252182722,0.0010683326981961727,0.9534817934036255,0.01871252804994583,0.00959065742790699,0.013013932853937149
0.010013946332037449,0.004017441999167204,0.04995215684175491,0.7366712093353271,0.12137884646654129,0.05137744918465614,0.026588905602693558
0.003156121587380767,0.0033694137819111347,0.0020242459140717983,0.8750386834144592,0.0813387781381607,0.02211662009358406,0.012956180609762669
0.006968026980757713,0.07650744169950485,0.20252205431461334,0.003754692617803812,0.13457605242729187,0.5480744242668152,0.02759725973010063
0.005305544473230839,0.005326129961758852,0.002800397574901581,0.7613015174865723,0.18693438172340393,0.023465899750590324,0.014866206794977188
0.0016891962150111794,0.00671513844281435,0.009433083236217499,0.0021611081901937723,0.036465633660554886,0.939283549785614,0.004252352751791477
0.004536022897809744,0.026898469775915146,0.004559202119708061,0.274185448884964,0.18110764026641846,0.4937666654586792,0.014946517534554005
0.008795546367764473,0.012265071272850037,0.006774400360882282,0.01900288462638855,0.8647367358207703,0.04701472818851471,0.041410524398088455
0.003185286419466138,0.02801588363945484,0.14088957011699677,0.01374764833599329,0.10300009697675705,0.6873457431793213,0.023815728724002838
