anger,disgust,fear,joy,neutral,sadness,surprise
0.006826397497206926,0.020614013075828552,0.002555192681029439,0.4442135989665985,0.49321913719177246,0.004475720692425966,0.028095925226807594
0.03206659108400345,0.022934449836611748,0.05223368480801582,0.5198958516120911,0.30915260314941406,0.012016648426651955,0.05170014500617981
0.011305284686386585,0.4063681662082672,0.038940317928791046,0.0036589973606169224,0.4572462737560272,0.04148312658071518,0.040997911244630814
0.03050846979022026,0.954506516456604,0.0065731992945075035,0.00038586976006627083,0.004669639281928539,0.0026019944343715906,0.0007543810643255711
0.021053673699498177,0.8515017032623291,0.04439033195376396,0.0007290169596672058,0.034560054540634155,0.03625256195664406,0.01151267159730196
0.01385209709405899,0.06415780633687973,0.08341459184885025,0.004405942279845476,0.297719269990921,0.20192310214042664,0.3345271348953247
0.022752022370696068,0.13893043994903564,0.06127482280135155,0.09045223891735077,0.6447586417198181,0.032866768538951874,0.008965102024376392
0.014127911068499088,0.059678658843040466,0.0010708419140428305,0.6964916586875916,0.20923149585723877,0.011137310415506363,0.00826214998960495
0.014694245532155037,0.9447762370109558,0.0188238974660635,0.0007029117550700903,0.007650378160178661,0.011711235158145428,0.00164123869035393
0.07090646028518677,0.28814616799354553,0.04126947745680809,0.0015891488874331117,0.14535802602767944,0.010510852560400963,0.44221988320350647
0.014731358736753464,0.07633677870035172,0.0046162717044353485,0.09160566329956055,0.7789145708084106,0.014998078346252441,0.018797358497977257
