anger,disgust,fear,joy,neutral,sadness,surprise
0.0074013308621943,0.015612352639436722,0.003320808056741953,0.14312955737113953,0.8045263290405273,0.005509265698492527,0.020500293001532555
0.009906474500894547,0.04865124076604843,0.0024810389149934053,0.194087952375412,0.6973373293876648,0.00913778506219387,0.03839818015694618
0.7183883786201477,0.06014581769704819,0.09345085918903351,0.0046039461158216,0.07779194414615631,0.03770036622881889,0.00791868008673191
0.028674010187387466,0.048385776579380035,0.03087550960481167,0.005070239771157503,0.2556910812854767,0.021867353469133377,0.60943603515625
0.15484733879566193,0.2823641300201416,0.0033289652783423662,0.008643530309200287,0.09583406150341034,0.44770631194114685,0.007275578565895557
0.01719980128109455,0.6013985872268677,0.1374119222164154,0.006129583343863487,0.13931068778038025,0.0034838756546378136,0.0950656309723854
0.12149389833211899,0.7900115251541138,0.03248462826013565,0.0006769904866814613,0.014992792159318924,0.03693747520446777,0.0034025313798338175
0.012698869220912457,0.8509234189987183,0.015281478874385357,0.0023751105181872845,0.07134193927049637,0.030977249145507812,0.01640191487967968
0.26944032311439514,0.15217341482639313,0.026677457615733147,0.05801236629486084,0.24777205288410187,0.06322049349546432,0.18270397186279297
0.007295858580619097,0.010404071770608425,0.005207629408687353,0.19474031031131744,0.6849825978279114,0.045627396553754807,0.05174213647842407
0.03590779006481171,0.46995967626571655,0.007076695095747709,0.01635391265153885,0.19829241931438446,0.26939234137535095,0.0030172159895300865
0.8315919637680054,0.07131092250347137,0.0024158963933587074,0.002483972581103444,0.0740087553858757,0.016775572672486305,0.0014129170449450612
0.4674598276615143,0.05956396088004112,0.030296267941594124,0.009127023629844189,0.2681832015514374,0.1480216383934021,0.017348142340779305
0.11185148358345032,0.056188154965639114,0.01790187694132328,0.013188526965677738,0.6144091486930847,0.005520211067050695,0.18094059824943542
