anger,disgust,fear,joy,neutral,sadness,surprise
0.06411466747522354,0.7451839447021484,0.011211794801056385,0.0021959184668958187,0.1553434133529663,0.01876344159245491,0.0031867697834968567
0.3023475706577301,0.5920826196670532,0.0076749674044549465,0.001984272850677371,0.08591008186340332,0.006557767745107412,0.0034427763894200325
0.5414683818817139,0.11679157614707947,0.279806524515152,0.0019432647386565804,0.013986964710056782,0.04165228083729744,0.004350895062088966
0.7269501090049744,0.07785512506961823,0.00774913327768445,0.0030150541570037603,0.13303056359291077,0.04862743616104126,0.0027726003900170326
0.016475293785333633,0.2946348190307617,0.6512326598167419,0.0010760586010292172,0.021197302266955376,0.007401612121611834,0.007982242852449417
0.7355062961578369,0.1016649603843689,0.0037517326418310404,0.0037357592955231667,0.13902723789215088,0.013014357537031174,0.0032996442168951035
0.018486009910702705,0.05375620350241661,0.008960312232375145,0.38973087072372437,0.4840219020843506,0.008484024554491043,0.036560628563165665
0.5227276086807251,0.06942415982484818,0.32577022910118103,0.0014992071082815528,0.05700723081827164,0.020034871995449066,0.003536769188940525
0.11736109852790833,0.04645588621497154,0.17549510300159454,0.004509693942964077,0.6330786943435669,0.013546226546168327,0.009553288109600544
0.23890675604343414,0.1528037190437317,0.4657829701900482,0.0031183245591819286,0.09998086839914322,0.02332041971385479,0.0160868801176548
0.02170967310667038,0.09737423062324524,0.06615974009037018,0.02273033931851387,0.6267229318618774,0.12153472006320953,0.04376834258437157
0.17276053130626678,0.20467892289161682,0.5430147051811218,0.0025487507227808237,0.04128077253699303,0.032364748418331146,0.0033514979295432568
0.026190564036369324,0.10296407341957092,0.30789944529533386,0.007610775995999575,0.4883175492286682,0.03542220965027809,0.0315953753888607
0.03630528599023819,0.4010264277458191,0.2079903930425644,0.003233404131606221,0.32164090871810913,0.010683066211640835,0.019120654091238976
0.06813395023345947,0.6006115078926086,0.018829286098480225,0.0026616158429533243,0.2561989426612854,0.05024615302681923,0.003318599658086896
0.03410249948501587,0.17402154207229614,0.06948742270469666,0.003758483100682497,0.6941494345664978,0.012128390371799469,0.012352184392511845
0.46469390392303467,0.11437564343214035,0.03581588715314865,0.005618271883577108,0.15388430655002594,0.2215181589126587,0.004093828611075878
0.15274691581726074,0.6956295371055603,0.005614382680505514,0.0030329495202749968,0.12012261152267456,0.019485319033265114,0.003368284087628126
0.6124379634857178,0.055011600255966187,0.03552623093128204,0.00462563568726182,0.2161228507757187,0.006538526155054569,0.06973715126514435
0.4595547318458557,0.1520562767982483,0.17938318848609924,0.007483656983822584,0.17242321372032166,0.012116818688809872,0.01698210835456848
0.0037048987578600645,0.0017573287477716804,0.001332807936705649,0.060727398842573166,0.8601268529891968,0.009260878898203373,0.06308986991643906
0.500882089138031,0.17608653008937836,0.03489689901471138,0.003399658016860485,0.25034818053245544,0.024032922461628914,0.010353759862482548
0.07351907342672348,0.7341361045837402,0.14233872294425964,0.0011136784451082349,0.036806367337703705,0.009645205922424793,0.002440798096358776
0.3245452642440796,0.2582070529460907,0.002303563989698887,0.09175719320774078,0.3018391728401184,0.01803518459200859,0.003312532790005207
0.10217192769050598,0.25259047746658325,0.013324263505637646,0.029868297278881073,0.515178382396698,0.08460244536399841,0.0022641608957201242
