anger,disgust,fear,joy,neutral,sadness,surprise
0.005599955562502146,0.008390842005610466,0.0015855678357183933,0.08440285921096802,0.8503655791282654,0.02073615975677967,0.028919057920575142
0.005247428081929684,0.0014177861157804728,0.0010725675383582711,0.9194446802139282,0.04433555528521538,0.009334701113402843,0.019147245213389397
0.00615324592217803,0.001552853616885841,0.0040778848342597485,0.018947750329971313,0.09623269736766815,0.841893196105957,0.03114238753914833
0.015277929604053497,0.4168255031108856,0.016104809939861298,0.0035116514191031456,0.0652192011475563,0.4747677147388458,0.008293237537145615
0.01393803209066391,0.49433377385139465,0.027392668649554253,0.004230854567140341,0.12450035661458969,0.32440584897994995,0.011198482476174831
0.033490631729364395,0.023007769137620926,0.35386356711387634,0.002635801676660776,0.018995456397533417,0.5559022426605225,0.012104523368179798
0.0737217366695404,0.18765325844287872,0.04139133542776108,0.001335920998826623,0.37427136301994324,0.31109386682510376,0.01053246296942234
0.0014122526627033949,0.0008539591799490154,0.9890581965446472,0.0011329775443300605,0.003942124079912901,0.002196590881794691,0.0014038902008906007
0.9580551385879517,0.01134734321385622,0.010026222094893456,0.0006308794836513698,0.0140185272321105,0.0039016352966427803,0.002020367421209812
0.5571144819259644,0.30649879574775696,0.04212899133563042,0.0012569479877129197,0.03982784226536751,0.049868449568748474,0.003304604906588793
0.5937787294387817,0.227814719080925,0.02670719474554062,0.001439485466107726,0.11289497464895248,0.03365013003349304,0.0037147749681025743
0.009806286543607712,0.024282513186335564,0.08397489786148071,0.013002789579331875,0.8123218417167664,0.05259796231985092,0.004013683181256056
