anger,disgust,fear,joy,neutral,sadness,surprise
0.026856040582060814,0.26940369606018066,0.015924623236060143,0.1853688806295395,0.4513280689716339,0.011820795014500618,0.03929789364337921
0.5557239651679993,0.07232294231653214,0.01438907627016306,0.004187299869954586,0.2703247368335724,0.07713476568460464,0.00591725017875433
0.013183264061808586,0.0041720871813595295,0.009298820979893208,0.041351567953825,0.8840685486793518,0.008410696871578693,0.03951499983668327
0.010494583286345005,0.006943796295672655,0.0017528111347928643,0.01186451781541109,0.9505099058151245,0.0037540725897997618,0.014680417254567146
0.03518085554242134,0.056793034076690674,0.013145585544407368,0.30160272121429443,0.30103281140327454,0.28813207149505615,0.0041129994206130505
0.007685062009841204,0.04973927140235901,0.09007973968982697,0.39384517073631287,0.42751753330230713,0.018171383067965508,0.01296191569417715
0.4160093069076538,0.49275049567222595,0.016185002401471138,0.0036327578127384186,0.0455704890191555,0.016872890293598175,0.008979156613349915
0.00873585231602192,0.009605873376131058,0.0026664957404136658,0.0020435326732695103,0.9273769855499268,0.02734322100877762,0.022228000685572624
0.5006691217422485,0.1759454905986786,0.19471801817417145,0.0020180291030555964,0.10530346632003784,0.01754547841846943,0.003800347913056612
0.409639447927475,0.3695089519023895,0.009708412922918797,0.0017774327425286174,0.1668042242527008,0.03540749102830887,0.007154141087085009
0.008749781176447868,0.08035999536514282,0.07066701352596283,0.009855841286480427,0.6309213042259216,0.005084357224404812,0.19436170160770416
0.0061540910974144936,0.0035628904588520527,0.005140573251992464,0.030615979805588722,0.8617991209030151,0.013805213384330273,0.07892201095819473
0.01857098564505577,0.06078631803393364,0.002762581454589963,0.007807758636772633,0.8808253407478333,0.017714936286211014,0.011531963013112545
0.08065084367990494,0.06614947319030762,0.008265688084065914,0.028248997405171394,0.7791473865509033,0.02387717179954052,0.013660339638590813
0.009087271988391876,0.005034313537180424,0.009748412296175957,0.04775189235806465,0.7214943766593933,0.014985920861363411,0.19189780950546265
0.25631824135780334,0.6250025033950806,0.012669071555137634,0.0019059990299865603,0.05150913819670677,0.05019831284880638,0.002396730473265052
0.09308439493179321,0.02248016558587551,0.0042222351767122746,0.011072816327214241,0.806486189365387,0.03800153732299805,0.024652624502778053
0.4022124111652374,0.11675757169723511,0.005557618103921413,0.0077084931544959545,0.3848196864128113,0.060549814254045486,0.02239440381526947
0.009599031880497932,0.03920651972293854,0.0027594659477472305,0.3127758204936981,0.5992267727851868,0.011392785236239433,0.025039641186594963
0.010879874229431152,0.03290041536092758,0.003767967689782381,0.045163873583078384,0.8741850256919861,0.014540544711053371,0.01856227219104767
0.006719584111124277,0.0075876181945204735,0.002653345465660095,0.3633280396461487,0.3860182762145996,0.008728214539587498,0.22496484220027924
0.0036218948662281036,0.0060906666330993176,0.0013188871089369059,0.6134047508239746,0.25701525807380676,0.09559948742389679,0.02294907160103321
0.04737402871251106,0.09202156215906143,0.014337198808789253,0.005199088249355555,0.4982219636440277,0.30920833349227905,0.03363782539963722
0.20023927092552185,0.4247512221336365,0.06659824401140213,0.010364455170929432,0.25414860248565674,0.0255840253084898,0.018314218148589134
0.008987553417682648,0.008589143864810467,0.001895774039439857,0.04605591297149658,0.8143151998519897,0.005170336924493313,0.11498600989580154
0.6441914439201355,0.18753580749034882,0.008897528983652592,0.003465216839686036,0.0991886556148529,0.05183257535099983,0.004888659343123436
0.01584746688604355,0.0543648786842823,0.01057510357350111,0.30405107140541077,0.5841274857521057,0.01777014322578907,0.013263853266835213
0.01142464205622673,0.004841298330575228,0.0033511484507471323,0.07610467076301575,0.8417310118675232,0.0062498110346496105,0.05629740655422211
0.018945716321468353,0.03300514072179794,0.019375529140233994,0.004719585180282593,0.8649916648864746,0.008333852514624596,0.05062849447131157
0.2471756935119629,0.11471211165189743,0.007787784561514854,0.1242147907614708,0.46008750796318054,0.03132962808012962,0.014692421071231365
0.1819085329771042,0.6457409262657166,0.011219770647585392,0.0038964541163295507,0.04472599923610687,0.1077352911233902,0.004772960674017668
0.10487537831068039,0.05908640846610069,0.0070213875733315945,0.046213358640670776,0.7536600828170776,0.026855137199163437,0.002288309158757329
0.009767760522663593,0.40936970710754395,0.008055389858782291,0.02494213730096817,0.48876050114631653,0.028786228969693184,0.030318206176161766
0.0872117131948471,0.6729829907417297,0.045400723814964294,0.008379466831684113,0.1571073830127716,0.020308854058384895,0.008608904667198658
0.01480643730610609,0.8450130820274353,0.010462114587426186,0.0017338433535769582,0.10414373874664307,0.01670885644853115,0.007132041733711958
0.011933838948607445,0.019429108127951622,0.0045496015809476376,0.004954598844051361,0.8935236930847168,0.012180120684206486,0.053429000079631805
0.1940927803516388,0.05294821038842201,0.05238843709230423,0.008933198638260365,0.5502264499664307,0.11497365683317184,0.026437321677803993
0.001789000118151307,0.006020599976181984,0.0009985810611397028,0.002514410763978958,0.023477952927350998,0.9597263336181641,0.005473061464726925
0.25363895297050476,0.058413732796907425,0.014924912713468075,0.001795843942090869,0.09860851615667343,0.5627029538154602,0.009915115311741829
0.041045114398002625,0.04855874553322792,0.1397937685251236,0.005024889018386602,0.6165472269058228,0.030648477375507355,0.11838176846504211
0.4533385932445526,0.11669626832008362,0.2647942006587982,0.0024206272792071104,0.12156586349010468,0.026444202288985252,0.01474021002650261
0.0045804656110703945,0.0010426129447296262,0.0023360494524240494,0.009044937789440155,0.014686712995171547,0.002307442482560873,0.9660018086433411
0.07505837082862854,0.4384426176548004,0.0037698843516409397,0.01734917052090168,0.21635772287845612,0.23820751905441284,0.010814626701176167
0.3947408199310303,0.13448365032672882,0.04370176047086716,0.01017647236585617,0.37449488043785095,0.031141363084316254,0.011261055245995522
0.2330220341682434,0.5405991077423096,0.056619852781295776,0.0032880674116313457,0.09319757670164108,0.05384986475110054,0.01942341774702072
0.009966493584215641,0.0028470971155911684,0.0018420814303681254,0.01114371232688427,0.9565005302429199,0.003588245250284672,0.014111967757344246
0.18058736622333527,0.05661274865269661,0.14587713778018951,0.0066445390693843365,0.5777482986450195,0.007798530627042055,0.02473136968910694
0.04507661610841751,0.0038120346143841743,0.8897448778152466,0.0026911329478025436,0.03768254444003105,0.010712032206356525,0.01028089877218008
0.02098514698445797,0.005521032959222794,0.12252070754766464,0.012150849215686321,0.7926334738731384,0.018947627395391464,0.02724120393395424
0.13048022985458374,0.09961336106061935,0.23979583382606506,0.003543996950611472,0.42308932542800903,0.03145770728588104,0.07201939076185226
0.02533602900803089,0.21105168759822845,0.0754808560013771,0.25381705164909363,0.34250694513320923,0.009740151464939117,0.08206731081008911
0.03736458718776703,0.08731105178594589,0.05176771432161331,0.0022410417441278696,0.7506106495857239,0.04353776574134827,0.027167195454239845
0.0757315531373024,0.8369434475898743,0.009878960438072681,0.0008256675791926682,0.049732230603694916,0.024213304743170738,0.002674771472811699
0.075571209192276,0.007798315025866032,0.010566439479589462,0.013716678135097027,0.13740898668766022,0.010137094184756279,0.7448012828826904
0.8222609758377075,0.06603099405765533,0.008726617321372032,0.0011848232243210077,0.08273126184940338,0.015952985733747482,0.003112431848421693
0.21098864078521729,0.11014973372220993,0.027130166068673134,0.01645786128938198,0.5909476280212402,0.005648388061672449,0.03867758437991142
0.010701474733650684,0.010714637115597725,0.0030340608209371567,0.2965516149997711,0.6592581868171692,0.008706270717084408,0.011033748276531696
0.01803288422524929,0.0047821421176195145,0.003059225622564554,0.6116943359375,0.19302354753017426,0.01247747428715229,0.1569303721189499
0.8952680826187134,0.005927438847720623,0.07236313819885254,0.0012558988528326154,0.010237770155072212,0.001854168251156807,0.013093532994389534
0.029594821855425835,0.009636231698095798,0.001691494369879365,0.04908871278166771,0.8936663269996643,0.008144703693687916,0.008177668787539005
0.004816367290914059,0.002957065822556615,0.0017508884193375707,0.49359479546546936,0.18826016783714294,0.01094889733940363,0.2976718544960022
0.006697788834571838,0.015742681920528412,0.03209564834833145,0.6125664710998535,0.2736032009124756,0.016637705266475677,0.04265644773840904
0.047187209129333496,0.008672919124364853,0.04787609353661537,0.3031849265098572,0.14260584115982056,0.030308181419968605,0.4201647937297821
0.005359218921512365,0.04829289764165878,0.006673136260360479,0.03974836319684982,0.8763657212257385,0.01095628459006548,0.012604353949427605
0.004992882255464792,0.005881092511117458,0.00073595269350335,0.015948405489325523,0.02467595599591732,0.9398232698440552,0.007942447438836098
0.012033169157803059,0.0512067973613739,0.0015506877098232508,0.17312662303447723,0.6906533241271973,0.04498648643493652,0.026442887261509895
0.003984431270509958,0.0015646604588255286,0.0008443265687674284,0.8396885395050049,0.051603056490421295,0.052071280777454376,0.05024370178580284
0.0009433093946427107,0.0019427287625148892,0.0013909369008615613,0.002508163917809725,0.014088457450270653,0.9767537117004395,0.0023726671934127808
0.023272749036550522,0.18658629059791565,0.02076883614063263,0.002666369779035449,0.23777133226394653,0.5133498311042786,0.015584609471261501
0.008275111205875874,0.0050089661963284016,0.0007043416262604296,0.14367340505123138,0.8016551733016968,0.006615550722926855,0.03406739607453346
0.03257984668016434,0.0023276081774383783,0.029811229556798935,0.008713510818779469,0.23902349174022675,0.0050142002291977406,0.6825301647186279
0.0049206893891096115,0.004749757703393698,0.0039922697469592094,0.011318687349557877,0.9525847434997559,0.0056611113250255585,0.016772693023085594
