anger,disgust,fear,joy,neutral,sadness,surprise
0.13650068640708923,0.02662252075970173,0.0037735553923994303,0.02945835143327713,0.1841270625591278,0.6136264204978943,0.0058914292603731155
0.4207037091255188,0.08032713085412979,0.024097541347146034,0.003785659559071064,0.3756827712059021,0.08540245145559311,0.010000734589993954
0.00175866752397269,0.010115647688508034,0.02110178768634796,0.0024125524796545506,0.04111246019601822,0.909797728061676,0.013701180927455425
0.04480477422475815,0.7682579159736633,0.020099395886063576,0.0032693331595510244,0.1330638974905014,0.02832653746008873,0.0021782086696475744
0.029148006811738014,0.0255324337631464,0.2809949517250061,0.17133264243602753,0.46536436676979065,0.01261658314615488,0.015010916627943516
0.0303507037460804,0.07728094607591629,0.7716801166534424,0.00233767949976027,0.0808831974864006,0.02565961703658104,0.011807779781520367
0.02242952398955822,0.011683441698551178,0.17286603152751923,0.02371242642402649,0.7291967272758484,0.02742278017103672,0.012688964605331421
0.00581362983211875,0.9806278944015503,0.0051247235387563705,0.0010913506848737597,0.004447484388947487,0.0015775462379679084,0.0013172284234315157
0.07079264521598816,0.05606313422322273,0.019559644162654877,0.0012523210607469082,0.12582777440547943,0.7231470942497253,0.0033575017005205154
0.20764797925949097,0.42638760805130005,0.04528314992785454,0.004724836442619562,0.2786524295806885,0.03468036651611328,0.00262355781160295
0.057317402213811874,0.27404630184173584,0.02895043045282364,0.0018890626961365342,0.4961080551147461,0.08206889778375626,0.05961979925632477
0.043745607137680054,0.1643906980752945,0.06618325412273407,0.03684762492775917,0.26947101950645447,0.4135153591632843,0.005846468731760979
0.08739416301250458,0.11509159207344055,0.007623755838721991,0.0043500312604010105,0.7432486414909363,0.016140766441822052,0.026151087135076523
0.009472887963056564,0.025760827586054802,0.013747178949415684,0.008444247767329216,0.8912310600280762,0.04342404007911682,0.007919767871499062
0.21912053227424622,0.08627783507108688,0.3244716227054596,0.0031519935000687838,0.17172418534755707,0.16365626454353333,0.03159754350781441
0.06194061040878296,0.2240007370710373,0.011932137422263622,0.006558630615472794,0.576095461845398,0.11321697384119034,0.006255481392145157
0.034026261419057846,0.008907383307814598,0.8595295548439026,0.0013498262269422412,0.04970082640647888,0.041292980313301086,0.005193218123167753
0.016906585544347763,0.04817252606153488,0.004186361562460661,0.01304068323224783,0.8930764198303223,0.022412162274122238,0.0022052982822060585
0.010506308637559414,0.004201363306492567,0.004682096652686596,0.008856121450662613,0.9032666683197021,0.009741521440446377,0.0587458610534668
