anger,disgust,fear,joy,neutral,sadness,surprise
0.0727437287569046,0.13536781072616577,0.2665945589542389,0.0018333961488679051,0.11499287188053131,0.3866042494773865,0.021863335743546486
0.012783032841980457,0.040219273418188095,0.037851691246032715,0.0026070880703628063,0.12593518197536469,0.7237107157707214,0.056892991065979004
0.1501346379518509,0.11366679519414902,0.020306020975112915,0.004129043314605951,0.3090903162956238,0.38575419783592224,0.016918964684009552
0.02657703123986721,0.4285115599632263,0.008686168119311333,0.006700503174215555,0.4485229551792145,0.07311532646417618,0.007886580191552639
0.033271290361881256,0.013169907033443451,0.8779034614562988,0.0022048114333301783,0.06041250005364418,0.006292217876762152,0.006745806895196438
0.007895849645137787,0.9737839102745056,0.0017522735288366675,0.0008673050906509161,0.011934054084122181,0.002494623651728034,0.0012720712693408132
0.013379496522247791,0.07667732238769531,0.016853436827659607,0.009256590157747269,0.6014318466186523,0.2497495412826538,0.03265177458524704
0.029867446050047874,0.030569234862923622,0.04323488473892212,0.006985890679061413,0.2549329102039337,0.6292442679405212,0.005165277514606714
0.03848658502101898,0.026558363810181618,0.07399345934391022,0.026798930019140244,0.34232163429260254,0.4873409867286682,0.004500097129493952
0.025767013430595398,0.025488849729299545,0.010604284703731537,0.31704893708229065,0.6057572960853577,0.0054692761041224,0.009864254854619503
0.6198208928108215,0.07494431734085083,0.23032349348068237,0.0016201192047446966,0.059089161455631256,0.00792276207357645,0.0062792012467980385
0.03489867225289345,0.026125729084014893,0.01151061337441206,0.015580632723867893,0.8709714412689209,0.03754258155822754,0.003370362799614668
0.7330932021141052,0.027923284098505974,0.07580305635929108,0.002411895664408803,0.1218361184000969,0.032899219542741776,0.006033210549503565
0.034958288073539734,0.05506497621536255,0.03625287860631943,0.0023819010239094496,0.8341878652572632,0.02414293959736824,0.013011096976697445
0.006198093760758638,0.00875764712691307,0.06254514306783676,0.021254299208521843,0.18085692822933197,0.6691628098487854,0.05122510343790054
0.147781103849411,0.050775203853845596,0.029561825096607208,0.0038930466398596764,0.6778666377067566,0.0680999830365181,0.02202218770980835
0.16189129650592804,0.27169477939605713,0.01165725663304329,0.008657775819301605,0.19489485025405884,0.3431037366390228,0.008100228384137154
0.03646422177553177,0.0343046709895134,0.0019532525911927223,0.7088844180107117,0.16260191798210144,0.04196730628609657,0.013824223540723324
