anger,disgust,fear,joy,neutral,sadness,surprise
0.03857576474547386,0.13053560256958008,0.14479057490825653,0.2778014540672302,0.2226637601852417,0.1503400206565857,0.03529279679059982
0.9711958765983582,0.011276300996541977,0.0041584535501897335,0.00042028180905617774,0.007557335309684277,0.003103759605437517,0.002288042102009058
0.013391120359301567,0.02372157573699951,0.033219821751117706,0.008983307518064976,0.8234942555427551,0.033839717507362366,0.06335015594959259
0.18357887864112854,0.5642699599266052,0.049401380121707916,0.005708304699510336,0.09308532625436783,0.1030544638633728,0.0009016513940878212
0.0038310158997774124,0.013144036754965782,0.0023807301186025143,0.0037252160254865885,0.9206827878952026,0.01296757161617279,0.04326867684721947
0.03504620119929314,0.020916204899549484,0.020179662853479385,0.0638575553894043,0.7169355154037476,0.06933485716581345,0.07372996211051941
0.5560782551765442,0.38813701272010803,0.0021851644851267338,0.002254646038636565,0.016977718099951744,0.03156472370028496,0.0028024304192513227
0.19482475519180298,0.00880220253020525,0.7769076228141785,0.0013582544634118676,0.010801990516483784,0.003965108655393124,0.003340089926496148
0.04589750990271568,0.019034577533602715,0.0010886747622862458,0.05570129677653313,0.8427301049232483,0.02432604879140854,0.011221696622669697
0.5329793691635132,0.14013373851776123,0.004517714958637953,0.002889347495511174,0.303890198469162,0.012036341242492199,0.003553230781108141
0.30926647782325745,0.060756564140319824,0.009345771744847298,0.05410527065396309,0.5467965602874756,0.009862958453595638,0.009866414591670036
0.04805496707558632,0.12704147398471832,0.0016946421237662435,0.05715356767177582,0.7446705102920532,0.017527423799037933,0.0038574032951146364
0.009243854321539402,0.010304450988769531,0.0029671520460397005,0.5594620704650879,0.3581641912460327,0.0561339408159256,0.0037242588587105274
