anger,disgust,fear,joy,neutral,sadness,surprise
0.025489406660199165,0.03202406316995621,0.006468188017606735,0.10280543565750122,0.7250234484672546,0.08153336495161057,0.026656070724129677
0.04505038261413574,0.20132985711097717,0.04561596363782883,0.009642546065151691,0.5915194153785706,0.06417208909988403,0.04266967251896858
0.0154187036678195,0.005072977859526873,0.004902101121842861,0.0018476321129128337,0.017893705517053604,0.9251121282577515,0.029752718284726143
0.004098953679203987,0.010462730191648006,0.002214746316894889,0.004872697871178389,0.9637565016746521,0.006301351357251406,0.008293047547340393
0.009207124821841717,0.03244894742965698,0.005221655126661062,0.013803206384181976,0.8727124333381653,0.0034426478669047356,0.06316393613815308
0.08183909207582474,0.3816547393798828,0.012176753021776676,0.0024869197513908148,0.32537174224853516,0.1827130764722824,0.0137576749548316
0.022360073402523994,0.04884596914052963,0.011289406567811966,0.02215658314526081,0.8120946288108826,0.01416093111038208,0.06909238547086716
0.015165215358138084,0.03264133259654045,0.0013356184354051948,0.0689229667186737,0.8621178269386292,0.011712472885847092,0.008104613982141018
0.01842592842876911,0.032956283539533615,0.004893381614238024,0.0805068388581276,0.8330188989639282,0.011903693899512291,0.0182949211448431
0.1027585044503212,0.09460356831550598,0.0048268637619912624,0.004773434717208147,0.6902190446853638,0.08363452553749084,0.019184062257409096
