anger,disgust,fear,joy,neutral,sadness,surprise
0.0008577463449910283,0.0014590631471946836,0.9889454245567322,0.001586026861332357,0.00417878944426775,0.0011096062371507287,0.00186337367631495
0.012950433418154716,0.009496049955487251,0.008645005524158478,0.21648453176021576,0.5894952416419983,0.01358728390187025,0.14934144914150238
0.023834645748138428,0.5122487545013428,0.03164484724402428,0.002320654224604368,0.401218056678772,0.011975929141044617,0.01675715297460556
0.09953686594963074,0.22793827950954437,0.029304366558790207,0.011965079233050346,0.5676537156105042,0.04104802384972572,0.02255367301404476
0.5917208790779114,0.21844111382961273,0.047705311328172684,0.006134379655122757,0.089314304292202,0.04173458740115166,0.004949336405843496
0.5257454514503479,0.11936381459236145,0.0371839664876461,0.0038421866483986378,0.24777673184871674,0.057342980057001114,0.008744888007640839
0.20050299167633057,0.03529868274927139,0.13111108541488647,0.004569103475660086,0.5849164128303528,0.017000414431095123,0.026601314544677734
0.04931854456663132,0.007087756413966417,0.010896541178226471,0.00903136283159256,0.9116391539573669,0.006479159463196993,0.005547442473471165
0.07747206091880798,0.013909130357205868,0.28140294551849365,0.007803021464496851,0.5444567203521729,0.0340123325586319,0.040943823754787445
0.07802277058362961,0.03663482144474983,0.030051996931433678,0.015360245481133461,0.7397974729537964,0.024643361568450928,0.07548929750919342
0.2974393963813782,0.1281585395336151,0.009449921548366547,0.0028066840022802353,0.46674758195877075,0.07702134549617767,0.018376553431153297
0.04266926273703575,0.06339792162179947,0.008422333747148514,0.003998971544206142,0.8519842624664307,0.020581277087330818,0.008945943787693977
0.020514067262411118,0.0651862844824791,0.00788057129830122,0.0022264940198510885,0.6352728605270386,0.22077740728855133,0.04814225062727928
0.007487904280424118,0.005389468744397163,0.00446793669834733,0.0026050000451505184,0.8852465748786926,0.008415753953158855,0.08638740330934525
0.12026450783014297,0.684266984462738,0.036918528378009796,0.0009167144889943302,0.04270022362470627,0.11184582114219666,0.0030873168725520372
0.014190268702805042,0.4741271734237671,0.19567185640335083,0.005573183763772249,0.12941327691078186,0.007224434055387974,0.1737998127937317
0.23037254810333252,0.6961545944213867,0.013312107883393764,0.007064166944473982,0.032214079052209854,0.017728829756379128,0.0031536079477518797
0.042147185653448105,0.18059803545475006,0.47736120223999023,0.0025670442264527082,0.1260068267583847,0.08955221623182297,0.08176752924919128
0.009381822310388088,0.03326345235109329,0.15560606122016907,0.0031560335773974657,0.1730506271123886,0.3374893069267273,0.2880527079105377
0.023937013000249863,0.07141053676605225,0.00911155715584755,0.012798553332686424,0.30257198214530945,0.43863537907600403,0.1415349394083023
0.009501587599515915,0.011211913079023361,0.020279692485928535,0.006489600520581007,0.606342077255249,0.01867109350860119,0.32750409841537476
0.01775939203798771,0.012531219981610775,0.01837245747447014,0.0027136392891407013,0.8577401638031006,0.02854411117732525,0.06233905255794525
0.41333624720573425,0.38202980160713196,0.013057156465947628,0.0017098693642765284,0.11227325350046158,0.07503287494182587,0.0025608763098716736
0.45179110765457153,0.24153736233711243,0.0100863603875041,0.003733992110937834,0.27255579829216003,0.01699923723936081,0.003296196460723877
0.9146422743797302,0.017139695584774017,0.032862480729818344,0.0008693966665305197,0.02621941827237606,0.0065258461982011795,0.001740878913551569
0.8219630718231201,0.056662291288375854,0.0047727320343256,0.0019163262331858277,0.08928533643484116,0.018615391105413437,0.006785024888813496
0.02494315803050995,0.037623513489961624,0.19540466368198395,0.002437836490571499,0.6980330944061279,0.013495778664946556,0.02806190587580204
0.008172298781573772,0.04412360116839409,0.029525907710194588,0.018613161519169807,0.558340311050415,0.2034831941127777,0.13774152100086212
0.07923216372728348,0.7122958302497864,0.03500213474035263,0.0016611380269750953,0.13778167963027954,0.027205636724829674,0.006821391172707081
0.07211680710315704,0.839134693145752,0.02737729251384735,0.0020131540950387716,0.04528333246707916,0.006979573518037796,0.00709501514211297
0.31799519062042236,0.12724272906780243,0.012052829377353191,0.0031316601671278477,0.033762939274311066,0.5024549961090088,0.003359630238264799
0.014850969426333904,0.004022439010441303,0.007739816792309284,0.00832812488079071,0.06942474097013474,0.0052527375519275665,0.8903812170028687
0.04895346611738205,0.1216651126742363,0.02621275559067726,0.016910206526517868,0.7664591670036316,0.00800677016377449,0.011792514473199844
0.012250206433236599,0.06131620332598686,0.0034495051950216293,0.042549945414066315,0.8501618504524231,0.021893830969929695,0.008378485217690468
0.49520784616470337,0.10551485419273376,0.1611265391111374,0.002149350708350539,0.19464722275733948,0.01766395755112171,0.02369030751287937
0.03197730705142021,0.8147763609886169,0.014244440011680126,0.0009257032652385533,0.0832875669002533,0.011983456090092659,0.04280521348118782
0.6615073084831238,0.1035556048154831,0.09241119772195816,0.0032746857032179832,0.11461241543292999,0.015101377852261066,0.00953743141144514
0.030723249539732933,0.034717023372650146,0.22672343254089355,0.007681980263441801,0.483143150806427,0.20497524738311768,0.012035890482366085
0.06991398334503174,0.08511481434106827,0.12371690571308136,0.016501879319548607,0.6228867173194885,0.07813100516796112,0.0037347315810620785
0.12697158753871918,0.022399844601750374,0.08801576495170593,0.0033609108068048954,0.24813012778759003,0.4052101969718933,0.10591161251068115
0.025025542825460434,0.09751131385564804,0.07217434048652649,0.00539975892752409,0.6919398307800293,0.015287518501281738,0.09266170859336853
0.0057340930216014385,0.01673339493572712,0.8204041719436646,0.002709260443225503,0.1223256066441536,0.01695355586707592,0.015139887109398842
0.03853968158364296,0.08965282887220383,0.015910403802990913,0.012513833120465279,0.6847977638244629,0.10715837776660919,0.051427099853754044
0.044515494257211685,0.8875088095664978,0.02418806403875351,0.001008968916721642,0.02717040665447712,0.013443357311189175,0.002164869336411357
0.08032045513391495,0.20478101074695587,0.2680431306362152,0.0028979554772377014,0.29177334904670715,0.08098980039358139,0.07119426876306534
0.0927610918879509,0.10927378386259079,0.019713154062628746,0.013587051071226597,0.4213566184043884,0.13005931675434113,0.21324896812438965
0.05926138907670975,0.7873690724372864,0.07069574296474457,0.0014373493613675237,0.05995063856244087,0.015878826379776,0.005407122895121574
0.008286211639642715,0.01788509450852871,0.0066929529421031475,0.004980696365237236,0.3371332287788391,0.5790512561798096,0.045970577746629715
0.010291879996657372,0.03723352774977684,0.007147197145968676,0.0016042180359363556,0.917146623134613,0.005139243323355913,0.021437302231788635
0.007238267920911312,0.003514287294819951,0.0016834571724757552,0.012755685485899448,0.8769107460975647,0.0052037606947124004,0.09269373118877411
0.040194492787122726,0.010912814177572727,0.05204375088214874,0.003926405217498541,0.8313064575195312,0.04580117389559746,0.015814919024705887
0.0238209068775177,0.048266589641571045,0.0014836671762168407,0.03105507791042328,0.8768301010131836,0.01583687961101532,0.0027067982591688633
0.15439189970493317,0.09845732152462006,0.5663446187973022,0.0029274309054017067,0.1331615000963211,0.033826060593128204,0.010891148820519447
0.4552346467971802,0.16170524060726166,0.1772083044052124,0.0015650526620447636,0.10219184309244156,0.08584441244602203,0.016250502318143845
0.0217658132314682,0.058515820652246475,0.19381657242774963,0.005620133131742477,0.6038532257080078,0.048524368554353714,0.06790409982204437
0.09912814199924469,0.10886145383119583,0.24568934738636017,0.006112995557487011,0.5225104093551636,0.011794687248766422,0.005903035402297974
0.05388365313410759,0.025353385135531425,0.023334965109825134,0.0023355765733867884,0.3112918436527252,0.5391289591789246,0.04467164725065231
0.5523139238357544,0.07789260894060135,0.10569514334201813,0.0018363414565101266,0.22081391513347626,0.025197353214025497,0.016250763088464737
0.34855422377586365,0.14659230411052704,0.16860850155353546,0.0019086976535618305,0.27106332778930664,0.05743476748466492,0.0058382172137498856
0.030808335170149803,0.013838095590472221,0.027999041602015495,0.0020689598750323057,0.5557414293289185,0.009267927147448063,0.3602762520313263
0.7365210652351379,0.1311621218919754,0.03373478353023529,0.0010279077105224133,0.033628255128860474,0.061620961874723434,0.0023049768060445786
0.5130264163017273,0.08093081414699554,0.038581620901823044,0.004932367242872715,0.2714868187904358,0.029337188228964806,0.06170472130179405
0.6201486587524414,0.032786570489406586,0.04368289187550545,0.0019958927296102047,0.1542700082063675,0.12298842519521713,0.02412758395075798
0.028396671637892723,0.6022736430168152,0.046347856521606445,0.0013337128330022097,0.13900747895240784,0.14428319036960602,0.03835742548108101
0.139438658952713,0.14983516931533813,0.3093094825744629,0.003089992795139551,0.26055458188056946,0.047627419233322144,0.09014467895030975
0.02408815361559391,0.1540772020816803,0.0637565478682518,0.001988478936254978,0.7088636159896851,0.03163604065775871,0.015589944086968899
0.0037775093223899603,0.004227316938340664,0.0016294316155835986,0.002332451054826379,0.037353985011577606,0.004011946730315685,0.9466673731803894
0.01915096677839756,0.12913131713867188,0.3362894058227539,0.004791338928043842,0.4130863547325134,0.02592272125184536,0.07162793725728989
0.040606386959552765,0.12837882339954376,0.20167434215545654,0.002018141560256481,0.06661828607320786,0.5299988389015198,0.030705176293849945
0.7969656586647034,0.1157451868057251,0.05361500009894371,0.0015694171888753772,0.024551793932914734,0.004713898524641991,0.002839043503627181
0.06993406265974045,0.03320508450269699,0.290998637676239,0.005489992443472147,0.20918148756027222,0.3062324821949005,0.0849582627415657
0.04041938856244087,0.624333918094635,0.010208911262452602,0.007401322480291128,0.2953200042247772,0.015580320730805397,0.00673607038334012
0.3642038106918335,0.28911831974983215,0.06169113889336586,0.00649296585470438,0.25639235973358154,0.01523521263152361,0.006866186857223511
0.931520938873291,0.037271156907081604,0.006037870422005653,0.0010325618786737323,0.01680583879351616,0.005267227999866009,0.002064324216917157
0.13019202649593353,0.08929882198572159,0.0394321046769619,0.002611044328659773,0.4697543978691101,0.263618528842926,0.005093087442219257
0.025695178657770157,0.02256050519645214,0.1245056763291359,0.007684916257858276,0.29421186447143555,0.006111085414886475,0.519230842590332
0.5578423142433167,0.0423358716070652,0.06855510920286179,0.0032440959475934505,0.10654386878013611,0.17280608415603638,0.04867266118526459
0.10209258645772934,0.047104835510253906,0.02886734902858734,0.005364674609154463,0.7806944847106934,0.032732706516981125,0.0031433687545359135
0.13431811332702637,0.2027897834777832,0.003684748662635684,0.03833935782313347,0.5213254690170288,0.09526029229164124,0.004282253794372082
0.6005081534385681,0.16674460470676422,0.01883501186966896,0.0017831986770033836,0.08795958757400513,0.01241570245474577,0.11175373196601868
0.33573251962661743,0.09179147332906723,0.014049185439944267,0.0017998192925006151,0.44593220949172974,0.0937035009264946,0.016991285607218742
0.2076583355665207,0.6998869776725769,0.04943421110510826,0.0019723321311175823,0.030556397512555122,0.00831723865121603,0.002174456836655736
0.3461929261684418,0.13928046822547913,0.003295870730653405,0.03124646656215191,0.4408487379550934,0.030958933755755424,0.008176549337804317
0.12350653111934662,0.06443440169095993,0.006070609670132399,0.00819433480501175,0.7531749606132507,0.03154490143060684,0.013074314221739769
0.009002787061035633,0.1269833743572235,0.01501674298197031,0.02580210193991661,0.7875755429267883,0.027439549565315247,0.00817982666194439
0.07755222916603088,0.015786902979016304,0.022074135020375252,0.00882504042237997,0.8201145529747009,0.008721535094082355,0.046925563365221024
0.01585693471133709,0.018544524908065796,0.6197479963302612,0.0026204390451312065,0.1168205663561821,0.023831065744161606,0.20257852971553802
0.36134564876556396,0.5581557154655457,0.013208609074354172,0.001311959931626916,0.025130601599812508,0.03620479255914688,0.00464261369779706
0.01188855990767479,0.012391209602355957,0.3645314574241638,0.00869758427143097,0.5408408641815186,0.04156539961695671,0.020084884017705917
0.0976940467953682,0.03777800872921944,0.010129852220416069,0.4348927140235901,0.3992219865322113,0.017781047150492668,0.00250226235948503
0.01109390426427126,0.006516823545098305,0.0023251071106642485,0.2998412251472473,0.6072922945022583,0.029659071937203407,0.04327156022191048
