anger,disgust,fear,joy,neutral,sadness,surprise
0.09211518615484238,0.04233706369996071,0.027057290077209473,0.09241460263729095,0.5544619560241699,0.16100504994392395,0.030608881264925003
0.6704342365264893,0.14413106441497803,0.005061344709247351,0.0015409945044666529,0.012546897865831852,0.16396495699882507,0.0023205596953630447
0.15881817042827606,0.7448307871818542,0.008228406310081482,0.006289060227572918,0.07468128204345703,0.005068487022072077,0.002083854516968131
0.6791448593139648,0.19758658111095428,0.00501265237107873,0.003234603675082326,0.08898734301328659,0.021344168111681938,0.004689774010330439
0.3032643496990204,0.31382885575294495,0.13049177825450897,0.005618743132799864,0.07313239574432373,0.15399600565433502,0.019667865708470345
0.005109292455017567,0.06253926455974579,0.00667949253693223,0.002095023635774851,0.03313785046339035,0.8840948939323425,0.006344197783619165
0.08187071233987808,0.2743488848209381,0.006787306163460016,0.0019288960611447692,0.191106915473938,0.43492355942726135,0.009033715352416039
0.7550191879272461,0.16526201367378235,0.011742494069039822,0.0013712926302105188,0.04181821271777153,0.021559279412031174,0.00322766974568367
0.0730164423584938,0.20784321427345276,0.04736657440662384,0.0024629049003124237,0.5616770386695862,0.10209615528583527,0.005537590477615595
0.9685102105140686,0.00673686433583498,0.005648213904350996,0.0008681063773110509,0.011803184635937214,0.0035660089924931526,0.0028674271889030933
0.16008414328098297,0.013062141835689545,0.7943868637084961,0.0011465473799034953,0.02057093009352684,0.0064189014956355095,0.004330416675657034
0.00600519310683012,0.00685327872633934,0.0036657939199358225,0.04943583160638809,0.9042012095451355,0.004140883218497038,0.025697940960526466
0.005202258937060833,0.0030454399529844522,0.0010821607429534197,0.7524644732475281,0.20055313408374786,0.009327716194093227,0.02832479029893875
0.010564587078988552,0.03220145031809807,0.0026741689071059227,0.06276372075080872,0.663321316242218,0.1693158894777298,0.059158869087696075
0.15825317800045013,0.22613529860973358,0.004786427598446608,0.013945529237389565,0.5650083422660828,0.025868192315101624,0.006003012415021658
0.01185270119458437,0.032545119524002075,0.006967363879084587,0.0031966983806341887,0.7787392735481262,0.02026147022843361,0.1464373618364334
0.010031996294856071,0.007003491744399071,0.0037184555549174547,0.11948923766613007,0.7436248660087585,0.06948579847812653,0.04664625599980354
0.011646250262856483,0.0033684612717479467,0.009753687307238579,0.3518750071525574,0.33591094613075256,0.14738944172859192,0.14005623757839203
0.5392420291900635,0.367997944355011,0.011151286773383617,0.0016545862890779972,0.050479937344789505,0.02844615839421749,0.0010281038703396916
0.026368506252765656,0.03973580151796341,0.0040219747461378574,0.04632984846830368,0.7619218826293945,0.11693191528320312,0.004690124187618494
0.007258472498506308,0.0096933888271451,0.0018860686104744673,0.16524754464626312,0.7446794509887695,0.0313703827559948,0.03986459970474243
0.021230794489383698,0.9429709315299988,0.0022245594300329685,0.004642505664378405,0.023892275989055634,0.0034612833987921476,0.0015776946675032377
0.0980219766497612,0.033125340938568115,0.004199260380119085,0.008291552774608135,0.8295638561248779,0.021440407261252403,0.0053575970232486725
0.0061109340749681,0.05338038504123688,0.0019249432953074574,0.8625590205192566,0.06240485608577728,0.008913163095712662,0.004706738516688347
0.6378804445266724,0.08308194577693939,0.031102372333407402,0.0032608527690172195,0.22908271849155426,0.009454839862883091,0.006136855576187372
0.8500775098800659,0.0373699925839901,0.012835504487156868,0.0019414543639868498,0.06645188480615616,0.02381877414882183,0.007504898123443127
0.011372722685337067,0.08413589000701904,0.003026023041456938,0.0022785726469010115,0.8004248142242432,0.018357664346694946,0.08040428161621094
0.9399049878120422,0.022800114005804062,0.008721355348825455,0.0004258157860022038,0.01902286894619465,0.006608978379517794,0.002515859203413129
0.26315203309059143,0.10350459069013596,0.0167971383780241,0.002968685934320092,0.5314930081367493,0.025205008685588837,0.056879546493291855
0.02072613686323166,0.014389791525900364,0.01659894548356533,0.06654966622591019,0.5883395075798035,0.1925371289253235,0.10085884481668472
0.010016588494181633,0.03252177685499191,0.0015553170815110207,0.6629772782325745,0.2523517310619354,0.026145542040467262,0.014431774616241455
0.006265638396143913,0.007809408940374851,0.0007674555527046323,0.04009431600570679,0.9148667454719543,0.007560051046311855,0.022636359557509422
0.08856473863124847,0.056194331496953964,0.005388658028095961,0.009176245890557766,0.8153821229934692,0.012352918274700642,0.012940989807248116
0.0218657273799181,0.01794528402388096,0.0017010547453537583,0.0031184875406324863,0.9321095943450928,0.014723914675414562,0.0085359001532197
0.038477569818496704,0.044433195143938065,0.00528464000672102,0.02469521015882492,0.4672883450984955,0.40230435132980347,0.017516715452075005
0.14880533516407013,0.4657497704029083,0.0048616803251206875,0.008320595137774944,0.17176459729671478,0.19752736389636993,0.0029706002678722143
0.008301645517349243,0.004679943434894085,0.001549279666505754,0.23630748689174652,0.6768092513084412,0.021614477038383484,0.05073787271976471
0.6061692833900452,0.025147968903183937,0.11791197955608368,0.02688276208937168,0.05338176339864731,0.15955214202404022,0.010954100638628006
0.058922283351421356,0.018971074372529984,0.00240676780231297,0.0023407619446516037,0.8947004675865173,0.007019165437668562,0.015639442950487137
0.6043599247932434,0.1269931048154831,0.007757104933261871,0.009441728703677654,0.23650406301021576,0.010289252735674381,0.004654751159250736
0.4925377368927002,0.21689483523368835,0.01540169958025217,0.008468730375170708,0.2484981268644333,0.01315378025174141,0.005045060068368912
0.8787463307380676,0.09177463501691818,0.0029546667356044054,0.0009393145446665585,0.019497230648994446,0.004538913257420063,0.0015487719792872667
0.27885106205940247,0.09745471924543381,0.03529820218682289,0.008098787628114223,0.49732574820518494,0.07568832486867905,0.007283159531652927
0.2232203483581543,0.1436956375837326,0.0038080147933214903,0.024491220712661743,0.5877785682678223,0.014196345582604408,0.002809907542541623
0.020617283880710602,0.014385283924639225,0.0038546130526810884,0.0041441889479756355,0.9026728272438049,0.0470389761030674,0.007286808919161558
0.3839997947216034,0.1215919777750969,0.38487595319747925,0.002485932083800435,0.08446989953517914,0.0143278194591403,0.008248559199273586
0.4120277762413025,0.24038340151309967,0.015243694186210632,0.004086704924702644,0.18915140628814697,0.13445945084095,0.004647644702345133
0.45747771859169006,0.07285464555025101,0.3334496021270752,0.001772371819242835,0.08581750094890594,0.03332148864865303,0.015306706540286541
0.03356543183326721,0.14518852531909943,0.005019748117774725,0.007848186418414116,0.20724326372146606,0.5946982502937317,0.006436556112021208
0.39327776432037354,0.09424793720245361,0.010656089521944523,0.002447285456582904,0.4024748206138611,0.08937705308198929,0.0075189038179814816
0.06491811573505402,0.025695329532027245,0.001480642706155777,0.025467852130532265,0.8525082468986511,0.022581305354833603,0.007348581682890654
