anger,disgust,fear,joy,neutral,sadness,surprise
0.0292216744273901,0.16098415851593018,0.021850116550922394,0.10719715058803558,0.6384791135787964,0.014604663476347923,0.02766316384077072
0.005110837984830141,0.00503626000136137,0.0012916579144075513,0.08893810957670212,0.849310040473938,0.005431191995739937,0.04488185793161392
0.038011547178030014,0.012236219830811024,0.06722545623779297,0.016534844413399696,0.6988527178764343,0.02352849766612053,0.14361074566841125
0.16872568428516388,0.04061223939061165,0.24216893315315247,0.00631019426509738,0.39429786801338196,0.03238040953874588,0.11550472676753998
0.06874980032444,0.06516779214143753,0.1956552118062973,0.012802320532500744,0.48013123869895935,0.054221343249082565,0.12327226996421814
0.1190127581357956,0.1662173569202423,0.0067628831602633,0.002178264781832695,0.613444447517395,0.07143321633338928,0.020951002836227417
0.03016510233283043,0.005732987076044083,0.9222897291183472,0.0015944128390401602,0.007316421717405319,0.006936137564480305,0.025965213775634766
0.227450430393219,0.17042116820812225,0.05181078612804413,0.00687784980982542,0.4582577645778656,0.015259066596627235,0.06992294639348984
0.25676536560058594,0.4147803783416748,0.010739132761955261,0.004980702418833971,0.26295438408851624,0.03980110585689545,0.009978899732232094
0.019900420680642128,0.06690935790538788,0.0021777295041829348,0.08164682984352112,0.800584077835083,0.021806983277201653,0.006974498275667429
0.0275726355612278,0.4214951992034912,0.00459666084498167,0.005068283528089523,0.5203670263290405,0.008264053612947464,0.012636118568480015
0.009825430810451508,0.007739056367427111,0.0007674067746847868,0.8540334105491638,0.10377084463834763,0.005374060478061438,0.01848975569009781
0.02170351892709732,0.17231710255146027,0.0020707373041659594,0.014674722217023373,0.7639706134796143,0.0077410475350916386,0.017522282898426056
0.050346024334430695,0.04518275335431099,0.017590997740626335,0.007191555108875036,0.8347108960151672,0.016310296952724457,0.028667449951171875
0.008048880845308304,0.10224112123250961,0.030817555263638496,0.019201351329684258,0.7886471152305603,0.012241288088262081,0.03880270570516586
