anger,disgust,fear,joy,neutral,sadness,surprise
0.00949493795633316,0.0031258906237781048,0.003234933828935027,0.19922205805778503,0.6609664559364319,0.08900202810764313,0.03495365381240845
0.054989658296108246,0.17181198298931122,0.22468042373657227,0.0032042479142546654,0.21821555495262146,0.1665312498807907,0.16056695580482483
0.0012905558105558157,0.004129955545067787,0.0067001283168792725,0.002259644214063883,0.012961353175342083,0.9597422480583191,0.01291609089821577
0.021217165514826775,0.006861402653157711,0.08884484320878983,0.0021051419898867607,0.027220390737056732,0.040288664400577545,0.8134623765945435
0.02909427508711815,0.05574639141559601,0.010932255536317825,0.0018855798989534378,0.12038891017436981,0.7755916118621826,0.006360996980220079
0.025308294221758842,0.04847656190395355,0.0008995292009785771,0.5039229393005371,0.3840442895889282,0.020559480413794518,0.016788892447948456
0.010034848004579544,0.3560248911380768,0.10950116813182831,0.0028258725069463253,0.2752908766269684,0.022210801020264626,0.22411151230335236
0.05250953882932663,0.012286912649869919,0.7009609937667847,0.002724591875448823,0.040886446833610535,0.16322456300258636,0.027406958863139153
0.01644951105117798,0.568511962890625,0.027067523449659348,0.0037298714742064476,0.21735209226608276,0.060670506209135056,0.10621853917837143
0.011909745633602142,0.011471293866634369,0.2502610981464386,0.0029769970569759607,0.27323102951049805,0.060757074505090714,0.38939276337623596
0.07934695482254028,0.10175277292728424,0.43172603845596313,0.0016206857981160283,0.16963720321655273,0.1831616312265396,0.032754622399806976
0.013799981214106083,0.02411009557545185,0.10435362160205841,0.007481705863028765,0.30055710673332214,0.49322575330734253,0.05647176131606102
0.0036089206114411354,0.002578920917585492,0.0015502881724387407,0.0012997690355405211,0.0065282611176371574,0.0020661938469856977,0.9823676347732544
0.0063907792791724205,0.0233602374792099,0.8126817345619202,0.0018491396913304925,0.06489457190036774,0.08262618631124496,0.008197449147701263
0.014208200387656689,0.010181453078985214,0.04500611498951912,0.0027765166014432907,0.06874599307775497,0.013268142938613892,0.8458135724067688
0.1026928648352623,0.3048457205295563,0.16112220287322998,0.0013912712456658483,0.15972554683685303,0.15069474279880524,0.11952771991491318
0.030471639707684517,0.10865859687328339,0.01833922229707241,0.007510789670050144,0.32373541593551636,0.034966837614774704,0.47631752490997314
0.019039345905184746,0.10426993668079376,0.002318634884431958,0.009624829515814781,0.8193344473838806,0.011646334081888199,0.0337664969265461
0.04051917791366577,0.09259507060050964,0.012634051032364368,0.010872192680835724,0.395222008228302,0.4421209692955017,0.006036510691046715
0.00823946949094534,0.003471490927040577,0.9547698497772217,0.001759016769938171,0.014264236204326153,0.006843757815659046,0.01065216027200222
0.02506113238632679,0.10889841616153717,0.0029024977702647448,0.3441711962223053,0.4740763306617737,0.032308291643857956,0.012582129798829556
0.02299513667821884,0.12049888074398041,0.004922292195260525,0.06216619908809662,0.6650810837745667,0.1205502524971962,0.0037860823795199394
0.04924464225769043,0.013970324769616127,0.5981154441833496,0.011640270240604877,0.26379168033599854,0.043542537838220596,0.019695058465003967
