anger,disgust,fear,joy,neutral,sadness,surprise
0.037936821579933167,0.0006836411776021123,0.8003506660461426,0.010341721586883068,0.016674090176820755,0.08640239387750626,0.047610726207494736
0.013143046759068966,0.008982292376458645,0.014175462536513805,0.009017490781843662,0.9035680890083313,0.00500321201980114,0.046110447496175766
0.0798887237906456,0.8121799826622009,0.00390919903293252,0.001879597082734108,0.0633140429854393,0.030084891244769096,0.008743677288293839
0.003570313099771738,0.00016147411952260882,0.9886016249656677,0.0030274786986410618,0.0008939217077568173,0.0024198584724217653,0.0013255021767690778
0.14368464052677155,0.0007569887675344944,0.5971639752388,0.0907190591096878,0.01577206514775753,0.10224387794733047,0.04965941235423088
0.17530557513237,0.0013001947663724422,0.7759625315666199,0.02222180925309658,0.004292736295610666,0.008613224141299725,0.01230387669056654
0.22920526564121246,0.0008693892159499228,0.5932257175445557,0.013335702940821648,0.004572363570332527,0.1369021087884903,0.021889489144086838
0.01072753220796585,0.0035765927750617266,0.003919739741832018,0.5071480870246887,0.4521075487136841,0.011513265781104565,0.011007310822606087
0.10304810106754303,0.0009404227021150291,0.8618911504745483,0.009541447274386883,0.0017782575450837612,0.013043235056102276,0.009757380932569504
0.024026865139603615,0.0014683547196909785,0.006056383717805147,0.8185035586357117,0.043261706829071045,0.013823091983795166,0.09286005049943924
0.5094344019889832,0.004254194442182779,0.3100601136684418,0.058903444558382034,0.015730934217572212,0.07807202637195587,0.02354487217962742
0.025631265714764595,0.014006308279931545,0.002021575113758445,0.020187009125947952,0.8990766406059265,0.017132090404629707,0.021945111453533173
0.0811389908194542,0.00485623674467206,0.7344141602516174,0.02185329608619213,0.03470059111714363,0.04478084295988083,0.07825583964586258
0.4593989849090576,0.4008413851261139,0.040360160171985626,0.0012133853742852807,0.04239107295870781,0.05272243916988373,0.0030726080294698477
0.033197950571775436,0.0007446262752637267,0.45858800411224365,0.01203455962240696,0.003718302585184574,0.48375943303108215,0.0079570934176445
0.5453020334243774,0.001077707507647574,0.2526129186153412,0.017042769119143486,0.002126408275216818,0.16929762065410614,0.01254059374332428
0.0046804482117295265,0.0010316348634660244,0.001253199763596058,0.5895389914512634,0.27868300676345825,0.01629517413675785,0.10851748287677765
