anger,disgust,fear,joy,neutral,sadness,surprise
0.01459216233342886,0.5066410899162292,0.007155943661928177,0.0968998372554779,0.348113477230072,0.016367215663194656,0.010230227373540401
0.11214250326156616,0.576231062412262,0.00968052726238966,0.12506896257400513,0.13615626096725464,0.030609283596277237,0.010111424140632153
0.011483699083328247,0.0774284079670906,0.001790375099517405,0.33985811471939087,0.529590368270874,0.02516481839120388,0.014684162102639675
0.010397378355264664,0.005969347432255745,0.0018659799825400114,0.7299075126647949,0.20677334070205688,0.009670144878327847,0.03541627526283264
0.013502061367034912,0.003678964450955391,0.027708008885383606,0.0025027066003531218,0.05373477190732956,0.17224577069282532,0.7266277074813843
0.016414767131209373,0.017394648864865303,0.004566796589642763,0.26520201563835144,0.1395856887102127,0.5458051562309265,0.011030948720872402
0.013186661526560783,0.013262579217553139,0.004737258888781071,0.33177700638771057,0.3380410671234131,0.2180568128824234,0.08093858510255814
0.01911613717675209,0.07360082864761353,0.0030172348488122225,0.037528686225414276,0.8453712463378906,0.014202551916241646,0.007163297850638628
0.0034040461760014296,0.009541007690131664,0.0017461612587794662,0.6909773349761963,0.17459924519062042,0.1101057305932045,0.009626518934965134
0.002953959396108985,0.009193472564220428,0.007552982307970524,0.0534016489982605,0.13978372514247894,0.7593192458152771,0.027794931083917618
0.04770335555076599,0.019505154341459274,0.11042755842208862,0.0030493782833218575,0.09970389306545258,0.6791480183601379,0.040462616831064224
0.007077185437083244,0.006436051335185766,0.8941045999526978,0.0069458698853850365,0.06594815850257874,0.008886842988431454,0.010601301677525043
