anger,disgust,fear,joy,neutral,sadness,surprise
0.20701970160007477,0.23962324857711792,0.006998331286013126,0.027182184159755707,0.5008582472801208,0.012564764358103275,0.005753569304943085
0.04166903719305992,0.808887243270874,0.01583968475461006,0.0033213237766176462,0.1035664975643158,0.024010367691516876,0.002705879509449005
0.0019401035970076919,0.003274335293099284,0.0060744802467525005,0.005607197992503643,0.04044872894883156,0.8974542617797852,0.045200858265161514
0.10768530517816544,0.41380083560943604,0.02288314327597618,0.002059859223663807,0.06933874636888504,0.34272512793540955,0.04150700196623802
0.005839359015226364,0.020292993634939194,0.3576678931713104,0.004901604726910591,0.18486849963665009,0.3809928894042969,0.0454367995262146
0.11594779044389725,0.25266292691230774,0.1972329169511795,0.0043414016254246235,0.24950844049453735,0.12059688568115234,0.059709612280130386
0.06106700375676155,0.0696801021695137,0.08635063469409943,0.02696244604885578,0.6837849020957947,0.0678466334939003,0.004308306146413088
0.03439471498131752,0.010941026732325554,0.023323509842157364,0.005090010352432728,0.21960128843784332,0.6939437389373779,0.01270570233464241
0.5469815731048584,0.18069860339164734,0.026007365435361862,0.004729998763650656,0.16836851835250854,0.06939784437417984,0.0038161270786076784
0.015075216069817543,0.005803580861538649,0.007778272498399019,0.07852383702993393,0.8354125618934631,0.016686638817191124,0.04071992263197899
0.5443897843360901,0.0660586804151535,0.1805109679698944,0.009241467341780663,0.17174425721168518,0.019042015075683594,0.009012782014906406
0.02655370905995369,0.1489330232143402,0.06548424065113068,0.06826259195804596,0.5212445259094238,0.15922744572162628,0.010294508188962936
0.025264747440814972,0.020632991567254066,0.03315284103155136,0.007439306937158108,0.8758213520050049,0.02953364886343479,0.008155187591910362
0.07541844248771667,0.09530660510063171,0.2870866358280182,0.003217479446902871,0.43694376945495605,0.0860273689031601,0.015999682247638702
0.09147464483976364,0.35428908467292786,0.1428038328886032,0.007388755679130554,0.37515896558761597,0.012023446150124073,0.016861245036125183
0.006994890049099922,0.00829494558274746,0.9616186022758484,0.0027688778936862946,0.013264433480799198,0.0013102911179885268,0.005747954361140728
0.009058717638254166,0.011413968168199062,0.0021236403845250607,0.506534218788147,0.3508191406726837,0.10140138119459152,0.018648959696292877
0.018029075115919113,0.20804791152477264,0.004792037419974804,0.006429572589695454,0.7501750588417053,0.008949549868702888,0.0035768356174230576
