anger,disgust,fear,joy,neutral,sadness,surprise
0.021495439112186432,0.13586857914924622,0.08447880297899246,0.12674160301685333,0.5192893147468567,0.0994551032781601,0.012671181932091713
0.028414137661457062,0.8776757717132568,0.014039374887943268,0.001941472408361733,0.015152509324252605,0.061773188412189484,0.0010035925079137087
0.03552311658859253,0.03783198446035385,0.029823660850524902,0.0031116181053221226,0.21818871796131134,0.6555191278457642,0.020001791417598724
0.008672775700688362,0.8745892643928528,0.02078861929476261,0.002481029136106372,0.029695235192775726,0.06235754117369652,0.001415564795024693
0.005878451745957136,0.004166866652667522,0.0026970154140144587,0.008940317668020725,0.9091532826423645,0.012805620208382607,0.05635849013924599
0.014352917671203613,0.07984114438295364,0.3546508848667145,0.03453771397471428,0.32189515233039856,0.18834970891475677,0.006372535601258278
0.022317228838801384,0.2436516284942627,0.012641221284866333,0.0016157845966517925,0.03884604573249817,0.6784772872924805,0.0024507897906005383
0.11255304515361786,0.36240217089653015,0.004965606145560741,0.009156065061688423,0.02665788307785988,0.47993597388267517,0.0043292660266160965
0.06782335788011551,0.14026790857315063,0.6233225464820862,0.0028805318288505077,0.02041206695139408,0.14262917637825012,0.0026644456665962934
0.02001490443944931,0.09022074192762375,0.3125802278518677,0.019940398633480072,0.45170286297798157,0.10310928523540497,0.00243166065774858
0.024166010320186615,0.1212652400135994,0.007042429875582457,0.08682547509670258,0.7171751260757446,0.007423692848533392,0.036102063953876495
0.021303363144397736,0.8216735124588013,0.02704409882426262,0.05568504333496094,0.03463190421462059,0.032646290957927704,0.007015727460384369
0.0068953377194702625,0.011333417147397995,0.0030406368896365166,0.7222418785095215,0.24105802178382874,0.007384070660918951,0.008046592585742474
0.29078149795532227,0.620151162147522,0.0028739299159497023,0.0016639502719044685,0.06780176609754562,0.01420634426176548,0.002521346090361476
0.043229956179857254,0.8764554858207703,0.0021041601430624723,0.0027327341958880424,0.049932271242141724,0.023898668587207794,0.001646699383854866
0.2782203257083893,0.2631564140319824,0.015622610226273537,0.005437079351395369,0.318317711353302,0.11703407019376755,0.002211778424680233
0.06992112845182419,0.9052073359489441,0.002407762221992016,0.0012436675606295466,0.015168458223342896,0.005304006859660149,0.0007475969614461064
0.008732110261917114,0.9637611508369446,0.0064909327775239944,0.0004447062674444169,0.007623076438903809,0.012409103102982044,0.0005389872821979225
0.2110646367073059,0.2082570195198059,0.009650325402617455,0.0022463956847786903,0.5437396168708801,0.012799253687262535,0.012242811731994152
0.03486714884638786,0.02960074320435524,0.019438588991761208,0.004285486880689859,0.8936812877655029,0.004604544956237078,0.013522163964807987
0.1329169124364853,0.2762299180030823,0.034727271646261215,0.012442759238183498,0.46643930673599243,0.07040247321128845,0.006841426249593496
0.018228530883789062,0.9398548007011414,0.020126748830080032,0.0009151828708127141,0.013813230209052563,0.005769242998212576,0.0012923970352858305
0.45052263140678406,0.39581623673439026,0.02451579086482525,0.0025117266923189163,0.10340897738933563,0.020543456077575684,0.0026810828130692244
0.5569718480110168,0.25434815883636475,0.046240292489528656,0.0013172186445444822,0.07396602630615234,0.06460163742303848,0.00255473586730659
0.17871129512786865,0.0099177910014987,0.7925393581390381,0.001096579828299582,0.009332897141575813,0.006223379168659449,0.002178618684411049
0.3279772102832794,0.5080791115760803,0.02331392467021942,0.0014099295949563384,0.03898243233561516,0.09561415761709213,0.004623276647180319
0.02235107682645321,0.056687548756599426,0.0027233590371906757,0.07050534337759018,0.8154101967811584,0.02435419149696827,0.00796829629689455
0.012415414676070213,0.02465187758207321,0.9350066184997559,0.0015685292892158031,0.013517769984900951,0.010451831854879856,0.0023879269137978554
0.9322548508644104,0.0374663770198822,0.007521114312112331,0.0008616730920039117,0.01541484147310257,0.0038654357194900513,0.0026156140957027674
0.0654851421713829,0.029191937297582626,0.6168829202651978,0.002902576932683587,0.07683758437633514,0.20522956550121307,0.003470194758847356
0.13169515132904053,0.7408769726753235,0.009183250367641449,0.0009653191082179546,0.04895443469285965,0.05639632046222687,0.011928576976060867
0.7334843277931213,0.16487984359264374,0.009859022684395313,0.0012382871937006712,0.05468122661113739,0.034510497003793716,0.001346838311292231
0.2621120810508728,0.504030168056488,0.007120498456060886,0.001486020628362894,0.029742727056145668,0.19329224526882172,0.0022162990644574165
0.0967160165309906,0.7517748475074768,0.008492867462337017,0.0006948408554308116,0.04342484101653099,0.09712090343236923,0.001775782206095755
0.02734530344605446,0.08992420881986618,0.03520979732275009,0.0059328568167984486,0.8105520009994507,0.01765691302716732,0.013378849253058434
0.8469381332397461,0.12215656787157059,0.006344107910990715,0.0008371375733986497,0.01817564107477665,0.004334637895226479,0.0012136796722188592
0.3066132366657257,0.6553716659545898,0.009435204789042473,0.0014017954235896468,0.01173628494143486,0.014210100285708904,0.0012316927313804626
0.327090859413147,0.3331298530101776,0.1532236635684967,0.001490302151069045,0.1449720412492752,0.03260916844010353,0.00748407281935215
0.008080214262008667,0.6763086318969727,0.04343610629439354,0.0027519383002072573,0.18238282203674316,0.07881023734807968,0.008229988627135754
0.005029845051467419,0.005305585451424122,0.0018744919216260314,0.055302899330854416,0.8075779676437378,0.013968122191727161,0.11094110459089279
0.0042080651037395,0.004226864315569401,0.0022391267120838165,0.00899664405733347,0.9542826414108276,0.0033955308608710766,0.022651243954896927
0.006675481330603361,0.0050681522116065025,0.003237013937905431,0.009889126755297184,0.8880476355552673,0.016449274495244026,0.07063328474760056
