anger,disgust,fear,joy,neutral,sadness,surprise
0.007521696854382753,0.004020554479211569,0.00631856732070446,0.03270003944635391,0.8963891863822937,0.007894531823694706,0.04515537619590759
0.007648111321032047,0.015996024012565613,0.0426810160279274,0.01369067095220089,0.7165774703025818,0.013248265720903873,0.190158411860466
0.01990368589758873,0.13073846697807312,0.10824761539697647,0.40545186400413513,0.274357408285141,0.04861307144165039,0.01268785260617733
0.022781899198889732,0.7915559411048889,0.024245483800768852,0.042073167860507965,0.09569212794303894,0.0140894940122962,0.009561946615576744
0.8610849976539612,0.10210949182510376,0.001818054704926908,0.0010945263784378767,0.015104882419109344,0.01721678487956524,0.001571336411871016
0.13521669805049896,0.0698675885796547,0.009061714634299278,0.01117048691958189,0.5068890452384949,0.25759556889533997,0.010198919102549553
0.023589864373207092,0.00731617258861661,0.00250910222530365,0.06440819054841995,0.07504871487617493,0.0112422164529562,0.8158857822418213
0.010463086888194084,0.0031062541529536247,0.04235738515853882,0.726342499256134,0.14990969002246857,0.007739521563053131,0.06008153781294823
0.3655228316783905,0.42747634649276733,0.04948902875185013,0.001053299056366086,0.03764979913830757,0.1157107949256897,0.0030977996066212654
0.005156456492841244,0.09629800915718079,0.003864505561068654,0.004233232699334621,0.052538659423589706,0.8347882032394409,0.0031210046727210283
0.1869480311870575,0.21620695292949677,0.004276927560567856,0.020693492144346237,0.5348837375640869,0.032553669065237045,0.004437210038304329
0.0057493154890835285,0.0697813481092453,0.009700087830424309,0.001579513307660818,0.056956697255373,0.8536867499351501,0.0025462384801357985
0.021254466846585274,0.03115713782608509,0.8924004435539246,0.0008973869844339788,0.028656337410211563,0.017254149541258812,0.008380024693906307
0.15549378097057343,0.1348639279603958,0.05662890896201134,0.004110526293516159,0.4740063548088074,0.007043704856187105,0.1678527444601059
0.2838380038738251,0.028500305488705635,0.09685975313186646,0.013148949481546879,0.06592626869678497,0.008211039938032627,0.5035156607627869
0.2723970413208008,0.137089803814888,0.007018278818577528,0.08452940732240677,0.47902148962020874,0.013671881519258022,0.006272039841860533
0.022055931389331818,0.20331598818302155,0.5637767314910889,0.037257563322782516,0.1247742623090744,0.010060681030154228,0.03875885158777237
0.0437355637550354,0.4074538052082062,0.009616796858608723,0.014862610027194023,0.5003799796104431,0.0087262112647295,0.015225018374621868
0.39711761474609375,0.5314744114875793,0.0047104679979383945,0.0008448674343526363,0.050063978880643845,0.012191381305456161,0.00359735987149179
0.5853339433670044,0.2530790865421295,0.0020754055585712194,0.005437958985567093,0.12630166113376617,0.022272754460573196,0.005499159451574087
0.0398140549659729,0.5573237538337708,0.002480648923665285,0.07281655818223953,0.3079564869403839,0.01506991870701313,0.0045386189594864845
0.004795577377080917,0.05267969146370888,0.82501220703125,0.011443033814430237,0.050659049302339554,0.04195613041520119,0.013454333879053593
0.9646834135055542,0.008846634067595005,0.0156854297965765,0.0005523702129721642,0.006431872025132179,0.0015857546823099256,0.002214593579992652
0.023041194304823875,0.006701504345983267,0.9445077776908875,0.0011141184950247407,0.018069904297590256,0.004221967421472073,0.0023435307666659355
0.008322895504534245,0.11275191605091095,0.0018667270196601748,0.20779576897621155,0.6435441374778748,0.01689651608467102,0.008822062984108925
0.021707989275455475,0.04712748900055885,0.0029875750187784433,0.601095974445343,0.2683956027030945,0.055375631898641586,0.003309745341539383
0.019532635807991028,0.04302636533975601,0.015140701085329056,0.09079781174659729,0.8095263838768005,0.0070624579675495625,0.014913612976670265
0.11200917512178421,0.09645073115825653,0.029832065105438232,0.0026238553691655397,0.606689453125,0.13544242084026337,0.01695232093334198
0.08026710152626038,0.007087296806275845,0.5361563563346863,0.002512037055566907,0.014966226182878017,0.024374162778258324,0.33463674783706665
0.015231371857225895,0.7012245059013367,0.1473078727722168,0.011591443791985512,0.09765506535768509,0.004763496574014425,0.02222624607384205
0.6099377274513245,0.2587588429450989,0.03943057730793953,0.0008134339586831629,0.019719555974006653,0.06761622428894043,0.0037237191572785378
0.04486826807260513,0.055523522198200226,0.009382420219480991,0.0035967116709798574,0.14747831225395203,0.7276811599731445,0.011469613760709763
0.34222036600112915,0.12218814343214035,0.019685018807649612,0.007477396633476019,0.37673354148864746,0.1275923103094101,0.004103223327547312
0.7399083375930786,0.08600026369094849,0.019502080976963043,0.006360494997352362,0.11642105132341385,0.03004988096654415,0.001757966005243361
0.15830253064632416,0.430681049823761,0.05482577532529831,0.004727490246295929,0.242196723818779,0.10545522719621658,0.0038113072514533997
0.06998690217733383,0.2847667932510376,0.007673335261642933,0.023166771978139877,0.34168463945388794,0.26401299238204956,0.008708564564585686
0.03290211036801338,0.07499530166387558,0.0033338700886815786,0.03339020907878876,0.8416399955749512,0.009244280867278576,0.004494198597967625
0.1804170310497284,0.3836127519607544,0.22063115239143372,0.002663362305611372,0.18427106738090515,0.02508261241018772,0.0033220499753952026
0.13470427691936493,0.7693319916725159,0.05301358550786972,0.0009493564139120281,0.02106494829058647,0.018371470272541046,0.002564417663961649
0.0654606968164444,0.2992977499961853,0.016351968050003052,0.008801963180303574,0.5528945922851562,0.03615635260939598,0.021036697551608086
0.013553590513765812,0.01192715298384428,0.0016686487942934036,0.011391839943826199,0.9410120844841003,0.012049341574311256,0.008397388271987438
0.006479742471128702,0.017458712682127953,0.055231425911188126,0.009240041486918926,0.3448295295238495,0.5379942655563354,0.02876630797982216
0.6468389630317688,0.25450941920280457,0.009324456565082073,0.0019688857719302177,0.057143960148096085,0.02904731221497059,0.0011669440427795053
0.0035601272247731686,0.012919966131448746,0.007715129293501377,0.0008901192923076451,0.01382596418261528,0.9550474882125854,0.006041198968887329
0.024137496948242188,0.049327097833156586,0.009737254120409489,0.0038932268507778645,0.8809062838554382,0.02033570036292076,0.01166294701397419
0.8601151704788208,0.0665581077337265,0.0018122416222468019,0.0011118043912574649,0.04918869584798813,0.019442610442638397,0.0017712472472339869
0.012507036328315735,0.027566878125071526,0.00375695270486176,0.24920429289340973,0.6718652248382568,0.026307590305805206,0.008792003616690636
0.7375827431678772,0.042005088180303574,0.07712303847074509,0.0018042792798951268,0.041318491101264954,0.09744526445865631,0.002721119439229369
0.4261203706264496,0.09473664313554764,0.05326811969280243,0.0034312789794057608,0.11767531931400299,0.2990720570087433,0.00569624500349164
0.1609698086977005,0.1408115029335022,0.08847689628601074,0.009093339554965496,0.47645053267478943,0.114590585231781,0.009607374668121338
0.06412523239850998,0.14306914806365967,0.014033617451786995,0.0039946455508470535,0.08025605976581573,0.690589427947998,0.003931851591914892
0.19980566203594208,0.4088229835033417,0.020780660212039948,0.0024098276626318693,0.3358432948589325,0.025328513234853745,0.007009086199104786
0.4408838152885437,0.11675126850605011,0.09671042859554291,0.0066378614865243435,0.3074711263179779,0.027259310707449913,0.004286172799766064
0.47061601281166077,0.42005079984664917,0.003481042804196477,0.001515453215688467,0.0750247985124588,0.024067534133791924,0.005244296044111252
0.11676399409770966,0.13853886723518372,0.01622603088617325,0.025954779237508774,0.5898327231407166,0.10499434918165207,0.007689271122217178
0.33629757165908813,0.6015711426734924,0.035365596413612366,0.0009054715046659112,0.012920304201543331,0.0117072444409132,0.001232743845321238
0.08491914719343185,0.2497507631778717,0.011929986998438835,0.014143410138785839,0.6102677583694458,0.026455597952008247,0.0025333771482110023
0.04662654921412468,0.11285044997930527,0.0035768377128988504,0.5611315369606018,0.24208170175552368,0.02988893911242485,0.003844027640298009
0.5038282871246338,0.4448028802871704,0.008548158220946789,0.0010458227479830384,0.014616671949625015,0.025670994073152542,0.0014871688326820731
0.012051090598106384,0.01844760589301586,0.006556377280503511,0.7065443992614746,0.2220287024974823,0.030963510274887085,0.003408339573070407
0.005120565649122,0.009554426185786724,0.0028425618074834347,0.48484355211257935,0.4305308163166046,0.03851241245865822,0.028595566749572754
