anger,disgust,fear,joy,neutral,sadness,surprise
0.3921608626842499,0.07257116585969925,0.2264089435338974,0.00400954857468605,0.19865535199642181,0.0778023824095726,0.028391731902956963
0.015082941390573978,0.348650187253952,0.011681071482598782,0.003769667586311698,0.45786356925964355,0.12643824517726898,0.03651426360011101
0.008733769878745079,0.15085728466510773,0.0036781078670173883,0.0026247964706271887,0.09360772371292114,0.7359641194343567,0.0045341430231928825
0.039825744926929474,0.34590616822242737,0.0443386547267437,0.0014825485413894057,0.21036571264266968,0.3416076600551605,0.016473514959216118
0.03879592567682266,0.06532341986894608,0.06290804594755173,0.004173863213509321,0.5685626268386841,0.2416384369134903,0.018597673624753952
0.0096237538382411,0.044703975319862366,0.007308300118893385,0.2350396364927292,0.6715062260627747,0.012162468396127224,0.01965564489364624
0.3194027543067932,0.153084859251976,0.037639833986759186,0.00837031565606594,0.4565839469432831,0.018841158598661423,0.006077265832573175
0.03757163882255554,0.10246457159519196,0.019136423245072365,0.009258884005248547,0.7778774499893188,0.03852599859237671,0.015165005810558796
0.017374685034155846,0.007916933856904507,0.007951468229293823,0.04112526401877403,0.6015923023223877,0.0057198666036129,0.31831949949264526
0.11570218950510025,0.34707894921302795,0.09543146938085556,0.002951465081423521,0.13999001681804657,0.26964321732521057,0.029202640056610107
0.06709392368793488,0.8638980388641357,0.0031551336869597435,0.001240392099134624,0.05298622325062752,0.01026133168488741,0.0013650612672790885
0.030521664768457413,0.41769424080848694,0.04375595971941948,0.005311353597790003,0.42417770624160767,0.044129837304353714,0.0344093032181263
0.653616726398468,0.2820001244544983,0.024931399151682854,0.0023503354750573635,0.023505285382270813,0.010196329094469547,0.003399769775569439
0.46712660789489746,0.24175772070884705,0.014590385369956493,0.003286824794486165,0.26249900460243225,0.003420413937419653,0.007319014985114336
0.016767576336860657,0.008095401339232922,0.6517941355705261,0.010523767210543156,0.2568341791629791,0.051695797592401505,0.004289168398827314
0.03099704533815384,0.04873855412006378,0.004933624994009733,0.07436391711235046,0.7984618544578552,0.037595875561237335,0.004909110721200705
0.17831197381019592,0.04015884920954704,0.005090821534395218,0.05919730290770531,0.6172367334365845,0.09080805629491806,0.00919625535607338
0.18368996679782867,0.007738249376416206,0.7826404571533203,0.0017038757214322686,0.017040081322193146,0.004283212125301361,0.002904135501012206
0.060910265892744064,0.02245350368320942,0.004052792675793171,0.010588288307189941,0.8896151185035706,0.008047598414123058,0.004332331009209156
0.004635761491954327,0.0037257932126522064,0.0037602598313242197,0.0021452843211591244,0.007158361375331879,0.0010476021561771631,0.9775269031524658
0.6014324426651001,0.024113979190587997,0.013616075739264488,0.0034647262655198574,0.16997112333774567,0.011168385855853558,0.17623329162597656
0.042531948536634445,0.054607439786195755,0.004836495034396648,0.005987497977912426,0.5023297071456909,0.2875845432281494,0.10212234407663345
0.22129371762275696,0.2181520164012909,0.005471508949995041,0.012814437039196491,0.49466976523399353,0.04539714753627777,0.0022014849819242954
0.011566618457436562,0.006216194946318865,0.0014447654830291867,0.5867388844490051,0.3683319687843323,0.00879462156444788,0.016906971111893654
