anger,disgust,fear,joy,neutral,sadness,surprise
0.013513786718249321,0.005110605154186487,0.013344941660761833,0.6122272610664368,0.1636061817407608,0.11315352469682693,0.07904371619224548
0.01659402996301651,0.039539068937301636,0.016573311761021614,0.13963918387889862,0.6781076192855835,0.10229578614234924,0.007250938564538956
0.0037371362559497356,0.014585776254534721,0.0018851525383070111,0.4438484013080597,0.08944283425807953,0.44278669357299805,0.0037139749620109797
0.11971607804298401,0.0635286495089531,0.013629008084535599,0.047133948653936386,0.7399066686630249,0.01332141738384962,0.0027641805354505777
0.06305894255638123,0.8190911412239075,0.030231909826397896,0.0011146795004606247,0.018974076956510544,0.06657379120588303,0.0009555085562169552
0.00275288219563663,0.0010836856672540307,0.9600012302398682,0.0011484434362500906,0.005302932113409042,0.027420658618211746,0.002290239790454507
0.8568899631500244,0.03475216403603554,0.006959095131605864,0.0036617510486394167,0.022031158208847046,0.07142302393913269,0.004282801412045956
0.004681246820837259,0.0014757796889171004,0.0021885507740080357,0.7343398928642273,0.06112654507160187,0.04692476615309715,0.1492632031440735
0.010739284567534924,0.016545049846172333,0.0031211443711072206,0.6335099935531616,0.2530040144920349,0.05066351220011711,0.03241696581244469
0.007284423802047968,0.9282951951026917,0.046179335564374924,0.0014587324112653732,0.010345465503633022,0.004335553385317326,0.002101287944242358
0.04529526084661484,0.24521967768669128,0.013560392893850803,0.020922979339957237,0.6099647283554077,0.03300869092345238,0.03202821686863899
0.1973317712545395,0.13071729242801666,0.0168031994253397,0.07250025868415833,0.2936864197254181,0.2754368484020233,0.013524184934794903
0.40444403886795044,0.34118422865867615,0.006929965689778328,0.0031989216804504395,0.0390036404132843,0.20395687222480774,0.0012824265286326408
0.05369075760245323,0.13334302604198456,0.003264198312535882,0.06329695135354996,0.6770517230033875,0.06501982361078262,0.004333416000008583
0.2783234119415283,0.09651625901460648,0.01741933263838291,0.0239602942019701,0.5164610147476196,0.0645742192864418,0.002745444420725107
0.040453918278217316,0.022094670683145523,0.2102973312139511,0.00553483609110117,0.02361978217959404,0.004103093408048153,0.6938963532447815
0.309155136346817,0.40977147221565247,0.003014418063685298,0.006003599613904953,0.21737957000732422,0.04819537699222565,0.006480420008301735
0.014921466819941998,0.020601321011781693,0.001071019796654582,0.7872522473335266,0.14180819690227509,0.031119810417294502,0.003225945634767413
