anger,disgust,fear,joy,neutral,sadness,surprise
0.14671194553375244,0.08137406408786774,0.006613862235099077,0.002844182075932622,0.027453066781163216,0.7294673323631287,0.005535561125725508
0.03372909873723984,0.08465956151485443,0.0017327184323221445,0.09887516498565674,0.7582139372825623,0.019393695518374443,0.0033958416897803545
0.006175894755870104,0.006123536732047796,0.0015399693511426449,0.006422031205147505,0.9604811668395996,0.007706580217927694,0.01155092753469944
0.06836622208356857,0.01621175743639469,0.45452430844306946,0.006557933054864407,0.3982166051864624,0.042150452733039856,0.013972708024084568
0.25947365164756775,0.6915994882583618,0.006069607567042112,0.0016206387663260102,0.027542266994714737,0.010899802669882774,0.002794562140479684
0.010583887808024883,0.0074785188771784306,0.006263945251703262,0.08622412383556366,0.8763154745101929,0.007652271073311567,0.005481834057718515
0.9731265902519226,0.014515641145408154,0.0025081876665353775,0.0004116727504879236,0.004867649637162685,0.0024609207175672054,0.0021093590185046196
0.43521103262901306,0.3340913951396942,0.009050809778273106,0.008981334045529366,0.15878841280937195,0.041094861924648285,0.012782184407114983
0.11767780780792236,0.27453312277793884,0.006375268567353487,0.0018494845135137439,0.05494414269924164,0.5403906106948853,0.0042295088060200214
0.013869859278202057,0.0043546040542423725,0.9388200640678406,0.0007025688537396491,0.003869420848786831,0.03638577461242676,0.001997722778469324
0.045052338391542435,0.041786078363657,0.0016725780442357063,0.0326719731092453,0.8314547538757324,0.03767106682062149,0.009691130369901657
0.529116153717041,0.37072136998176575,0.004648714791983366,0.0033570018131285906,0.06760216504335403,0.01992475800216198,0.0046298005618155
0.12221337854862213,0.4872340261936188,0.007602812256664038,0.0035571272019296885,0.3622419238090515,0.013943993486464024,0.003206922672688961
0.047619596123695374,0.00614198949187994,0.008511512540280819,0.027553746476769447,0.8933738470077515,0.010356470011174679,0.006442829500883818
0.6730440258979797,0.12748882174491882,0.008777335286140442,0.00759087922051549,0.11208020150661469,0.0691261887550354,0.0018926390912383795
0.008248292841017246,0.014874985441565514,0.0010186651488766074,0.5908268690109253,0.35818326473236084,0.02179698832333088,0.005050950683653355
