anger,disgust,fear,joy,neutral,sadness,surprise
0.00242914748378098,0.002632926916703582,0.0005850597517564893,0.9188842177391052,0.05887096747756004,0.013579211197793484,0.003018595278263092
0.2006336748600006,0.16589851677417755,0.2809203565120697,0.004542604088783264,0.28146448731422424,0.008011926896870136,0.058528464287519455
0.026459531858563423,0.018261151388287544,0.06764374673366547,0.002933775307610631,0.8579208850860596,0.016855355352163315,0.009925530292093754
0.007801362778991461,0.0302400104701519,0.015189618803560734,0.011411705054342747,0.5500510334968567,0.016208073124289513,0.3690982460975647
0.2276555597782135,0.49836114048957825,0.031095528975129128,0.0025410731323063374,0.20872372388839722,0.017042582854628563,0.01458039227873087
0.037873171269893646,0.030009392648935318,0.00424087792634964,0.0085500068962574,0.902280867099762,0.0123781468719244,0.004667524714022875
0.004445549566298723,0.02259288914501667,0.005289806518703699,0.05641036853194237,0.8616283535957336,0.01566402055323124,0.033969029784202576
0.12907889485359192,0.25225216150283813,0.3945082128047943,0.0026633176021277905,0.16466544568538666,0.013687821105122566,0.04314415529370308
0.0065375384874641895,0.0014190073125064373,0.9803798198699951,0.0008664127090014517,0.0051239230670034885,0.00199534697458148,0.0036779935471713543
0.010757189244031906,0.0063649751245975494,0.012862950563430786,0.00957910530269146,0.8414188027381897,0.08880147337913513,0.030215539038181305
0.005122662056237459,0.005243522115051746,0.002666038926690817,0.003559364238753915,0.9677745699882507,0.007925777696073055,0.007708029821515083
0.005947534926235676,0.011820395477116108,0.014605633914470673,0.037532974034547806,0.7610555291175842,0.16466988623142242,0.004368038382381201
0.02655932307243347,0.0729643777012825,0.016269871965050697,0.0031894210260361433,0.470600962638855,0.005442447494715452,0.404973566532135
0.00499502569437027,0.0011974492808803916,0.9675540924072266,0.004953789059072733,0.01616566628217697,0.0018249884014949203,0.0033089839853346348
0.14300136268138885,0.13642191886901855,0.04886014387011528,0.002605319255962968,0.3553946912288666,0.26790663599967957,0.04580984637141228
0.32308581471443176,0.06596125662326813,0.2930932343006134,0.003690888872370124,0.19067057967185974,0.04477088525891304,0.0787273496389389
0.017229214310646057,0.012633475475013256,0.03593669459223747,0.017693350091576576,0.8033838272094727,0.013634437695145607,0.09948903322219849
0.8177879452705383,0.043528053909540176,0.05944214016199112,0.0017931467154994607,0.06613273173570633,0.004205750767141581,0.007110137492418289
0.47068101167678833,0.2887885570526123,0.007069792598485947,0.00391192315146327,0.101515032351017,0.11890685558319092,0.009126880206167698
0.00406179903075099,0.010254286229610443,0.0024658001493662596,0.006689941510558128,0.1687726229429245,0.7758256196975708,0.031929947435855865
0.01465298980474472,0.03693803399801254,0.05283299461007118,0.012884373776614666,0.8110863566398621,0.050620466470718384,0.020984845235943794
