anger,disgust,fear,joy,neutral,sadness,surprise
0.00512678362429142,0.002275380538776517,0.005643459502607584,0.19289247691631317,0.655372142791748,0.04149805009365082,0.0971916913986206
0.008581837639212608,0.0017758678877726197,0.001483130268752575,0.5264009237289429,0.24545803666114807,0.087216816842556,0.12908335030078888
0.09305713325738907,0.8006430864334106,0.0030954633839428425,0.002631703158840537,0.0213914904743433,0.07706364244222641,0.0021175420843064785
0.22456683218479156,0.1316840499639511,0.3104836940765381,0.001906707533635199,0.040754351764917374,0.272488534450531,0.018115777522325516
0.011629252694547176,0.004510305356234312,0.011037888936698437,0.16451020538806915,0.7781383395195007,0.011209497228264809,0.01896459050476551
0.02275480329990387,0.033933982253074646,0.006870654411613941,0.02760407142341137,0.831642746925354,0.04134481027722359,0.03584885969758034
0.011416015215218067,0.00886344164609909,0.2664543092250824,0.3996504247188568,0.18728689849376678,0.013283545151352882,0.1130453497171402
0.039628032594919205,0.15456439554691315,0.2033463418483734,0.005815460346639156,0.5471190810203552,0.045461758971214294,0.004065033048391342
0.12947648763656616,0.28663983941078186,0.01863938756287098,0.0019047592068091035,0.31782934069633484,0.04333638399839401,0.20217382907867432
0.32999366521835327,0.010517677292227745,0.6129559278488159,0.002282452769577503,0.03230217099189758,0.006943623069673777,0.005004465114325285
0.047887980937957764,0.004574349150061607,0.025019323453307152,0.07421811670064926,0.35839077830314636,0.4175678789615631,0.07234153896570206
0.47283124923706055,0.021942345425486565,0.02446717396378517,0.05580971762537956,0.3667076528072357,0.041080161929130554,0.01716173253953457
0.13951602578163147,0.09080647677183151,0.006256767548620701,0.012278477661311626,0.7258164882659912,0.023543430492281914,0.001782335457392037
0.03257549926638603,0.04195031523704529,0.16921205818653107,0.007215462159365416,0.6497038006782532,0.007040022872388363,0.09230273962020874
0.11730127036571503,0.12601466476917267,0.002923589665442705,0.40265801548957825,0.31089696288108826,0.0251828171312809,0.015022622421383858
0.6859622597694397,0.058242060244083405,0.07710421085357666,0.007392706349492073,0.12882117927074432,0.035640548914670944,0.006836998742073774
0.17088961601257324,0.619604229927063,0.01680169068276882,0.0035013214219361544,0.09808894991874695,0.0853382870554924,0.00577585818246007
0.9308809041976929,0.013196950778365135,0.006437067873775959,0.0006982535123825073,0.032920952886343,0.008031132631003857,0.007834882475435734
0.0073053427040576935,0.0017053404590114951,0.0014902023831382394,0.2815890908241272,0.5689059495925903,0.014022394083440304,0.12498167902231216
0.008387659676373005,0.0022675844375044107,0.0012304240372031927,0.05397334694862366,0.8518190383911133,0.011665446683764458,0.07065655291080475
0.054077666252851486,0.007187691051512957,0.025027230381965637,0.02838730253279209,0.8288618922233582,0.011027376167476177,0.045430853962898254
0.297031044960022,0.056204892694950104,0.07871884107589722,0.004449666012078524,0.47790107131004333,0.05703216418623924,0.028662465512752533
0.06573794037103653,0.0558030940592289,0.0026628158520907164,0.2313806563615799,0.623649537563324,0.014755265787243843,0.0060107167810201645
0.03775934502482414,0.17682936787605286,0.017092540860176086,0.004978311713784933,0.7147794365882874,0.026330165565013885,0.022230828180909157
0.15738625824451447,0.26521530747413635,0.00973803736269474,0.0056190514005720615,0.5117149353027344,0.04846452549099922,0.0018619501497596502
0.012136214412748814,0.008784731850028038,0.0011460913810878992,0.16069269180297852,0.11925255507230759,0.6809598207473755,0.017027895897626877
