anger,disgust,fear,joy,neutral,sadness,surprise
0.06707271933555603,0.07941403985023499,0.011365270242094994,0.08026979118585587,0.6965416073799133,0.044849853962659836,0.02048669382929802
0.011899014003574848,0.04124205932021141,0.0020566170569509268,0.7887076139450073,0.09496381878852844,0.05296837165951729,0.00816245749592781
0.02229410409927368,0.09567960351705551,0.0015564783243462443,0.08690544962882996,0.7690477967262268,0.014907950535416603,0.009608582593500614
0.01153032947331667,0.03757796064019203,0.0015306134009733796,0.0034111407585442066,0.9229825139045715,0.008196566253900528,0.01477086916565895
0.013111261650919914,0.01212071068584919,0.0013181879185140133,0.5214494466781616,0.2946802079677582,0.1359594613313675,0.02136070281267166
0.21620620787143707,0.5265360474586487,0.003381945425644517,0.003066472476348281,0.22271382808685303,0.02319471724331379,0.004900800064206123
0.09601527452468872,0.5350238680839539,0.004061865154653788,0.005664280615746975,0.21067866683006287,0.14350685477256775,0.005049154162406921
0.002135664690285921,0.002517963293939829,0.0015397095121443272,0.8032153248786926,0.11047176271677017,0.06109926104545593,0.01902030222117901
0.057637933641672134,0.1802409142255783,0.012074574828147888,0.010643787682056427,0.28867682814598083,0.4315297305583954,0.019196201115846634
0.032628171145915985,0.20689967274665833,0.0033871554769575596,0.16675052046775818,0.5726888179779053,0.01044689305126667,0.00719869090244174
0.006828721147030592,0.0036951203364878893,0.016842899844050407,0.496563196182251,0.3298514783382416,0.12245103716850281,0.02376759611070156
0.015600621700286865,0.012822145596146584,0.0019912151619791985,0.0044900598004460335,0.021003825590014458,0.9409204721450806,0.003171570599079132
0.3555898666381836,0.3755407929420471,0.0024261213839054108,0.0027277537155896425,0.030384251847863197,0.23025695979595184,0.003074181731790304
0.013478653505444527,0.11696643382310867,0.004148253705352545,0.07366938143968582,0.7612611055374146,0.012254413217306137,0.01822173409163952
0.005077611654996872,0.009887618012726307,0.006749548017978668,0.1161855012178421,0.7168971300125122,0.1191394180059433,0.026063140481710434
0.8934556841850281,0.047124993056058884,0.013445750810205936,0.001455385354347527,0.03286394476890564,0.008501056581735611,0.0031531702261418104
0.010264450684189796,0.01124383695423603,0.00883621908724308,0.0038845455273985863,0.032128848135471344,0.9248704314231873,0.008771758526563644
0.09476108103990555,0.4685457646846771,0.0029097909573465586,0.0029067012947052717,0.14504829049110413,0.27986302971839905,0.005965403746813536
0.0044491165317595005,0.0009318622760474682,0.0004948838031850755,0.929226279258728,0.01972126215696335,0.0035115214996039867,0.04166511818766594
0.03830311819911003,0.20479433238506317,0.011663421988487244,0.08042783290147781,0.583784282207489,0.07624562829732895,0.004781363997608423
0.025414736941456795,0.013216330669820309,0.0016851164400577545,0.0865362137556076,0.8585594892501831,0.002980712801218033,0.011607449501752853
0.9454781413078308,0.01980852708220482,0.0017533957725390792,0.0009819212136790156,0.020308541133999825,0.00703859981149435,0.004630927927792072
0.004885638598352671,0.0016345164040103555,0.03704234957695007,0.05247674882411957,0.015104340389370918,0.14835356175899506,0.7405028343200684
0.004831420257687569,0.0020104434806853533,0.03691934794187546,0.0028822848107665777,0.00871816836297512,0.0016157864592969418,0.9430225491523743
0.7389644980430603,0.07445740699768066,0.0037668736185878515,0.0038298361469060183,0.018528234213590622,0.15758778154850006,0.0028652299661189318
0.9316383600234985,0.030561070889234543,0.0030393246561288834,0.0010126243578270078,0.023101553320884705,0.008054150268435478,0.002592753153294325
0.009081551805138588,0.013765123672783375,0.002524582203477621,0.003029447980225086,0.022313622757792473,0.9447171092033386,0.0045685796067118645
0.9823477268218994,0.006970549467951059,0.0016143674729391932,0.00035379675682634115,0.005341107491403818,0.0015504253096878529,0.001821971614845097
0.006844741757959127,0.003115864936262369,0.0021345007698982954,0.0739012360572815,0.8295228481292725,0.02780810184776783,0.056672729551792145
0.9307209253311157,0.03771456703543663,0.002710935892537236,0.0010490179993212223,0.01786041259765625,0.006963773630559444,0.0029803565703332424
0.05710514634847641,0.26686355471611023,0.0013339014258235693,0.12036319822072983,0.53333979845047,0.008623183704912663,0.012371308170258999
0.4987083673477173,0.11415186524391174,0.007325435988605022,0.001804357161745429,0.15850502252578735,0.19972561299800873,0.019779378548264503
0.018700797110795975,0.007962209172546864,0.0038755505811423063,0.021798091009259224,0.7580979466438293,0.009756841696798801,0.17980849742889404
0.585122287273407,0.33753499388694763,0.004783454351127148,0.0028912650886923075,0.05037246644496918,0.01634722389280796,0.002948308363556862
0.01281573437154293,0.24096307158470154,0.016486408188939095,0.161525160074234,0.5326056480407715,0.013863650150597095,0.02174036018550396
0.10450152307748795,0.5920479893684387,0.03389013558626175,0.018631918355822563,0.18424351513385773,0.04545488953590393,0.021230001002550125
0.4115849733352661,0.3500308692455292,0.0035664222668856382,0.007386384066194296,0.15424534678459167,0.049164995551109314,0.02402096427977085
0.07377764582633972,0.04784207046031952,0.2680787146091461,0.009090187028050423,0.45471805334091187,0.027667894959449768,0.11882544308900833
0.0072958278469741344,0.13407576084136963,0.010590896010398865,0.0020600680727511644,0.04227536916732788,0.7994413375854492,0.004260690417140722
0.014358201995491982,0.07436743378639221,0.7730851769447327,0.003146498929709196,0.025381840765476227,0.05189089849591255,0.05776992067694664
0.015829797834157944,0.026542749255895615,0.0012853232910856605,0.0033145034685730934,0.06336627900600433,0.88036048412323,0.009300844743847847
0.02629292570054531,0.0050789471715688705,0.017437996342778206,0.281372606754303,0.5448364019393921,0.06398017704486847,0.061000946909189224
0.07566606253385544,0.0156196728348732,0.006125990301370621,0.0661480724811554,0.5210462212562561,0.14967070519924164,0.16572336852550507
0.04734509438276291,0.07529576122760773,0.006738476455211639,0.003743591019883752,0.6163727045059204,0.235001802444458,0.015502627938985825
0.013912242837250233,0.004954287316650152,0.0010755949188023806,0.11873511970043182,0.5200148820877075,0.14181718230247498,0.19949060678482056
0.042357198894023895,0.17876757681369781,0.0010890909470617771,0.5897017121315002,0.1466987580060959,0.038488440215587616,0.002897254889830947
0.004718766547739506,0.004988939501345158,0.006124894134700298,0.3218393921852112,0.04044744744896889,0.6175282597541809,0.004352262709289789
