anger,disgust,fear,joy,neutral,sadness,surprise
0.07561342418193817,0.0130500178784132,0.06397049129009247,0.06000818312168121,0.05063909292221069,0.7194255590438843,0.017293155193328857
0.017562109977006912,0.011563051491975784,0.8150347471237183,0.022872691974043846,0.11253912001848221,0.015047376044094563,0.005380894057452679
0.024655262008309364,0.7935423851013184,0.13691309094429016,0.0009858126286417246,0.02773520164191723,0.007042357232421637,0.00912588369101286
0.0027268915437161922,0.0047484952956438065,0.00814129039645195,0.009567279368638992,0.05931873247027397,0.8616212010383606,0.05387609079480171
0.018380243331193924,0.7857040762901306,0.017043473199009895,0.000892303534783423,0.057172395288944244,0.11209402978420258,0.008713499642908573
0.12928573787212372,0.38671842217445374,0.20699678361415863,0.004226595163345337,0.2388414889574051,0.03180326148867607,0.002127745421603322
0.024729762226343155,0.022566188126802444,0.011220159009099007,0.0008449259912595153,0.04942327365279198,0.8865704536437988,0.004645292181521654
0.01576438918709755,0.03468502685427666,0.004387896973639727,0.005540847312659025,0.7671217918395996,0.15879441797733307,0.01370557677000761
0.5837644934654236,0.037970736622810364,0.034724362194538116,0.003077177796512842,0.2886977791786194,0.03979681804776192,0.011968580074608326
0.46275484561920166,0.10013424605131149,0.041246313601732254,0.0032848548144102097,0.3688732087612152,0.0211812574416399,0.0025253293570131063
0.0025430622044950724,0.006737239193171263,0.005490772891789675,0.9282869696617126,0.015528151765465736,0.03842340037226677,0.002990339184179902
0.11147632449865341,0.1166028082370758,0.649264395236969,0.002358461730182171,0.0902966782450676,0.022856974974274635,0.0071443538181483746
0.011167490854859352,0.014391078613698483,0.8650967478752136,0.00431341165676713,0.08717963099479675,0.005571675952523947,0.012280070222914219
0.5264292359352112,0.17271755635738373,0.1491074562072754,0.0023867757990956306,0.07472022622823715,0.06958091259002686,0.005057885777205229
0.18416795134544373,0.7491141557693481,0.003658211324363947,0.0010854830034077168,0.034719694405794144,0.025053007528185844,0.0022015408612787724
0.2906501889228821,0.3184741735458374,0.22774139046669006,0.017052074894309044,0.1297280639410019,0.012820390984416008,0.0035336087457835674
0.00862310640513897,0.008194615133106709,0.005076234228909016,0.0037432461977005005,0.9440727829933167,0.017816321924328804,0.012473655864596367
0.062187328934669495,0.8489686846733093,0.007822162471711636,0.001120896777138114,0.05455348268151283,0.02353784069418907,0.0018095920095220208
0.006971586961299181,0.01128753274679184,0.011308575049042702,0.017142971977591515,0.8089466094970703,0.09835119545459747,0.04599161818623543
0.009048706851899624,0.001682188711129129,0.003910827450454235,0.04730556160211563,0.8813114762306213,0.002610936528071761,0.05413034185767174
0.7920058965682983,0.031419578939676285,0.020356610417366028,0.0030816439539194107,0.14097048342227936,0.008646662347018719,0.0035189820919185877
0.10589879751205444,0.06627761572599411,0.01239596214145422,0.1759428232908249,0.5948152542114258,0.029618456959724426,0.01505110040307045
0.17613551020622253,0.07681592553853989,0.6396756768226624,0.003143749665468931,0.03673842176795006,0.06613348424434662,0.0013571546878665686
0.035467006266117096,0.6635192632675171,0.058973830193281174,0.001523706247098744,0.12270753085613251,0.09486299008131027,0.022945586591959
0.023013636469841003,0.03889494389295578,0.016373828053474426,0.004920686595141888,0.3864237070083618,0.014228137210011482,0.5161451101303101
0.07333102077245712,0.033271707594394684,0.035472411662340164,0.009480698965489864,0.7320131063461304,0.08911451697349548,0.02731660194694996
0.15046431124210358,0.2850675582885742,0.1207117885351181,0.0025796357076615095,0.07518233358860016,0.32412075996398926,0.041873618960380554
0.065706767141819,0.41154906153678894,0.003513759933412075,0.02361687831580639,0.4803552031517029,0.011747671291232109,0.0035105349961668253
