anger,disgust,fear,joy,neutral,sadness,surprise
0.002362154657021165,0.005201928783208132,0.005471205338835716,0.9089980125427246,0.05794495716691017,0.009900097735226154,0.01012170035392046
0.01189890131354332,0.04382949694991112,0.002279928419739008,0.5807467699050903,0.32676640152931213,0.02357383631169796,0.010904702357947826
0.03448183462023735,0.02082114852964878,0.002109372057020664,0.7995782494544983,0.13144834339618683,0.00346022448502481,0.00810081884264946
0.028386540710926056,0.01625656709074974,0.37656164169311523,0.005683030001819134,0.04894917458295822,0.465169221162796,0.05899377167224884
0.01875678449869156,0.04052724316716194,0.005220917984843254,0.0017982140416279435,0.03950570896267891,0.8897871375083923,0.004403957165777683
0.01466716080904007,0.05512196570634842,0.11286021769046783,0.005200562532991171,0.39181116223335266,0.3979107439517975,0.022428235039114952
0.014724088832736015,0.024246064946055412,0.024069178849458694,0.037630483508110046,0.7323360443115234,0.16362090408802032,0.00337326736189425
0.0225855503231287,0.05539607256650925,0.002164924517273903,0.182352676987648,0.709309458732605,0.02132750116288662,0.006863847374916077
0.004943556152284145,0.00488324137404561,0.00723610445857048,0.8528866767883301,0.050406958907842636,0.06388036161661148,0.0157631728798151
0.07579723000526428,0.07362919300794601,0.0029995476361364126,0.002406021114438772,0.030998311936855316,0.8071361780166626,0.007033557165414095
0.08353324234485626,0.025224903598427773,0.08866338431835175,0.0025668127927929163,0.3795638680458069,0.37558379769325256,0.0448639877140522
0.05490311607718468,0.02362219989299774,0.002795139094814658,0.44721269607543945,0.38921916484832764,0.03775101900100708,0.04449671879410744
0.04925117269158363,0.041216712445020676,0.02540174499154091,0.007630384527146816,0.18505841493606567,0.04723936319351196,0.6442022323608398
0.2438194304704666,0.3441612124443054,0.005609175655990839,0.014846516773104668,0.20517028868198395,0.18374136090278625,0.0026520846877247095
0.5753589272499084,0.34439969062805176,0.004976683761924505,0.0011596366530284286,0.017800116911530495,0.05399877950549126,0.002306219656020403
0.28048449754714966,0.49716484546661377,0.012336346320807934,0.0031594468746334314,0.1009935587644577,0.10176821798086166,0.0040930332615971565
0.02619396708905697,0.049083977937698364,0.003114016493782401,0.23400656878948212,0.3881268799304962,0.2943798005580902,0.005094829481095076
0.26152098178863525,0.2737358510494232,0.041912343353033066,0.002579453866928816,0.3802047073841095,0.03253491222858429,0.007511825766414404
0.20763617753982544,0.04418375343084335,0.018617233261466026,0.003932913299649954,0.45694220066070557,0.260601669549942,0.008085994981229305
0.006248318590223789,0.011913171969354153,0.006728708744049072,0.007766645401716232,0.8233999609947205,0.11363047361373901,0.030312763527035713
0.6837789416313171,0.16372732818126678,0.06978429853916168,0.0011653926922008395,0.02932354435324669,0.04755445942282677,0.004665960557758808
0.014980114996433258,0.024129750207066536,0.017874645069241524,0.004412101581692696,0.651462197303772,0.12485983222723007,0.1622813493013382
0.005468802992254496,0.00588562898337841,0.0004538738867267966,0.8767216801643372,0.08456480503082275,0.02229032851755619,0.004614905454218388
