anger,disgust,fear,joy,neutral,sadness,surprise
0.007457527797669172,0.333664208650589,0.045930732041597366,0.06697423756122589,0.496616005897522,0.023929422721266747,0.025427881628274918
0.03267338499426842,0.9241317510604858,0.01634489744901657,0.0005045161233283579,0.012078332714736462,0.012794343754649162,0.0014728306559845805
0.06817307323217392,0.0634254664182663,0.14755746722221375,0.003466494847089052,0.6551221609115601,0.04825292155146599,0.014002367854118347
0.03365357220172882,0.14821389317512512,0.27843236923217773,0.004558201413601637,0.2595268785953522,0.2638900876045227,0.011725055985152721
0.5876123905181885,0.21120445430278778,0.04449392482638359,0.002958467695862055,0.13004030287265778,0.0172707699239254,0.0064197322353720665
0.04838341102004051,0.43255284428596497,0.014437426812946796,0.03084701858460903,0.4202030897140503,0.020018288865685463,0.033557817339897156
0.006085517816245556,0.011577569879591465,0.9394272565841675,0.0014256805879995227,0.03185420483350754,0.0058771115727722645,0.003752662567421794
0.1098434329032898,0.6632680892944336,0.0017108533065766096,0.011864904314279556,0.19775982201099396,0.013322115875780582,0.002230822341516614
0.43446433544158936,0.1805821657180786,0.3416028916835785,0.0021667415276169777,0.02876172587275505,0.005659221205860376,0.006762823089957237
0.19274263083934784,0.06065449118614197,0.2049073874950409,0.004752893466502428,0.20999003946781158,0.050897736102342606,0.2760547697544098
0.05349264666438103,0.3901015818119049,0.23385001718997955,0.0018212099093943834,0.23451000452041626,0.07569368183612823,0.010530862957239151
0.16498924791812897,0.21123512089252472,0.0058729625307023525,0.041757982224226,0.5010431408882141,0.05903521552681923,0.01606631837785244
0.01102893054485321,0.5885852575302124,0.11905644088983536,0.005032151471823454,0.23594510555267334,0.023099681362509727,0.017252476885914803
0.06533928215503693,0.14638099074363708,0.723676323890686,0.0022372868843376637,0.03981858491897583,0.0055332365445792675,0.017014270648360252
0.11785347014665604,0.012255746871232986,0.747369110584259,0.003119288245216012,0.08629070967435837,0.012715705670416355,0.020395932719111443
0.03327428176999092,0.3204091191291809,0.010516896843910217,0.001961297122761607,0.3147585988044739,0.28544411063194275,0.033635616302490234
0.3258557915687561,0.4277968108654022,0.011087482795119286,0.005320047959685326,0.19463050365447998,0.030221089720726013,0.005088198464363813
0.0861315056681633,0.02570600062608719,0.02694268338382244,0.009370136074721813,0.6616883873939514,0.04512692615389824,0.14503434300422668
0.0381213054060936,0.19325825572013855,0.005776462145149708,0.004433623980730772,0.7476588487625122,0.004376434721052647,0.006375094410032034
0.004568781238049269,0.01011410728096962,0.0014534449437633157,0.4262113869190216,0.4874747693538666,0.04325488209724426,0.026922550052404404
