anger,disgust,fear,joy,neutral,sadness,surprise
0.020973285660147667,0.03772687166929245,0.015585699118673801,0.06403997540473938,0.7872679829597473,0.04364966228604317,0.030756507068872452
0.022208116948604584,0.08527696132659912,0.012562368996441364,0.02207178622484207,0.8198685646057129,0.014012658037245274,0.0239995289593935
0.030059030279517174,0.07712443917989731,0.010091573931276798,0.36300918459892273,0.4832213222980499,0.013171053491532803,0.023323368281126022
0.020690971985459328,0.008333525620400906,0.005838247016072273,0.44443878531455994,0.3734126389026642,0.11535022407770157,0.03193564713001251
0.24777565896511078,0.334492027759552,0.017472436651587486,0.10417396575212479,0.2449248731136322,0.03190532326698303,0.019255783408880234
0.0030934400856494904,0.9330945611000061,0.0022151642479002476,0.028636766597628593,0.027446459978818893,0.002496499801054597,0.003017132868990302
0.01044644694775343,0.03248387202620506,0.016571886837482452,0.10661543160676956,0.6654061079025269,0.00943724438548088,0.15903903543949127
0.018694279715418816,0.10412075370550156,0.008674406446516514,0.03659829497337341,0.7892407774925232,0.03098728507757187,0.011684250086545944
0.004928328562527895,0.009124931879341602,0.002828245982527733,0.1421937197446823,0.7344123125076294,0.005260225385427475,0.1012522354722023
0.13697467744350433,0.6926594376564026,0.019000930711627007,0.004504439886659384,0.09795092046260834,0.04722394421696663,0.0016856457805261016
0.8391985893249512,0.10341358929872513,0.00224027456715703,0.0012448228662833571,0.037436194717884064,0.014001783914864063,0.0024647838436067104
0.015684736892580986,0.060934361070394516,0.006734393071383238,0.0030934337992221117,0.1142011359333992,0.7965454459190369,0.0028065508231520653
0.03812431916594505,0.011094574816524982,0.39324748516082764,0.00394029077142477,0.3208702802658081,0.03372526168823242,0.1989978402853012
0.008371459320187569,0.0569867379963398,0.04607357829809189,0.036208756268024445,0.2963774502277374,0.5302452445030212,0.02573676034808159
0.0013897333992645144,0.004476882982999086,0.0010267007164657116,0.0009140172624029219,0.0064188288524746895,0.9843824505805969,0.0013914323644712567
0.0015372115885838866,0.0026637802366167307,0.0008587081101723015,0.0010054626036435366,0.007134739309549332,0.9857036471366882,0.001096466789022088
0.011806312017142773,0.07070235162973404,0.0036362241953611374,0.3654506802558899,0.15427221357822418,0.38675105571746826,0.007381081115454435
0.023908017203211784,0.8673198819160461,0.01843154989182949,0.0035355952568352222,0.004888076800853014,0.08101532608270645,0.0009015173418447375
0.004090719856321812,0.009146490134298801,0.0008367449045181274,0.8246272206306458,0.026472963392734528,0.12950289249420166,0.005322947166860104
0.00972389243543148,0.04155820608139038,0.8349161744117737,0.06349025666713715,0.011565601453185081,0.02200542949140072,0.016740476712584496
0.030871780589222908,0.38326847553253174,0.018078962340950966,0.12923915684223175,0.41535037755966187,0.009811129420995712,0.013380211777985096
0.009378504939377308,0.002796471118927002,0.0568653829395771,0.5332221984863281,0.06452569365501404,0.012313329614698887,0.32089847326278687
0.006284413393586874,0.014539250172674656,0.0031043021008372307,0.02060195803642273,0.9271734356880188,0.00324662565253675,0.025049980729818344
0.1051231324672699,0.3462243378162384,0.003346757497638464,0.023730501532554626,0.42229703068733215,0.09361395239830017,0.005664295982569456
0.08831077069044113,0.18538695573806763,0.02500998042523861,0.004332735203206539,0.20484304428100586,0.48944249749183655,0.0026739758905023336
0.33525216579437256,0.32880648970603943,0.010111547075212002,0.002255283063277602,0.06268378347158432,0.21553204953670502,0.04535861685872078
0.00389937125146389,0.9568026065826416,0.007033619098365307,0.0015088999643921852,0.01323030050843954,0.016074800863862038,0.0014504557475447655
0.014906981028616428,0.025459906086325645,0.008803767152130604,0.24262401461601257,0.6220739483833313,0.028916187584400177,0.05721520259976387
0.030685072764754295,0.06397732347249985,0.013034921139478683,0.010099870152771473,0.25634196400642395,0.012781714089214802,0.6130790710449219
0.47991374135017395,0.3211464583873749,0.003229636000469327,0.002603177446871996,0.12682659924030304,0.06294728815555573,0.003333115251734853
0.014637535437941551,0.06075042113661766,0.012339572422206402,0.0039074658416211605,0.09508582949638367,0.8067631125450134,0.006516108289361
0.025668127462267876,0.0016466338420286775,0.9492470026016235,0.0009698666399344802,0.010495503433048725,0.004843622911721468,0.007129088044166565
0.13539312779903412,0.525364339351654,0.009420202113687992,0.005261472426354885,0.23831073939800262,0.08208221197128296,0.004167940933257341
0.01424911804497242,0.0035370250698179007,0.021848110482096672,0.14960075914859772,0.7352219223976135,0.03835134580731392,0.03719162568449974
0.081086665391922,0.871819019317627,0.007827832363545895,0.0016998681239783764,0.015958469361066818,0.01992003433406353,0.0016879640752449632
0.00819639302790165,0.5131492018699646,0.012203899212181568,0.025515740737318993,0.4097256660461426,0.011140548624098301,0.020068494603037834
0.007315667811781168,0.24160706996917725,0.003830553963780403,0.06423743069171906,0.6666069626808167,0.010070595890283585,0.006331708747893572
0.02868743985891342,0.1825082153081894,0.004277419298887253,0.00240438524633646,0.07442110776901245,0.7026393413543701,0.005062108393758535
0.28331583738327026,0.04981696233153343,0.30370694398880005,0.0033853433560580015,0.1814711093902588,0.025700470432639122,0.15260329842567444
0.008170409128069878,0.00927326362580061,0.0020426625851541758,0.0589754618704319,0.8802050948143005,0.014216028153896332,0.027116995304822922
0.009275597520172596,0.05647607520222664,0.009840106591582298,0.022881245240569115,0.8896411657333374,0.004681957885622978,0.007203859742730856
