anger,disgust,fear,joy,neutral,sadness,surprise
0.08164209872484207,0.3448061943054199,0.07874450087547302,0.0020274443086236715,0.037424515932798386,0.45036575198173523,0.004989531822502613
0.012157218530774117,0.011180977337062359,0.006176583003252745,0.005380208604037762,0.8505585193634033,0.005540850106626749,0.10900568962097168
0.00986631028354168,0.04612748697400093,0.832025945186615,0.0053170109167695045,0.08921956270933151,0.014258489944040775,0.0031851513776928186
0.04871297627687454,0.054697174578905106,0.12599392235279083,0.002299368614330888,0.07134328782558441,0.6610902547836304,0.03586296737194061
0.313120573759079,0.3489443063735962,0.010028623044490814,0.0031222819816321135,0.28682470321655273,0.029402051120996475,0.008557531051337719
0.001787390559911728,0.00261505669914186,0.0003132973797619343,0.9686702489852905,0.02052324078977108,0.0018799753161147237,0.004210744518786669
0.04972205311059952,0.0953470841050148,0.01887371949851513,0.005760896950960159,0.8175815343856812,0.00822757463902235,0.004487138707190752
0.010897735133767128,0.03556450456380844,0.0278924647718668,0.08948448300361633,0.7417678236961365,0.010760366916656494,0.08363255858421326
0.11073976755142212,0.8436378836631775,0.007542100269347429,0.000794656400103122,0.013345355167984962,0.022556303068995476,0.001383803435601294
0.03939349204301834,0.30240657925605774,0.007108383346349001,0.0027101412415504456,0.05328958109021187,0.5890671610832214,0.006024588365107775
