anger,disgust,fear,joy,neutral,sadness,surprise
0.012133997865021229,0.9141585826873779,0.004933114163577557,0.014210005290806293,0.041258614510297775,0.010715432465076447,0.0025903305504471064
0.0031755685340613127,0.010916699655354023,0.004231274127960205,0.001006651553325355,0.02540541999042034,0.9523885846138,0.002875817473977804
0.006601264234632254,0.21758058667182922,0.01452679093927145,0.004060487262904644,0.639734148979187,0.10043109208345413,0.01706559769809246
0.008189014159142971,0.0842173621058464,0.0050880457274615765,0.307114839553833,0.5350666642189026,0.037956275045871735,0.02236771024763584
0.22652371227741241,0.6963896155357361,0.0019640058744698763,0.0029571501072496176,0.057737018913030624,0.012565490789711475,0.0018630779813975096
0.131092369556427,0.0913550853729248,0.001795650110580027,0.03986235335469246,0.6409066915512085,0.06798731535673141,0.027000483125448227
0.009120962582528591,0.4803182780742645,0.013343332335352898,0.003158911829814315,0.2606127858161926,0.21886706352233887,0.014578687027096748
0.00432267552241683,0.9868420958518982,0.0015117420116439462,0.00041746863280422986,0.004298540763556957,0.001967724645510316,0.000639561447314918
0.03654016554355621,0.9444729089736938,0.008227781392633915,0.0010637578088790178,0.005550178233534098,0.0032367403618991375,0.0009084608172997832
0.0030532823875546455,0.00827766302973032,0.025446711108088493,0.008862897753715515,0.11790955066680908,0.8069230318069458,0.029526792466640472
0.004001072142273188,0.003177538514137268,0.0015486720949411392,0.8885142803192139,0.06503544002771378,0.029109159484505653,0.008613914251327515
0.21913030743598938,0.7159553170204163,0.01394147239625454,0.0014343439834192395,0.03177734091877937,0.015544965863227844,0.0022162259556353092
0.7984640002250671,0.030624719336628914,0.006336210295557976,0.003686896525323391,0.09519887715578079,0.05245453119277954,0.013234700076282024
0.015977974981069565,0.06758759170770645,0.0033710384741425514,0.30218759179115295,0.5553444623947144,0.045969024300575256,0.00956228468567133
0.0024437352549284697,0.01368300523608923,0.914286196231842,0.0028488622047007084,0.04180126264691353,0.023060977458953857,0.0018760674865916371
0.027121862396597862,0.8993741869926453,0.009540529921650887,0.0007009106921032071,0.03592871502041817,0.02612505853176117,0.0012086190981790423
0.03370801359415054,0.22803571820259094,0.06188357248902321,0.002207379788160324,0.05823897942900658,0.40584906935691833,0.21007727086544037
0.1287059634923935,0.6211643218994141,0.006491928361356258,0.0017772163264453411,0.05487927049398422,0.1834583431482315,0.0035229900386184454
0.06964831799268723,0.02567940577864647,0.008351372554898262,0.012762085534632206,0.8235344290733337,0.056372079998254776,0.0036522946320474148
0.023850779980421066,0.5260810852050781,0.06686199456453323,0.004026466514915228,0.17997917532920837,0.1687600165605545,0.03044038638472557
0.004732931964099407,0.9862702488899231,0.001454742276109755,0.00042210883111692965,0.004478781018406153,0.0018911912338808179,0.0007500589126721025
0.008202946744859219,0.02413921430706978,0.029586385935544968,0.26188287138938904,0.5709982514381409,0.013541872613132,0.09164848923683167
0.04183473810553551,0.35038450360298157,0.008447946049273014,0.0021875197999179363,0.5167889595031738,0.015459354035556316,0.06489698588848114
0.03142106533050537,0.15369081497192383,0.01322228368371725,0.04415595903992653,0.17787085473537445,0.575675368309021,0.003963647410273552
0.011222637258470058,0.016472700983285904,0.013114780187606812,0.0076926578767597675,0.2553933262825012,0.6748493909835815,0.021254533901810646
0.004198996350169182,0.022878849878907204,0.002655428135767579,0.041451919823884964,0.8651222586631775,0.005196522921323776,0.05849594250321388
