anger,disgust,fear,joy,neutral,sadness,surprise
0.34808140993118286,0.24292048811912537,0.238501638174057,0.006673481315374374,0.10102342814207077,0.05811864510178566,0.00468087662011385
0.059995606541633606,0.9131191372871399,0.015480556525290012,0.0017510087927803397,0.0039030532352626324,0.003727865871042013,0.002022920176386833
0.009859670884907246,0.020699303597211838,0.006360303144901991,0.24416111409664154,0.4986111521720886,0.15623612701892853,0.06407233327627182
0.007247487083077431,0.9640612006187439,0.006164641119539738,0.0007113880710676312,0.012751124799251556,0.007564603816717863,0.0014994372613728046
0.19566628336906433,0.201621875166893,0.531713604927063,0.001778803882189095,0.05356818065047264,0.01064473856240511,0.005006527528166771
0.006884055212140083,0.010952576994895935,0.93760746717453,0.0019709712360054255,0.029882874339818954,0.008871883153915405,0.0038302240427583456
0.04134345054626465,0.06048368290066719,0.0028554194141179323,0.012600688263773918,0.746777355670929,0.006022223271429539,0.1299171894788742
0.022143499925732613,0.22690007090568542,0.16080909967422485,0.08777371793985367,0.39548441767692566,0.07549881935119629,0.031390365213155746
0.2202063947916031,0.16175901889801025,0.032441526651382446,0.013384929858148098,0.18035680055618286,0.3799334764480591,0.01191787701100111
0.11720605939626694,0.007356169167906046,0.12455178052186966,0.01592254638671875,0.615463376045227,0.09036894887685776,0.029131140559911728
0.031287096440792084,0.20302633941173553,0.01936597377061844,0.0008299160981550813,0.025210395455360413,0.7160690426826477,0.004211277235299349
0.5564528703689575,0.40885427594184875,0.007901349104940891,0.0007894152076914907,0.018400628119707108,0.006419739220291376,0.001181622501462698
0.06631385535001755,0.06400538235902786,0.2858686149120331,0.004183049779385328,0.4303448498249054,0.14452876150608063,0.004755555186420679
0.10724422335624695,0.17825235426425934,0.54781174659729,0.006816871464252472,0.08836527168750763,0.06477537751197815,0.006734209600836039
0.010873005725443363,0.005074910819530487,0.0016284198500216007,0.26575636863708496,0.6707966923713684,0.010739549994468689,0.0351310633122921
0.3064761757850647,0.049688227474689484,0.46129900217056274,0.0033663720823824406,0.1556004285812378,0.016360094770789146,0.007209632080048323
0.1936364322900772,0.18635913729667664,0.11113947629928589,0.00751385698094964,0.4615910053253174,0.033271342515945435,0.006488768383860588
0.01346647273749113,0.0032685338519513607,0.9567769765853882,0.0010378160513937473,0.01326614897698164,0.006794467102736235,0.005389659199863672
0.008351464755833149,0.015090965665876865,0.01019901130348444,0.04868479073047638,0.7697274684906006,0.005332635715603828,0.14261357486248016
0.016181042417883873,0.035352449864149094,0.8332370519638062,0.0011891184840351343,0.08687020093202591,0.01051718182861805,0.016653001308441162
0.014754541218280792,0.02022475376725197,0.012125837616622448,0.007709595840424299,0.9115418791770935,0.01102213840931654,0.022621270269155502
0.0040264311246573925,0.02474760264158249,0.012607780285179615,0.007698225788772106,0.8830589652061462,0.009465644136071205,0.058395303785800934
0.0625242069363594,0.040904730558395386,0.0021560387685894966,0.016102822497487068,0.8581222891807556,0.01486088428646326,0.005329050589352846
0.034778233617544174,0.784607470035553,0.03542398661375046,0.002110658911988139,0.12929175794124603,0.009221261367201805,0.004566634073853493
0.9305554032325745,0.03933851420879364,0.0015275812475010753,0.0007177558727562428,0.021379869431257248,0.0045304265804588795,0.0019504735246300697
0.7002421617507935,0.17632532119750977,0.02233719266951084,0.0029567016754299402,0.07549333572387695,0.012059701606631279,0.010585559532046318
0.2972923219203949,0.03696854040026665,0.027148742228746414,0.003387110773473978,0.6117857694625854,0.013247129507362843,0.010170412249863148
0.25828322768211365,0.27052679657936096,0.0253033135086298,0.009077348746359348,0.22592245042324066,0.20887409150600433,0.0020128083415329456
0.04598572477698326,0.4560442566871643,0.012631965801119804,0.008497403003275394,0.4636947512626648,0.008879143744707108,0.004266784526407719
0.08279816061258316,0.6253888010978699,0.009511307813227177,0.0032944735139608383,0.21487711369991302,0.05869530513882637,0.005434951279312372
0.016259368509054184,0.04962657019495964,0.0046814363449811935,0.0026444215327501297,0.8988268375396729,0.014741741120815277,0.013219712302088737
0.002831944962963462,0.004442671779543161,0.0013859457103535533,0.6042177081108093,0.3496895134449005,0.012371152639389038,0.025061113759875298
0.015850162133574486,0.029792938381433487,0.004962187726050615,0.005240010563284159,0.9337071180343628,0.007742582820355892,0.002705020597204566
0.015085852704942226,0.010157689452171326,0.007958488538861275,0.000992092420347035,0.04139361158013344,0.9184771776199341,0.005935050081461668
0.010996378026902676,0.008487570099532604,0.004000578075647354,0.010950086638331413,0.9307817220687866,0.024588383734226227,0.010195298120379448
0.022243179380893707,0.020914485678076744,0.6656496524810791,0.004485048353672028,0.24583590030670166,0.006087881978601217,0.03478384017944336
0.03328606113791466,0.016312526538968086,0.006884883623570204,0.005395309533923864,0.9216657280921936,0.003228168236091733,0.013227400369942188
0.12009363621473312,0.7123655676841736,0.04204718768596649,0.0019777147099375725,0.0815756618976593,0.03869938850402832,0.003240828402340412
0.08015618473291397,0.07190586626529694,0.686543881893158,0.003295313101261854,0.11123190820217133,0.030201325193047523,0.016665499657392502
0.026019059121608734,0.4676071107387543,0.09148174524307251,0.0025340730790048838,0.132508784532547,0.23750419914722443,0.04234505444765091
0.006895486731082201,0.0044640121050179005,0.001775785000063479,0.006210236810147762,0.9393579959869385,0.004711967892944813,0.03658447787165642
0.05162154510617256,0.2619331479072571,0.21394649147987366,0.01696634851396084,0.430153489112854,0.008392414078116417,0.01698659360408783
0.020137939602136612,0.17883917689323425,0.014492557384073734,0.008334633894264698,0.6390051245689392,0.028209617361426353,0.11098095774650574
0.05113032087683678,0.3501475155353546,0.02445775456726551,0.0029460571240633726,0.3888888657093048,0.028259674087166786,0.15416967868804932
0.34066537022590637,0.04988369345664978,0.1446329653263092,0.001641182228922844,0.06688499450683594,0.3858928978443146,0.01039883028715849
0.7220037579536438,0.13270032405853271,0.04767604544758797,0.0019661830738186836,0.06599026918411255,0.024057189002633095,0.005606178659945726
0.02816523052752018,0.01644405536353588,0.05575822666287422,0.0054218964651227,0.8126472234725952,0.007775278761982918,0.07378815114498138
0.045874930918216705,0.06334653496742249,0.0075361416675150394,0.002850458724424243,0.7610936164855957,0.08237750083208084,0.03692081943154335
0.00880600418895483,0.05278276652097702,0.004764252342283726,0.0015016898978501558,0.9074469804763794,0.006408752873539925,0.018289493396878242
0.31830206513404846,0.5828844308853149,0.034419506788253784,0.0010527664562687278,0.04706317186355591,0.00970206968486309,0.006575961131602526
0.007820545695722103,0.026422638446092606,0.004814489744603634,0.0025350674986839294,0.9333961009979248,0.006644784472882748,0.01836632937192917
0.12270648032426834,0.08567356318235397,0.004188186954706907,0.021126355975866318,0.727448582649231,0.03150719031691551,0.007349685300141573
0.1716163158416748,0.21661096811294556,0.00457054702565074,0.0146693279966712,0.5666956305503845,0.021842902526259422,0.003994287922978401
0.3405880928039551,0.35020217299461365,0.12756693363189697,0.003987941890954971,0.1429557204246521,0.02463666908442974,0.010062447749078274
0.3357607424259186,0.2959701418876648,0.023409923538565636,0.002957297721877694,0.2509217858314514,0.08738743513822556,0.0035927314311265945
0.14834916591644287,0.6044428944587708,0.01583394780755043,0.0027604377828538418,0.1751490831375122,0.04737691581249237,0.006087602116167545
0.5312942862510681,0.053799819201231,0.18562163412570953,0.0031670404132455587,0.17124728858470917,0.0301218219101429,0.024748122319579124
0.0070346384309232235,0.006611694116145372,0.07228084653615952,0.0017622238956391811,0.02180972322821617,0.8821933269500732,0.008307534269988537
0.04189222306013107,0.009174274280667305,0.0024184680078178644,0.12578870356082916,0.796760618686676,0.003931624814867973,0.020033974200487137
