anger,disgust,fear,joy,neutral,sadness,surprise
0.6739521622657776,0.17527152597904205,0.0029274963308125734,0.0026637015398591757,0.08685969561338425,0.05247792229056358,0.0058474852703511715
0.008929331786930561,0.006827802397310734,0.0009074992267414927,0.9417812824249268,0.02978014200925827,0.003202304942533374,0.008571638725697994
0.18669408559799194,0.364190936088562,0.0011364653473719954,0.10342171043157578,0.3208469748497009,0.013314173556864262,0.010395664721727371
0.9408599138259888,0.007674538064748049,0.0029277342837303877,0.0006459614960476756,0.021873686462640762,0.022312380373477936,0.003705924842506647
0.1488569676876068,0.4001616835594177,0.04023614525794983,0.0024615044239908457,0.1999260038137436,0.20234759151935577,0.006010095123201609
0.21585185825824738,0.2625427544116974,0.008412174880504608,0.01411884743720293,0.33697783946990967,0.14359374344348907,0.018502751365303993
0.020680470392107964,0.012019147165119648,0.023380709812045097,0.0037348875775933266,0.8591237664222717,0.06113474816083908,0.01992633566260338
0.014980649575591087,0.006457184907048941,0.008491242304444313,0.016960758715867996,0.46041548252105713,0.04477419704198837,0.4479205310344696
0.01623505726456642,0.0076698679476976395,0.010418358258903027,0.2491050809621811,0.180558979511261,0.13163116574287415,0.40438151359558105
0.004756602458655834,0.010087581351399422,0.0014385064132511616,0.0014453649055212736,0.023442408069968224,0.9547032713890076,0.004126231651753187
0.005210772156715393,0.013523275963962078,0.0005565409082919359,0.908364474773407,0.05823686718940735,0.004080337006598711,0.010027711279690266
0.12374363094568253,0.09671839326620102,0.0035511215683072805,0.007043549325317144,0.15563449263572693,0.6046413779258728,0.008667449466884136
