anger,disgust,fear,joy,neutral,sadness,surprise
0.0034979095216840506,0.0031410998199135065,0.0003063968906644732,0.958123505115509,0.024559512734413147,0.006754216738045216,0.0036172305699437857
0.14109279215335846,0.6236039400100708,0.0014956342056393623,0.07110991328954697,0.13106068968772888,0.02799801528453827,0.0036390074528753757
0.011247705668210983,0.013160224072635174,0.7693525552749634,0.0034057083539664745,0.17969147861003876,0.010298938490450382,0.012843462638556957
0.01680692844092846,0.028765762224793434,0.00349006918258965,0.012820063158869743,0.9157364964485168,0.010053595528006554,0.012327083386480808
0.08592813462018967,0.7391602993011475,0.0036314171738922596,0.002568837720900774,0.15698683261871338,0.009645331650972366,0.0020792668219655752
0.008030639961361885,0.00926522072404623,0.0055143325589597225,0.8502131700515747,0.05882793292403221,0.05609990656375885,0.012048895470798016
0.1497911512851715,0.22702375054359436,0.005204173270612955,0.19550897181034088,0.31768107414245605,0.10104826837778091,0.0037426049821078777
0.4225250780582428,0.4490494728088379,0.03257746621966362,0.0028197814244776964,0.05136305093765259,0.03955637663602829,0.002108697546645999
0.42010632157325745,0.33087390661239624,0.010082647204399109,0.009535355493426323,0.17632783949375153,0.05163835361599922,0.0014355306047946215
0.019507544115185738,0.025633620098233223,0.0015656042378395796,0.10767711699008942,0.8227240443229675,0.00182303914334625,0.02106901817023754
0.7724214792251587,0.1664651483297348,0.012014331296086311,0.0030121570453047752,0.03238958120346069,0.01278748083859682,0.0009098627488128841
0.8551183342933655,0.04154046252369881,0.011208952404558659,0.0011863956460729241,0.013105093501508236,0.07525873184204102,0.002582191489636898
0.28303009271621704,0.2529534697532654,0.0650307834148407,0.004330436233431101,0.21838901937007904,0.17437633872032166,0.0018898177659139037
0.890613853931427,0.04236339032649994,0.04360257461667061,0.0010977733181789517,0.01247272826731205,0.008096716366708279,0.0017529265023767948
0.001413474208675325,0.0022139763459563255,0.0002797492779791355,0.9658735394477844,0.018034419044852257,0.008984537795186043,0.0032002651132643223
