anger,disgust,fear,joy,neutral,sadness,surprise
0.033308710902929306,0.0034670173190534115,0.00723031023517251,0.0019113001180812716,0.008354462683200836,0.9438717365264893,0.0018564474303275347
0.03244069591164589,0.02324024774134159,0.9073026180267334,0.001279102056287229,0.017965354025363922,0.01531606912612915,0.002455956768244505
0.008634615689516068,0.010325632058084011,0.0065283277072012424,0.015566525980830193,0.12423726916313171,0.8311604857444763,0.003547119675204158
0.00651251757517457,0.03456529974937439,0.4604478180408478,0.006924517918378115,0.0665617436170578,0.004417938645929098,0.42057016491889954
0.5841047167778015,0.09899508208036423,0.10621520131826401,0.005893295630812645,0.03366869315505028,0.019870612770318985,0.15125244855880737
0.02104218117892742,0.005686977878212929,0.9634497761726379,0.0010248706676065922,0.005262949038296938,0.002105852123349905,0.0014273893320932984
0.008468443527817726,0.005415715742856264,0.9686638712882996,0.0006624262896366417,0.004819987341761589,0.0015071340603753924,0.010462308302521706
0.2308260053396225,0.04724380746483803,0.6422229409217834,0.0007881036726757884,0.012613624334335327,0.0628228560090065,0.003482639556750655
0.009596067480742931,0.015911588445305824,0.8976058959960938,0.002990143606439233,0.019896145910024643,0.005722345784306526,0.04827794432640076
0.10699062049388885,0.12935955822467804,0.6867412328720093,0.0021080386359244585,0.05320568010210991,0.016851555556058884,0.004743299912661314
0.012672304175794125,0.03255823627114296,0.005051663611084223,0.005028937011957169,0.094350665807724,0.8402366638183594,0.01010155025869608
0.6943605542182922,0.0667402520775795,0.08835278451442719,0.0028369163628667593,0.11393514275550842,0.018474772572517395,0.015299497172236443
0.5370232462882996,0.1884956806898117,0.02648407220840454,0.010684074833989143,0.18446801602840424,0.0501401349902153,0.00270478380843997
0.011894135735929012,0.9479812979698181,0.013133518397808075,0.0030859385151416063,0.0166701078414917,0.00606553815305233,0.0011696626897901297
0.00492736604064703,0.001164289889857173,0.9733557105064392,0.001067557604983449,0.011012409813702106,0.001806116197258234,0.006666567642241716
0.006533083040267229,0.0040397425182163715,0.9595321416854858,0.0014866095734760165,0.020444829016923904,0.003070000559091568,0.004893564153462648
0.04323920980095863,0.022865107282996178,0.08339137583971024,0.009938482195138931,0.7072250247001648,0.011355549097061157,0.12198523432016373
0.015596875920891762,0.06506618112325668,0.07503566145896912,0.001709363772533834,0.07811523228883743,0.7442265748977661,0.020250089466571808
0.009693053551018238,0.010889320634305477,0.017847437411546707,0.022510578855872154,0.8774851560592651,0.007148085627704859,0.05442636087536812
0.027231471613049507,0.06976142525672913,0.5036538243293762,0.0056904274970293045,0.16088737547397614,0.21098457276821136,0.0217908825725317
