anger,disgust,fear,joy,neutral,sadness,surprise
0.618362307548523,0.08706267178058624,0.002554283943027258,0.16562636196613312,0.10538897663354874,0.01439147349447012,0.006613790988922119
0.011579511687159538,0.00925004854798317,0.010367760434746742,0.005746414884924889,0.9319296479225159,0.005621990654617548,0.025504637509584427
0.5228775143623352,0.048443183302879333,0.3803238570690155,0.0026795705780386925,0.0299717765301466,0.009750883094966412,0.0059531987644732
0.0449037030339241,0.060819514095783234,0.027496647089719772,0.0057691121473908424,0.7798455357551575,0.013669065199792385,0.06749647855758667
0.2434099167585373,0.06800683587789536,0.4400227963924408,0.007152894977480173,0.21554791927337646,0.011748244985938072,0.014111545868217945
0.07249180227518082,0.03866828233003616,0.017586849629878998,0.015469503588974476,0.16735629737377167,0.6654982566833496,0.022928979247808456
0.1952172964811325,0.0601307712495327,0.01282630767673254,0.00918570440262556,0.6978386044502258,0.01771731674671173,0.007083997596055269
0.10429093986749649,0.2659219801425934,0.06329598277807236,0.023248443379998207,0.5053502917289734,0.024109039455652237,0.013783351518213749
0.2573903203010559,0.01410103589296341,0.5107853412628174,0.016652557998895645,0.1552838534116745,0.04036366194486618,0.005423267837613821
0.02636920101940632,0.020491022616624832,0.05088699981570244,0.06865673512220383,0.7597008943557739,0.017444362863898277,0.05645085871219635
0.7742263674736023,0.05459636449813843,0.00555848004296422,0.0017242799513041973,0.02954036556184292,0.1306031048297882,0.003751052776351571
0.1883816421031952,0.04084867238998413,0.34182649850845337,0.0046104853972792625,0.02492385171353817,0.39688771963119507,0.0025211432948708534
0.13075505197048187,0.35608968138694763,0.04658176749944687,0.0038802640046924353,0.4380316734313965,0.015356778167188168,0.009304697625339031
0.019671032205224037,0.49542999267578125,0.06064546853303909,0.005361820571124554,0.39613351225852966,0.012149776332080364,0.010608447715640068
0.8100540637969971,0.07876940071582794,0.021073034033179283,0.0018620530609041452,0.05104813352227211,0.03459450602531433,0.0025988298002630472
0.020717281848192215,0.07819834351539612,0.3519672453403473,0.0026012130547314882,0.16104382276535034,0.36241525411605835,0.023056767880916595
0.03688071668148041,0.11889208853244781,0.005223547108471394,0.04902172461152077,0.306467205286026,0.4772650897502899,0.006249573547393084
0.04566790163516998,0.2183758020401001,0.009279417805373669,0.0025325343012809753,0.26319634914398193,0.35847851634025574,0.10246943682432175
0.6374348402023315,0.11287054419517517,0.055299192667007446,0.001527191954664886,0.08632072061300278,0.09922651201486588,0.0073210266418755054
0.7706100344657898,0.13479818403720856,0.058754853904247284,0.0016150891315191984,0.017386408522725105,0.013423414900898933,0.003412008285522461
0.13613317906856537,0.1849115490913391,0.15781791508197784,0.002283285604789853,0.06995666027069092,0.4377303719520569,0.01116695161908865
0.04492597654461861,0.10706551373004913,0.09469384700059891,0.046155139803886414,0.6606783866882324,0.013638927601277828,0.03284216672182083
0.1601756066083908,0.1054600402712822,0.013626210391521454,0.008343333378434181,0.680092990398407,0.02290085330605507,0.00940094143152237
