anger,disgust,fear,joy,neutral,sadness,surprise
0.00595983536913991,0.0062637790106236935,0.01060963049530983,0.013750041835010052,0.045021504163742065,0.8827466368675232,0.03564858064055443
0.002368936548009515,0.04978274554014206,0.005115195643156767,0.0057346997782588005,0.08318481594324112,0.8511382341384888,0.0026753635611385107
0.10651776194572449,0.10763397067785263,0.003374031512066722,0.013322491198778152,0.7494016289710999,0.006625785026699305,0.013124266639351845
0.10771053284406662,0.025609079748392105,0.007390349637717009,0.005361959338188171,0.08325616270303726,0.7532727718353271,0.017399221658706665
0.13658258318901062,0.6824368834495544,0.011412709020078182,0.0019011914264410734,0.1437186896800995,0.021811168640851974,0.0021367110311985016
0.0039430046454072,0.0018961182795464993,0.003680754918605089,0.010229029692709446,0.029456064105033875,0.0016665173461660743,0.9491284489631653
0.005185998510569334,0.0014133552322164178,0.0021901989821344614,0.0057592266239225864,0.006025880109518766,0.9725807309150696,0.006844610907137394
0.01322057843208313,0.11554618179798126,0.005009234882891178,0.10612481832504272,0.3975023031234741,0.35411861538887024,0.008478282019495964
0.03793983906507492,0.1763734072446823,0.20904181897640228,0.4704422950744629,0.023806024342775345,0.06147525832056999,0.020921427756547928
0.04396694526076317,0.8458545207977295,0.006936849094927311,0.006528337951749563,0.08963020890951157,0.0019565990660339594,0.005126551259309053
0.7066627144813538,0.06546791642904282,0.01474197767674923,0.008516056463122368,0.15516167879104614,0.04626401141285896,0.003185630775988102
0.04827871546149254,0.053159888833761215,0.0016096974723041058,0.2119215875864029,0.6663236021995544,0.01427626796066761,0.004430245142430067
