anger,disgust,fear,joy,neutral,sadness,surprise
0.0023445612750947475,0.003678714856505394,0.013526287861168385,0.0032606469467282295,0.049142029136419296,0.9144152998924255,0.013632485643029213
0.4084688127040863,0.05849357694387436,0.006399067118763924,0.005177459213882685,0.0974150151014328,0.39252859354019165,0.031517475843429565
0.006000285502523184,0.018958060070872307,0.025165800005197525,0.012466790154576302,0.720815122127533,0.19240567088127136,0.02418823167681694
0.1110103502869606,0.10355810075998306,0.007030532229691744,0.0021169281098991632,0.15909819304943085,0.6140092611312866,0.0031766036991029978
0.03322850167751312,0.09729695320129395,0.002469087718054652,0.08694137632846832,0.4133872091770172,0.3580150306224823,0.008661918342113495
0.008433903567492962,0.008553970605134964,0.004235810600221157,0.8517388105392456,0.10558095574378967,0.013191252015531063,0.008265281096100807
0.015637511387467384,0.0022650279570370913,0.0029645534232258797,0.037856753915548325,0.15209917724132538,0.6705945730209351,0.11858237534761429
0.02283395081758499,0.02738165855407715,0.009387294761836529,0.0037284428253769875,0.16957895457744598,0.7602230906486511,0.006866601761430502
0.005152927711606026,0.0015674603637307882,0.8831077814102173,0.000984632526524365,0.015673333778977394,0.011023955419659615,0.08248993754386902
0.15058577060699463,0.1476593315601349,0.014951101504266262,0.002119411714375019,0.15464745461940765,0.5259153842926025,0.004121594130992889
0.04706602916121483,0.15766160190105438,0.00971729401499033,0.05109956115484238,0.6364889144897461,0.09317991137504578,0.004786743316799402
0.038319919258356094,0.06590083241462708,0.06810516119003296,0.0027725559193640947,0.08756891638040543,0.7231172919273376,0.014215335249900818
0.10583654046058655,0.2136375904083252,0.01259978860616684,0.002196733606979251,0.09872009605169296,0.5495949387550354,0.017414331436157227
0.002447339938953519,0.008379089646041393,0.9586493968963623,0.00126098922919482,0.013121860101819038,0.01443005446344614,0.001711342018097639
