anger,disgust,fear,joy,neutral,sadness,surprise
0.0335518904030323,0.13535384833812714,0.018587805330753326,0.0015477751148864627,0.0880814865231514,0.7128479480743408,0.01002931036055088
0.04658419266343117,0.02990359254181385,0.32826417684555054,0.03698824346065521,0.09126129746437073,0.4138065576553345,0.053191889077425
0.01256271731108427,0.1028236597776413,0.015847081318497658,0.014654990285634995,0.8400030136108398,0.007695281412452459,0.0064132423140108585
0.006366004701703787,0.0038964818231761456,0.008525971323251724,0.0016519153723493218,0.019479893147945404,0.8876830339431763,0.07239670306444168
0.18954740464687347,0.017763065174221992,0.5691300630569458,0.0060263643972575665,0.0999213457107544,0.09280301630496979,0.024808725342154503
0.05079604312777519,0.008483799174427986,0.07357807457447052,0.011360667645931244,0.776114284992218,0.04007726535201073,0.03958985581994057
0.04650166258215904,0.26172757148742676,0.007089843507856131,0.09427458792924881,0.5710296034812927,0.015971718356013298,0.0034050322137773037
0.04460342228412628,0.011859012767672539,0.01292040292173624,0.047557391226291656,0.4772461950778961,0.005032052285969257,0.4007814824581146
0.05730430409312248,0.019480694085359573,0.015270632691681385,0.02326720394194126,0.8453456163406372,0.011036966927349567,0.02829454280436039
0.005655060987919569,0.009881271049380302,0.0017093841452151537,0.5536097288131714,0.25591862201690674,0.16169020533561707,0.0115357032045722
0.0011800340143963695,0.006151038687676191,0.0016996223712339997,0.007074014749377966,0.03385303169488907,0.9471595883369446,0.0028826545458287
0.0993984043598175,0.23846769332885742,0.009524703957140446,0.007552840746939182,0.5468456149101257,0.09426123648881912,0.00394950807094574
