anger,disgust,fear,joy,neutral,sadness,surprise
0.0032953463960438967,0.0007667600875720382,0.004672758746892214,0.775576114654541,0.0403255969285965,0.1273818463087082,0.04798165708780289
0.004651258233934641,0.0032966069411486387,0.004701651632785797,0.7708439826965332,0.14889879524707794,0.0558159239590168,0.011791842058300972
0.03716668859124184,0.025507552549242973,0.0027823280543088913,0.21663105487823486,0.47185319662094116,0.22453048825263977,0.021528659388422966
0.06715202331542969,0.2310876101255417,0.013693733140826225,0.017721321433782578,0.6149094104766846,0.043119028210639954,0.012316908687353134
0.014885073527693748,0.004156040959060192,0.003590721869841218,0.14785972237586975,0.5168756246566772,0.04214557632803917,0.2704872190952301
0.001490275259129703,0.0015530971577391028,0.0008595208055339754,0.011691895313560963,0.011271676048636436,0.9631953835487366,0.009938144125044346
0.6469415426254272,0.1457746922969818,0.007635533809661865,0.0031707845628261566,0.05420500412583351,0.14052902162075043,0.001743339584209025
0.0024828731548041105,0.0018605244113132358,0.007939523085951805,0.0015839097322896123,0.012590829282999039,0.9655961394309998,0.007946178317070007
0.006206166930496693,0.017540492117404938,0.043292876332998276,0.004463659133762121,0.581298291683197,0.3205806314945221,0.02661791816353798
0.008810671977698803,0.018426131457090378,0.0008652540273033082,0.8872665166854858,0.06178945302963257,0.018010661005973816,0.004831327125430107
0.007804159075021744,0.009082090109586716,0.0023834106978029013,0.47955521941185,0.375011146068573,0.11856012046337128,0.007603814825415611
0.40416577458381653,0.013170737773180008,0.013058657757937908,0.0015102897305041552,0.02182062715291977,0.5412204265594482,0.005053456407040358
0.007302566897124052,0.006024988368153572,0.0026397444307804108,0.32457926869392395,0.45647817850112915,0.028745677322149277,0.17422954738140106
