anger,disgust,fear,joy,neutral,sadness,surprise
0.022366488352417946,0.005208424758166075,0.027001310139894485,0.061226461082696915,0.7218521237373352,0.07795657962560654,0.08438863605260849
0.019033869728446007,0.9525957703590393,0.004226021468639374,0.0004637993697542697,0.015929222106933594,0.005722787696868181,0.0020284554921090603
0.00970489252358675,0.22109873592853546,0.010758052580058575,0.008884560316801071,0.7231934070587158,0.011499791406095028,0.014860476367175579
0.033695023506879807,0.9486051201820374,0.002729177474975586,0.0014284263597801328,0.00835608784109354,0.003993652760982513,0.0011926124570891261
0.0054701208136975765,0.006372795905917883,0.002146912971511483,0.004673430696129799,0.9650380611419678,0.011738745495676994,0.004559897352010012
0.10088325291872025,0.42077261209487915,0.007261540275067091,0.08650607615709305,0.3660636246204376,0.010422761552035809,0.008090113289654255
0.0283424761146307,0.07095598429441452,0.01148497499525547,0.006466807797551155,0.8483249545097351,0.014366279356181622,0.02005849964916706
0.09019140154123306,0.46606966853141785,0.0031368506606668234,0.011913684196770191,0.3696295917034149,0.016619199886918068,0.04243956133723259
0.03631171956658363,0.0859292596578598,0.0028567712288349867,0.06704346090555191,0.7573632597923279,0.048031531274318695,0.0024639649782329798
0.20941323041915894,0.18376226723194122,0.04323554039001465,0.27398860454559326,0.24264323711395264,0.04462413489818573,0.0023330599069595337
0.013875983655452728,0.0790579691529274,0.018444320186972618,0.020270613953471184,0.7446478605270386,0.08951971679925919,0.03418346866965294
0.01112575363367796,0.01743502728641033,0.020495329052209854,0.24274352192878723,0.5138776302337646,0.15811865031719208,0.03620412200689316
0.11343575268983841,0.09066037088632584,0.00495517160743475,0.0017339687328785658,0.03597823530435562,0.7492818236351013,0.003954723477363586
0.06047649681568146,0.09116694331169128,0.001629195874556899,0.00372256338596344,0.7909606099128723,0.03737705945968628,0.014667114242911339
0.03402029722929001,0.0988214835524559,0.529378354549408,0.019818471744656563,0.06214768812060356,0.2353939414024353,0.020419826731085777
0.01699558086693287,0.015383152291178703,0.011026693508028984,0.00414077565073967,0.8648284673690796,0.05698409676551819,0.030641114339232445
0.02888026461005211,0.03160792961716652,0.006587619427591562,0.005744703579694033,0.8874554634094238,0.03229232504963875,0.007431586738675833
0.0414406880736351,0.06665309518575668,0.003564894199371338,0.004818413872271776,0.09475626051425934,0.7848322987556458,0.003934385254979134
0.03241638466715813,0.040628429502248764,0.013175521045923233,0.0020375773310661316,0.024922430515289307,0.8855459690093994,0.001273652189411223
0.0064797233790159225,0.006230725906789303,0.0012068001087754965,0.007732877042144537,0.07720111310482025,0.0019274221267551184,0.8992213010787964
0.007604953832924366,0.018559185788035393,0.0008263156050816178,0.40698179602622986,0.5431692004203796,0.00857003964483738,0.014288492500782013
0.007173990830779076,0.015555289573967457,0.0053784409537911415,0.4721151292324066,0.4766148328781128,0.017695777118206024,0.00546658132225275
0.008226091973483562,0.039642930030822754,0.0032438982743769884,0.020969953387975693,0.9023960828781128,0.014199545606970787,0.011321550235152245
0.07670988887548447,0.4208337068557739,0.08322606980800629,0.015141385607421398,0.3820161819458008,0.018596665933728218,0.0034760243725031614
0.05281174182891846,0.0214005745947361,0.0019070178968831897,0.012348158285021782,0.8952418565750122,0.012027360498905182,0.00426326273009181
0.12088904529809952,0.03217795863747597,0.006609124131500721,0.0016740963328629732,0.08453180640935898,0.7438140511512756,0.010303829796612263
0.4737149477005005,0.4112715423107147,0.004900693893432617,0.0014043455012142658,0.07648690044879913,0.029203517362475395,0.003018003422766924
0.01270139217376709,0.014220599085092545,0.002621824387460947,0.022150326520204544,0.5351868867874146,0.004012010991573334,0.409106969833374
0.008768185041844845,0.021091477945446968,0.002499240916222334,0.0062744333408772945,0.9500354528427124,0.002277337945997715,0.009053892455995083
0.009893474169075489,0.013612904585897923,0.001975805964320898,0.01471136137843132,0.9539510607719421,0.0021154037676751614,0.0037399320863187313
0.0060738385654985905,0.0029236197005957365,0.0005675824941135943,0.829334020614624,0.1348574310541153,0.003263655584305525,0.022979939356446266
0.2401392012834549,0.32551634311676025,0.001975983614102006,0.0036502559669315815,0.3886120319366455,0.03328714892268181,0.006818980909883976
0.01137179508805275,0.0030913762748241425,0.0066793086007237434,0.008798801340162754,0.1241888552904129,0.0023352920543402433,0.8435345888137817
0.072484590113163,0.054831769317388535,0.004283174406737089,0.04577253758907318,0.7974681854248047,0.021173374727368355,0.003986284136772156
0.006782722659409046,0.023151418194174767,0.06760092079639435,0.34735870361328125,0.31825679540634155,0.09536362439393997,0.14148585498332977
0.010568096302449703,0.017089979723095894,0.0025168952997773886,0.0011473692720755935,0.03594386205077171,0.9253889322280884,0.007344841491430998
0.029302017763257027,0.03294384106993675,0.003710780991241336,0.04927591606974602,0.8688045740127563,0.013252879492938519,0.0027100061997771263
0.018275709822773933,0.07304850965738297,0.0032931980676949024,0.3763972818851471,0.5185337662696838,0.0056194341741502285,0.004832081496715546
0.6091203689575195,0.08170083165168762,0.005868700798600912,0.002213158179074526,0.2879966199398041,0.00868801400065422,0.004412282723933458
0.0017559047555550933,0.022019436582922935,0.003594261361286044,0.7915400266647339,0.09596943110227585,0.014888177625834942,0.07023290544748306
0.04668451100587845,0.5536136627197266,0.09250985085964203,0.00712122768163681,0.24861550331115723,0.02226971834897995,0.029185591265559196
0.0456940121948719,0.11794698983430862,0.1789143830537796,0.03388858959078789,0.4205925464630127,0.1990136355161667,0.003949929494410753
0.018291033804416656,0.0497065968811512,0.28366363048553467,0.05952160805463791,0.5383340716362,0.02259358949959278,0.027889568358659744
0.00763330003246665,0.013592424802482128,0.005125055089592934,0.00942915678024292,0.9052198529243469,0.007969954051077366,0.051030233502388
