anger,disgust,fear,joy,neutral,sadness,surprise
0.028110625222325325,0.011426141485571861,0.008780629374086857,0.004678734112530947,0.9313720464706421,0.0039665293879806995,0.011665423400700092
0.02180732600390911,0.00882522203028202,0.004892922472208738,0.07205613702535629,0.5166406035423279,0.004710402339696884,0.3710673451423645
0.045369237661361694,0.25692588090896606,0.014607483521103859,0.0038081661332398653,0.5862136483192444,0.034690141677856445,0.058385372161865234
0.01720544509589672,0.006919651757925749,0.003793851938098669,0.023204857483506203,0.4024925231933594,0.005914443172514439,0.540469229221344
0.016141045838594437,0.030611077323555946,0.00194034562446177,0.0053503564558923244,0.14528001844882965,0.005304559599608183,0.7953725457191467
0.23616017401218414,0.013722624629735947,0.6892630457878113,0.001583157922141254,0.0451761893928051,0.006040806882083416,0.008054051548242569
0.02440910041332245,0.03563879430294037,0.6934871673583984,0.002660490106791258,0.2142680287361145,0.02528352476656437,0.004252874292433262
0.5008898973464966,0.08750186860561371,0.009810705669224262,0.0028068821411579847,0.31267476081848145,0.07912950962781906,0.007186437491327524
0.05192042514681816,0.10829401761293411,0.004973658360540867,0.017202457413077354,0.7852086424827576,0.009961148723959923,0.022439613938331604
0.054441481828689575,0.028361471369862556,0.0007122005918063223,0.30710509419441223,0.5786625742912292,0.00869641825556755,0.022020740434527397
0.03554612770676613,0.557855486869812,0.22283844649791718,0.05495365336537361,0.07019168883562088,0.04601224139332771,0.012602370232343674
0.07524619996547699,0.0284956656396389,0.704608142375946,0.002176817273721099,0.08226292580366135,0.028780879452824593,0.07842922955751419
0.05123286694288254,0.012205040082335472,0.012434344738721848,0.0006007938063703477,0.025098860263824463,0.8927708864212036,0.0056571862660348415
0.026342172175645828,0.018625138327479362,0.002348048845306039,0.02254694141447544,0.9195798635482788,0.007193660829216242,0.003364159492775798
0.024923624470829964,0.2911358177661896,0.04874425008893013,0.0035622287541627884,0.4870285391807556,0.1207851842045784,0.02382024936378002
0.019081875681877136,0.07103870064020157,0.01378718577325344,0.004712696652859449,0.8626306653022766,0.02363726682960987,0.00511167012155056
0.013090728782117367,0.0111620482057333,0.002397863194346428,0.026092609390616417,0.9266464710235596,0.004576771520078182,0.016033483669161797
0.7257488965988159,0.09796390682458878,0.015730921179056168,0.0017199227586388588,0.13438186049461365,0.01888282597064972,0.005571646615862846
0.01552797295153141,0.0059455931186676025,0.9600232243537903,0.0013526183320209384,0.012783771380782127,0.0026952517218887806,0.0016715817619115114
0.019358718767762184,0.9325035810470581,0.004936508368700743,0.0010635796934366226,0.031388502568006516,0.008011284284293652,0.0027378303930163383
0.6409266591072083,0.2070622444152832,0.008138793520629406,0.0015404580626636744,0.10401705652475357,0.03463708981871605,0.003677750937640667
0.05564739555120468,0.0035397144965827465,0.005438950844109058,0.02976430021226406,0.2767857015132904,0.0035800461191684008,0.6252438426017761
0.03992856666445732,0.008268767036497593,0.015064029954373837,0.016223246231675148,0.6686083674430847,0.02718873880803585,0.22471830248832703
0.02747308276593685,0.02516297996044159,0.00355493719689548,0.0032632078509777784,0.9172055721282959,0.007462324108928442,0.01587793417274952
0.23071536421775818,0.12148646265268326,0.012940186075866222,0.0075637828558683395,0.15416523814201355,0.4648737609386444,0.008255126886069775
0.24032160639762878,0.1999194622039795,0.014853982254862785,0.0016093924641609192,0.1803419440984726,0.3522701859474182,0.010683441534638405
0.011512331664562225,0.024149267002940178,0.00334988534450531,0.005104877520352602,0.6652912497520447,0.007774604018777609,0.2828178107738495
0.01691080443561077,0.22200344502925873,0.4362366795539856,0.0031444747000932693,0.15305860340595245,0.07991079241037369,0.08873520791530609
0.020746512338519096,0.022904790937900543,0.002067123306915164,0.021561169996857643,0.9100566506385803,0.006467659492045641,0.01619604229927063
0.42724665999412537,0.13793976604938507,0.15845400094985962,0.01006196066737175,0.1879061758518219,0.033676378428936005,0.044715069234371185
0.5873757004737854,0.08176194131374359,0.02794375829398632,0.0029846993274986744,0.2760469615459442,0.010019023902714252,0.01386788859963417
0.013829738833010197,0.010527879931032658,0.9345652461051941,0.001731793861836195,0.018166616559028625,0.0056829736568033695,0.01549570169299841
0.29300013184547424,0.07436282932758331,0.5929860472679138,0.001525977160781622,0.017439791932702065,0.018153106793761253,0.0025320961140096188
0.019321149215102196,0.7447523474693298,0.03179203346371651,0.003742125816643238,0.18673302233219147,0.009292240254580975,0.004367126151919365
0.010576650500297546,0.25968852639198303,0.00825905054807663,0.007125625852495432,0.6486876606941223,0.008369389921426773,0.05729300528764725
0.14364707469940186,0.13396477699279785,0.046288445591926575,0.0042015002109110355,0.6199580430984497,0.04618242383003235,0.005757685285061598
0.0689324140548706,0.09567318856716156,0.017859656363725662,0.00199017021805048,0.6193940043449402,0.050124119967222214,0.14602643251419067
0.2660443186759949,0.10953286290168762,0.2119198888540268,0.002468918915838003,0.3725559413433075,0.01980188861489296,0.017676180228590965
0.4267122447490692,0.2351170778274536,0.030029039829969406,0.001316324807703495,0.0958605483174324,0.20469553768634796,0.006269234232604504
0.7877835035324097,0.06324093043804169,0.03625207394361496,0.0019153403118252754,0.08978871256113052,0.016907542943954468,0.004111909307539463
