anger,disgust,fear,joy,neutral,sadness,surprise
0.044582244008779526,0.09730274230241776,0.005341528914868832,0.7497430443763733,0.026723753660917282,0.073003850877285,0.0033027806784957647
0.0647750049829483,0.6876071095466614,0.0053208619356155396,0.005969477351754904,0.1917547881603241,0.0427219457924366,0.00185083516407758
0.04043116420507431,0.2519880533218384,0.002806061413139105,0.009765036404132843,0.022611308842897415,0.6690132021903992,0.0033851421903818846
0.07817624509334564,0.4453125298023224,0.006135942414402962,0.04435937479138374,0.3667786121368408,0.044471923261880875,0.01476526539772749
0.016023334115743637,0.9524544477462769,0.015058639459311962,0.0003557858581189066,0.0059823510237038136,0.008818378672003746,0.0013069428969174623
0.10646601766347885,0.8607932925224304,0.020618461072444916,0.0006473396788351238,0.0040609026327729225,0.006547604687511921,0.0008664460619911551
0.01521604135632515,0.39546048641204834,0.1128489226102829,0.012206599116325378,0.05717863142490387,0.3876182436943054,0.01947111263871193
0.039847780019044876,0.06455285102128983,0.008624173700809479,0.02770145609974861,0.7488786578178406,0.06492690742015839,0.04546818509697914
0.004354340489953756,0.013283660635352135,0.0014633022947236896,0.9519897103309631,0.018434932455420494,0.006534339394420385,0.003939737565815449
0.010518212802708149,0.04128158092498779,0.01836486905813217,0.007906061597168446,0.7174118757247925,0.027019092813134193,0.17749829590320587
0.05425469949841499,0.3604957163333893,0.18879982829093933,0.16893790662288666,0.14849580824375153,0.07171158492565155,0.007304411847144365
0.024387076497077942,0.06514078378677368,0.01286378875374794,0.0021898732520639896,0.03625623509287834,0.8529535531997681,0.006208715960383415
0.04089972376823425,0.07822451740503311,0.0012873864034190774,0.5321311354637146,0.31676390767097473,0.02357976697385311,0.007113495841622353
0.08297443389892578,0.40897610783576965,0.0024125240743160248,0.18508079648017883,0.14661329984664917,0.15377064049243927,0.02017219550907612
