anger,disgust,fear,joy,neutral,sadness,surprise
0.004837357439100742,0.0038590289186686277,0.0018183011561632156,0.05226815864443779,0.9172910451889038,0.002635626122355461,0.0172905120998621
0.010174531489610672,0.013871629722416401,0.7833309173583984,0.0020959151443094015,0.02065977081656456,0.1679644137620926,0.001902818912640214
0.008506820537149906,0.9449031352996826,0.01262256782501936,0.0071427165530622005,0.015590380877256393,0.010089781135320663,0.0011447506258264184
0.37351980805397034,0.2553179860115051,0.017521394416689873,0.005396418739110231,0.3364657163619995,0.01047548558562994,0.0013031222624704242
0.020010652020573616,0.20705176889896393,0.29150307178497314,0.007326825987547636,0.37320417165756226,0.05891965329647064,0.04198382794857025
0.005591163877397776,0.019665569067001343,0.009334875270724297,0.2621101140975952,0.6110616326332092,0.004256497602909803,0.08798015117645264
0.36496809124946594,0.44829586148262024,0.014348544180393219,0.002164680976420641,0.12050021439790726,0.04848030209541321,0.0012422685977071524
0.08277322351932526,0.059265024960041046,0.01283356174826622,0.003255418036133051,0.5115885734558105,0.3227939009666443,0.007490340620279312
0.009156485088169575,0.13773125410079956,0.06261464208364487,0.005173927638679743,0.6586291790008545,0.11230290681123734,0.01439157035201788
0.7992234826087952,0.01120865996927023,0.09083176404237747,0.001233121263794601,0.025051556527614594,0.06391340494155884,0.008537827990949154
0.05841987207531929,0.010719356127083302,0.031024320051074028,0.01626059226691723,0.8678043484687805,0.013591064140200615,0.002180452225729823
0.03298528119921684,0.18109680712223053,0.03962313383817673,0.0036119057331234217,0.6569253206253052,0.07973908632993698,0.006018473766744137
