anger,disgust,fear,joy,neutral,sadness,surprise
0.011826998554170132,0.015478844754397869,0.009582600556313992,0.06105056777596474,0.851524829864502,0.01337435096502304,0.037161920219659805
0.002493522595614195,0.0029833370354026556,0.9328768849372864,0.002255399478599429,0.023550480604171753,0.03184754028916359,0.003992938436567783
0.033566590398550034,0.04470861330628395,0.01810605265200138,0.002285237656906247,0.2650575041770935,0.6233075857162476,0.012968456372618675
0.2662712037563324,0.31843337416648865,0.00870105903595686,0.02165936306118965,0.3118952810764313,0.06071208789944649,0.012327544391155243
0.015066301450133324,0.019760482013225555,0.24121148884296417,0.03387332707643509,0.6544957756996155,0.012788290157914162,0.02280440367758274
0.004675000440329313,0.0012911389349028468,0.00109608203638345,0.0036456261295825243,0.01028868556022644,0.002770395250990987,0.9762331247329712
0.02925582230091095,0.010644515976309776,0.00541785778477788,0.1658504754304886,0.6313769221305847,0.018106456845998764,0.13934801518917084
0.08234824985265732,0.4799121022224426,0.011471857316792011,0.012755523435771465,0.4000215530395508,0.011697260662913322,0.0017934063216671348
0.0011982535943388939,0.0014851577579975128,0.9829817414283752,0.0014617441920563579,0.005210055038332939,0.006700537167489529,0.0009624639642424881
0.009538667276501656,0.020278992131352425,0.9554263353347778,0.0017236891435459256,0.009293875657022,0.0017073891358450055,0.0020310217514634132
0.21231861412525177,0.14166739583015442,0.030843468382954597,0.013670563697814941,0.571012556552887,0.017695097252726555,0.012792342342436314
0.006082434207201004,0.002490714890882373,0.9730465412139893,0.0028322315774858,0.00964909978210926,0.0025970879942178726,0.0033018849790096283
0.1752963662147522,0.12166210263967514,0.018248001113533974,0.15092922747135162,0.4671816825866699,0.059043999761343,0.007638661190867424
0.9403912425041199,0.017031703144311905,0.0045522465370595455,0.0010711750946938992,0.02540605328977108,0.008665554225444794,0.0028818247374147177
0.05384232476353645,0.11683252453804016,0.016529705375432968,0.30567726492881775,0.4308791160583496,0.06481846421957016,0.01142066903412342
0.6908872723579407,0.20711618661880493,0.0279381200671196,0.004252926912158728,0.06039001792669296,0.006324966438114643,0.0030905460007488728
0.09011858701705933,0.1857941895723343,0.022021397948265076,0.004388827830553055,0.5433752536773682,0.1416066437959671,0.012695110403001308
0.015442462638020515,0.00785523746162653,0.058491069823503494,0.011401161551475525,0.8787630796432495,0.019818143919110298,0.008228839375078678
0.16873016953468323,0.11331307142972946,0.3831477165222168,0.0025087071117013693,0.0964747965335846,0.2033211588859558,0.03250434622168541
0.07493921369314194,0.058773670345544815,0.03355531394481659,0.009001323021948338,0.7628775238990784,0.03938625752925873,0.021466653794050217
0.5642860531806946,0.3239654302597046,0.013834754936397076,0.001578589784912765,0.062206294387578964,0.031144725158810616,0.0029841603245586157
0.0425240583717823,0.6922171711921692,0.0033457425888627768,0.05414146929979324,0.19589710235595703,0.00898562092334032,0.002888935850933194
