anger,disgust,fear,joy,neutral,sadness,surprise
0.8162356615066528,0.1440262347459793,0.0160833653062582,0.00139640923589468,0.012260382995009422,0.008472957648336887,0.0015250124270096421
0.024327510967850685,0.12492681294679642,0.04063601791858673,0.03351346403360367,0.5902580618858337,0.007427970878779888,0.17891019582748413
0.7216281294822693,0.03714855760335922,0.01466270163655281,0.001572305103763938,0.055042706429958344,0.16693268716335297,0.0030129277147352695
0.05533217266201973,0.007276204414665699,0.4281761944293976,0.014819826930761337,0.4179214537143707,0.04322178289294243,0.03325239568948746
0.18485336005687714,0.021663105115294456,0.4661061763763428,0.009732731617987156,0.17371082305908203,0.13697759807109833,0.006956180557608604
0.018017282709479332,0.02710041031241417,0.04131796583533287,0.005707960110157728,0.8908922076225281,0.01032750029116869,0.006636690814048052
0.4498599171638489,0.15733207762241364,0.051043905317783356,0.003280690871179104,0.27879598736763,0.05755991116166115,0.002127485815435648
0.016289781779050827,0.07010647654533386,0.11173149943351746,0.045367009937763214,0.7057844996452332,0.009739309549331665,0.04098140075802803
0.7458370923995972,0.04598521813750267,0.07517017424106598,0.003782757790759206,0.046186257153749466,0.07430067658424377,0.008737766183912754
0.0879775881767273,0.06889340281486511,0.07624594867229462,0.009507361799478531,0.7370752692222595,0.00976706761866808,0.010533370077610016
0.26606786251068115,0.01745329052209854,0.13132545351982117,0.007793255150318146,0.4907386004924774,0.07497485727071762,0.011646626517176628
0.2554478049278259,0.6646226644515991,0.023602619767189026,0.0010474869050085545,0.042193248867988586,0.01131980400532484,0.0017664519837126136
0.011926524341106415,0.004774034488946199,0.8739089965820312,0.006011428311467171,0.07322748750448227,0.02866259030997753,0.00148890377022326
0.024465322494506836,0.186175137758255,0.04004031419754028,0.003480680752545595,0.24599339067935944,0.4909890592098236,0.008856111206114292
0.04124545678496361,0.019608063623309135,0.10228367149829865,0.011349082924425602,0.7735642194747925,0.024157261475920677,0.027792204171419144
0.028413496911525726,0.061392057687044144,0.0045560612343251705,0.00393980136141181,0.8856316208839417,0.0051111881621181965,0.010955818928778172
0.001169785624369979,0.0005861438694410026,0.00048166554188355803,0.9873522520065308,0.002523337956517935,0.001288834260776639,0.006597959902137518
0.48190438747406006,0.3385559320449829,0.11789606511592865,0.0020471718162298203,0.03934939205646515,0.01810292713344097,0.00214406568557024
0.023999691009521484,0.17897005379199982,0.0339137427508831,0.1860383152961731,0.5415822863578796,0.03256722167134285,0.0029286581557244062
0.17248943448066711,0.09033080190420151,0.3338939845561981,0.0061594764702022076,0.325760155916214,0.06575526297092438,0.005610906984657049
0.0771045908331871,0.05680343508720398,0.3108210265636444,0.008958105929195881,0.49509069323539734,0.03550006449222565,0.01572207361459732
0.3977382481098175,0.07520686835050583,0.3667697012424469,0.005836745724081993,0.1312987059354782,0.018071815371513367,0.0050779590383172035
0.7932156920433044,0.10565123707056046,0.020171403884887695,0.0021509432699531317,0.06099049001932144,0.0153830386698246,0.0024371522013098
0.07369791716337204,0.18317808210849762,0.1035943329334259,0.0015997932059690356,0.06944937258958817,0.5330712795257568,0.03540920466184616
0.00666767219081521,0.007846939377486706,0.11041172593832016,0.06938982009887695,0.7832827568054199,0.010755003429949284,0.011646139435470104
0.6189427375793457,0.1320413202047348,0.011727390810847282,0.0025594476610422134,0.17361783981323242,0.056431155651807785,0.004680165555328131
0.6056117415428162,0.18939918279647827,0.06042695790529251,0.0013820197200402617,0.04156915470957756,0.07845942676067352,0.023151453584432602
0.1518579125404358,0.25837814807891846,0.004743053577840328,0.006753353402018547,0.5533352494239807,0.019677050411701202,0.005255222786217928
0.0035740185994654894,0.012280739843845367,0.0018124168273061514,0.1524152010679245,0.13167254626750946,0.6877312660217285,0.010513875633478165
0.032631609588861465,0.06492642313241959,0.005564362276345491,0.003020001808181405,0.8734433054924011,0.011543236672878265,0.008871019817888737
0.44173115491867065,0.18242594599723816,0.020764289423823357,0.004064825363457203,0.3344229757785797,0.012933051213622093,0.003657760564237833
0.014490232802927494,0.01981576904654503,0.8608964085578918,0.003118049120530486,0.08981949090957642,0.008687086403369904,0.003173034405335784
