anger,disgust,fear,joy,neutral,sadness,surprise
0.0038260265719145536,0.011359689757227898,0.007869655266404152,0.001955527113750577,0.040315765887498856,0.9261050820350647,0.008568289689719677
0.04470783472061157,0.35026779770851135,0.014283574186265469,0.005881710909307003,0.4501916766166687,0.12055913358926773,0.014108353294432163
0.025074617937207222,0.09776359051465988,0.04519079625606537,0.005064221564680338,0.39949163794517517,0.10198824852705002,0.3254269063472748
0.03180905804038048,0.03401893377304077,0.0039223902858793736,0.0040868790820240974,0.8929451704025269,0.010544848628342152,0.02267279475927353
0.7615439295768738,0.01913037896156311,0.0054482934065163136,0.0016446656081825495,0.028657663613557816,0.17895326018333435,0.004621834959834814
0.12054231017827988,0.5385985374450684,0.0070227766409516335,0.07406795769929886,0.23531073331832886,0.021057037636637688,0.0034006370697170496
0.037772636860609055,0.30969083309173584,0.00382135808467865,0.3091597557067871,0.3061576187610626,0.02921871654689312,0.004179084207862616
0.649554431438446,0.14641177654266357,0.014660567976534367,0.0013967580161988735,0.0698850154876709,0.11591622978448868,0.0021752449683845043
0.0584510900080204,0.3703891932964325,0.02687753364443779,0.019413119181990623,0.4901391565799713,0.024465318769216537,0.010264623910188675
0.2581755816936493,0.39373406767845154,0.02358522079885006,0.002431787783280015,0.12874071300029755,0.19066546857357025,0.0026671935338526964
0.15884292125701904,0.11381777375936508,0.03998257592320442,0.0028328506741672754,0.0945441722869873,0.5864389538764954,0.00354077760130167
0.20558227598667145,0.1486949622631073,0.0121878981590271,0.011029954999685287,0.4825987219810486,0.08356960117816925,0.05633655562996864
0.0037730613257735968,0.0017553529469296336,0.0027679288759827614,0.0019811978563666344,0.006561627145856619,0.0012366354931145906,0.9819242358207703
0.219678595662117,0.7378182411193848,0.004624577704817057,0.0010622498812153935,0.017497550696134567,0.017873331904411316,0.001445537549443543
0.8254331350326538,0.02662786841392517,0.095866359770298,0.0011699507012963295,0.04095832630991936,0.003600285854190588,0.006343994755297899
0.008049916476011276,0.006892857141792774,0.0018300466472283006,0.009132427163422108,0.8722342252731323,0.020251255482435226,0.08160919696092606
0.023869212716817856,0.898280143737793,0.035855844616889954,0.0014594733947888017,0.024007124826312065,0.014325379393994808,0.0022028000093996525
0.04392530024051666,0.09268265962600708,0.01881318911910057,0.001978127518668771,0.7693190574645996,0.06875795125961304,0.0045238095335662365
0.15499603748321533,0.16266261041164398,0.3478732705116272,0.0013069012202322483,0.05177220702171326,0.27314820885658264,0.008240683004260063
0.03479401394724846,0.06745998561382294,0.07577765733003616,0.002095571020618081,0.7535057663917542,0.04183610528707504,0.024530896916985512
0.057885561138391495,0.13641254603862762,0.1375967413187027,0.0023386122193187475,0.1211252212524414,0.44830822944641113,0.0963331013917923
