anger,disgust,fear,joy,neutral,sadness,surprise
0.011505053378641605,0.05606462433934212,0.001286773243919015,0.04153648763895035,0.8505437970161438,0.028020933270454407,0.011042342521250248
0.011808548122644424,0.002360088052228093,0.005482519511133432,0.3673315942287445,0.4770592451095581,0.05977242812514305,0.07618550211191177
0.04144137352705002,0.012123956345021725,0.5609344244003296,0.008498186245560646,0.15707935392856598,0.1929595172405243,0.0269631240516901
0.19720162451267242,0.6874682307243347,0.007737311068922281,0.0014547075843438506,0.08079809695482254,0.022120429202914238,0.0032195996027439833
0.14423419535160065,0.22147750854492188,0.18018756806850433,0.0027793815825134516,0.4003497064113617,0.013675997033715248,0.03729558736085892
0.03341352194547653,0.0702265053987503,0.7203093767166138,0.004000700078904629,0.10077787190675735,0.004213090520352125,0.06705884635448456
0.010231385938823223,0.055075883865356445,0.07809079438447952,0.003498643171042204,0.09289346635341644,0.004363713786005974,0.7558461427688599
0.11417940258979797,0.12730245292186737,0.01750856824219227,0.001193446689285338,0.7027915716171265,0.028418291360139847,0.008606351912021637
0.09089642018079758,0.6893609166145325,0.07001377642154694,0.0041461787186563015,0.1204460933804512,0.007291167043149471,0.017845498397946358
0.008888260461390018,0.05209708958864212,0.8142293691635132,0.0016575148329138756,0.08232327550649643,0.013972930610179901,0.02683149091899395
0.03489462286233902,0.4747926592826843,0.018027309328317642,0.004074698779731989,0.4241011440753937,0.03269433602690697,0.011415226384997368
0.015131517313420773,0.20712997019290924,0.012986691668629646,0.003135178703814745,0.7328389883041382,0.0097853047773242,0.01899232715368271
0.013166740536689758,0.011468665674328804,0.03706304356455803,0.7559476494789124,0.1608862727880478,0.010018632747232914,0.011448945850133896
0.01998623088002205,0.03857331722974777,0.018094543367624283,0.0026399153284728527,0.18653127551078796,0.7259584665298462,0.008216275833547115
0.14262019097805023,0.023227419704198837,0.5610378980636597,0.0021366127766668797,0.18560126423835754,0.023258477449417114,0.062118154019117355
0.02609972096979618,0.07663600891828537,0.7414400577545166,0.003438165644183755,0.12605664134025574,0.008260225877165794,0.018069207668304443
0.4633083939552307,0.09985347837209702,0.054431598633527756,0.011516687460243702,0.34048911929130554,0.01611882448196411,0.01428184937685728
0.040293723344802856,0.050330232828855515,0.0028067175298929214,0.003010120242834091,0.8850958347320557,0.010832340456545353,0.0076310173608362675
0.020427953451871872,0.057785287499427795,0.003975996281951666,0.29557859897613525,0.5586546659469604,0.058979205787181854,0.004598274361342192
0.005556917749345303,0.0035131860058754683,0.0009902389720082283,0.08996760845184326,0.8513488173484802,0.014883439987897873,0.033739835023880005
