anger,disgust,fear,joy,neutral,sadness,surprise
0.04587810859084129,0.04630880057811737,0.00660164887085557,0.006975184660404921,0.0430021658539772,0.8453096747398376,0.005924401339143515
0.06611819565296173,0.06534028053283691,0.8358941078186035,0.001617069123312831,0.017671456560492516,0.011259195394814014,0.002099656732752919
0.0037916386500000954,0.07021674513816833,0.003656292101368308,0.00722859613597393,0.263546884059906,0.5952779650688171,0.05628187581896782
0.009236425161361694,0.0029283605981618166,0.9509438872337341,0.001733519951812923,0.0263495072722435,0.006379782222211361,0.002428580541163683
0.018044399097561836,0.2501738667488098,0.010386432521045208,0.033924177289009094,0.4772617220878601,0.20755960047245026,0.002649785252287984
0.010830973275005817,0.01776006631553173,0.0033424641005694866,0.006582355126738548,0.9382396936416626,0.019204294309020042,0.004040085710585117
0.3414134383201599,0.4972342252731323,0.024809708818793297,0.0010207941522821784,0.03856850042939186,0.09510113298892975,0.0018522607861086726
0.011630724184215069,0.02515607886016369,0.11151272058486938,0.007240463048219681,0.42877301573753357,0.3912349045276642,0.024452127516269684
0.03796819597482681,0.2217981517314911,0.26716139912605286,0.014654412865638733,0.24587516486644745,0.1978321075439453,0.01471060048788786
0.08098996430635452,0.8320508599281311,0.008230884559452534,0.0007522032829001546,0.028915785253047943,0.046602390706539154,0.002458001486957073
0.29634007811546326,0.1518886536359787,0.002617898629978299,0.011423846706748009,0.501451313495636,0.025779031217098236,0.010499143972992897
0.02549632638692856,0.11120863258838654,0.006705210544168949,0.005950534716248512,0.24597470462322235,0.4465777277946472,0.15808680653572083
0.9565916061401367,0.017598537728190422,0.001517084427177906,0.0011492078192532063,0.01666659489274025,0.0037703465204685926,0.00270662410184741
0.9738805890083313,0.007581421174108982,0.0045423246920108795,0.00047744184848852456,0.008970203809440136,0.0029184543527662754,0.0016295949462801218
0.0073392135091125965,0.008092637173831463,0.007475837599486113,0.058238741010427475,0.8755754232406616,0.03180761635303497,0.011470479890704155
0.02128824032843113,0.04121582582592964,0.044377073645591736,0.002173440996557474,0.06992718577384949,0.5077275037765503,0.31329071521759033
0.016914840787649155,0.09067347645759583,0.04919008910655975,0.004108288791030645,0.04166097939014435,0.795993447303772,0.0014588898047804832
0.0037388247437775135,0.004418402910232544,0.9656503200531006,0.00235078576952219,0.017769843339920044,0.0036962053272873163,0.002375630894675851
0.0357731357216835,0.029806021600961685,0.002681076992303133,0.08858399838209152,0.5939950942993164,0.07559073716402054,0.173569917678833
0.03476964309811592,0.027409831061959267,0.6891116499900818,0.006359647028148174,0.2123614251613617,0.027719596400856972,0.0022683090064674616
0.7162954807281494,0.08861949294805527,0.003201516577973962,0.011828544549643993,0.08484020829200745,0.09315905719995499,0.0020557749085128307
0.0962023138999939,0.10845330357551575,0.3932488262653351,0.003550943685695529,0.2985815107822418,0.08949221670627594,0.010470879264175892
0.4045117199420929,0.29227587580680847,0.02504034899175167,0.003688681870698929,0.20180335640907288,0.07128814607858658,0.0013918603071942925
0.011656658723950386,0.04182259738445282,0.020142944529652596,0.371078222990036,0.4686283767223358,0.014548474922776222,0.07212269306182861
0.009935655631124973,0.0029964903369545937,0.007748880889266729,0.0016549794236198068,0.014881100505590439,0.0008939573308452964,0.9618889093399048
0.008824664168059826,0.05393033102154732,0.0009332038462162018,0.742327868938446,0.17918983101844788,0.007439799141138792,0.007354254834353924
0.3308601379394531,0.531716525554657,0.007065648213028908,0.002266734139993787,0.042707983404397964,0.07823251187801361,0.007150429766625166
0.005128408316522837,0.9786997437477112,0.0011501077096909285,0.0005607056664302945,0.00891290046274662,0.0025408281944692135,0.0030073209200054407
0.1798907071352005,0.7196388244628906,0.012897215783596039,0.000807746488135308,0.05805635079741478,0.02650768868625164,0.002201495924964547
0.2659376263618469,0.13496585190296173,0.0014211151283234358,0.16215883195400238,0.412759393453598,0.011271451599895954,0.011485789902508259
0.026124313473701477,0.08789926767349243,0.004091822542250156,0.11102358996868134,0.7336031794548035,0.03383459523320198,0.003423241898417473
0.2079526036977768,0.5235334634780884,0.0019546847324818373,0.012381425127387047,0.24240972101688385,0.010015001520514488,0.001753185992129147
0.4958294928073883,0.3532154858112335,0.007308225147426128,0.005367886740714312,0.1158473938703537,0.017842840403318405,0.004588619340211153
0.02911236323416233,0.01261882670223713,0.022606730461120605,0.005474500358104706,0.6219576001167297,0.0881710797548294,0.2200588881969452
0.045073654502630234,0.04138779640197754,0.16204240918159485,0.26511049270629883,0.472074031829834,0.010673129931092262,0.0036385273560881615
0.020485101267695427,0.021596813574433327,0.0011081352131441236,0.7947901487350464,0.09432949125766754,0.04042203351855278,0.027268271893262863
0.007893661968410015,0.00421055918559432,0.004372966010123491,0.09113626927137375,0.8576112985610962,0.004570063203573227,0.030205337330698967
0.012889680452644825,0.16969570517539978,0.0015961868921294808,0.6064315438270569,0.1938748061656952,0.011715944856405258,0.003796142293140292
0.05479808524250984,0.07296615839004517,0.227119579911232,0.006548704579472542,0.5794101357460022,0.03289530798792839,0.026262028142809868
0.7623760104179382,0.08590830862522125,0.0039819274097681046,0.003265396226197481,0.0742674469947815,0.06761043518781662,0.00259042764082551
0.026627453044056892,0.054467227309942245,0.0028653768822550774,0.03600403666496277,0.7967126965522766,0.08104894310235977,0.0022743053268641233
