anger,disgust,fear,joy,neutral,sadness,surprise
0.0019271131604909897,0.010323370806872845,0.0038489922881126404,0.001738357008434832,0.024891722947359085,0.955207884311676,0.002062480663880706
0.014325995929539204,0.03913430497050285,0.036265309900045395,0.06288272142410278,0.6879551410675049,0.07959651201963425,0.07983997464179993
0.01725616492331028,0.017726097255945206,0.0022918162867426872,0.03201254829764366,0.09115280956029892,0.8327672481536865,0.00679330388084054
0.145345076918602,0.054634418338537216,0.0035476586781442165,0.005363207310438156,0.05880441144108772,0.7290199398994446,0.0032852855511009693
0.004908229224383831,0.010143458843231201,0.04953685775399208,0.7540531754493713,0.17045065760612488,0.007011830806732178,0.003895716043189168
0.014012100175023079,0.014636417850852013,0.1783638894557953,0.03755836933851242,0.6079794764518738,0.1414995640516281,0.005950175225734711
0.02242830954492092,0.029812196269631386,0.0013765470357611775,0.5756980180740356,0.34926119446754456,0.016689429059624672,0.004734293557703495
0.014642296358942986,0.016738971695303917,0.026948776096105576,0.007299371995031834,0.918682873249054,0.007457976695150137,0.008229782804846764
0.0861319750547409,0.2611601948738098,0.04012513905763626,0.020927326753735542,0.538141131401062,0.03570396453142166,0.017810208722949028
0.03661210089921951,0.18978099524974823,0.003565674414858222,0.013314532116055489,0.7387974262237549,0.012717592529952526,0.005211627576500177
0.023352231830358505,0.04542158544063568,0.15953484177589417,0.0209937896579504,0.3492244482040405,0.05767916515469551,0.34379392862319946
0.015164799988269806,0.05602626875042915,0.3707638382911682,0.17840228974819183,0.3574470579624176,0.0076394109055399895,0.014556240290403366
0.0036341985687613487,0.012191740795969963,0.0018679903587326407,0.7537153959274292,0.14081571996212006,0.06640806049108505,0.021366965025663376
0.019607223570346832,0.15263715386390686,0.019056307151913643,0.06492260843515396,0.6080443859100342,0.11374892294406891,0.021983470767736435
0.012892717495560646,0.01396248023957014,0.004613978322595358,0.3867994248867035,0.5384778380393982,0.008837206289172173,0.034416280686855316
0.21882380545139313,0.42335280776023865,0.02196747437119484,0.008390001021325588,0.3005622625350952,0.007212171331048012,0.01969156228005886
0.05040185526013374,0.06970255076885223,0.014386753551661968,0.0031918147578835487,0.2631378471851349,0.5521066784858704,0.04707247391343117
0.011317608878016472,0.04752805083990097,0.014505166560411453,0.041630782186985016,0.8661873936653137,0.006752512883394957,0.012078468687832355
0.4709691107273102,0.19952304661273956,0.008907006122171879,0.02800532802939415,0.2093048244714737,0.08091092854738235,0.0023798728361725807
0.4991185665130615,0.38863593339920044,0.0033096957486122847,0.002486914861947298,0.07844024896621704,0.024338088929653168,0.003670476144179702
0.2859119176864624,0.643692672252655,0.022246887907385826,0.003251127665862441,0.02595299482345581,0.015056825242936611,0.003887475933879614
0.006355558522045612,0.07395415008068085,0.07315865904092789,0.0028051091358065605,0.06894069164991379,0.763373613357544,0.011412163265049458
0.6111003160476685,0.05418014898896217,0.006804171949625015,0.0013599102385342121,0.1121315211057663,0.2091694474220276,0.005254428833723068
0.03545050695538521,0.07421520352363586,0.3607005476951599,0.004697016440331936,0.45799410343170166,0.04842918738722801,0.018513469025492668
0.026385627686977386,0.013476431369781494,0.012037667445838451,0.016302846372127533,0.8986284732818604,0.010224919766187668,0.022944031283259392
0.929515540599823,0.017465045675635338,0.00534573569893837,0.00095177604816854,0.037836939096450806,0.00537310354411602,0.0035118088126182556
0.18048539757728577,0.5555750727653503,0.0414128452539444,0.0013353995746001601,0.05056381598114967,0.16731950640678406,0.0033080719877034426
0.0032221581786870956,0.006757257040590048,0.0029151584021747112,0.036936838179826736,0.015379529446363449,0.0036239982582628727,0.9311650395393372
0.018912838771939278,0.03153223916888237,0.011324239894747734,0.13996809720993042,0.7711235284805298,0.0173624437302351,0.009776588529348373
0.5731846690177917,0.028167203068733215,0.03317363187670708,0.0016911695711314678,0.1253182590007782,0.23158583045005798,0.006879192776978016
0.02346947230398655,0.008211181499063969,0.6393486857414246,0.0029600870329886675,0.04403184726834297,0.2767745852470398,0.005204043351113796
0.006981849204748869,0.028703467920422554,0.006138469558209181,0.020625459030270576,0.3924085795879364,0.5271221995353699,0.01801999658346176
0.0017303918721154332,0.00130075728520751,0.0004047791298944503,0.9864363074302673,0.0031884151976555586,0.003302495228126645,0.003636955050751567
0.22469696402549744,0.7520257234573364,0.0031464649364352226,0.0011678627924993634,0.010934972204267979,0.0031985745299607515,0.004829495679587126
0.07051622122526169,0.14630047976970673,0.3439667224884033,0.003541909158229828,0.38835135102272034,0.03221994265913963,0.01510351337492466
0.019076766446232796,0.022436145693063736,0.0021887251641601324,0.20712649822235107,0.7360067963600159,0.00462875422090292,0.008536255918443203
0.0054100085981190205,0.00485547911375761,0.0016767499037086964,0.8292068243026733,0.1386873424053192,0.00929536297917366,0.010868157260119915
0.012687538750469685,0.015932265669107437,0.008478229865431786,0.011352019384503365,0.9224190711975098,0.005253950599581003,0.02387693151831627
0.11650357395410538,0.006324955727905035,0.8591347336769104,0.0012422215659171343,0.00886849220842123,0.004109499044716358,0.0038165668956935406
0.04247286915779114,0.00477697653695941,0.012418299913406372,0.8112570643424988,0.044921908527612686,0.03996772691607475,0.04418516159057617
0.6161211133003235,0.018668536096811295,0.012956898659467697,0.27771487832069397,0.036259058862924576,0.0071264756843447685,0.031152989715337753
0.03018304519355297,0.03699571639299393,0.01607629284262657,0.027257099747657776,0.7855605483055115,0.09508167952299118,0.008845632895827293
0.04212619736790657,0.05982011929154396,0.007179700769484043,0.022613443434238434,0.7843972444534302,0.08013934642076492,0.0037238881923258305
