anger,disgust,fear,joy,neutral,sadness,surprise
0.0010332666570320725,0.0007437384338118136,0.975969135761261,0.002482120878994465,0.002012730110436678,0.01181215513497591,0.00594688393175602
0.02113223262131214,0.0044286116026341915,0.006386436987668276,0.39894014596939087,0.18630196154117584,0.3526182174682617,0.030192380771040916
0.00774235837161541,0.01966480351984501,0.0051115406677126884,0.7791081070899963,0.16732163727283478,0.0032364055514335632,0.017815159633755684
0.036445289850234985,0.2717154026031494,0.1925768405199051,0.0049729314632713795,0.33398276567459106,0.025135641917586327,0.135171040892601
0.02074461057782173,0.5023112893104553,0.2870336174964905,0.004009180702269077,0.0997435450553894,0.025232577696442604,0.0609252043068409
0.0015349275199696422,0.004096959717571735,0.012525699101388454,0.009708722122013569,0.015961192548274994,0.9458836317062378,0.010288847610354424
0.005600220523774624,0.00313186040148139,0.30513128638267517,0.006200939882546663,0.026750342920422554,0.6238780617713928,0.029307285323739052
0.008006484247744083,0.009164883755147457,0.6106396317481995,0.005789554677903652,0.0945548564195633,0.009279767982661724,0.2625647783279419
0.4756905138492584,0.2260819375514984,0.006873637903481722,0.005517695099115372,0.11272439360618591,0.1274987906217575,0.04561293497681618
0.027446579188108444,0.036421727389097214,0.2299872189760208,0.009303041733801365,0.3770241141319275,0.29251518845558167,0.02730216085910797
0.005009978078305721,0.027790531516075134,0.004194115288555622,0.8820270299911499,0.06343267112970352,0.014047260396182537,0.003498432459309697
0.1532706767320633,0.06892582029104233,0.005488317925482988,0.005691066384315491,0.6894122362136841,0.05579899251461029,0.02141290344297886
0.3209645748138428,0.07475931197404861,0.5620103478431702,0.002658648183569312,0.029510514810681343,0.007468841504305601,0.002627821872010827
0.9540966153144836,0.016074322164058685,0.003946393728256226,0.000862311979290098,0.01902836561203003,0.0035076492931693792,0.0024843397550284863
0.6842472553253174,0.07266327738761902,0.0572798065841198,0.001960795372724533,0.15338070690631866,0.023516368120908737,0.006951731164008379
0.00816640630364418,0.02867269702255726,0.13298062980175018,0.006464590784162283,0.19231894612312317,0.005485223606228828,0.6259114742279053
0.014060724526643753,0.052965208888053894,0.004927696194499731,0.029826605692505836,0.8757976293563843,0.014414481818675995,0.008007622323930264
0.004508460406213999,0.006888126023113728,0.9719635248184204,0.0009386094170622528,0.006489865016192198,0.005416833329945803,0.0037946945521980524
0.6944695711135864,0.18192479014396667,0.005825615022331476,0.0026235829573124647,0.10240364819765091,0.009342595934867859,0.0034101177006959915
0.112551249563694,0.696968674659729,0.021946856752038002,0.007304036058485508,0.1453685462474823,0.009394635446369648,0.0064660292118787766
0.04064739868044853,0.2827109694480896,0.4335174560546875,0.0039137122221291065,0.03044828027486801,0.20654121041297913,0.0022210171446204185
0.0034358438570052385,0.008894266560673714,0.002645019209012389,0.26269471645355225,0.6866071224212646,0.023329010233283043,0.012393958866596222
0.1224040538072586,0.08180466294288635,0.004279297776520252,0.2932414710521698,0.4602862298488617,0.031605664640665054,0.006378696300089359
