anger,disgust,fear,joy,neutral,sadness,surprise
0.008670262061059475,0.14956438541412354,0.7121734023094177,0.022112196311354637,0.06946750730276108,0.030823931097984314,0.00718825263902545
0.015075773932039738,0.44164779782295227,0.239065483212471,0.018016325309872627,0.2593458890914917,0.018076051026582718,0.008772746659815311
0.8851258158683777,0.0426471009850502,0.004711539950221777,0.0014811669243499637,0.05446954071521759,0.008418555371463299,0.0031464099884033203
0.1611388921737671,0.059372417628765106,0.51650071144104,0.011068262159824371,0.19817602634429932,0.0504256933927536,0.0033180227037519217
0.328218549489975,0.5514278411865234,0.01323576271533966,0.0037824606988579035,0.08057662844657898,0.020745202898979187,0.002013512421399355
0.003913817461580038,0.024461684748530388,0.9296703338623047,0.0015850106719881296,0.02733069472014904,0.005486014764755964,0.0075523764826357365
0.46023425459861755,0.09960371255874634,0.06091250479221344,0.0016236738301813602,0.13359065353870392,0.24000366032123566,0.004031527321785688
0.007443067152053118,0.003561076009646058,0.007599270436912775,0.002737974049523473,0.017987694591283798,0.3533429503440857,0.607327938079834
0.010853671468794346,0.024510234594345093,0.018246309831738472,0.00512591702863574,0.8503865003585815,0.006278290878981352,0.08459900319576263
0.006575336679816246,0.005309781525284052,0.005633688066154718,0.010725054889917374,0.9192618131637573,0.017938489094376564,0.03455589339137077
0.23856407403945923,0.17603662610054016,0.006667496170848608,0.003025137120857835,0.5153077244758606,0.04968394339084625,0.010714953765273094
0.002932799281552434,0.003962316084653139,0.003209537360817194,0.014453164301812649,0.9308723211288452,0.0059647816233336926,0.03860507532954216
0.07036616653203964,0.7783265113830566,0.015119293704628944,0.002682492835447192,0.11105882376432419,0.021388163790106773,0.0010585890850052238
0.014353254809975624,0.9159663915634155,0.014939711429178715,0.0005661823088303208,0.04171883687376976,0.0072193508967757225,0.005236268509179354
