anger,disgust,fear,joy,neutral,sadness,surprise
0.43904298543930054,0.0879218801856041,0.1050102710723877,0.004593035206198692,0.28569620847702026,0.07045000046491623,0.007285609375685453
0.030664460733532906,0.11770857870578766,0.0038080073427408934,0.021971261128783226,0.8078583478927612,0.008147889748215675,0.009841418825089931
0.5017034411430359,0.44669389724731445,0.010784034617245197,0.0010119336657226086,0.03268423676490784,0.006017711479216814,0.001104727853089571
0.022115619853138924,0.9309513568878174,0.004918232094496489,0.0005479741375893354,0.021583406254649162,0.019061030820012093,0.0008224023622460663
0.08633910119533539,0.030055832117795944,0.009258479811251163,0.00757492845878005,0.8445311784744263,0.019652070477604866,0.00258844206109643
0.020404953509569168,0.23979653418064117,0.0029692593961954117,0.002823749789968133,0.6992555260658264,0.02489708736538887,0.009852915070950985
0.02184252068400383,0.04209291562438011,0.0024557719007134438,0.05960230529308319,0.6952647566795349,0.17263559997081757,0.006106087937951088
0.4828059673309326,0.47733908891677856,0.01981293596327305,0.0015167915262281895,0.012755506671965122,0.004112342372536659,0.0016573963221162558
0.06325866281986237,0.04964317008852959,0.01564553752541542,0.006548942066729069,0.8135054707527161,0.023564759641885757,0.0278334803879261
0.5565553307533264,0.2885797917842865,0.03668928146362305,0.0020484367851167917,0.06397545337677002,0.04982239380478859,0.0023292091209441423
0.5435528755187988,0.08579085767269135,0.006062003318220377,0.0011898826342076063,0.08939512073993683,0.26855942606925964,0.0054498701356351376
0.2606990337371826,0.22555357217788696,0.06112973392009735,0.0017299195751547813,0.42073285579681396,0.010252169333398342,0.019902756437659264
0.013902622275054455,0.019923768937587738,0.018226809799671173,0.006695556920021772,0.9307815432548523,0.007910151965916157,0.0025595359038561583
0.07871350646018982,0.5352742671966553,0.1867884248495102,0.002787930890917778,0.12135590612888336,0.007365578785538673,0.06771443784236908
0.029681812971830368,0.014104259200394154,0.0056814169511199,0.002016337588429451,0.2517511248588562,0.014630584977567196,0.6821345090866089
0.014061097986996174,0.726940393447876,0.030105063691735268,0.0012610554695129395,0.14160172641277313,0.08089648187160492,0.005134045612066984
0.030119076371192932,0.022175529971718788,0.00555439805611968,0.0014987037284299731,0.9162350296974182,0.018537255004048347,0.0058800335973501205
0.3804332911968231,0.49222347140312195,0.018918326124548912,0.0021325473207980394,0.09275270253419876,0.01013193279504776,0.0034077309537678957
0.1404290646314621,0.0798206478357315,0.6888418197631836,0.0022547543048858643,0.06903953850269318,0.014621883630752563,0.004992237780243158
0.02363753877580166,0.00780714163556695,0.002506447024643421,0.011335538700222969,0.9458596706390381,0.00404380401596427,0.004809822421520948
