anger,disgust,fear,joy,neutral,sadness,surprise
0.027682827785611153,0.015463300980627537,0.041234903037548065,0.002391078742220998,0.24914640188217163,0.019649673253297806,0.6444317698478699
0.06270034611225128,0.764977216720581,0.021340984851121902,0.004644925706088543,0.1358822137117386,0.009040139615535736,0.0014141482533887029
0.04209738224744797,0.041557710617780685,0.23056377470493317,0.011974940076470375,0.5462728142738342,0.061948902904987335,0.06558443605899811
0.010294302366673946,0.0048818327486515045,0.098452627658844,0.003970060031861067,0.06363926082849503,0.7137854099273682,0.10497654974460602
0.386466920375824,0.024542687460780144,0.294198602437973,0.003352633211761713,0.15064692497253418,0.015659069642424583,0.12513315677642822
0.012056653387844563,0.0016580831725150347,0.9002209305763245,0.0031332354992628098,0.02743932418525219,0.031124304980039597,0.02436748333275318
0.08420193940401077,0.04876917973160744,0.2346467673778534,0.04863771051168442,0.5519206523895264,0.013901561498641968,0.0179221760481596
0.23892956972122192,0.29497265815734863,0.23836515843868256,0.004622994922101498,0.13616149127483368,0.07624642550945282,0.010701658204197884
0.0879901647567749,0.021733229979872704,0.21762068569660187,0.005324396770447493,0.5047146677970886,0.04454462602734566,0.11807222664356232
