anger,disgust,fear,joy,neutral,sadness,surprise
0.006500361952930689,0.21813151240348816,0.02471650205552578,0.1651892364025116,0.5531342029571533,0.018637273460626602,0.013690955005586147
0.08134778589010239,0.8485494256019592,0.0008390666916966438,0.0018579947063699365,0.041985657066106796,0.02110818214714527,0.004311708267778158
0.2336653172969818,0.29549533128738403,0.004224240314215422,0.015624012798070908,0.40652766823768616,0.04083971306681633,0.0036238234024494886
0.010039346292614937,0.8627445101737976,0.009073699824512005,0.004854298196732998,0.0764303132891655,0.028157513588666916,0.008700343780219555
0.046731188893318176,0.21279273927211761,0.011808960698544979,0.0038684308528900146,0.6406567692756653,0.0718085765838623,0.012333297170698643
0.02754509449005127,0.004941870458424091,0.002970014465972781,0.01177800353616476,0.9282747507095337,0.005670469719916582,0.018819760531187057
0.31566575169563293,0.3456924557685852,0.010180494748055935,0.0050305272452533245,0.14267942309379578,0.1786208599805832,0.0021304511465132236
0.13632918894290924,0.6713342666625977,0.005075072403997183,0.002244293689727783,0.1062169000506401,0.07607679069042206,0.002723624464124441
0.021279403939843178,0.0046347505412995815,0.004260454326868057,0.1584019958972931,0.6147658228874207,0.014982881024479866,0.18167467415332794
0.006035216618329287,0.028291504830121994,0.004954219795763493,0.0024418788962066174,0.9124971032142639,0.01876198500394821,0.02701813541352749
0.038965173065662384,0.6598155498504639,0.00913770031183958,0.13620491325855255,0.11049042642116547,0.03733275830745697,0.008053525350987911
0.014778378419578075,0.02624637633562088,0.0017916938522830606,0.7190988659858704,0.18229974806308746,0.005178422201424837,0.05060647428035736
0.06904507428407669,0.10904894769191742,0.007710049394518137,0.002449631690979004,0.06880994141101837,0.734864354133606,0.008071951568126678
0.005284848622977734,0.09904302656650543,0.8151307702064514,0.0015561672626063228,0.011564734391868114,0.05712880939245224,0.01029156893491745
0.008769541047513485,0.05992549657821655,0.07716940343379974,0.003983433824032545,0.5794569253921509,0.16964760422706604,0.1010475903749466
0.01383062545210123,0.010361826047301292,0.922663688659668,0.0016876948066055775,0.027024779468774796,0.0026635450776666403,0.021767906844615936
0.010241114534437656,0.006091636139899492,0.0010686530731618404,0.3195376694202423,0.535587728023529,0.008386618457734585,0.11908659338951111
0.02228083461523056,0.005147772841155529,0.01597418263554573,0.0016130803851410747,0.019354747608304024,0.0024722956586629152,0.9331570863723755
0.3714112341403961,0.1299649029970169,0.0035846836399286985,0.005839698947966099,0.46227532625198364,0.017440780997276306,0.009483437053859234
0.405903160572052,0.35955265164375305,0.009870008565485477,0.0022855240385979414,0.14425377547740936,0.07430648803710938,0.003828272223472595
0.12363635003566742,0.2165171056985855,0.014153590425848961,0.009111277759075165,0.6250172257423401,0.007439834531396627,0.004124607890844345
0.21701817214488983,0.3263564705848694,0.011992286890745163,0.0012935269623994827,0.033167608082294464,0.40728747844696045,0.002884392626583576
0.0026485680136829615,0.01915830932557583,0.06679879873991013,0.0013945943210273981,0.05753421410918236,0.8431521654129028,0.009313252754509449
0.9223040342330933,0.020855741575360298,0.0018715864280238748,0.001595459645614028,0.026046542450785637,0.02563447318971157,0.0016920925118029118
0.24499721825122833,0.42631226778030396,0.019949927926063538,0.0016906955279409885,0.20379416644573212,0.0947798490524292,0.008475779555737972
0.004280204884707928,0.0039692651480436325,0.005047935526818037,0.0014678427251055837,0.007629689294844866,0.9762246012687683,0.0013804420595988631
0.006830456200987101,0.14013047516345978,0.008399656973779202,0.19496925175189972,0.5769774913787842,0.049270149320364,0.023422492668032646
0.052374180406332016,0.02449106238782406,0.14554086327552795,0.004249704070389271,0.74162757396698,0.009972021915018559,0.021744582802057266
0.7133335471153259,0.1703910380601883,0.004995652940124273,0.0015205283416435122,0.08728001266717911,0.016778169199824333,0.0057009621523320675
0.17977793514728546,0.7073440551757812,0.005202477797865868,0.0027379519306123257,0.09382843971252441,0.008344952017068863,0.002764228731393814
0.050018277019262314,0.030962537974119186,0.8959359526634216,0.0014475829666480422,0.007008764892816544,0.006050624884665012,0.008576088584959507
0.012638651765882969,0.011212223209440708,0.14596524834632874,0.002346950815990567,0.022958312183618546,0.010579912923276424,0.7942987084388733
0.45325398445129395,0.2558472454547882,0.02649911865592003,0.000991239445284009,0.07340256124734879,0.18270722031593323,0.007298664189875126
0.03037019819021225,0.29003071784973145,0.010134854353964329,0.0747513473033905,0.5026201605796814,0.03584060072898865,0.056252170354127884
