anger,disgust,fear,joy,neutral,sadness,surprise
0.19648383557796478,0.23282116651535034,0.013959015719592571,0.2167312353849411,0.07076060771942139,0.2551884353160858,0.014055701903998852
0.04213069751858711,0.03088943473994732,0.006783433258533478,0.06303922832012177,0.8452681303024292,0.007347266189754009,0.004541841801255941
0.4615266025066376,0.02964542992413044,0.20163312554359436,0.0024499022401869297,0.2642207443714142,0.027835773304104805,0.012688519433140755
0.004851213656365871,0.01958886720240116,0.9141927361488342,0.0013319265563040972,0.005788484588265419,0.04003157839179039,0.014215097762644291
0.002189450431615114,0.02321191318333149,0.003602423472329974,0.031389158219099045,0.34496214985847473,0.584243893623352,0.010400964878499508
0.02720000594854355,0.3841743767261505,0.049610912799835205,0.0026105917058885098,0.12124776840209961,0.40281397104263306,0.012342408299446106
0.0895966961979866,0.042089544236660004,0.01272733137011528,0.009675879962742329,0.635320246219635,0.20491348206996918,0.005676792468875647
0.0373777337372303,0.03165607526898384,0.015472056344151497,0.04115581884980202,0.8308900594711304,0.04042050987482071,0.0030276901088654995
0.0034088301472365856,0.013884158805012703,0.019290627911686897,0.0032274494878947735,0.16851858794689178,0.7663770914077759,0.02529330737888813
0.008252445608377457,0.007863285019993782,0.0015242582885548472,0.48292770981788635,0.4813579320907593,0.006742593366652727,0.011331881396472454
0.014215134084224701,0.002386220032349229,0.004068643786013126,0.6902168989181519,0.21523955464363098,0.0038853297010064125,0.0699881762266159
0.11640642583370209,0.16216549277305603,0.008840606547892094,0.10927461087703705,0.5641659498214722,0.013043384067714214,0.02610352635383606
0.03308580070734024,0.7390127778053284,0.005873959045857191,0.00416951859369874,0.19978931546211243,0.0044942316599190235,0.013574356213212013
0.020701812580227852,0.029352685436606407,0.012636920437216759,0.004511153791099787,0.9034435749053955,0.006328316871076822,0.02302554063498974
0.7595817446708679,0.12018635123968124,0.011945407837629318,0.0013838023878633976,0.06025952473282814,0.0435185432434082,0.0031246445141732693
0.2224927544593811,0.26911643147468567,0.004151720553636551,0.007388347294181585,0.4767017364501953,0.01787753403186798,0.0022713348735123873
0.0688629001379013,0.0629083514213562,0.0063530090264976025,0.001962649868801236,0.8403597474098206,0.005206665489822626,0.014346645213663578
0.023927893489599228,0.2783094644546509,0.345990389585495,0.0026632260996848345,0.0955025777220726,0.012334642931818962,0.24127183854579926
0.005233487579971552,0.02793487347662449,0.012900889851152897,0.002423875965178013,0.06477832049131393,0.8846385478973389,0.0020899013616144657
0.04974154755473137,0.12040535360574722,0.7145007252693176,0.0048424117267131805,0.053731054067611694,0.011237848550081253,0.045541100203990936
0.05455732345581055,0.055040143430233,0.012594428844749928,0.007266955450177193,0.8401228189468384,0.019776854664087296,0.010641498491168022
0.02302386239171028,0.05179134011268616,0.7097181677818298,0.017847642302513123,0.16395875811576843,0.01566745527088642,0.017992747947573662
0.09864723682403564,0.12945018708705902,0.08107107877731323,0.005335233174264431,0.506502628326416,0.08766904473304749,0.09132460504770279
0.01760340854525566,0.06247132644057274,0.004734234884381294,0.005419003311544657,0.15375225245952606,0.7426513433456421,0.01336844451725483
0.0063620200380682945,0.014920243062078953,0.0062246560119092464,0.5048154592514038,0.45265090465545654,0.004417372401803732,0.010609360411763191
