anger,disgust,fear,joy,neutral,sadness,surprise
0.18468892574310303,0.03895660489797592,0.10841386020183563,0.016448533162474632,0.4079141616821289,0.1306520700454712,0.11292590200901031
0.01889408566057682,0.00917975977063179,0.029309120029211044,0.010138310492038727,0.8985846042633057,0.013684820383787155,0.02020934782922268
0.26613664627075195,0.23590445518493652,0.02375303953886032,0.0040692915208637714,0.37110039591789246,0.061422791332006454,0.03761347755789757
0.5090060830116272,0.3503184914588928,0.025859486311674118,0.0032556604128330946,0.027223309502005577,0.039167165756225586,0.045169781893491745
0.023564590141177177,0.18382707238197327,0.021563095971941948,0.01997857727110386,0.728294849395752,0.007287981919944286,0.015483833849430084
0.061642784625291824,0.2863922119140625,0.003946910612285137,0.015664031729102135,0.6086177229881287,0.018648404628038406,0.005087919533252716
0.021762046962976456,0.2802279591560364,0.006662143860012293,0.006192414555698633,0.648114025592804,0.03300263360142708,0.004038772080093622
0.34382399916648865,0.06797495484352112,0.029030492529273033,0.1685636341571808,0.1878472864627838,0.026996523141860962,0.17576315999031067
0.4584169387817383,0.20688261091709137,0.014763640239834785,0.0024710004217922688,0.28481388092041016,0.016194406896829605,0.01645754650235176
