anger,disgust,fear,joy,neutral,sadness,surprise
0.004209358710795641,0.014571502804756165,0.0022781689185649157,0.0046430849470198154,0.9530104994773865,0.002661394653841853,0.018625956028699875
0.05548866465687752,0.058115821331739426,0.33986005187034607,0.016510391607880592,0.13109645247459412,0.3936600983142853,0.005268464796245098
0.009273814037442207,0.09740735590457916,0.06812207400798798,0.0019820404704660177,0.03388796001672745,0.7865992188453674,0.002727440558373928
0.027119230479002,0.003575226292014122,0.9595961570739746,0.00076339888619259,0.005189372692257166,0.0024880357086658478,0.001268618507310748
0.30803942680358887,0.6060042381286621,0.023651160299777985,0.0011181975714862347,0.0201238002628088,0.039276447147130966,0.0017866513226181269
0.09792400151491165,0.41752544045448303,0.3753357231616974,0.002183003118261695,0.08276373147964478,0.021447623148560524,0.002820410067215562
0.0033067523036152124,0.002152843866497278,0.9761197566986084,0.0021964043844491243,0.009747196920216084,0.005739558953791857,0.0007373897824436426
0.48505645990371704,0.11565367877483368,0.26335206627845764,0.0014205996412783861,0.03098331205546856,0.09942115843296051,0.004112702328711748
0.24914442002773285,0.49521714448928833,0.01452332828193903,0.000918197154533118,0.0292647872120142,0.20650464296340942,0.004427498206496239
0.04907554015517235,0.05343293398618698,0.1529427170753479,0.003167283022776246,0.4504687786102295,0.27106142044067383,0.01985124871134758
0.17871257662773132,0.6824085116386414,0.026949744671583176,0.0008229395607486367,0.042522232979536057,0.066006600856781,0.002577373990789056
0.12500284612178802,0.08904968947172165,0.5047308206558228,0.0022512783762067556,0.22305789589881897,0.05197802186012268,0.003929457161575556
0.2884567081928253,0.6777246594429016,0.006522084586322308,0.0006241672672331333,0.007947498932480812,0.018014337867498398,0.0007105195545591414
0.2670385241508484,0.6422609686851501,0.028959259390830994,0.002056832890957594,0.042005330324172974,0.016234906390309334,0.0014441667590290308
