anger,disgust,fear,joy,neutral,sadness,surprise,genre
0.0088610276579856,0.0039688614197075,0.0038316783029586,0.6838739514350891,0.2563487589359283,0.0169106144458055,0.0262051485478878,Action
0.0061633475124835,0.0015751527389511,0.0057282731868326,0.0016862942138686,0.0022713327780365,0.980338454246521,0.0022371138911694,Action
0.151769682765007,0.5332280397415161,0.0543113760650157,0.0010369002120569,0.014566252939403,0.241729736328125,0.0033580078743398,Action
0.2735955715179443,0.544097363948822,0.006649054121226,0.0112911723554134,0.0996571108698844,0.0634871497750282,0.0012225722894072,Action
0.5786533355712891,0.1419853270053863,0.0222678091377019,0.0022337802220135,0.1469266563653946,0.1065186038613319,0.0014144473243504,Action
0.0139297218993306,0.0035131170880049,0.1662322878837585,0.0189833175390958,0.1041728630661964,0.0047877142205834,0.688381016254425,Action
0.5434961318969727,0.0674900040030479,0.0530366227030754,0.00278783403337,0.0550297014415264,0.2647186517715454,0.0134410457685589,Action
0.0485850237309932,0.0371354594826698,0.0120626520365476,0.0200857371091842,0.7516698241233826,0.1072907000780105,0.023170718923211,Action
0.0900582820177078,0.0085775414481759,0.8790981769561768,0.001607812824659,0.0127008100971579,0.0033418792299926,0.0046155923046171,Action
0.002922240179032,0.0142228594049811,0.005378037225455,0.1554761528968811,0.5106860399246216,0.2964852154254913,0.0148294316604733,Action
0.9147863984107972,0.023618234321475,0.0270151086151599,0.0005877605290152,0.0135791571810841,0.0189302340149879,0.0014829986030235,Action
0.0832024812698364,0.5858847498893738,0.0128498328849673,0.003712521167472,0.1489498019218444,0.1632085591554641,0.0021920748986303,Action
0.0079041784629225,0.0147449178621172,0.0008732918067835,0.8203442096710205,0.1365296989679336,0.0074019390158355,0.0122017608955502,Action
0.0028182184323668,0.0030213796999305,0.005243765655905,0.770663857460022,0.1545500606298446,0.0133951427415013,0.0503075718879699,Action
