anger,disgust,fear,joy,neutral,sadness,surprise,genre
0.0109163932502269,0.8805434107780457,0.0062038274481892,0.0299114678055048,0.0609029904007911,0.0060039707459509,0.0055179009214043,Indie
0.3358968496322632,0.5166791081428528,0.1025392934679985,0.0038433638401329,0.0128913884982466,0.0259525198489427,0.0021974781993776,Indie
0.0036404284182935,0.1300948113203048,0.0050337021239101,0.1289206147193908,0.7088716626167297,0.0085245482623577,0.0149143310263752,Indie
0.0099794687703251,0.495438665151596,0.0034335267264395,0.1407016217708587,0.3268431425094604,0.0137170944362878,0.009886572137475,Indie
0.0046705296263098,0.5083934664726257,0.0682926699519157,0.029608754441142,0.3305758237838745,0.0314114801585674,0.0270472150295972,Indie
0.0264293290674686,0.1853324472904205,0.0726296007633209,0.0207148306071758,0.4855152368545532,0.0272708926349878,0.1821076273918151,Indie
0.0256243757903575,0.3063166439533233,0.0375774800777435,0.0082245208323001,0.5213270783424377,0.089892566204071,0.0110373683273792,Indie
0.0247527249157428,0.794548749923706,0.0752898231148719,0.0017241017194464,0.0462108701467514,0.0537043362855911,0.0037693723570555,Indie
0.0063216779381036,0.3607871234416961,0.0074909543618559,0.0449308678507804,0.514531672000885,0.0490969978272914,0.0168407261371612,Indie
0.0318024419248104,0.1577492803335189,0.0022815698757767,0.4931317567825317,0.2898670732975006,0.012590673752129,0.0125771863386034,Indie
0.0048431488685309,0.9187080264091492,0.0654621645808219,0.0009657698101364,0.0045475177466869,0.0030012645293027,0.0024721573572605,Indie
0.0789617523550987,0.7056472897529602,0.1128323599696159,0.0071990326978266,0.078109472990036,0.0119326310232281,0.00531747052446,Indie
0.0403047353029251,0.3752477467060089,0.0150217348709702,0.0101581811904907,0.4593561291694641,0.0948023647069931,0.0051091015338897,Indie
0.9370046257972716,0.0348626002669334,0.0045869899913668,0.0006078110309317,0.0162843521684408,0.0038915157783776,0.0027622622437775,Indie
0.0859796628355979,0.6334599256515503,0.0138322003185749,0.0100593427196145,0.2266823649406433,0.0282706823199987,0.0017158203991129,Indie
0.0897972807288169,0.733879029750824,0.0107947122305631,0.0013099554926156,0.1021829321980476,0.0593712739646434,0.0026649297215044,Indie
0.0772772133350372,0.8418392539024353,0.016207056120038,0.0010060344357043,0.0400780402123928,0.0223234836012125,0.001269023050554,Indie
0.2262077331542968,0.7262014746665955,0.0055304635316133,0.0008674670243635,0.0258152820169925,0.014000735245645,0.0013769877841696,Indie
0.0410290136933326,0.0073282024823129,0.9145374894142152,0.0016364274779334,0.0255833938717842,0.0086866840720176,0.001198818325065,Indie
0.0657563358545303,0.0901704579591751,0.0245061703026294,0.032296072691679,0.7358521819114685,0.0443102270364761,0.0071086250245571,Indie
0.0183867197483778,0.3480512201786041,0.0099314637482166,0.0035681072622537,0.5928351283073425,0.0150502817705273,0.0121770584955811,Indie
0.0160056836903095,0.2688673436641693,0.696282684803009,0.0010043346555903,0.0070313676260411,0.0064631504938006,0.0043454091064631,Indie
0.0827941000461578,0.2446584701538086,0.1366770267486572,0.0023047444410622,0.4996741116046905,0.0177247449755668,0.0161667447537183,Indie
0.0874503031373024,0.6124114990234375,0.0420244857668876,0.001528424443677,0.0254285391420125,0.2238453179597854,0.0073114680126309,Indie
0.5041096210479736,0.2892974019050598,0.0164918825030326,0.002500903327018,0.039679579436779,0.146648108959198,0.0012724812841042,Indie
0.0118006579577922,0.8558610081672668,0.0239259079098701,0.0026780520565807,0.0649881660938263,0.0373199097812175,0.0034261269029229,Indie
0.2200013101100921,0.7136194705963135,0.0164119731634855,0.0007885264931246,0.0218669865280389,0.0256995689123868,0.0016121809603646,Indie
0.0024280189536511,0.0029516995418816,0.9688436985015868,0.001421210472472,0.0053405575454235,0.0061082728207111,0.0129064610227942,Indie
0.5305068492889404,0.2820911109447479,0.1349217146635055,0.0012347310548648,0.0194463264197111,0.0275946911424398,0.0042045945301651,Indie
0.0342097952961921,0.0025256187655031,0.9492443203926086,0.0006584277143701,0.0053770733065903,0.0026181945577263,0.00536650698632,Indie
0.1875641196966171,0.1530708521604538,0.0418559797108173,0.0055614225566387,0.0767264738678932,0.5313490033149719,0.0038721493910998,Indie
0.1172695308923721,0.044391244649887,0.0026403577066957,0.1545135080814361,0.3441449999809265,0.3315502107143402,0.0054901926778256,Indie
0.0247602257877588,0.1896425932645797,0.0300623551011085,0.0019378833239898,0.0324027389287948,0.7119176983833313,0.0092764645814895,Indie
0.0396573431789875,0.0918594673275947,0.0454668477177619,0.1995057463645935,0.4515760540962219,0.1481788456439972,0.0237556844949722,Indie
0.0063604325987398,0.0818064957857132,0.0027032971847802,0.0232295785099267,0.8633647561073303,0.0132988188415765,0.0092366961762309,Indie
0.0261054169386625,0.1154132932424545,0.0197128802537918,0.0171789433807134,0.7984036803245544,0.0138409240171313,0.0093448823317885,Indie
0.0063075497746467,0.0098318625241518,0.0038136122748255,0.0069471672177314,0.9649134278297424,0.0031664988491684,0.0050198282115161,Indie
0.0027926389593631,0.0095636583864688,0.0015116418944671,0.0074405842460691,0.9544829726219176,0.0040622567757964,0.0201462395489215,Indie
