anger,disgust,fear,joy,neutral,sadness,surprise,genre
0.0235869884490966,0.0755488127470016,0.030370894819498,0.0082470718771219,0.8235518932342529,0.013360739685595,0.0253337044268846,Short_Film
0.0277339704334735,0.2863565683364868,0.0127529883757233,0.0092675266787409,0.633059024810791,0.0068793343380093,0.0239506233483552,Short_Film
0.0046255248598754,0.9426289796829224,0.0220596492290496,0.001176536665298,0.0186063554137945,0.0010498920455574,0.0098532196134328,Short_Film
0.0086945667862892,0.1516429781913757,0.0163706373423337,0.0022819824516773,0.8015254735946655,0.005312381312251,0.0141719719395041,Short_Film
0.0161036476492881,0.0260327514261007,0.0343676097691059,0.0048677078448235,0.8871952891349792,0.0113154929131269,0.0201175436377525,Short_Film
0.0289408974349498,0.1035566702485084,0.0599426105618476,0.006926417350769,0.7426714897155762,0.0174430701881647,0.0405188277363777,Short_Film
0.0954267457127571,0.1960585415363311,0.0259464401751756,0.0238947756588459,0.6131800413131714,0.034082468599081,0.0114110810682177,Short_Film
0.0068897628225386,0.1106832772493362,0.8153789639472961,0.001578465104103,0.0263873692601919,0.0233328100293874,0.0157493241131305,Short_Film
0.0054225046187639,0.0021155949216336,0.9500619173049928,0.0021114349365234,0.0306967683136463,0.0036190578248351,0.0059727244079113,Short_Film
0.0136552425101399,0.0416898280382156,0.0135668581351637,0.0035196798853576,0.9112929105758668,0.0041522979736328,0.0121232094243168,Short_Film
0.0210673008114099,0.0431533902883529,0.0079278629273176,0.0062156845815479,0.9060239791870116,0.0077296453528106,0.0078820763155817,Short_Film
0.0386060066521167,0.1752208173274994,0.0299403145909309,0.0048245475627481,0.5488958358764648,0.1812224835157394,0.0212899576872587,Short_Film
0.0252523720264434,0.5356893539428711,0.0081609990447759,0.0047610038891434,0.4140007495880127,0.0044278115965425,0.0077076978050172,Short_Film
0.0069043561816215,0.0129764461889863,0.002549884840846,0.0045280046761035,0.9473954439163208,0.0023332911077886,0.0233124811202287,Short_Film
0.0344417914748191,0.6102794408798218,0.0074616745114326,0.0017194427782669,0.3291283249855041,0.0065655405633151,0.010403704829514,Short_Film
0.0265713650733232,0.0203909017145633,0.9133894443511964,0.0013641134137287,0.0261675044894218,0.0082187913358211,0.0038978119846433,Short_Film
0.1302540302276611,0.1421623826026916,0.0641762390732765,0.0045749307610094,0.5445537567138672,0.0287030898034572,0.085575595498085,Short_Film
0.0149463964626193,0.0191860664635896,0.0081842690706253,0.0030370091553777,0.92973792552948,0.0157242678105831,0.0091841500252485,Short_Film
0.0128890201449394,0.0136430421844124,0.0087256068363785,0.0019546539988368,0.8853047490119934,0.0264296233654022,0.0510533452033996,Short_Film
0.1704654693603515,0.6739795804023743,0.0484431013464927,0.001121413661167,0.0839947834610939,0.0100953811779618,0.0119002871215343,Short_Film
0.3600359857082367,0.1579810529947281,0.2333472073078155,0.0040650111623108,0.1191093698143959,0.087414838373661,0.0380465127527713,Short_Film
0.0190153885632753,0.049306035041809,0.0894500985741615,0.0056247157044708,0.8104525208473206,0.018907144665718,0.0072440453805029,Short_Film
0.2082086205482483,0.4609294831752777,0.2138218134641647,0.0030139067675918,0.0442620180547237,0.0375553108751773,0.0322087779641151,Short_Film
0.6041321754455566,0.1554539501667022,0.0693762674927711,0.002330572111532,0.1441123336553573,0.0061664595268666,0.0184282157570123,Short_Film
0.0411150492727756,0.0755904465913772,0.1976134479045868,0.0054574478417634,0.5585165619850159,0.0618721023201942,0.0598349124193191,Short_Film
0.0090556368231773,0.0104343565180897,0.0075515657663345,0.0116671398282051,0.9395262598991394,0.0132026737555861,0.0085623143240809,Short_Film
0.0987925454974174,0.2624236047267914,0.0062990295700728,0.0025995802134275,0.3774428963661194,0.2400049716234207,0.0124373268336057,Short_Film
0.3279720246791839,0.1825850307941436,0.3856673836708069,0.0024859623517841,0.0456656776368618,0.0221319124102592,0.0334920100867748,Short_Film
0.0886026620864868,0.1072233617305755,0.0064401300624012,0.0046610967256128,0.7508584856987,0.0231732055544853,0.0190410465002059,Short_Film
0.1066745072603225,0.1594132483005523,0.616622269153595,0.0020981174893677,0.063132993876934,0.0161629877984523,0.0358959287405014,Short_Film
0.0252576936036348,0.0374806635081768,0.0166036318987607,0.0066394829191267,0.8673015236854553,0.0055404528975486,0.0411764979362487,Short_Film
0.0484960004687309,0.7170546650886536,0.1430394053459167,0.0016068569384515,0.0721062198281288,0.009365601465106,0.0083313481882214,Short_Film
0.3197104930877685,0.1078241020441055,0.2500433027744293,0.0042683649808168,0.2777467966079712,0.0261232666671276,0.014283712953329,Short_Film
0.0176853537559509,0.133975014090538,0.0310573279857635,0.005663787946105,0.7760892510414124,0.0068227360025048,0.0287065766751766,Short_Film
0.0109337558969855,0.0108237471431493,0.0069166552275419,0.0073009170591831,0.9554949402809144,0.0024189446121454,0.0061110742390155,Short_Film
0.1282989680767059,0.0399745814502239,0.0278093758970499,0.0210820790380239,0.34909787774086,0.056321982294321,0.3774151802062988,Short_Film
0.0185837596654891,0.289863258600235,0.084451325237751,0.0036554906982928,0.268128365278244,0.2635409235954284,0.0717769637703895,Short_Film
