anger,disgust,fear,joy,neutral,sadness,surprise,genre
0.115615464746952,0.7794808149337769,0.0340820364654064,0.0028247565496712,0.0281994212418794,0.0382748357951641,0.0015226666582748,Wuxia
0.0919754728674888,0.0551774911582469,0.0037703053094446,0.0149096762761473,0.8230966329574585,0.007435408886522,0.0036350802984088,Wuxia
0.0120783355087041,0.0046227616257965,0.0014958278043195,0.0589082725346088,0.8717743158340454,0.003519672434777,0.0476008206605911,Wuxia
0.0835004523396492,0.2176641970872879,0.0086409412324428,0.0381478741765022,0.5991424918174744,0.0489167124032974,0.0039873369969427,Wuxia
0.9429096579551696,0.0196256469935178,0.0028452989645302,0.0007097543566487,0.0265968739986419,0.0058035133406519,0.0015093826223164,Wuxia
0.0628140047192573,0.0243668351322412,0.0021528138313442,0.0054577952250838,0.0544196516275405,0.8369565606117249,0.0138322878628969,Wuxia
0.6440388560295105,0.1251070201396942,0.0324572399258613,0.0019661544356495,0.179587036371231,0.012229761108756,0.0046139289624989,Wuxia
0.8140154480934143,0.0947755426168441,0.0109745804220438,0.0017568407347425,0.0236423388123512,0.0484182573854923,0.0064170248806476,Wuxia
0.4596821367740631,0.3354625403881073,0.0044851317070424,0.0012252164306119,0.1803245544433593,0.0139052402228116,0.0049151699058711,Wuxia
0.0858814790844917,0.0667033270001411,0.0072772512212395,0.0015549287199974,0.0443656258285045,0.7916630506515503,0.0025544068776071,Wuxia
0.8069721460342407,0.0718521699309349,0.0289014130830764,0.0010203939164057,0.0738895311951637,0.0120787741616368,0.005285536404699,Wuxia
0.0061701578088104,0.0118981637060642,0.0008375004981644,0.6111874580383301,0.3336895704269409,0.0076572033576667,0.0285599343478679,Wuxia
0.4838729500770569,0.0720110982656478,0.1002619937062263,0.0041860179044306,0.2975862026214599,0.0228542555123567,0.0192275159060955,Wuxia
0.6835700273513794,0.0620701350271701,0.0037489994429051,0.0616418160498142,0.1713607162237167,0.0151597158983349,0.0024485453031957,Wuxia
