anger,disgust,fear,joy,neutral,sadness,surprise,genre
0.0123318247497081,0.0081038251519203,0.0040233880281448,0.0343728773295879,0.1130408272147178,0.8066376447677612,0.0214896779507398,Art_film
0.1403937339782714,0.0135608185082674,0.0148111917078495,0.3565402626991272,0.3479221165180206,0.1096893325448036,0.0170825663954019,Art_film
0.0294132661074399,0.0167025625705719,0.6977753639221191,0.0028855723794549,0.0805601477622985,0.0616189576685428,0.1110441386699676,Art_film
0.0097096627578139,0.0021746009588241,0.94329833984375,0.0010534152388572,0.0078046987764537,0.0091274986043572,0.0268317610025405,Art_film
0.1030714735388755,0.4686051309108734,0.0093245143070817,0.0033088671043515,0.3830612599849701,0.0147027606144547,0.0179260559380054,Art_film
0.206183984875679,0.0238253623247146,0.729253888130188,0.0021088852081447,0.0264371056109666,0.007127599325031,0.0050631258636713,Art_film
0.0117949359118938,0.05015879124403,0.0610261298716068,0.0206751562654972,0.833037257194519,0.0171106494963169,0.0061969449743628,Art_film
0.3352816104888916,0.1478073447942733,0.0065421527251601,0.0243431068956851,0.3832110464572906,0.0985278710722923,0.0042868386954069,Art_film
0.0216600000858306,0.4490151107311249,0.1383254677057266,0.0057240440510213,0.1213798001408577,0.2176170945167541,0.0462786518037319,Art_film
0.0339411310851573,0.0532974526286125,0.0035699100699275,0.090981625020504,0.7891026139259338,0.0245113614946603,0.00459590787068,Art_film
0.0032693285029381,0.0122578898444771,0.0241939928382635,0.000961140030995,0.0232854336500167,0.9283598065376282,0.0076724560931324,Art_film
0.0261749718338251,0.0345696322619915,0.0066845379769802,0.0535383485257625,0.8003426790237427,0.0756769254803657,0.0030128564685583,Art_film
0.010782416909933,0.0032323179766535,0.001399258733727,0.067771278321743,0.8661565184593201,0.0049623856320977,0.0456958413124084,Art_film
0.0037076098378747,0.0824964493513107,0.007133599370718,0.0289316717535257,0.8161711096763611,0.0518402494490146,0.0097193820402026,Art_film
0.0054962742142379,0.0314249992370605,0.0066631739027798,0.0018616919405758,0.0348627530038356,0.9180061221122742,0.0016849688254296,Art_film
0.4304307699203491,0.0390803553164005,0.0095455721020698,0.0272326357662677,0.4709707498550415,0.0159708485007286,0.0067690745927393,Art_film
0.3797696828842163,0.1651484370231628,0.1338482350111007,0.0049984282813966,0.2960951924324035,0.0125684505328536,0.0075716064311563,Art_film
0.0580496899783611,0.088417537510395,0.0280425809323787,0.0984464660286903,0.658768355846405,0.0648037865757942,0.0034715461079031,Art_film
0.002247787779197,0.0055627017281949,0.002568032592535,0.0009830553317442,0.0087979240342974,0.9779490232467652,0.001891529536806,Art_film
0.0071753882803022,0.0109419059008359,0.2901196181774139,0.0056433952413499,0.5125297904014587,0.0407663136720657,0.1328235268592834,Art_film
0.0383824035525321,0.0043743746355175,0.9195231199264526,0.0021253593731671,0.0258775670081377,0.0028432365506887,0.006874035578221,Art_film
0.3173509836196899,0.2255214899778366,0.207967072725296,0.0046666208654642,0.0489287488162517,0.1422217637300491,0.0533432960510253,Art_film
0.0034434096887707,0.045038916170597,0.0142529774457216,0.0087408879771828,0.8321676850318909,0.0438501648604869,0.0525058954954147,Art_film
0.0860174819827079,0.1120258197188377,0.0285858307033777,0.030493713915348,0.6867203712463379,0.0385684296488761,0.0175883993506431,Art_film
