anger,disgust,fear,joy,neutral,sadness,surprise,genre
0.0134933730587363,0.0232932437211275,0.0026670265942811,0.6253622770309448,0.3055373132228851,0.0153243103995919,0.014322392642498,Bollywood
0.0586198382079601,0.2309808284044265,0.0059491153806447,0.2326753586530685,0.3129035532474518,0.1248044520616531,0.0340668782591819,Bollywood
0.264454036951065,0.1625792384147644,0.0089037558063864,0.0286918189376592,0.4563520550727844,0.0684961304068565,0.0105228256434202,Bollywood
0.0075650135986506,0.0063262544572353,0.8480445146560669,0.0015753682237118,0.0071808844804763,0.1152852326631546,0.0140227926895022,Bollywood
0.013369683176279,0.3942711651325226,0.0278722681105136,0.1019971445202827,0.4152219593524933,0.0209656525403261,0.0263021141290664,Bollywood
0.0086755519732832,0.0135186230763793,0.0054598245769739,0.0793957710266113,0.7678171992301941,0.0099953031167387,0.115137755870819,Bollywood
0.0194130223244428,0.0073172859847545,0.8455789089202881,0.0049478095024824,0.0146672800183296,0.0062819211743772,0.1017938256263732,Bollywood
0.0109841022640466,0.023539088666439,0.0018563393969088,0.2862504422664642,0.6530745625495911,0.0062010129913687,0.018094427883625,Bollywood
0.0185471158474683,0.0069016683846712,0.3829970061779022,0.3587408661842346,0.0743067860603332,0.1237331181764602,0.0347734503448009,Bollywood
0.0030356210190802,0.0037215098273009,0.0126161528751254,0.0021206878591328,0.0388098023831844,0.8839715719223022,0.0557246729731559,Bollywood
0.006581453140825,0.0032615312375128,0.0013818582519888,0.0013290724018588,0.0121775073930621,0.0012575348373502,0.9740110635757446,Bollywood
0.0169591959565877,0.0259242933243513,0.0472201332449913,0.0027430295012891,0.1493797749280929,0.7103548645973206,0.047418788075447,Bollywood
0.6030367016792297,0.0496230125427246,0.0084811691194772,0.0018198686884716,0.2613223493099212,0.0477060005068779,0.0280109904706478,Bollywood
0.0025564436800777,0.0181055814027786,0.0044496073387563,0.0048095053061842,0.0652485862374305,0.9017165899276732,0.003113601822406,Bollywood
0.0030726029071956,0.0040105646476149,0.0020243113394826,0.000941201869864,0.0205844063311815,0.9650066494941713,0.0043602432124316,Bollywood
0.7189604640007019,0.046571135520935,0.0266211200505495,0.0021883288864046,0.1089698746800422,0.0800935551524162,0.0165953673422336,Bollywood
0.269246757030487,0.6432751417160034,0.0057656434364616,0.0031434705015271,0.0416080504655838,0.0321819297969341,0.0047790156677365,Bollywood
0.0521001406013965,0.0242778267711401,0.3115824162960052,0.0037459093146026,0.1686338186264038,0.0222306866198778,0.4174291491508484,Bollywood
0.1072626784443855,0.3300344944000244,0.0095545407384634,0.0037518872413784,0.4812807440757751,0.0643400773406028,0.0037754741497337,Bollywood
0.0433294735848903,0.0432873554527759,0.0056202155537903,0.0063976850360631,0.8891926407814026,0.0102111557498574,0.0019614337943494,Bollywood
0.0123701347038149,0.0044666258618235,0.0172622352838516,0.0044247880578041,0.1019182354211807,0.5613892078399658,0.298168808221817,Bollywood
0.0121384784579277,0.0277332104742527,0.0054672742262482,0.0049544381909072,0.9035391211509703,0.0335571430623531,0.0126103442162275,Bollywood
0.0063880137167871,0.003637944580987,0.0059732403606176,0.0570274479687213,0.6944639682769775,0.0104252779856324,0.2220840007066726,Bollywood
0.0088579775765538,0.03971978276968,0.0479631833732128,0.0040529891848564,0.142841100692749,0.701511025428772,0.0550539195537567,Bollywood
0.9459316730499268,0.0161193069070577,0.0051234862767159,0.0007246558670885,0.0201910473406314,0.0065291752107441,0.0053807250224053,Bollywood
0.1565290689468383,0.7159346342086792,0.0110203921794891,0.0023707998916506,0.0817494317889213,0.0262476354837417,0.0061480291187763,Bollywood
0.0647018030285835,0.0950444415211677,0.0042177056893706,0.005072140134871,0.2112109065055847,0.6157349348068237,0.0040180431678891,Bollywood
0.0252528600394725,0.048091597855091,0.0058153676800429,0.3239005506038666,0.4882158041000366,0.0927640199661254,0.0159598290920257,Bollywood
0.0100500239059329,0.0331733338534832,0.004816526081413,0.3720767796039581,0.54730224609375,0.018412472680211,0.0141685549169778,Bollywood
0.020578309893608,0.017255462706089,0.0164093878120183,0.0029194029048085,0.8478298783302307,0.0672847777605056,0.0277227833867073,Bollywood
0.0262753274291753,0.0642925649881362,0.0510381162166595,0.0018852200591936,0.7649638652801514,0.0645665377378463,0.026978300884366,Bollywood
0.3178639113903045,0.48834228515625,0.00394016969949,0.01507568359375,0.1471270769834518,0.0249830279499292,0.0026678224094212,Bollywood
0.2097717523574829,0.5461580753326416,0.0082694888114929,0.0568425469100475,0.1196193918585777,0.0554361939430236,0.0039025750011205,Bollywood
0.2035079151391983,0.182265430688858,0.0072277975268661,0.0025913992431014,0.1755577176809311,0.4040527641773224,0.0247969478368759,Bollywood
0.0102886026725173,0.0027940704021602,0.0023255101405084,0.0879019126296043,0.1225734502077102,0.0108321430161595,0.7632843255996704,Bollywood
0.0074984296225011,0.0070172222331166,0.0047145565040409,0.0028923582285642,0.8172292113304138,0.0222361478954553,0.1384121477603912,Bollywood
0.7469444870948792,0.1357403844594955,0.0241650566458702,0.0020741748157888,0.0633566975593566,0.0198846198618412,0.0078346850350499,Bollywood
0.1484066098928451,0.0443538352847099,0.086573988199234,0.0024089864455163,0.0384357944130897,0.667963981628418,0.0118568083271384,Bollywood
0.0105570210143923,0.0521349012851715,0.0283691007643938,0.0024481017608195,0.7114310264587402,0.1806319802999496,0.0144279273226857,Bollywood
0.005912500899285,0.0245116725564003,0.0089091369882225,0.0841341838240623,0.7279752492904663,0.0410136394202709,0.1075435727834701,Bollywood
0.1945032924413681,0.2337676733732223,0.010454255156219,0.0033565768972039,0.3787461221218109,0.1753740608692169,0.0037980009801685,Bollywood
0.0121949454769492,0.0101467324420809,0.013759171590209,0.001986276358366,0.0193448830395936,0.008569567464292,0.9339984655380248,Bollywood
0.0113870613276958,0.0114928213879466,0.0033353264443576,0.1402014195919037,0.7057984471321106,0.1211047694087028,0.0066801789216697,Bollywood
