anger,disgust,fear,joy,neutral,sadness,surprise,genre
0.004142758436501,0.0089102685451507,0.0042064990848302,0.8752415180206299,0.091906614601612,0.0091801397502422,0.0064121331088244,Drama
0.013440391048789,0.0229370072484016,0.0220471061766147,0.0122718177735805,0.9053354263305664,0.0115101682022213,0.0124581838026642,Drama
0.1368329524993896,0.3001237213611603,0.0131934555247426,0.0239557698369026,0.2408916801214218,0.234658196568489,0.0503442212939262,Drama
0.0976554304361343,0.1451929211616516,0.0067205871455371,0.0019672422204166,0.0437832027673721,0.7020957469940186,0.0025848792865872,Drama
0.0361402854323387,0.3244260251522064,0.0056735388934612,0.0504473447799682,0.0928229689598083,0.4881446659564972,0.0023451508022844,Drama
0.09297925978899,0.4335311651229858,0.172730341553688,0.0180560145527124,0.1980780363082885,0.0572476647794246,0.0273775048553943,Drama
0.0119728557765483,0.0215449295938015,0.0457087121903896,0.0063638724386692,0.2642213702201843,0.4530079960823059,0.1971802562475204,Drama
0.9706071019172668,0.008882937952876,0.0014458050718531,0.0006539649912156,0.014279100112617,0.0020491392351686,0.0020818898919969,Drama
0.2432603985071182,0.7040830850601196,0.0123253008350729,0.0007424916839227,0.0103786559775471,0.0280160941183567,0.0011939933756366,Drama
0.0119016114622354,0.0243026204407215,0.0734521448612213,0.0141591429710388,0.2314023226499557,0.50457763671875,0.1402044743299484,Drama
0.0087897544726729,0.0125667303800582,0.0024806382134556,0.0117136379703879,0.915955364704132,0.0103180035948753,0.0381757616996765,Drama
0.012267860583961,0.015967296436429,0.0063267718069255,0.0057432139292359,0.9512022733688354,0.002746902173385,0.0057456763461232,Drama
0.0051792603917419,0.0065645109862089,0.0102505479007959,0.0064257378689944,0.9321972131729126,0.0030181955080479,0.0363644771277904,Drama
0.0980150401592254,0.1272656321525573,0.0031805138569325,0.0070000509731471,0.7478354573249817,0.0107356207445263,0.0059676845557987,Drama
0.0113084390759468,0.0316170342266559,0.0013225502334535,0.082972228527069,0.8598135709762573,0.0065676569938659,0.006398482248187,Drama
0.0054791332222521,0.0186922308057546,0.0011172684608027,0.0366654694080352,0.9240111112594604,0.0044883708469569,0.0095464549958705,Drama
0.3921508193016052,0.4635778069496155,0.0360590852797031,0.0018290880834683,0.0927003696560859,0.0070490837097167,0.006633766926825,Drama
0.0590099655091762,0.7245140671730042,0.0031411994714289,0.0114391623064875,0.1871170699596405,0.00848616566509,0.0062922923825681,Drama
0.9637615084648132,0.0175226163119077,0.0019563555251806,0.0005527179455384,0.0124517306685447,0.0024055372923612,0.0013496505562216,Drama
0.5153642892837524,0.2497423738241195,0.007949486374855,0.0011145513271912,0.0666181370615959,0.1536795943975448,0.0055315149948,Drama
0.1111670956015586,0.5282009243965149,0.1454399228096008,0.0057411827147006,0.1912613958120346,0.0146579127758741,0.0035315733402967,Drama
0.0103776715695858,0.0775306820869445,0.0018757783109322,0.0455152839422225,0.8467178344726562,0.0082993702962994,0.0096833268180489,Drama
0.0928505212068557,0.22408027946949,0.0017215055413544,0.007445725146681,0.6557317972183228,0.0110645033419132,0.0071057332679629,Drama
0.8748476505279541,0.0238383207470178,0.0038362336345016,0.0032276608981192,0.0820893496274948,0.0078266812488436,0.0043341480195522,Drama
0.034831453114748,0.0298046991229057,0.003601876553148,0.0165113918483257,0.894238293170929,0.0037368622142821,0.0172753725200891,Drama
0.0193285886198282,0.0694492608308792,0.0140245500952005,0.0320485457777977,0.6717932820320129,0.1048956215381622,0.08846016228199,Drama
0.0095208035781979,0.0506821945309639,0.0134439431130886,0.00378386862576,0.340236485004425,0.5773536562919617,0.0049790171906352,Drama
0.0394476167857646,0.0796167626976966,0.1674021780490875,0.0026266006752848,0.1250417381525039,0.5098896026611328,0.0759754925966262,Drama
0.0148133672773838,0.3663612306118011,0.0077101504430174,0.0062651047483086,0.1701840013265609,0.4255392253398895,0.0091269602999091,Drama
0.013266154564917,0.110611617565155,0.0140998475253582,0.0057734278962016,0.0882197692990303,0.5865442752838135,0.1814849823713302,Drama
0.2771271467208862,0.1584053486585617,0.0032351575791835,0.0027505904436111,0.1584637612104416,0.3949406743049621,0.0050773420371115,Drama
0.0060263737104833,0.012792507186532,0.0140491034835577,0.0045478204265236,0.9258673191070556,0.0043907305225729,0.0323262363672256,Drama
0.3614977300167084,0.5560435652732849,0.0162569750100374,0.0009423278970643,0.0507719032466411,0.0126855373382568,0.0018020474817603,Drama
0.0052726594731211,0.0075191766954958,0.0008420320227742,0.026688827201724,0.9418946504592896,0.0079265348613262,0.0098560005426406,Drama
0.3254444301128387,0.1135016158223152,0.0060385568067431,0.0200905203819274,0.3314702212810516,0.1953378766775131,0.0081168208271265,Drama
0.0045438595116138,0.0043451860547065,0.0010378075530752,0.9364792108535768,0.0317810773849487,0.0143394479528069,0.0074734506197273,Drama
0.1362981796264648,0.8392649292945862,0.0036679559852927,0.0003962134651374,0.0124482465907931,0.0045769498683512,0.0033475195523351,Drama
0.047512799501419,0.1017327234148979,0.003236070042476,0.0038249534554779,0.0818714722990989,0.7592217922210693,0.0026002787053585,Drama
0.0041699190624058,0.0053194868378341,0.0060420958325266,0.0008280001347884,0.0090718436986207,0.9722825884819032,0.0022861664183437,Drama
0.5948001742362976,0.1172263696789741,0.0067339991219341,0.0295647624880075,0.1718536019325256,0.0706211104989051,0.0092001091688871,Drama
0.0961170494556427,0.3859615921974182,0.0380772016942501,0.0366659276187419,0.3060696125030517,0.0113686472177505,0.1257399022579193,Drama
0.0676643848419189,0.1204775497317314,0.0049996939487755,0.0071064564399421,0.7670875191688538,0.0248612686991691,0.0078031471930444,Drama
0.0058220336213707,0.0067941630259156,0.886684775352478,0.0035870987921953,0.0818929225206375,0.00747203361243,0.0077470741234719,Drama
0.0209788586944341,0.1532569080591201,0.0134071875363588,0.0168792270123958,0.752813458442688,0.029255848377943,0.0134084587916731,Drama
0.0069925487041473,0.0148755703121423,0.0019580759108066,0.0473895892500877,0.905408501625061,0.0170046798884868,0.0063710543327033,Drama
0.0140544902533292,0.0296156350523233,0.0027126087807118,0.0221992097795009,0.9144943356513976,0.0135300382971763,0.0033936391118913,Drama
0.0043706246651709,0.0041593024507164,0.0010529274586588,0.8306754231452942,0.1326950341463089,0.0060490551404654,0.0209976211190223,Drama
0.0021826748270541,0.0021068684291094,0.9799671769142152,0.0008347365655936,0.0081865144893527,0.003865357954055,0.0028566925320774,Drama
0.0031991985160857,0.0795304477214813,0.0243368856608867,0.0021509458310902,0.0736453607678413,0.8084411025047302,0.0086960457265377,Drama
0.0108381640166044,0.0804292559623718,0.0591078139841556,0.0016222910489887,0.0578579194843769,0.7864989042282104,0.0036455972585827,Drama
0.0284974295645952,0.0491901040077209,0.006853477563709,0.046977449208498,0.791756272315979,0.0668775513768196,0.0098476903513073,Drama
0.0050951172597706,0.0108237070962786,0.0012560790637508,0.7483704686164856,0.1616309136152267,0.0577886365354061,0.0150351170450448,Drama
0.0173935908824205,0.4725365042686462,0.0022846090141683,0.0634170547127723,0.3891608119010925,0.0479578375816345,0.0072497092187404,Drama
0.0137209203094244,0.0201535951346158,0.0011211463715881,0.0285774581134319,0.9191975593566896,0.0052927220240235,0.011936635710299,Drama
0.0649288371205329,0.0539827123284339,0.00226397998631,0.003587668063119,0.8522548079490662,0.0081602782011032,0.0148216877132654,Drama
0.0037341462448239,0.0055325832217931,0.0012774849310517,0.8421323895454407,0.1283251345157623,0.0162134803831577,0.0027847087476402,Drama
