anger,disgust,fear,joy,neutral,sadness,surprise,genre
0.89631187915802,0.0640768036246299,0.0208776202052831,0.0009786795126274,0.0091280667111277,0.0075747389346361,0.0010522723896428,War_film
0.0112548861652612,0.0106449015438556,0.0045787142589688,0.008422689512372,0.910122573375702,0.0151432054117321,0.039832953363657,War_film
0.0299471579492092,0.1044430881738662,0.0452696084976196,0.0560430437326431,0.738975465297699,0.014430534094572,0.0108911134302616,War_film
0.0346702560782432,0.0652933865785598,0.0033796238712966,0.2040192782878875,0.6820394396781921,0.0055623683147132,0.0050356998108327,War_film
0.0248780865222215,0.0079146334901452,0.0037438336294144,0.3158987462520599,0.6367950439453125,0.0046278676018118,0.0061416900716722,War_film
0.013397273607552,0.0329371355473995,0.0056715272367,0.0102242119610309,0.9255940318107604,0.0104653034359216,0.0017105381703004,War_film
0.0382721535861492,0.9003402590751648,0.0051389685831964,0.0009696689085103,0.0396767705678939,0.0141670275479555,0.0014350101118907,War_film
0.2142291963100433,0.4939619600772857,0.0274173468351364,0.0010480959899723,0.0196545012295246,0.2385703176259994,0.0051184850744903,War_film
0.0308234076946973,0.1429491639137268,0.0321111567318439,0.0062349992804229,0.360445886850357,0.412729948759079,0.0147054521366953,War_film
0.0393921919167041,0.0282716266810894,0.0042048129253089,0.0044899242930114,0.0414872094988822,0.8767227530479431,0.0054314155131578,War_film
0.4699043929576874,0.0863365903496742,0.0053519760258495,0.0015120623866096,0.0705424025654792,0.3624790608882904,0.0038736122660338,War_film
0.0452835150063037,0.9326304793357848,0.0162927489727735,0.0007556161144748,0.0020101817790418,0.0020275916904211,0.00099994672928,War_film
0.0453578680753707,0.0180253759026527,0.0810470879077911,0.0513987466692924,0.6720021963119507,0.0356497541069984,0.0965189784765243,War_film
0.4585376977920532,0.4485729336738586,0.0503496825695037,0.0016482549253851,0.0279601030051708,0.0115160765126347,0.0014151628129184,War_film
0.565233588218689,0.4105966985225677,0.0014664515620097,0.0008818708010949,0.0134432660415768,0.0066207773052155,0.0017573002260178,War_film
0.7485093474388123,0.1151956245303154,0.0269517265260219,0.0011972379870712,0.0531093217432498,0.0529394522309303,0.0020972220227122,War_film
0.2908117175102234,0.1506853550672531,0.117722250521183,0.004937270656228,0.2530538737773895,0.1536654829978943,0.0291239973157644,War_film
0.8966513276100159,0.0540954694151878,0.0147053739055991,0.0012182530481368,0.0244719721376895,0.0077021517790853,0.0011556058889254,War_film
0.0240060593932867,0.0057313865981996,0.0473887249827384,0.0487975180149078,0.3011943399906158,0.5674508810043335,0.0054310322739183,War_film
0.6007394790649414,0.1194226592779159,0.0715121999382972,0.0037009459920227,0.1833248734474182,0.0177242439240217,0.003575634676963,War_film
0.0886177420616149,0.0315101034939289,0.3201137781143188,0.0177194718271493,0.4942378401756286,0.0262311417609453,0.0215699281543493,War_film
0.7471884489059448,0.0203133802860975,0.1709215641021728,0.0020660234149545,0.0406251773238182,0.0150584056973457,0.003826996544376,War_film
0.0769847631454467,0.1695074886083603,0.0078913131728768,0.0018009403720498,0.0858799591660499,0.6531609296798706,0.0047745662741363,War_film
0.0401523560285568,0.1436754316091537,0.0348853468894958,0.0107679003849625,0.4804707467556,0.2502047419548034,0.0398434810340404,War_film
