anger,disgust,fear,joy,neutral,sadness,surprise,genre
0.0065210941247642,0.0023763244971632,0.017458813264966,0.0329592376947402,0.6488909721374512,0.0027820002287626,0.289011538028717,Drama
0.013331270776689,0.1691779047250747,0.0086618280038237,0.0091350525617599,0.7478565573692322,0.0041722143068909,0.0476651564240455,Drama
0.0139118442311882,0.7300640940666199,0.0055785332806408,0.0227003395557403,0.2169981449842453,0.0038769380189478,0.0068700835108757,Drama
0.0657514557242393,0.6572323441505432,0.0293072666972875,0.0019625606946647,0.1636397987604141,0.0365718901157379,0.0455347336828708,Drama
0.013581721112132,0.0088221644982695,0.0181960072368383,0.7864062190055847,0.1154656782746315,0.003036021022126,0.0544921718537807,Drama
0.6597527265548706,0.1639314293861389,0.008931903168559,0.002585812471807,0.1015224009752273,0.0615705735981464,0.0017052093753591,Drama
0.5325160622596741,0.2158252298831939,0.0104676010087132,0.0026355495210736,0.1630650460720062,0.0724277943372726,0.0030627134256064,Drama
0.0200902819633483,0.0152936792001128,0.0100003508850932,0.0033230013214051,0.3585060238838196,0.4940804839134216,0.0987061709165573,Drama
0.0058004818856716,0.0206152759492397,0.0022255226504057,0.0598486736416816,0.8972638845443726,0.0033024267759174,0.0109436875209212,Drama
0.0250929985195398,0.0254707690328359,0.001868673833087,0.0772919654846191,0.8490522503852844,0.0131268464028835,0.0080964602530002,Drama
0.002646307228133,0.0036514825187623,0.0012679592473432,0.0040594791062176,0.95487779378891,0.007386386860162,0.0261106267571449,Drama
0.6404327154159546,0.0829421728849411,0.0063100717961788,0.0011923583224415,0.0560025386512279,0.2090823799371719,0.004037810023874,Drama
0.0100227138027548,0.0036597985308617,0.0024917593691498,0.3398474752902984,0.3332965075969696,0.0341479070484638,0.2765338718891144,Drama
0.0024338525254279,0.0034990268759429,0.0017051625763997,0.5337409377098083,0.3975158035755157,0.0190810188651084,0.0420242175459861,Drama
0.0143436770886182,0.0075804097577929,0.2632462382316589,0.0032949815504252,0.1131395995616912,0.0068342601880431,0.5915608406066895,Drama
0.0063466602005064,0.0137258311733603,0.0040806112810969,0.0037481808103621,0.9578292369842528,0.0084742698818445,0.0057951980270445,Drama
0.0757644101977348,0.0095919268205761,0.0074925990775227,0.0112549243494868,0.2343021035194397,0.0299922153353691,0.6316018104553223,Drama
0.1008693724870681,0.0117632718756794,0.5066956281661987,0.0025374484248459,0.0123024694621562,0.3341945707798004,0.0316371880471706,Drama
0.0318344980478286,0.0275939814746379,0.1689464896917343,0.0042017754167318,0.6471772789955139,0.0571180880069732,0.0631279349327087,Drama
0.0231282915920019,0.0978051573038101,0.0230159945785999,0.0063711395487189,0.6422181725502014,0.200656771659851,0.0068044331856071,Drama
0.0149188917130231,0.0437021069228649,0.0143323689699172,0.0089400094002485,0.8865562677383423,0.0272416491061449,0.0043086549267172,Drama
0.0105237253010272,0.0057298652827739,0.0010035021696239,0.6094776391983032,0.2839578688144684,0.0698248296976089,0.0194825548678636,Drama
0.0376534312963485,0.208291545510292,0.0056638871319592,0.0553965345025062,0.6782530546188354,0.0060441712848842,0.0086974203586578,Drama
0.0580527745187282,0.1372694373130798,0.0079024666920304,0.0289354398846626,0.5341933965682983,0.2213442474603653,0.0123022012412548,Drama
0.0037429635412991,0.008547244593501,0.0039542475715279,0.0232765898108482,0.940109133720398,0.0156317241489887,0.0047380332835018,Drama
0.0320505835115909,0.934398353099823,0.0009902000892907,0.0025260078255087,0.0262814071029424,0.003135633887723,0.0006178018520586,Drama
0.0052130711264908,0.0658595636487007,0.0032086991705,0.0057864342816174,0.0334438681602478,0.8787662982940674,0.0077221035026013,Drama
0.0870955362915992,0.4419266879558563,0.0187723282724618,0.0055312365293502,0.1891489326953888,0.2509298026561737,0.006595560349524,Drama
0.0385834351181983,0.0701904967427253,0.264200896024704,0.0051699681207537,0.5308207273483276,0.0671354532241821,0.0238989703357219,Drama
0.0072358096949756,0.0085310069844126,0.0020694101694971,0.5339688658714294,0.4196391701698303,0.0099701564759016,0.0185856036841869,Drama
0.0206195693463087,0.0225664973258972,0.003526623127982,0.01805080473423,0.9117352366447448,0.0119983991608023,0.0115027651190757,Drama
0.0079262079671025,0.0367805957794189,0.0068650362081825,0.0528360903263092,0.8523871898651123,0.0124158449470996,0.0307890754193067,Drama
0.0047848112881183,0.0075832190923392,0.0026484406553208,0.0552780516445636,0.8826486468315125,0.0073208860121667,0.0397359542548656,Drama
0.0075753191486001,0.0376117713749408,0.0078216008841991,0.0212552342563867,0.0724373608827591,0.848612368106842,0.004686368163675,Drama
0.0031326836906373,0.0085093285888433,0.003497700439766,0.0043916474096477,0.1022543311119079,0.8423058390617371,0.035908505320549,Drama
0.0024068809580057,0.0079860547557473,0.0033678656909614,0.0056137703359127,0.9365578293800354,0.0047627482563257,0.0393048599362373,Drama
