anger,disgust,fear,joy,neutral,sadness,surprise,genre
0.9794158935546876,0.0062085413374006,0.0015585244400426,0.0005200738087296,0.0068905046209692,0.0034529154654592,0.0019533918239176,Drama
0.0141428494825959,0.0624175146222114,0.0255016926676034,0.0012815708760172,0.032991487532854,0.8570782542228699,0.0065865986980497,Drama
0.1160296872258186,0.3342004716396332,0.0059524215757846,0.0678456649184227,0.4265059530735016,0.0450676642358303,0.0043981978669762,Drama
0.3656422197818756,0.1119663715362548,0.025244228541851,0.012050119228661,0.3666154444217682,0.1135476902127265,0.004933897871524,Drama
0.0526595599949359,0.0387225970625877,0.0097891027107834,0.0010227869497612,0.0145606128498911,0.8814642429351807,0.0017810557037591,Drama
0.1165265515446662,0.1260659247636795,0.0036150105297565,0.0069576674140989,0.0567031167447567,0.6883428692817688,0.0017888742731884,Drama
0.2643698155879974,0.1358544826507568,0.0731777548789978,0.0014056394575163,0.0321890637278556,0.4880419075489044,0.0049613225273787,Drama
0.0071014994755387,0.0047369436360895,0.003642231458798,0.0159773994237184,0.9463886022567748,0.0044834450818598,0.0176698882132768,Drama
0.0102105578407645,0.0384472981095314,0.0143728461116552,0.0880309641361236,0.753838837146759,0.0724723264575004,0.0226272139698267,Drama
0.00866683665663,0.0299724880605936,0.0039401492103934,0.5496025681495667,0.3405584692955017,0.0574047081172466,0.0098548224195837,Drama
0.0315475910902023,0.0593997128307819,0.0042643994092941,0.2496922761201858,0.3883838951587677,0.2266873568296432,0.0400248244404792,Drama
0.9638110995292664,0.0168455988168716,0.0087550990283489,0.0004343414329923,0.0062311636283993,0.0023870789445936,0.0015357091324403,Drama
0.0144407860934734,0.0310589540749788,0.4320878982543945,0.0032058376818895,0.0450499393045902,0.3341518938541412,0.1400046497583389,Drama
0.5100637078285217,0.0945254936814308,0.0700512006878852,0.0026345837395638,0.293916255235672,0.0160913951694965,0.0127173364162445,Drama
0.828867495059967,0.039811722934246,0.0307103749364614,0.0008552082581445,0.0384646654129028,0.058349385857582,0.0029412256553769,Drama
0.0071936678141355,0.0369806960225105,0.0069962483830749,0.0172323212027549,0.0921668782830238,0.8226035237312317,0.0168266873806715,Drama
0.0054239244200289,0.0082024736329913,0.0100010624155402,0.0248854272067546,0.928948163986206,0.0109893456101417,0.0115496227517724,Drama
0.0112019525840878,0.0119176283478736,0.0012638224288821,0.004521551541984,0.9389025568962096,0.0045866998843848,0.0276057571172714,Drama
0.0444574132561683,0.0246068201959133,0.0901014730334281,0.2827225923538208,0.522895097732544,0.0143584432080388,0.0208581555634737,Drama
0.124316431581974,0.0411012507975101,0.0441540963947773,0.228308692574501,0.4790880680084228,0.0497205220162868,0.0333108641207218,Drama
0.0902003571391105,0.0424233004450798,0.1365204155445099,0.0066232858225703,0.6029518246650696,0.0536030977964401,0.0676777213811874,Drama
0.0086914533749222,0.0094117652624845,0.0452374294400215,0.003285045735538,0.0223170686513185,0.907847225666046,0.0032100069802254,Drama
0.26990807056427,0.1884324997663498,0.1119723543524742,0.0120640415698289,0.0559284128248691,0.3457446694374084,0.0159499999135732,Drama
0.0260298140347003,0.0589753687381744,0.7365965843200684,0.002535589504987,0.0724194422364234,0.0184898991137743,0.0849533602595329,Drama
0.0324623510241508,0.1573281288146972,0.1945776939392089,0.0206702053546905,0.3108626902103424,0.0952465906739234,0.1888523697853088,Drama
0.0174906980246305,0.0111157121136784,0.9433414340019226,0.0011556709650903,0.0124496780335903,0.0098301526159048,0.0046165734529495,Drama
0.0097891613841056,0.0134541234001517,0.021405579522252,0.0766686052083969,0.5943551063537598,0.0376973785459995,0.2466300874948501,Drama
0.0420214012265205,0.0568172447383403,0.0228634662926197,0.005570868961513,0.8287243247032166,0.0132284602150321,0.0307742357254028,Drama
0.0127617800608277,0.0625867769122123,0.0162023995071649,0.0077437739819288,0.8654282093048096,0.0210469085723161,0.0142301358282566,Drama
