anger,disgust,fear,joy,neutral,sadness,surprise,genre
0.4438159465789795,0.0927354544401168,0.0107284961268305,0.0064525646157562,0.4322289526462555,0.0120442751795053,0.001994224730879,Drama
0.0491110384464263,0.0923829898238182,0.6148502230644226,0.0057628937065601,0.204271450638771,0.0176497735083103,0.0159716866910457,Drama
0.0790013000369072,0.2347302734851837,0.0422965623438358,0.0023716273717582,0.6251112222671509,0.0064988848753273,0.0099901249632239,Drama
0.8663537502288818,0.1139697879552841,0.0040864255279302,0.00267358799465,0.002307544928044,0.0100904926657676,0.0005184447509236,Drama
0.0533900894224643,0.2712517976760864,0.0319239273667335,0.006465514190495,0.2890824377536773,0.3377332687377929,0.0101530160754919,Drama
0.0075288428924977,0.0037122191861271,0.932147204875946,0.0024865316227078,0.0479243099689483,0.0039210459217429,0.0022798327263444,Drama
0.0125700877979397,0.09683458507061,0.6898490786552429,0.0048802201636135,0.1462045609951019,0.0206336248666048,0.0290278289467096,Drama
0.5527703166007996,0.2472362667322158,0.0725916400551796,0.002974628470838,0.0922967717051506,0.0290432162582874,0.0030870754271745,Drama
0.0220861081033945,0.2472790628671646,0.1433610469102859,0.0779814347624778,0.2638725638389587,0.0079333735629916,0.2374864667654037,Drama
0.8701748251914978,0.0614157579839229,0.0024152959231287,0.0021714137401431,0.0461771190166473,0.0150471851229667,0.0025982547085732,Drama
0.1805236935615539,0.0824362412095069,0.0188302937895059,0.0463207997381687,0.654243528842926,0.013308304361999,0.0043371631763875,Drama
0.7768265604972839,0.1407603323459625,0.036607164889574,0.0013114379253238,0.0166996493935585,0.0254925228655338,0.0023022172972559,Drama
0.9547904133796692,0.0115542206913232,0.0134874489158391,0.001143581001088,0.0119161531329154,0.0054658353328704,0.0016423730412498,Drama
0.1993639916181564,0.1275919079780578,0.0203452836722135,0.0019811228848993,0.0346193760633468,0.60457444190979,0.0115239173173904,Drama
0.0094363000243902,0.0038264445029199,0.0050492640584707,0.0788314715027809,0.8654918074607849,0.0058847069740295,0.0314800776541233,Drama
0.7985444664955139,0.1349994093179702,0.0371126793324947,0.0010547642596065,0.0108346147462725,0.0156947020441293,0.0017593823140487,Drama
0.012104925699532,0.0070102545432746,0.0032018898054957,0.3365668356418609,0.3206229209899902,0.2972147762775421,0.0232783667743206,Drama
