anger,disgust,fear,joy,neutral,sadness,surprise,genre
0.0136684039607644,0.8354220390319824,0.020459933206439,0.0039213192649185,0.0915225222706794,0.0328456684947013,0.0021600367035716,Comedy
0.0105225527659058,0.0218166224658489,0.1329699456691742,0.005320691037923,0.7791344523429871,0.0311951115727424,0.0190406870096921,Comedy
0.0086386706680059,0.0302165076136589,0.0015288172289729,0.1364941447973251,0.8040547966957092,0.0062634209170937,0.0128036467358469,Comedy
0.0302953831851482,0.0685369297862052,0.0839182808995246,0.0364297963678836,0.694810688495636,0.0569072216749191,0.0291016213595867,Comedy
0.0335217975080013,0.4373568296432495,0.0726486817002296,0.003661885857582,0.4317498505115509,0.0081919487565755,0.0128689361736178,Comedy
0.7248378396034241,0.0601760819554328,0.0403656139969825,0.0030459023546427,0.1421583443880081,0.0112129990011453,0.0182031858712434,Comedy
0.0118563966825604,0.0034737677779048,0.0034907741937786,0.714098334312439,0.2387721389532089,0.0085802478715777,0.0197283625602722,Comedy
0.0043226974084973,0.0014350858982652,0.0011351620778441,0.9375230073928832,0.0136611741036176,0.0013934494927525,0.0405293703079223,Comedy
0.4887985289096832,0.1074765399098396,0.0743964985013008,0.0077175665646791,0.2839753925800323,0.0078186951577663,0.0298168249428272,Comedy
0.0375525839626789,0.3924877047538757,0.0282875895500183,0.0036790997255593,0.5038028955459595,0.0236866511404514,0.010503533296287,Comedy
0.015294637531042,0.0076852333731949,0.002018166007474,0.0067815417423844,0.941591203212738,0.015794351696968,0.010834882967174,Comedy
0.7958000302314758,0.0464578196406364,0.0177949015051126,0.0137021886184811,0.1070369333028793,0.0147166093811392,0.00449148286134,Comedy
0.020942036062479,0.0083590066060423,0.90676087141037,0.0330554693937301,0.0166463982313871,0.0052473056130111,0.0089889345690608,Comedy
0.0562608838081359,0.2036613821983337,0.0136385113000869,0.0818368047475814,0.6089227199554443,0.0215185228735208,0.0141611900180578,Comedy
0.8607061505317688,0.0603948719799518,0.0133688608184456,0.0009349641040898,0.0134618589654564,0.0473853610455989,0.0037479558959603,Comedy
0.0104902740567922,0.0213978458195924,0.0312737077474594,0.6286453008651733,0.2730950713157654,0.0283721480518579,0.0067256046459078,Comedy
0.02869363874197,0.0468553081154823,0.0159214343875646,0.0845105797052383,0.1498604714870453,0.6724405288696289,0.0017180204158648,Comedy
0.017057741060853,0.7638821005821228,0.0166194252669811,0.0043419050052762,0.1721472293138504,0.0190841518342494,0.0068674059584736,Comedy
0.0034778693225234,0.0014943295391276,0.0029341853223741,0.8770501017570496,0.0459105260670185,0.0175764169543981,0.0515564978122711,Comedy
0.0488912761211395,0.1152779459953308,0.0015394574729725,0.4281498491764068,0.3292725384235382,0.0424183532595634,0.0344505533576011,Comedy
0.0052291848696768,0.009826622903347,0.0010245762532576,0.5682295560836792,0.3861993253231048,0.0128192054107785,0.0166715998202562,Comedy
0.1884965747594833,0.0303315501660108,0.0097757522016763,0.0085051255300641,0.1559083461761474,0.6004494428634644,0.0065332073718309,Comedy
0.0496058277785778,0.1385452002286911,0.090092048048973,0.0017537429230287,0.0906968191266059,0.6160666346549988,0.0132396826520562,Comedy
0.4117361903190613,0.0193857885897159,0.0029685925692319,0.0271826758980751,0.2811784148216247,0.205289602279663,0.0522586815059185,Comedy
0.0022999849170446,0.0112276226282119,0.0043224324472248,0.0008788704290054,0.0188563782721757,0.9591615200042723,0.0032531782053411,Comedy
0.0055398037657141,0.0012637438485398,0.0011524992296472,0.0476615950465202,0.031922984868288,0.015439286828041,0.8970201015472412,Comedy
0.0265230033546686,0.0033064873423427,0.0049451165832579,0.1298680454492569,0.455904483795166,0.0559958852827549,0.3234570324420929,Comedy
0.0128023326396942,0.0157920774072408,0.0013871436240151,0.3716782629489898,0.5655434727668762,0.0086499927565455,0.0241467449814081,Comedy
