anger,disgust,fear,joy,neutral,sadness,surprise,genre
0.009753749705851,0.0026360221672803,0.0005298876203596,0.908905029296875,0.0458948463201522,0.0082393111661076,0.0240411646664142,Animation
0.8797814846038818,0.0840609669685363,0.0145689835771918,0.0013209872413426,0.0040972768329083,0.0016082432121038,0.0145622342824935,Animation
0.0084192277863621,0.0100341867655515,0.0021310427691787,0.1284399181604385,0.833881676197052,0.0116700548678636,0.0054239309392869,Animation
0.0591884218156337,0.7793412804603577,0.0021846182644367,0.0049595138989388,0.0701797977089881,0.0788015648722648,0.0053447661921381,Animation
0.5371132493019104,0.4376921653747558,0.0061942324973642,0.001207010122016,0.0097962338477373,0.0053976611234247,0.0025994989555329,Animation
0.4659810662269592,0.0275164172053337,0.013865141198039,0.0126266907900571,0.0430603995919227,0.0044990922324359,0.4324511587619781,Animation
0.0208532102406024,0.0608466975390911,0.0040001543238759,0.0046724695712327,0.8825436234474182,0.0175961647182703,0.009487735107541,Animation
0.0261044222861528,0.0423881001770496,0.2880721390247345,0.0026469184085726,0.5579184293746948,0.0166360475122928,0.0662338882684707,Animation
0.2014462649822235,0.0583829507231712,0.0306674968451261,0.0044019008055329,0.4467453062534332,0.2180299311876297,0.040326252579689,Animation
0.3169262111186981,0.110367327928543,0.0122587094083428,0.0034823180176317,0.4251645505428314,0.03175013884902,0.1000508219003677,Animation
0.1150378063321113,0.0516959987580776,0.7648885250091553,0.0017917338991537,0.048421811312437,0.007304121274501,0.0108600351959466,Animation
0.0998098626732826,0.0138643682003021,0.0136751178652048,0.3111132979393005,0.1976631879806518,0.0215202681720256,0.3423539996147156,Animation
0.0289383456110954,0.0265336688607931,0.0084541849792003,0.0026478883810341,0.2680199742317199,0.0045083719305694,0.6608976125717163,Animation
0.0378649793565273,0.1050823107361793,0.0092558488249778,0.0451007932424545,0.6055205464363098,0.0917181521654129,0.1054572835564613,Animation
0.0251811724156141,0.0098343389108777,0.0029398242477327,0.0012225896352902,0.0113261807709932,0.9453737139701844,0.0041222912259399,Animation
0.0883210822939872,0.0041223354637622,0.8762649297714233,0.0041180900298058,0.012350988574326,0.0036276483442634,0.0111948819831013,Animation
