anger,disgust,fear,joy,neutral,sadness,surprise,genre
0.0067701442167162,0.946440815925598,0.0084958309307694,0.0029887275304645,0.0305730495601892,0.0029388540424406,0.0017925766296684,Crime_Fiction
0.1869939267635345,0.0544535592198371,0.1516024619340896,0.0352915413677692,0.4845727086067199,0.0742197781801223,0.0128660416230559,Crime_Fiction
0.0017572109354659,0.0010062722722068,0.000364092644304,0.9829157590866088,0.0050308993086218,0.0038776982109993,0.0050480584613978,Crime_Fiction
0.0123433414846658,0.0129969762638211,0.0009493382531218,0.0024623125791549,0.0196783673018217,0.9449506998062134,0.0066189691424369,Crime_Fiction
0.020630219951272,0.0053654359653592,0.0017951230984181,0.0516202896833419,0.8671270608901978,0.0116242645308375,0.0418375618755817,Crime_Fiction
0.0351823382079601,0.0235411915928125,0.3411468863487243,0.0214866679161787,0.5196851491928101,0.0326846912503242,0.0262730494141578,Crime_Fiction
0.0502208434045314,0.038315437734127,0.0051556848920881,0.0131189599633216,0.8279920816421509,0.0604484118521213,0.0047485902905464,Crime_Fiction
0.0269341170787811,0.0280320066958665,0.0031774970702826,0.0236832853406667,0.8818185925483704,0.0166725758463144,0.019681878387928,Crime_Fiction
0.4573117196559906,0.0605204962193965,0.1318051666021347,0.0051008388400077,0.2068380564451217,0.1330576688051223,0.0053660618141293,Crime_Fiction
0.1719041168689727,0.0236160214990377,0.0234914775937795,0.0084316320717334,0.7523838877677917,0.0133389867842197,0.0068338611163198,Crime_Fiction
0.6625493764877319,0.026369173079729,0.0373750664293766,0.0020659647416323,0.0676949322223663,0.1808365732431411,0.0231088642030954,Crime_Fiction
0.2892479598522186,0.0322755575180053,0.0469228327274322,0.0144135514274239,0.585264265537262,0.022515257820487,0.0093605350703001,Crime_Fiction
0.280682772397995,0.2345328330993652,0.0115998201072216,0.0046521392650902,0.1806532144546508,0.2220522910356521,0.0658269748091697,Crime_Fiction
0.7883248925209045,0.0986605510115623,0.0166603811085224,0.0017883816035464,0.0741238221526146,0.0159417148679494,0.0045001949183642,Crime_Fiction
0.0119717773050069,0.0092718824744224,0.0031814519315958,0.0484702512621879,0.7068106532096863,0.1967994570732116,0.0234944615513086,Crime_Fiction
0.9323233366012572,0.0036292469594627,0.0345431044697761,0.0009576872107572,0.0114214401692152,0.0133555959910154,0.0037695427890866,Crime_Fiction
0.4361224770545959,0.0631190240383148,0.0383866839110851,0.0138886692002415,0.4124428033828735,0.0307552292943,0.0052851852960884,Crime_Fiction
0.0744262263178825,0.0398329645395278,0.1266257166862487,0.0073644551448524,0.6665409207344055,0.0739426612854003,0.0112671004608273,Crime_Fiction
0.1940491497516632,0.0424041748046875,0.0326902791857719,0.0022297604009509,0.03494793176651,0.6752907633781433,0.0183879286050796,Crime_Fiction
0.2682643532752991,0.4760410487651825,0.0709642320871353,0.0033607159275561,0.121806763112545,0.0357822217047214,0.023780733346939,Crime_Fiction
0.2599853277206421,0.141004130244255,0.0284059699624776,0.0053464449010789,0.161221444606781,0.4019497632980346,0.0020869201980531,Crime_Fiction
0.0133139882236719,0.0336030982434749,0.007127986755222,0.0045898030512034,0.905865490436554,0.0231859944760799,0.0123136145994067,Crime_Fiction
0.0291551314294338,0.054340049624443,0.0016641624970361,0.0208023432642221,0.8646230101585388,0.0233828891068696,0.0060323528014123,Crime_Fiction
0.2726975679397583,0.1156011521816253,0.003799453144893,0.0069745387881994,0.3194611370563507,0.2668497860431671,0.0146163944154977,Crime_Fiction
0.0062102996744215,0.0385894626379013,0.0034150443971157,0.1828999370336532,0.7488991618156433,0.0067106336355209,0.013275496661663,Crime_Fiction
