anger,disgust,fear,joy,neutral,sadness,surprise,genre
0.1548008322715759,0.008809576742351,0.6114180684089661,0.0166468564420938,0.0094196340069174,0.1854815930128097,0.0134234055876731,Drama
0.0031541853677481,0.002395125105977,0.9870927333831788,0.0006776587106287,0.0015557302394881,0.0027233234141021,0.0024011412169784,Drama
0.9819709658622742,0.005157109349966,0.0009271661983802,0.0004235153028275,0.0038132744375616,0.0056662885472178,0.0020417585037648,Drama
0.1278523951768875,0.0054871509782969,0.8403194546699524,0.0011767026735469,0.0139547064900398,0.0067013674415647,0.0045082485303282,Drama
0.9568729996681212,0.0242709442973136,0.0019547599367797,0.0004589079762808,0.0100009003654122,0.0045423922128975,0.0018989589298143,Drama
0.0487187914550304,0.0348736457526683,0.0029515917412936,0.016270462423563,0.8019571304321289,0.0885450541973114,0.0066833836026489,Drama
0.0688628181815147,0.189539760351181,0.0159832686185836,0.1678462624549865,0.4972709715366363,0.0436049811542034,0.0168919395655393,Drama
0.0399889834225177,0.4656396508216858,0.0232235323637723,0.3353509604930877,0.1110683605074882,0.0103861344978213,0.0143424877896904,Drama
0.0232296977192163,0.0274890065193176,0.6306787133216858,0.0042518223635852,0.0917840301990509,0.2184379547834396,0.0041288002394139,Drama
0.2614818215370178,0.0642627850174903,0.5924986004829407,0.0014415523037314,0.0179404504597187,0.0588140599429607,0.0035606564488261,Drama
0.0256132837384939,0.951637864112854,0.0011684973724186,0.0008225722704082,0.011352514848113,0.0087942685931921,0.0006110504036769,Drama
0.0059452764689922,0.0032428500708192,0.0106048034504055,0.1065572947263717,0.8258631825447083,0.017206072807312,0.0305804591625928,Drama
0.0234668515622615,0.5514644980430603,0.0083079626783728,0.1573170572519302,0.2341496646404266,0.0161660015583038,0.0091279279440641,Drama
0.2806401550769806,0.0842046439647674,0.1967795193195343,0.0296827014535665,0.330187052488327,0.0193841308355331,0.0591217502951622,Drama
0.0387827642261981,0.0142137808725237,0.034242395311594,0.0009820685954764,0.0364479757845401,0.8688908815383911,0.0064402041025459,Drama
0.4075222313404083,0.0123064974322915,0.4416745007038116,0.0038517320062965,0.0888977795839309,0.0357694923877716,0.0099777886644005,Drama
0.012991695664823,0.0180696807801723,0.0012920030858367,0.2329220920801162,0.6959158182144165,0.0309813972562551,0.0078272419050335,Drama
0.0305361822247505,0.007506885100156,0.0032093692570924,0.7631841897964478,0.109496034681797,0.0471927709877491,0.0388744249939918,Drama
