anger,disgust,fear,joy,neutral,sadness,surprise,genre
0.0158922430127859,0.0400811620056629,0.004365958739072,0.0413569472730159,0.8367701172828674,0.045045405626297,0.0164880584925413,Mystery
0.0344700329005718,0.7272478342056274,0.0158863291144371,0.001840587821789,0.0955134332180023,0.0910482630133628,0.0339934416115284,Mystery
0.5799477100372314,0.1379892975091934,0.0202551502734422,0.0057020713575184,0.1944302767515182,0.0508951842784881,0.0107804667204618,Mystery
0.0227975416928529,0.0390019342303276,0.0090225506573915,0.0041177924722433,0.8986356258392334,0.0101089561358094,0.0163156725466251,Mystery
0.0232323948293924,0.0153554743155837,0.0367026627063751,0.0066597275435924,0.8948816657066345,0.0099830394610762,0.0131849600002169,Mystery
0.0094698667526245,0.0098475571721792,0.8226001262664795,0.004448764026165,0.1298868358135223,0.0163309779018163,0.0074157668277621,Mystery
0.0094641139730811,0.0591314546763896,0.0039017142262309,0.0433274768292903,0.8473543524742126,0.0118688140064477,0.0249521154910326,Mystery
0.0332134142518043,0.0875204876065254,0.6977837085723877,0.0034832302480936,0.1378665715456009,0.0365006998181343,0.0036318178754299,Mystery
0.0196498241275548,0.0297638736665248,0.0174878202378749,0.0042156847193837,0.8067389726638794,0.0947547480463981,0.0273890290409326,Mystery
0.1238827854394912,0.0552166439592838,0.0557348765432834,0.0012569252867251,0.1058516651391983,0.6355316638946533,0.0225254278630018,Mystery
0.0119716878980398,0.0131092127412557,0.0069349124096333,0.0134858740493655,0.9240440726280212,0.0039283614605665,0.0265259016305208,Mystery
0.0510521568357944,0.0832061842083931,0.0031037265434861,0.0034110741689801,0.1449437290430069,0.6977151036262512,0.0165679194033145,Mystery
0.0114552211016416,0.0149280335754156,0.0052719223313033,0.0054982565343379,0.8681053519248962,0.0802781954407692,0.0144630763679742,Mystery
0.438564121723175,0.5067951679229736,0.010789493098855,0.0010638104286044,0.0244686249643564,0.0163177642971277,0.0020010718144476,Mystery
0.0181496981531381,0.0151494555175304,0.0024574392009526,0.0030992606189101,0.9182872176170348,0.0064006373286247,0.036456249654293,Mystery
0.2396252006292343,0.0737535431981086,0.3829731345176697,0.004062638618052,0.214659959077835,0.0628811568021774,0.0220443196594715,Mystery
0.6737480163574219,0.0729054063558578,0.025367647409439,0.0080627230927348,0.188022568821907,0.0274926926940679,0.0044010435231029,Mystery
0.2642901241779327,0.1552311778068542,0.2361805588006973,0.0043266820721328,0.1391050815582275,0.0919600278139114,0.1089063286781311,Mystery
0.005133852828294,0.0106498785316944,0.0069101988337934,0.017395656555891,0.8994014859199524,0.0123763149604201,0.0481325834989547,Mystery
0.0683699697256088,0.0174166969954967,0.7948503494262695,0.0144697856158018,0.0826788246631622,0.0138275176286697,0.0083869500085711,Mystery
0.0789933428168296,0.059171125292778,0.0586083643138408,0.0056701493449509,0.7147607803344727,0.0117968311533331,0.0709993541240692,Mystery
0.1420250087976455,0.0260703731328248,0.0959717184305191,0.001579477218911,0.0174340717494487,0.7086763978004456,0.008242935873568,Mystery
0.6157863140106201,0.0553377643227577,0.218156948685646,0.0050765494816005,0.0285803265869617,0.0577155426144599,0.0193464960902929,Mystery
0.0304050017148256,0.0027946582995355,0.0294581037014722,0.002568055409938,0.020912867039442,0.0026260546874254,0.9112352728843688,Mystery
0.2900827825069427,0.2788547277450561,0.0751951858401298,0.0026980838738381,0.3104135990142822,0.0376336053013801,0.005122072994709,Mystery
0.7553809285163879,0.013061280362308,0.2016193717718124,0.0014817190822213,0.0193704068660736,0.0035648520570248,0.0055214059539139,Mystery
0.5633295178413391,0.0839552283287048,0.2342661619186401,0.0019422970945015,0.0389789417386055,0.0554916560649871,0.0220361202955245,Mystery
0.1512225568294525,0.0149239543825387,0.09488545358181,0.0057351868599653,0.2524064481258392,0.0191826708614826,0.4616437554359436,Mystery
0.0085943210870027,0.0073274574242532,0.0057871420867741,0.0011209006188437,0.0153927151113748,0.001925699179992,0.9598517417907716,Mystery
0.2112499475479126,0.7089164853096008,0.0162541884928941,0.0011323062935844,0.0168101321905851,0.0440313853323459,0.0016056330641731,Mystery
0.0292570833116769,0.6929206252098083,0.0858363360166549,0.0014505260623991,0.1029623672366142,0.0760196447372436,0.0115534467622637,Mystery
0.3394249677658081,0.1479399055242538,0.2213062793016433,0.0050619314424693,0.2522888779640198,0.0097282407805323,0.0242497324943542,Mystery
0.0577790215611457,0.2996180653572082,0.0254786107689142,0.2765342891216278,0.2906948626041412,0.0376496948301792,0.012245412915945,Mystery
0.1691575348377227,0.1037666425108909,0.2118313014507293,0.0081842383369803,0.4574917554855346,0.0095395306125283,0.040029052644968,Mystery
0.2394082397222519,0.3688308596611023,0.0078860260546207,0.002128473483026,0.1799658089876175,0.1958558559417724,0.0059247580356895,Mystery
0.1288280934095382,0.4672737717628479,0.060440756380558,0.0077148084528744,0.0821151658892631,0.2103508561849594,0.0432765446603298,Mystery
0.1068592220544815,0.05608831346035,0.0494904853403568,0.0102953119203448,0.7264463305473328,0.0051524247974157,0.0456679165363311,Mystery
0.0491655878722667,0.7580315470695496,0.0188398566097021,0.0006328427116386,0.0470605120062828,0.1210959404706955,0.0051736803725361,Mystery
0.1947349309921264,0.4740093648433685,0.1597153693437576,0.0024831315968185,0.1007995828986167,0.0526573844254016,0.0156003721058368,Mystery
0.0472192652523517,0.6361226439476013,0.0270499996840953,0.0011517545208334,0.1870724260807037,0.0759637653827667,0.0254201646894216,Mystery
0.03850569576025,0.0877737253904342,0.0219076294451951,0.0156671367585659,0.735099196434021,0.0690915361046791,0.0319551527500152,Mystery
0.00735888723284,0.0449154749512672,0.0032951023895293,0.4266118109226227,0.4975503981113434,0.0088532213121652,0.0114150401204824,Mystery
