anger,disgust,fear,joy,neutral,sadness,surprise,genre
0.0504418201744556,0.0094106243923306,0.7933637499809265,0.0048452550545334,0.1097742021083831,0.0167164672166109,0.0154479201883077,Mystery
0.5432910919189453,0.3113693594932556,0.0152060603722929,0.0012243151431903,0.0659790858626365,0.0520346760749816,0.0108954068273305,Mystery
0.038070723414421,0.0034986119717359,0.7223268747329712,0.0243498235940933,0.0440424233675003,0.1469531506299972,0.020758431404829,Mystery
0.1402366310358047,0.0416549704968929,0.0068183429539203,0.0020904231350868,0.7257165312767029,0.0408341474831104,0.0426489152014255,Mystery
0.0120566543191671,0.0169845223426818,0.0042002666741609,0.0029324265196919,0.0853202566504478,0.8468221426010132,0.0316837728023529,Mystery
0.1595141142606735,0.0246443208307027,0.7618985772132874,0.0020081805996596,0.032215304672718,0.0106544997543096,0.0090650087222456,Mystery
0.0225195977836847,0.3219781816005707,0.039841316640377,0.0049315318465232,0.2266004979610443,0.3632422685623169,0.0208865981549024,Mystery
0.0511649064719677,0.880954921245575,0.0188475623726844,0.0006491976091638,0.0196594558656215,0.0247045047581195,0.004019328393042,Mystery
0.0120362499728798,0.0489336177706718,0.0144246080890297,0.0042476817034184,0.6351905465126038,0.121000237762928,0.1641670912504196,Mystery
0.0032272504176944,0.001630775630474,0.0016768937930464,0.0321518220007419,0.8571669459342957,0.0097985062748193,0.0943478196859359,Mystery
0.0248646140098571,0.0213159527629613,0.005235397722572,0.0070397718809545,0.4756090044975281,0.0277375858277082,0.4381976127624511,Mystery
0.0041863191872835,0.0020722686313092,0.0045733745209872,0.8712999224662781,0.0958618596196174,0.0043254359625279,0.0176807418465614,Mystery
0.1661622375249862,0.158926635980606,0.0213938578963279,0.0104043409228324,0.6011151075363159,0.0220913887023925,0.0199064351618289,Mystery
0.0518714152276515,0.0161175373941659,0.1288610249757766,0.0107408091425895,0.7764094471931458,0.0076373550109565,0.008362341672182,Mystery
0.0194481406360864,0.0140246711671352,0.2603244483470917,0.0129637978971004,0.5992881059646606,0.0187868680804967,0.0751640200614929,Mystery
0.0781738832592964,0.006016788072884,0.749095618724823,0.0039943745359778,0.1160294860601425,0.0167697072029113,0.0299200844019651,Mystery
0.2910952270030975,0.0270409509539604,0.0378776863217353,0.0040967864915728,0.1440315246582031,0.4908016324043274,0.005056113936007,Mystery
