anger,disgust,fear,joy,neutral,sadness,surprise,genre
0.0030665469821542,0.0044712498784065,0.0420269221067428,0.018979474902153,0.048930998891592,0.862496554851532,0.020028268918395,Supernatural
0.0085811065509915,0.0400149635970592,0.0426682084798812,0.0044169519096612,0.7317699790000916,0.1511186808347702,0.0214301384985446,Supernatural
0.0089942710474133,0.9604416489601136,0.0167111158370971,0.0006890193326398,0.0065409229137003,0.0026114690117537,0.0040115667507052,Supernatural
0.0641816928982734,0.1724214702844619,0.0075863129459321,0.0262892190366983,0.6246389746665955,0.0887988060712814,0.0160835329443216,Supernatural
0.0112894373014569,0.0463212914764881,0.1713828295469284,0.0061169601976871,0.304080456495285,0.4448019862174988,0.0160069912672042,Supernatural
0.0220609940588474,0.8971714973449707,0.0165476221591234,0.0004004098009318,0.0307119861245155,0.0162545014172792,0.0168529842048883,Supernatural
0.0065628974698483,0.00228629889898,0.0019295598613098,0.0575440265238285,0.8657383322715759,0.0067528146319091,0.0591861121356487,Supernatural
0.0118570709601044,0.1866986751556396,0.0635219290852546,0.0035237700212746,0.4557289481163025,0.0408475026488304,0.2378220856189727,Supernatural
0.0072414008900523,0.9336766004562378,0.0180585198104381,0.0005758407642133,0.0226489286869764,0.0140661261975765,0.0037325678858906,Supernatural
0.0095301521942019,0.2378582209348678,0.170506551861763,0.004175451118499,0.207997515797615,0.0090636266395449,0.3608684539794922,Supernatural
0.0326354466378688,0.7787171006202698,0.0214302875101566,0.0011943659046664,0.0450141318142414,0.1170511990785598,0.0039574322290718,Supernatural
0.0164714735001325,0.0401897281408309,0.0150569779798388,0.004273640923202,0.9042596817016602,0.0136471111327409,0.0061013484373688,Supernatural
0.0518001653254032,0.9177384972572328,0.0078357635065913,0.0002906077133957,0.0055477553978562,0.0125590916723012,0.0042281704954802,Supernatural
0.0167921520769596,0.0918429493904113,0.7200475335121155,0.0025897533632814,0.1192315146327018,0.0149938100948929,0.0345022454857826,Supernatural
0.2330083549022674,0.6704033613204956,0.0121985711157321,0.0005753465811721,0.0457707792520523,0.0287917703390121,0.0092517817392945,Supernatural
0.0803375616669654,0.6277319192886353,0.162510946393013,0.0039873444475233,0.0558325052261352,0.0178447570651769,0.0517550148069858,Supernatural
0.0048924246802926,0.9537304639816284,0.0039146654307842,0.0010962565429508,0.0312918424606323,0.0022458774037659,0.0028283374849706,Supernatural
0.005293991882354,0.0119700776413083,0.9095094203948976,0.0013870927505195,0.0525990463793277,0.0097360182553529,0.0095045305788517,Supernatural
0.0594651699066162,0.4177441298961639,0.1348534822463989,0.0094836903735995,0.120739459991455,0.0375879518687725,0.220126137137413,Supernatural
0.024187920615077,0.5180563926696777,0.0455346442759037,0.0012363517889752,0.0318516828119754,0.3466898798942566,0.0324431397020816,Supernatural
0.0420755706727504,0.772081196308136,0.0213095862418413,0.0020552077330648,0.0899471417069435,0.0412726663053035,0.0312586538493633,Supernatural
0.0256654247641563,0.0054783620871603,0.0331884957849979,0.0057557770051062,0.8993488550186157,0.0203193854540586,0.010243646800518,Supernatural
0.0146674057468771,0.8790398836135864,0.0099915089085698,0.0009964953642338,0.0817998647689819,0.0074068019166588,0.0060980450361967,Supernatural
0.0434083603322505,0.266022264957428,0.01080949511379,0.0034144844394177,0.5597792863845825,0.0883160755038261,0.0282500330358743,Supernatural
0.0113835940137505,0.0609344467520713,0.0238771736621856,0.0249377097934484,0.6338300108909607,0.2376264929771423,0.0074105132371187,Supernatural
0.0369969569146633,0.7912214994430542,0.0136142773553729,0.0020975160878151,0.1450247317552566,0.007266464177519,0.0037786322645843,Supernatural
0.0071070548146963,0.938381850719452,0.0192046053707599,0.0005561167490668,0.0217226240783929,0.0105798449367284,0.0024480517022311,Supernatural
0.1946608573198318,0.1645655930042266,0.186840683221817,0.0049922340549528,0.139974758028984,0.2643816173076629,0.0445842370390892,Supernatural
0.0104383639991283,0.0839314758777618,0.5741010904312134,0.0020869481377303,0.0770494565367698,0.2364238649606704,0.0159687604755163,Supernatural
0.0063417255878448,0.0177715923637151,0.962461531162262,0.0010749230859801,0.0071413442492485,0.0024311710149049,0.0027776735369116,Supernatural
0.2639752626419067,0.1475255042314529,0.1910605579614639,0.0040254378691315,0.3167811930179596,0.0699297338724136,0.0067023411393165,Supernatural
0.0054492489434778,0.0032576364465057,0.9692395925521852,0.0012143100611865,0.0109819807112216,0.0017786227399483,0.008078540675342,Supernatural
0.0199638064950704,0.0074792620725929,0.827278733253479,0.0020158642437309,0.0668323189020156,0.0650679022073745,0.0113620767369866,Supernatural
0.0423782020807266,0.6582473516464233,0.0111019713804125,0.003582292702049,0.253958523273468,0.0234131701290607,0.0073185400106012,Supernatural
0.0128203686326742,0.9038817882537842,0.0209270976483821,0.0006492722895927,0.0398040749132633,0.008411793038249,0.0135055417194962,Supernatural
0.5375664234161377,0.2456056326627731,0.0704516619443893,0.0012989074457436,0.0903794541954994,0.044016346335411,0.0106815556064248,Supernatural
0.006459227297455,0.015374768525362,0.0381709858775138,0.0978447794914245,0.4578326344490051,0.3559434115886688,0.0283742286264896,Supernatural
0.0228827781975269,0.020931914448738,0.0261756870895624,0.0231486167758703,0.7156429290771484,0.0778035223484039,0.1134145036339759,Supernatural
0.020914314314723,0.9197276830673218,0.0061624464578926,0.0009213507873937,0.0264357775449752,0.0109465764835476,0.0148919597268104,Supernatural
0.0063285459764301,0.0348258838057518,0.0072599775157868,0.0075240726582705,0.9240260720252992,0.0123378662392497,0.0076975291594862,Supernatural
0.0173158347606658,0.0685549974441528,0.7767512202262878,0.0009174024453386,0.0183843597769737,0.0960506647825241,0.0220255497843027,Supernatural
0.0503054782748222,0.8516413569450378,0.0401174612343311,0.0007218695827759,0.0403525307774543,0.0107731353491544,0.0060881301760673,Supernatural
0.0281028188765048,0.3666986525058746,0.0619342103600502,0.0034589781425893,0.4391468167304992,0.0190222561359405,0.0816363468766212,Supernatural
0.136898472905159,0.5632886290550232,0.109597735106945,0.0013343445025384,0.128604844212532,0.0519575476646423,0.0083184810355305,Supernatural
0.0648429691791534,0.0032048365101218,0.795667827129364,0.0058083361946046,0.0728018507361412,0.0221295487135648,0.0355446115136146,Supernatural
0.040392879396677,0.0385953933000564,0.0898924469947815,0.0042456928640604,0.7755307555198669,0.0307857058942317,0.0205570738762617,Supernatural
0.0093416003510355,0.0067072766833007,0.0305336322635412,0.0309071280062198,0.8512667417526245,0.0266211349517107,0.0446224994957447,Supernatural
0.0141787463799119,0.0823573395609855,0.0125106703490018,0.0023655977565795,0.080754704773426,0.8051981329917908,0.002634763950482,Supernatural
0.0578931272029876,0.5963757634162903,0.0399587787687778,0.0018948903307318,0.2359270006418228,0.0277091562747955,0.0402414612472057,Supernatural
0.017488719895482,0.0672886297106742,0.1111735478043556,0.0089484238997101,0.6986398696899414,0.0737124755978584,0.0227483324706554,Supernatural
0.006206689402461,0.0537439957261085,0.5963000655174255,0.0027651933487504,0.0582767091691494,0.2710032165050506,0.0117041673511266,Supernatural
