anger,disgust,fear,joy,neutral,sadness,surprise,genre
0.0175120197236537,0.0265237223356962,0.1069031730294227,0.0225651413202285,0.7881227135658264,0.0164601095020771,0.0219130665063858,Documentary
0.0183820407837629,0.0562918931245803,0.0018564308993518,0.0043529151007533,0.9052851796150208,0.0041496870107948,0.0096818385645747,Documentary
0.0175879336893558,0.1133438870310783,0.0040161632932722,0.0266905948519706,0.8192941546440125,0.0133220348507165,0.0057451929897069,Documentary
0.006315735168755,0.0215974263846874,0.0031167361885309,0.0060691395774483,0.9442484378814696,0.0021802266128361,0.0164723116904497,Documentary
0.0591098070144653,0.4124563932418823,0.011510974727571,0.0022547713015228,0.4963133037090301,0.0137731218710541,0.0045816320925951,Documentary
0.0099498052150011,0.054410483688116,0.0071329427883028,0.5079341530799866,0.3889121413230896,0.0155703630298376,0.0160901397466659,Documentary
0.0049664233811199,0.0185211542993783,0.0047866618260741,0.0758983641862869,0.771689772605896,0.006657341029495,0.1174803078174591,Documentary
0.0062208124436438,0.0164380576461553,0.5706987380981445,0.0125408023595809,0.3343569040298462,0.0323484018445014,0.0273963212966918,Documentary
0.0028568261768668,0.0064126686193048,0.0041749482043087,0.0392611473798751,0.8933941125869751,0.0106230759993195,0.0432772897183895,Documentary
