anger,disgust,fear,joy,neutral,sadness,surprise,genre
0.1379336714744568,0.1491152048110962,0.0251188371330499,0.0033368382137268,0.6210761666297913,0.0550666525959968,0.0083526158705353,Comedy_drama
0.3043798506259918,0.3264850378036499,0.0053433887660503,0.0061682211235165,0.129691481590271,0.0244865398854017,0.2034455239772796,Comedy_drama
0.0100100273266434,0.0190142467617988,0.0004864165675826,0.8745267987251282,0.079862579703331,0.0141799245029687,0.0019201572285965,Comedy_drama
0.7514444589614868,0.0530655272305011,0.0045478325337171,0.0019514390733093,0.0896699875593185,0.0085167419165372,0.0908039882779121,Comedy_drama
0.0167848244309425,0.0103908563032746,0.0084724966436624,0.001789397210814,0.2183472067117691,0.0059089516289532,0.7383062839508057,Comedy_drama
0.0656706616282463,0.1412142515182495,0.0084971906617283,0.0328064635396003,0.5470700263977051,0.2014098614454269,0.0033315070904791,Comedy_drama
0.0179569497704505,0.0201063603162765,0.0022996042389422,0.3194436132907867,0.6171410083770752,0.0084675969555974,0.0145849110558629,Comedy_drama
0.0033841978292912,0.0017010067822411,0.0010087054688483,0.0064415885135531,0.0096279727295041,0.0011994397500529,0.976637065410614,Comedy_drama
0.0162863228470087,0.0604140870273113,0.0044857421889901,0.0344923585653305,0.79256671667099,0.0661429166793823,0.0256118718534708,Comedy_drama
0.9071217775344848,0.0309052485972642,0.0053823255002498,0.0010225696023553,0.0354688726365566,0.0155896563082933,0.0045096012763679,Comedy_drama
0.4333285987377167,0.0944561436772346,0.203839436173439,0.0514174327254295,0.1912294775247573,0.0236161164939403,0.0021127904765307,Comedy_drama
0.0501779206097126,0.0884473249316215,0.0113920820876955,0.0023178390692919,0.8201029300689697,0.0221681259572505,0.0053937216289341,Comedy_drama
0.0039003896526992,0.0149300564080476,0.0031898191664367,0.0412298664450645,0.6611170768737793,0.2619164586067199,0.0137162851169705,Comedy_drama
0.0379981808364391,0.0698100626468658,0.0117736496031284,0.0051145600154995,0.7826172113418579,0.0672867745161056,0.025399575009942,Comedy_drama
0.0212338231503963,0.8162379264831543,0.0509435012936592,0.0015103996265679,0.0128665072843432,0.0947221517562866,0.0024856105446815,Comedy_drama
0.89216548204422,0.0672158598899841,0.0038819350302219,0.0006573463906534,0.0175922848284244,0.0164401419460773,0.0020469112787395,Comedy_drama
0.0315101407468318,0.5943293571472168,0.0472378246486187,0.0199976917356252,0.2411370128393173,0.0611857287585735,0.0046021752059459,Comedy_drama
0.0012770750327035,0.0013952265726402,0.0015488236676901,0.0013810447417199,0.0051260264590382,0.9848816394805908,0.0043902047909796,Comedy_drama
0.0319973863661289,0.1010212004184722,0.0049243830144405,0.2305678278207779,0.6149682402610779,0.0089696357026696,0.0075513431802392,Comedy_drama
