anger,disgust,fear,joy,neutral,sadness,surprise,genre
0.1445944458246231,0.0337032414972782,0.2600140571594238,0.1028194651007652,0.3446676135063171,0.0877784937620163,0.0264226868748664,Romance_Film
0.013306544162333,0.0024903055746108,0.9746283888816832,0.0009522794280201,0.0057354867458343,0.0011475974461063,0.0017394879832863,Romance_Film
0.0111995115876197,0.0452190078794956,0.6116779446601868,0.0123548675328493,0.257957249879837,0.057943657040596,0.0036476987879723,Romance_Film
0.0115090766921639,0.175426959991455,0.0089817913249135,0.0112316841259598,0.7705996036529541,0.0125245740637183,0.0097262850031256,Romance_Film
0.0528669990599155,0.0107982726767659,0.8929726481437683,0.0015208469703793,0.0308371614664793,0.006827940698713,0.0041761216707527,Romance_Film
0.0016565003897994,0.0005105219897814,0.9932265877723694,0.0007641248521395,0.0010421791812404,0.0021562096662819,0.0006438756827265,Romance_Film
0.0013843495398759,0.0100522385910153,0.0007506546098738,0.9487870931625366,0.0329425334930419,0.0032273312099277,0.0028558680787682,Romance_Film
0.0119469575583934,0.0268260743468999,0.0136647634208202,0.4937849342823028,0.4329257011413574,0.0119530940428376,0.0088985860347747,Romance_Film
0.0218801796436309,0.0356055907905101,0.0009152306593023,0.4170198142528534,0.5025050044059753,0.0071039334870874,0.0149702839553356,Romance_Film
0.0121984779834747,0.1066047027707099,0.0271339807659387,0.005137164145708,0.6757081747055054,0.1639764606952667,0.009241028688848,Romance_Film
0.0271417312324047,0.0148438615724444,0.8696161508560181,0.0017015056218951,0.0674741864204406,0.0104593746364116,0.0087631540372967,Romance_Film
0.0302781853824853,0.0235353261232376,0.9055225849151612,0.003055936191231,0.0255014356225729,0.0111324349418282,0.0009740678942762,Romance_Film
0.0111995115876197,0.0452190078794956,0.6116779446601868,0.0123548675328493,0.257957249879837,0.057943657040596,0.0036476987879723,Romance_Film
0.0182901378720998,0.1434815675020218,0.0234743207693099,0.3315449655056,0.4220961928367615,0.0239200610667467,0.0371926911175251,Romance_Film
0.0801317617297172,0.0536925792694091,0.8381313681602478,0.0015351679176092,0.01811427436769,0.0059607471339404,0.0024341351818293,Romance_Film
0.002935596043244,0.0007359459414146,0.9906504154205322,0.0006439081043936,0.0018267112318426,0.0023829634301364,0.0008245537173934,Romance_Film
0.00281672202982,0.0291301105171442,0.0009575580479577,0.8655412793159485,0.0898824632167816,0.0071925451047718,0.0044793444685637,Romance_Film
0.0543892197310924,0.1797048598527908,0.0020397622138261,0.2454466819763183,0.469913125038147,0.0388503856956958,0.0096558965742588,Romance_Film
0.0151951340958476,0.1040363311767578,0.0029287228826433,0.0660517737269401,0.78777676820755,0.0094897281378507,0.0145215727388858,Romance_Film
