anger,disgust,fear,joy,neutral,sadness,surprise,genre
0.0262731090188026,0.195769116282463,0.0759619995951652,0.166112020611763,0.2957363128662109,0.1972057223320007,0.0429416708648204,Silent_film
0.0114136887714266,0.0079141296446323,0.0369066596031188,0.0132353091612458,0.8305968642234802,0.015348533168435,0.0845848023891449,Silent_film
0.0105844670906662,0.0846816077828407,0.0020158269908279,0.0206384155899286,0.8252729177474976,0.040169633924961,0.0166372153908014,Silent_film
0.0206657983362674,0.003431525779888,0.0042719105258584,0.0297456756234169,0.2627152800559997,0.0158433690667152,0.6633264422416687,Silent_film
0.0296744741499423,0.075230948626995,0.0019213547930121,0.3772667646408081,0.4618788659572601,0.0324873887002468,0.0215402338653802,Silent_film
0.0104713169857859,0.978846549987793,0.0012412219075486,0.000429768639151,0.0064214337617158,0.0018375491490587,0.0007522118394263,Silent_film
0.266128808259964,0.5229806303977966,0.0047246594913303,0.0040891403332352,0.138029396533966,0.0259674005210399,0.038079846650362,Silent_film
0.7261508703231812,0.1452719718217849,0.0278402082622051,0.0019417974399402,0.0692045390605926,0.0277891382575035,0.0018015742534771,Silent_film
0.0023348496761173,0.0016575182089582,0.9739588499069214,0.0019473936408758,0.0140607310459017,0.00403209682554,0.0020085321739315,Silent_film
0.0044975201599299,0.0153243020176887,0.0053841471672058,0.1146314069628715,0.6894735097885132,0.1557511687278747,0.0149378571659326,Silent_film
0.0200073309242725,0.0338633470237255,0.002084317849949,0.0236278492957353,0.8993809819221497,0.017230411991477,0.00380574259907,Silent_film
0.793548047542572,0.1283025592565536,0.0015684687532484,0.0020148635376244,0.0320031605660915,0.039291001856327,0.0032719247974455,Silent_film
0.3231298923492431,0.0485716946423053,0.0878560170531272,0.0054316199384629,0.3729792237281799,0.1529863476753235,0.0090452013537287,Silent_film
0.0486008115112781,0.13497294485569,0.0047847968526184,0.0220657344907522,0.7575379014015198,0.0288513544946908,0.0031864529009908,Silent_film
0.5269628763198853,0.112829253077507,0.009655937552452,0.0030805054120719,0.1264244765043258,0.2186490297317505,0.0023978350218385,Silent_film
0.1850810497999191,0.4494982957839966,0.0294861327856779,0.002154303016141,0.2653148770332336,0.0637596175074577,0.0047057238407433,Silent_film
0.0383338406682014,0.0087736649438738,0.0111264800652861,0.0039427801966667,0.8800973296165466,0.020725218579173,0.0370007120072841,Silent_film
0.046539656817913,0.0967937409877777,0.0168449431657791,0.0048319911584258,0.1493089199066162,0.6828290224075317,0.0028517476748675,Silent_film
0.1732444614171981,0.2727419435977936,0.0169948507100343,0.0015971428947523,0.3253867924213409,0.2067424952983856,0.0032923396211117,Silent_film
0.0315654426813125,0.1471997201442718,0.0052948417142033,0.0230740383267402,0.3778493404388428,0.4080874919891357,0.0069290595129132,Silent_film
0.0350052341818809,0.1041078269481659,0.0068537201732397,0.0091771436855196,0.73312908411026,0.1096673011779785,0.0020596543326973,Silent_film
0.0045799179933965,0.0032530603930354,0.928424596786499,0.0017405063845217,0.0257561691105365,0.0303830858319997,0.0058626607060432,Silent_film
0.0103140044957399,0.0120372530072927,0.6764430999755859,0.010387672111392,0.2719381153583526,0.0158927664160728,0.0029871680308133,Silent_film
0.0033105090260505,0.0049494500271975,0.0023754071444272,0.0205769650638103,0.793231725692749,0.0261465832591056,0.1494093090295791,Silent_film
0.0134557550773024,0.3491544723510742,0.0031600578222423,0.0214929431676864,0.5268654823303223,0.0789646282792091,0.006906658411026,Silent_film
0.0906613245606422,0.0595300048589706,0.075453408062458,0.0049096555449068,0.1857415437698364,0.4806972742080688,0.1030067279934883,Silent_film
0.0127518018707633,0.0068601961247622,0.0063701691105961,0.1537277549505233,0.7816224098205566,0.0139022758230566,0.0247654635459184,Silent_film
0.0214280150830745,0.0173398908227682,0.7898818254470825,0.0012519061565399,0.0500265061855316,0.117371417582035,0.0027005888987332,Silent_film
0.0129641583189368,0.0138178486377,0.0017998211551457,0.0582901053130626,0.8997347950935364,0.0088266218081116,0.0045666354708373,Silent_film
0.3479454517364502,0.1810330897569656,0.0736715272068977,0.0017255606362596,0.224108949303627,0.1569473147392273,0.014568225480616,Silent_film
0.7898731827735901,0.0407232344150543,0.0242735743522644,0.0027897143736481,0.0577024854719638,0.0776194855570793,0.0070183393545448,Silent_film
0.028401456773281,0.6619777679443359,0.0109478030353784,0.0054079825058579,0.206362247467041,0.0840855315327644,0.002817244734615,Silent_film
0.009072495624423,0.0342723652720451,0.0033647159580141,0.0209164042025804,0.8463099598884583,0.0737707912921905,0.0122932968661189,Silent_film
0.0039524808526039,0.0078585753217339,0.0054824040271341,0.0064297560602426,0.0991211980581283,0.8708391189575195,0.0063164494931697,Silent_film
0.0477030351758003,0.3346554934978485,0.0461541414260864,0.0027458614204078,0.0585285797715187,0.506474494934082,0.0037384175229817,Silent_film
0.0076202228665351,0.9099549651145936,0.0053461105562746,0.0015485710464417,0.0386051684617996,0.0346669219434261,0.002258023712784,Silent_film
0.009262123145163,0.0765978619456291,0.1666791439056396,0.0038073540199548,0.0629940181970596,0.6742121577262878,0.006447322666645,Silent_film
0.0381610356271266,0.1507807224988937,0.0082391873002052,0.0149133019149303,0.7178511023521423,0.0238918457180261,0.0461627952754497,Silent_film
0.0010445079533383,0.0013031632406637,0.9889519810676576,0.000819886685349,0.0038788216188549,0.0026131733320653,0.0013884276850149,Silent_film
0.0084705417975783,0.0050267493352293,0.0028905901126563,0.0009898445568978,0.0091219320893287,0.0015305971028283,0.971969723701477,Silent_film
0.0379203557968139,0.3393581509590149,0.0250087417662143,0.0028723636642098,0.4110133945941925,0.1648523956537246,0.0189745593816041,Silent_film
0.0151060549542307,0.962384045124054,0.0095347957685589,0.0003026954364031,0.0038940161466598,0.0070829591713845,0.0016954005695879,Silent_film
0.0238792616873979,0.0097784791141748,0.0025066554080694,0.0951879099011421,0.1730356812477111,0.6865849494934082,0.0090270107612013,Silent_film
