anger,disgust,fear,joy,neutral,sadness,surprise,genre
0.0110868643969297,0.0326616130769252,0.0034873026888817,0.0188659597188234,0.0340807847678661,0.8980053067207336,0.0018121901666745,Comedy
0.0077891778200864,0.0304157361388206,0.0032422470394521,0.5356202125549316,0.3862310647964477,0.0097366441041231,0.0269649717956781,Comedy
0.0056847594678401,0.0089965695515275,0.0182145331054925,0.8836539387702942,0.046113908290863,0.0359598845243454,0.0013763424940407,Comedy
0.0441520363092422,0.0464766323566436,0.0055533060804009,0.0201495811343193,0.8212481737136841,0.0098855448886752,0.0525346919894218,Comedy
0.0301267355680465,0.4838050603866577,0.0397748164832592,0.0069557023234665,0.4259186089038849,0.0074772113002836,0.00594177050516,Comedy
0.0053548053838312,0.0162512715905904,0.0026843899395316,0.1267395317554474,0.821493923664093,0.0180446952581405,0.0094313435256481,Comedy
0.8963696360588074,0.0688086524605751,0.0155900614336133,0.0019555045291781,0.0109866401180624,0.0044981194660067,0.0017914230702444,Comedy
0.7788715958595276,0.0974894315004348,0.0471040420234203,0.0015112481778487,0.0264683812856674,0.0475241169333457,0.0010312891099601,Comedy
0.0433839410543441,0.0796606466174125,0.0089565245434641,0.3317711353302002,0.4853094518184662,0.0353246293962001,0.0155937178060412,Comedy
0.0128659280017018,0.3890571892261505,0.5510922074317932,0.0019799887668341,0.0052958857268095,0.0372057296335697,0.0025030479300767,Comedy
0.0381216183304786,0.9380115270614624,0.0016432584961876,0.0005977096734568,0.0165399443358182,0.0041732555255293,0.0009128055535256,Comedy
0.0912291705608367,0.128967598080635,0.0098252724856138,0.0766126587986946,0.4956480264663696,0.1934360265731811,0.00428122933954,Comedy
0.1136919632554054,0.0727594420313835,0.0020605118479579,0.0064292214810848,0.0499402470886707,0.7533888220787048,0.0017297940794378,Comedy
0.0221641398966312,0.2420501261949539,0.0087978728115558,0.1387080401182174,0.548570990562439,0.0298715289682149,0.0098372735083103,Comedy
0.0029712705872952,0.002445371588692,0.0022350247018039,0.9235215783119202,0.037168014794588,0.0197396520525217,0.0119190840050578,Comedy
0.0073073492385447,0.0071477554738521,0.0273232795298099,0.4513655602931976,0.421725332736969,0.0302471332252025,0.0548835694789886,Comedy
0.1805141568183899,0.6049530506134033,0.0168396644294261,0.0164759736508131,0.1673978269100189,0.0106278527528047,0.0031914222054183,Comedy
0.6445813775062561,0.1365370452404022,0.0049411305226385,0.0057808910496532,0.1662463396787643,0.012778696604073,0.0291345007717609,Comedy
