anger,disgust,fear,joy,neutral,sadness,surprise,genre
0.023453015834093,0.0306261517107486,0.0797585546970367,0.0450301878154277,0.0576425343751907,0.7495430111885071,0.0139464698731899,Drama
0.0141869122162461,0.0284583400934934,0.0065623922273516,0.0060077062807977,0.1283424347639084,0.8133498430252075,0.003092398867011,Drama
0.0244522634893655,0.0194828193634748,0.001769256661646,0.4546866416931152,0.4851984083652496,0.007941692136228,0.0064689288847148,Drama
0.0330929979681968,0.3528400957584381,0.0052381134591996,0.0058760475367307,0.5880661010742188,0.0121252695098519,0.0027613118290901,Drama
0.1386586129665374,0.0209019463509321,0.0555308051407337,0.0017933893250301,0.0389886014163494,0.7139735817909241,0.0301530975848436,Drama
0.0401419177651405,0.1696544736623764,0.0229652654379606,0.0055027743801474,0.2314852029085159,0.5267410278320312,0.0035093668848276,Drama
0.0025315419770777,0.007268164306879,0.0089197224006056,0.0010552161838859,0.0118595156818628,0.9634292125701904,0.0049365875311195,Drama
0.2444870173931121,0.0590602718293666,0.1649399101734161,0.0025246483273804,0.1191576123237609,0.4080349206924438,0.0017956420779228,Drama
0.1228738650679588,0.8073335886001587,0.0217240247875452,0.0011649291263893,0.0274131726473569,0.0183726008981466,0.0011177927954122,Drama
0.0033107476774603,0.0144425807520747,0.0010116738267242,0.8660294413566589,0.0716909691691398,0.0378957167267799,0.0056188912130892,Drama
