anger,disgust,fear,joy,neutral,sadness,surprise,genre
0.0071523799560964,0.018828285858035,0.0149139687418937,0.2803845405578613,0.6398772597312927,0.0149203408509492,0.0239232890307903,Drama
0.2256635874509811,0.4337271749973297,0.0103883724659681,0.0234822332859039,0.1356347203254699,0.1681444346904754,0.0029595158994197,Drama
0.0267317257821559,0.8672913908958435,0.088274747133255,0.0023790833074599,0.0118996044620871,0.0024646488018333,0.0009588003740645,Drama
0.1570339500904083,0.2546009421348572,0.0156751926988363,0.0063415337353944,0.527096688747406,0.0349719859659671,0.0042797555215656,Drama
0.0119506455957889,0.0140061862766742,0.2413106113672256,0.0064055006951093,0.2197757065296173,0.403929591178894,0.1026217490434646,Drama
0.0249325074255466,0.0783108174800872,0.0244624931365251,0.251225471496582,0.3792776465415954,0.2393767982721328,0.0024142218753695,Drama
0.0310780704021453,0.0477393120527267,0.1038087457418441,0.0265793036669492,0.7031100988388062,0.0294407028704881,0.0582438074052333,Drama
0.6316335201263428,0.0050694276578724,0.3478583693504333,0.0015645181993022,0.0084645515307784,0.0021923864260315,0.0032172794453799,Drama
0.0256762597709894,0.026029709726572,0.1456265300512313,0.0099851610139012,0.7565327286720276,0.0261201914399862,0.0100293904542922,Drama
0.1123534366488456,0.0601497590541839,0.0540494285523891,0.1067871674895286,0.6154081225395203,0.0128082381561398,0.0384438000619411,Drama
0.0062342179007828,0.0623624585568904,0.0061610024422407,0.0408043228089809,0.8579015135765076,0.0037730243057012,0.0227634031325578,Drama
0.0121157960966229,0.0041509983129799,0.0052232583984732,0.1729532033205032,0.7179413437843323,0.0396913848817348,0.047924056649208,Drama
0.0048087718896567,0.0023734355345368,0.0024475227110087,0.9604158401489258,0.0200339518487453,0.0011174381943419,0.0088030258193612,Drama
0.0048961550928652,0.002395070856437,0.0012253082823008,0.9589663743972778,0.0090334396809339,0.0022490299306809,0.0212346296757459,Drama
0.0154703203588724,0.0128817306831479,0.0042203203774988,0.1194493323564529,0.7814856767654419,0.0256008580327034,0.04089180752635,Drama
0.0122919352725148,0.0122692314907908,0.0020117950625717,0.0037790648639202,0.903557300567627,0.0071450169198215,0.0589455850422382,Drama
0.1255559772253036,0.018526367843151,0.758012056350708,0.002201670082286,0.0794340148568153,0.0134239038452506,0.0028459248133003,Drama
0.0108654415234923,0.0389327593147754,0.0031057288870215,0.0042152740061283,0.9017102718353271,0.0223218984901905,0.018848592415452,Drama
0.0558357648551464,0.0092911599203944,0.9072919487953186,0.0016029856633394,0.0163245201110839,0.0034542251378297,0.0061993892304599,Drama
0.1592804938554763,0.6125798225402832,0.0150821926072239,0.0030631981790065,0.1695155203342437,0.0149146914482116,0.0255640745162963,Drama
0.6299943327903748,0.0529717206954956,0.0256074145436286,0.0048633348196744,0.0614404156804084,0.2152251750230789,0.0098976613953709,Drama
0.0068527609109878,0.0057505569420754,0.0011176709085702,0.0213692337274551,0.9330928921699524,0.0086321430280804,0.0231846570968627,Drama
0.0131967654451727,0.0044765225611627,0.0053010745905339,0.0073459954001009,0.8741591572761536,0.0089369360357522,0.0865835025906562,Drama
0.0033286393154412,0.0022810935042798,0.0004286726179998,0.909743070602417,0.0698178559541702,0.0053292401134967,0.0090714655816555,Drama
