anger,disgust,fear,joy,neutral,sadness,surprise,genre
0.2551666498184204,0.0195591393858194,0.1201686412096023,0.0091614359989762,0.0135121839120984,0.5755345821380615,0.0068973181769251,Western
0.5056220293045044,0.0489099249243736,0.122021310031414,0.0123318741098046,0.1260722428560257,0.15462526679039,0.0304174218326807,Western
0.0155421048402786,0.0077702072449028,0.0012562802294269,0.3851869106292724,0.5631946921348572,0.0132259335368871,0.0138238510116934,Western
0.9302552938461304,0.0439781583845615,0.0014618635177612,0.0005819087964482,0.0128324478864669,0.0094136530533432,0.0014768267283216,Western
0.43125119805336,0.1366601288318634,0.2354966104030609,0.0022832152899354,0.1634406745433807,0.0210435222834348,0.0098247407004237,Western
0.0327431298792362,0.0629083290696144,0.1382800340652465,0.0027771289460361,0.5640829205513,0.0305730625987052,0.1686353534460067,Western
0.5314090847969055,0.2914117574691772,0.0288151744753122,0.0008978635305538,0.0692686811089515,0.060535579919815,0.0176618788391351,Western
0.114665575325489,0.1369562745094299,0.0622327737510204,0.0078772651031613,0.506318986415863,0.1016814336180687,0.0702676549553871,Western
0.0942440629005432,0.0508031956851482,0.0092807123437523,0.0067577883601188,0.8050575852394104,0.0139066511765122,0.0199499912559986,Western
0.0044124885462224,0.0451664179563522,0.0354213491082191,0.0489175282418727,0.6318687200546265,0.1991928815841674,0.0350206270813941,Western
0.0180183555930852,0.0830526351928711,0.382710725069046,0.0039470344781875,0.4107044637203216,0.0842508375644683,0.0173159074038267,Western
0.4657354056835174,0.1967389732599258,0.1187319755554199,0.0027136844582855,0.1873286515474319,0.0215810742229223,0.0071702888235449,Western
0.7930797934532166,0.0533308275043964,0.1014539003372192,0.002441408811137,0.0191631354391574,0.018772080540657,0.0117589412257075,Western
0.9152541160583496,0.0084447842091321,0.0555564537644386,0.0031441585160791,0.0065918089821934,0.0042988955974578,0.0067098313011229,Western
0.0323310866951942,0.0211740359663963,0.0042656301520764,0.0061614047735929,0.8681643605232239,0.0109710153192281,0.0569325163960456,Western
0.2528009414672851,0.1787976175546646,0.0062892460264265,0.0049263671971857,0.5232700705528259,0.0293172653764486,0.0045984615571796,Western
0.1298158168792724,0.0082610994577407,0.1506426036357879,0.0394982397556304,0.5811029672622681,0.023856459185481,0.066822849214077,Western
0.0187459047883749,0.0263160299509763,0.0336818881332874,0.0045759151689708,0.8935767412185669,0.008294123224914,0.0148093542084097,Western
0.4454811513423919,0.1062561571598053,0.0205505695194005,0.0087235355749726,0.1474671363830566,0.2612338960170746,0.0102874506264925,Western
0.8646964430809021,0.0752903446555137,0.0083180917426943,0.0007989964215084,0.0293856598436832,0.0203012004494667,0.0012092741671949,Western
0.1888850182294845,0.5782013535499573,0.0218111462891101,0.0021625368390232,0.180640771985054,0.0267731044441461,0.0015261196531355,Western
0.0532796531915664,0.0410181730985641,0.0046054683625698,0.0046311477199196,0.7580081820487976,0.106168232858181,0.0322891809046268,Western
