anger,disgust,fear,joy,neutral,sadness,surprise,genre
0.0206474214792251,0.0073155700229108,0.043635968118906,0.0044671017676591,0.011028129607439,0.9085578918457032,0.0043479860760271,World_cinema
0.125941976904869,0.3403345942497253,0.0181296151131391,0.0033478413242846,0.2276639342308044,0.27907794713974,0.0055040614679455,World_cinema
0.0548727251589298,0.0112716406583786,0.0438773371279239,0.073675200343132,0.4524904787540436,0.2835513055324554,0.0802612602710723,World_cinema
0.2329532504081726,0.1809558570384979,0.0090546933934092,0.0534526631236076,0.3106995224952698,0.1770997047424316,0.0357843600213527,World_cinema
0.8225517272949219,0.0978008657693862,0.0063522574491798,0.0021876455284655,0.0600353479385376,0.0092808166518807,0.0017913595074787,World_cinema
0.0096179861575365,0.0202647652477026,0.0232351776212453,0.0666718780994415,0.8043888807296753,0.0281352121382951,0.0476860776543617,World_cinema
0.0034535555168986,0.0046384907327592,0.0032020513899624,0.0073901279829442,0.9433742165565492,0.0224039070308208,0.0155376074835658,World_cinema
0.0084768515080213,0.1009566336870193,0.0575094185769557,0.0073479930870234,0.7800227999687195,0.0200557000935077,0.0256305243819952,World_cinema
0.0195895638316869,0.0305000506341457,0.0031542619690299,0.017771229147911,0.9068797826766968,0.0197435691952705,0.002361599355936,World_cinema
0.0264891199767589,0.189197227358818,0.1232508495450019,0.006639810744673,0.5306729674339294,0.0468941256403923,0.0768559277057647,World_cinema
0.0853428766131401,0.298666775226593,0.0116262352094054,0.0572590604424476,0.5094409584999084,0.0313331559300422,0.0063309594988822,World_cinema
0.969941258430481,0.0017325999215245,0.0059688277542591,0.0007175484206527,0.0058356588706374,0.0137834688648581,0.002020550193265,World_cinema
0.0150349726900458,0.2114405632019043,0.0101515296846628,0.0339291132986545,0.5281593799591064,0.1439484655857086,0.0573359467089176,World_cinema
0.8485540151596069,0.0515340007841587,0.0227080173790454,0.0010430311085656,0.0422906205058097,0.0298994220793247,0.0039709564298391,World_cinema
0.0256949570029974,0.1096416711807251,0.1743424832820892,0.0079833474010229,0.6552865505218506,0.0200164150446653,0.0070345979183912,World_cinema
0.0062636919319629,0.0256247948855161,0.01413194835186,0.0038578966632485,0.9104540944099426,0.0047270683571696,0.0349404737353324,World_cinema
0.016731584444642,0.0310249514877796,0.8055334687232971,0.0030295639298856,0.0754883363842964,0.0637948438525199,0.0043972330167889,World_cinema
0.0047116330824792,0.0261341910809278,0.0087664499878883,0.0023895993363112,0.1243511885404586,0.819546639919281,0.0141003197059035,World_cinema
0.3102195560932159,0.2219538390636444,0.0207795482128858,0.0026505056302994,0.0550655648112297,0.3802598714828491,0.0090710753574967,World_cinema
0.0289360079914331,0.6356709003448486,0.0105983139947056,0.1323527842760086,0.1704330593347549,0.0148262558504939,0.0071827173233032,World_cinema
0.6881481409072876,0.1837077885866165,0.0103025333955883,0.0040322178974747,0.0453303046524524,0.0638120844960212,0.0046668769791722,World_cinema
0.2995173633098602,0.3090003728866577,0.0291125532239675,0.0022382128518074,0.1675539463758468,0.1835605651140213,0.0090169878676533,World_cinema
0.0044652204960584,0.0047146496362984,0.001144585898146,0.0025960479397326,0.0074500334449112,0.0016717524267733,0.9779576659202576,World_cinema
0.0162367951124906,0.0337810032069683,0.0074677532538771,0.0217241011559963,0.8987340331077576,0.0170285869389772,0.0050276080146431,World_cinema
0.0327652692794799,0.043520126491785,0.0903695151209831,0.0043084942735731,0.8079788088798523,0.0092507964000105,0.0118070151656866,World_cinema
0.0033537845592945,0.0021246732212603,0.0009649830753915,0.930662989616394,0.0416726693511009,0.003164860419929,0.0180561188608407,World_cinema
0.0058016087859869,0.0057334899902343,0.0032364870421588,0.7574045062065125,0.1915946453809738,0.0071734101511538,0.0290558375418186,World_cinema
0.1595023721456527,0.0126953879371285,0.508013904094696,0.0053807590156793,0.0353894904255867,0.2027882784605026,0.0762297883629798,World_cinema
0.0075081251561641,0.0076324115507304,0.0009836356621235,0.1357004195451736,0.8075098991394043,0.0298479553312063,0.0108176507055759,World_cinema
0.0023230463266372,0.0013278977712616,0.0002359407371841,0.9769940972328186,0.0120306024327874,0.0015276992926374,0.0055608777329325,World_cinema
0.0211643557995557,0.0932544991374015,0.0162631273269653,0.0035614371299743,0.3929647505283355,0.4485600292682647,0.0242318529635667,World_cinema
0.0434106327593326,0.0250416807830333,0.0103737898170948,0.2023806422948837,0.6661995053291321,0.0189058408141136,0.0336878821253776,World_cinema
0.0027922380249947,0.0042046774178743,0.0004672494251281,0.9677194356918336,0.0176826547831296,0.0038207981269806,0.0033129802905023,World_cinema
0.00099434168078,0.0020959908142685,0.0012648238334804,0.0009893359383568,0.0050147413276135,0.9867989420890808,0.0028418393339961,World_cinema
0.04169911891222,0.0176153499633073,0.0119840903207659,0.0009106079232878,0.029140530154109,0.8950560092926025,0.0035942858085036,World_cinema
0.1660283952951431,0.4725337326526642,0.1668149083852768,0.0011113076470792,0.0140511337667703,0.1742116957902908,0.0052488720975816,World_cinema
0.5484682321548462,0.2056851685047149,0.001576634007506,0.0039847646839916,0.2069561928510666,0.0290539320558309,0.0042751017026603,World_cinema
