anger,disgust,fear,joy,neutral,sadness,surprise,genre
0.0058202054351568,0.0030438427347689,0.017779977992177,0.6321103572845459,0.2440805733203888,0.0202910564839839,0.0768739506602287,Music
0.4219258427619934,0.0268752891570329,0.1307448297739029,0.0073250946588814,0.0555852465331554,0.295101523399353,0.0624422207474708,Music
0.0172403790056705,0.0935564860701561,0.2091198563575744,0.0034703768324106,0.1400881707668304,0.5278844833374023,0.0086402352899312,Music
0.0274634882807731,0.0663801580667495,0.1065765172243118,0.2620725035667419,0.2246841490268707,0.3003131449222564,0.0125100528821349,Music
0.2415610551834106,0.1692831963300705,0.0108577283099293,0.0031831101514399,0.1470144838094711,0.425206571817398,0.0028938248287886,Music
0.0079536335542798,0.9579303860664368,0.001689585391432,0.0006937982398085,0.0171081386506557,0.0060636517591774,0.0085607813671231,Music
0.0041471356526017,0.0195053666830062,0.0047495230101048,0.0303577315062284,0.1759335696697235,0.7596291303634644,0.0056775044649839,Music
0.033268317580223,0.2045846134424209,0.0169487837702035,0.1367339193820953,0.4868968725204468,0.0383447557687759,0.0832227021455764,Music
0.0131495092064142,0.1498095989227295,0.0068830070085823,0.002922598272562,0.6285664439201355,0.0279201306402683,0.1707487255334854,Music
0.3175792098045349,0.1892141848802566,0.2581307590007782,0.0016638373490422,0.1224184930324554,0.1060432121157646,0.0049503208138048,Music
0.0305514764040708,0.2539823651313782,0.0121721541509032,0.2729276120662689,0.2567167282104492,0.0552556253969669,0.1183940321207046,Music
