anger,disgust,fear,joy,neutral,sadness,surprise,genre
0.0482710413634777,0.0383323989808559,0.5906828045845032,0.0170742608606815,0.2703291475772857,0.0110779693350195,0.0242324043065309,Thriller
0.026951503008604,0.0248434673994779,0.0043885828927159,0.1279794573783874,0.8049384951591492,0.0040963785722851,0.0068020652979612,Thriller
0.6471366882324219,0.1084063574671745,0.2133500576019287,0.0012123483465984,0.0081250630319118,0.0183000657707452,0.0034694764763116,Thriller
0.0240822359919548,0.0069713690318167,0.8349072933197021,0.0152408303692936,0.0968581140041351,0.0173830240964889,0.0045571364462375,Thriller
0.046821292489767,0.6211810111999512,0.0362163744866848,0.005375878419727,0.0322708152234554,0.2542867660522461,0.0038479513023048,Thriller
0.0916937664151191,0.1503055989742279,0.047928724437952,0.0028281759005039,0.5533026456832886,0.0636723488569259,0.0902686938643455,Thriller
0.4993159472942352,0.1587523072957992,0.097328282892704,0.0057549118064343,0.1674148738384246,0.0681041255593299,0.0033295410685241,Thriller
0.00564572121948,0.9828187823295592,0.0057049812749028,0.0007044036756269,0.0013107873965054,0.0034565126989036,0.0003589181287679,Thriller
0.0319767408072948,0.0365304425358772,0.1032516211271286,0.0933895781636238,0.5748242139816284,0.1257909536361694,0.0342364087700843,Thriller
0.4930446743965149,0.1052394211292266,0.2908868789672851,0.0032036369666457,0.0171454418450593,0.0166527833789587,0.0738270431756973,Thriller
0.0504433512687683,0.0426624752581119,0.0362468399107456,0.002718174830079,0.7046517729759216,0.1514391899108886,0.011838175356388,Thriller
0.0478580221533775,0.0214942656457424,0.6236050724983215,0.0037542437203228,0.2197101414203643,0.0385208800435066,0.0450574122369289,Thriller
0.0643622353672981,0.877429187297821,0.0125341536477208,0.0007331044180318,0.0175901353359222,0.0215494167059659,0.0058018090203404,Thriller
0.0032610350754112,0.0045800292864441,0.0006888685747981,0.0144650042057037,0.9219404458999634,0.0095908334478735,0.0454737208783626,Thriller
0.0028642925899475,0.0039260783232748,0.0083959614858031,0.4449130594730377,0.3755182027816772,0.1360882371664047,0.0282941777259111,Thriller
0.0836339145898819,0.3019211590290069,0.0272259600460529,0.0055380244739353,0.5178981423377991,0.0573209412395954,0.0064619141630828,Thriller
0.0308027546852827,0.0179940294474363,0.1098468154668808,0.0031894666608422,0.4652562737464905,0.0385541282594203,0.3343565762042999,Thriller
0.0302301533520221,0.039957158267498,0.0043892990797758,0.0190393142402172,0.8806911706924438,0.0227048266679048,0.0029880765359848,Thriller
0.3474912941455841,0.1443523317575454,0.009395433589816,0.0021536711137741,0.3202780783176422,0.1705132275819778,0.0058159464970231,Thriller
0.2554442286491394,0.0348429270088672,0.0316160731017589,0.0021044930908828,0.5861691832542419,0.0726136192679405,0.0172094646841287,Thriller
0.3348632454872131,0.4396786689758301,0.0948391407728195,0.0030351164750754,0.0781168937683105,0.0458234809339046,0.0036434666253626,Thriller
0.0468369163572788,0.0676564574241638,0.0336370281875133,0.0118916295468807,0.67780601978302,0.0701142624020576,0.0920576825737953,Thriller
0.0115048112347722,0.0124664613977074,0.0036979818250983,0.0234716478735208,0.5018934607505798,0.0076876450330019,0.4392779469490051,Thriller
0.3874722421169281,0.4512895941734314,0.0153478840366005,0.0012944281334057,0.1000598147511482,0.0347918942570686,0.0097441393882036,Thriller
0.0053964396938681,0.0056357071734964,0.0054110838100314,0.0114242369309067,0.9413579106330872,0.0047524534165859,0.0260221417993307,Thriller
0.3626406788825989,0.507703423500061,0.0143681894987821,0.0042988406494259,0.0931442454457283,0.0164888557046651,0.0013557490892708,Thriller
0.4134249091148376,0.1324593722820282,0.0182642191648483,0.0059747295454144,0.3971495330333709,0.026394385844469,0.0063327853567898,Thriller
0.0341489985585212,0.0680234804749488,0.0023227224592119,0.5765995383262634,0.3035084903240204,0.009595463052392,0.0058012572117149,Thriller
0.1650134921073913,0.2075695544481277,0.5079571008682251,0.0026367912068963,0.083902470767498,0.0299888737499713,0.0029317999724298,Thriller
0.0107845077291131,0.63106769323349,0.0133310509845614,0.064928650856018,0.2067035883665084,0.0648621916770935,0.0083223199471831,Thriller
0.095443494617939,0.7875496745109558,0.1027385741472244,0.0015236865729093,0.00654789339751,0.0050474144518375,0.0011492475168779,Thriller
0.0631242021918296,0.0183501839637756,0.0757459551095962,0.0169771574437618,0.7884266972541809,0.019497588276863,0.0178782138973474,Thriller
0.0425193533301353,0.1353150904178619,0.0609089396893978,0.0078068207949399,0.6312406063079834,0.1058236584067344,0.0163855850696563,Thriller
0.4400560855865478,0.1943415850400924,0.0102970553562045,0.0038225331809371,0.2125593274831771,0.1361410468816757,0.0027822810225188,Thriller
0.0250396523624658,0.942051649093628,0.0050348029471933,0.0016627120785415,0.0101322783157229,0.0077367071062326,0.008342258632183,Thriller
