anger,disgust,fear,joy,neutral,sadness,surprise,genre
0.1335503458976745,0.3811110854148865,0.0777026414871215,0.0072825737297534,0.3060106337070465,0.0858427882194519,0.0084998495876789,Drama
0.2101165205240249,0.0680000931024551,0.0245901029556989,0.0040528937242925,0.6544755101203918,0.0232983455061912,0.0154664646834135,Drama
0.014126431196928,0.1623351126909256,0.3442441523075104,0.0061741564422845,0.4516465663909912,0.0150765441358089,0.0063970778137445,Drama
0.3896295130252838,0.1961705833673477,0.1220485046505928,0.011794039979577,0.2460050731897354,0.0203180015087127,0.014034423045814,Drama
0.0906565934419632,0.2965181171894073,0.0302986819297075,0.005142259877175,0.5593751668930054,0.0138905383646488,0.0041186069138348,Drama
0.005272907204926,0.0190229527652263,0.0031985505484044,0.0023848747368901,0.0346430391073226,0.9328957796096802,0.0025819102302193,Drama
0.0820516124367713,0.0649349316954612,0.0864882469177246,0.0034225813578814,0.6881834864616394,0.0426490008831024,0.0322700627148151,Drama
0.0240913964807987,0.0706438347697258,0.0361618548631668,0.0017209702637046,0.0485819578170776,0.8166519999504089,0.0021480156574398,Drama
0.1244730204343795,0.0720911398530006,0.1534634083509445,0.0285161882638931,0.5973978638648987,0.0147802466526627,0.0092781530693173,Drama
