anger,disgust,fear,joy,neutral,sadness,surprise,genre
0.0075134839862585,0.0048468564637005,0.0209005884826183,0.0257605202496051,0.9065744876861572,0.0096611762419343,0.0247428659349679,Science_Fiction
0.0177995841950178,0.0046291993930935,0.0239246021956205,0.559022068977356,0.2442888170480728,0.0594859719276428,0.090849794447422,Science_Fiction
0.0189840197563171,0.006947623565793,0.0028329330962151,0.0323433317244052,0.8602750301361084,0.0589653216302394,0.0196518115699291,Science_Fiction
0.0542317740619182,0.028892258182168,0.0957976430654525,0.0077599030919373,0.681279182434082,0.0890307575464248,0.043008517473936,Science_Fiction
0.0059403902851045,0.0083985272794961,0.002675465773791,0.0030708289705216,0.8492515683174133,0.0116375423967838,0.1190256550908088,Science_Fiction
0.374360591173172,0.4096496105194092,0.010199312120676,0.0031125855166465,0.1156212761998176,0.0795973986387252,0.0074592316523194,Science_Fiction
0.0056738653220236,0.00386937498115,0.0313431769609451,0.6120244264602661,0.2776151299476623,0.0108711346983909,0.0586028285324573,Science_Fiction
0.0046925330534577,0.0135233886539936,0.6344112753868103,0.0069842431694269,0.019318364560604,0.0030495580285787,0.3180206716060638,Science_Fiction
0.3991753756999969,0.0416584946215152,0.0941611155867576,0.0035476090852171,0.2540134191513061,0.0668048039078712,0.1406393051147461,Science_Fiction
0.0124248107895255,0.0968561843037605,0.0738570168614387,0.4083751142024994,0.3387570381164551,0.0045501999557018,0.0651795640587806,Science_Fiction
0.015774805098772,0.0104514081031084,0.0019740888383239,0.0474524609744548,0.9055789709091188,0.0033638251479715,0.0154044376686215,Science_Fiction
0.0100139826536178,0.3772106468677521,0.0227375756949186,0.0034745926968753,0.4784696698188782,0.0064950850792229,0.1015984416007995,Science_Fiction
0.1396965980529785,0.5981050133705139,0.150226354598999,0.0017945868894457,0.0769310295581817,0.0102775422856211,0.0229688920080661,Science_Fiction
0.0408930666744709,0.6576670408248901,0.2446806728839874,0.0015207101823762,0.0347228795289993,0.0145239429548382,0.005991730839014,Science_Fiction
0.0250890515744686,0.0044144494459033,0.8398743867874146,0.0026325865183025,0.0458323284983634,0.0501677989959716,0.0319893881678581,Science_Fiction
0.0380760692059993,0.0057292897254228,0.0271593667566776,0.0050035631284117,0.8857954740524292,0.0053437980823218,0.0328923948109149,Science_Fiction
0.3400242030620575,0.0101741291582584,0.2515516579151153,0.0116986874490976,0.2301957309246063,0.0844891965389251,0.071866437792778,Science_Fiction
0.0113752968609333,0.0151904914528131,0.0041700038127601,0.0057597607374191,0.9238945841789246,0.0066480520181357,0.032961755990982,Science_Fiction
0.3831116855144501,0.0552967377007007,0.0696325078606605,0.0426186099648475,0.4171428382396698,0.0185120124369859,0.0136856539174914,Science_Fiction
