anger,disgust,fear,joy,neutral,sadness,surprise,genre
0.045781634747982,0.1627887934446334,0.0243235286325216,0.3023033440113067,0.4194215536117553,0.0245212689042091,0.020859844982624,Period_piece
0.0080625833943486,0.1584437042474746,0.0020868808496743,0.0830384045839309,0.7238621115684509,0.0189443696290254,0.0055619492195546,Period_piece
0.1989228576421737,0.4031865894794464,0.0086232433095574,0.0029359115287661,0.3071244060993194,0.0755510702729225,0.0036558958236128,Period_piece
0.0370222479104995,0.9043715000152588,0.0037734089419245,0.0010401356266811,0.0193153675645589,0.0337217934429645,0.0007555588963441,Period_piece
0.0030270351562649,0.947540819644928,0.0399742908775806,0.0005106599419377,0.0026659050490707,0.0046859765425324,0.0015953963156789,Period_piece
0.0039338609203696,0.0090790884569287,0.0074616973288357,0.0013415942667052,0.0126333395019173,0.96338951587677,0.0021609398536384,Period_piece
0.0250630695372819,0.5090717673301697,0.2078563719987869,0.0087967971339821,0.0233202017843723,0.2236278504133224,0.0022639513481408,Period_piece
0.0037073562853038,0.1022324934601783,0.0400124415755271,0.1305282562971115,0.1368487030267715,0.5435395836830139,0.0431311354041099,Period_piece
0.0019741707947105,0.0076677836477756,0.0154279768466949,0.0023024356923997,0.0265908911824226,0.9381622672080994,0.0078744981437921,Period_piece
0.4914316833019256,0.1169339120388031,0.1956302672624588,0.0062215151265263,0.1524381339550018,0.0299955122172832,0.0073489290662109,Period_piece
0.0015723642427474,0.0015385654987767,0.988437831401825,0.0007956538465805,0.0040860585868358,0.0011981931747868,0.0023711852263659,Period_piece
0.2262848019599914,0.6878611445426941,0.0086598312482237,0.0030199468601495,0.0546852648258209,0.0172122623771429,0.0022768110502511,Period_piece
0.0059558162465691,0.0038023008964955,0.0003058545989915,0.9633445739746094,0.0203836746513843,0.0027227213140577,0.0034849955700337,Period_piece
0.0037731062620878,0.0207638423889875,0.0020943386480212,0.0515091121196746,0.903693675994873,0.0070057557895779,0.0111602274700999,Period_piece
