anger,disgust,fear,joy,neutral,sadness,surprise,genre
0.0043356330133974,0.0040030158124864,0.0036744424141943,0.0142302569001913,0.0118944123387336,0.956941306591034,0.0049209296703338,Period_piece
0.0702876895666122,0.0046692923642694,0.0089882416650652,0.1584051996469497,0.6647953987121582,0.0114180073142051,0.0814361423254013,Period_piece
0.0644858926534652,0.0550637543201446,0.0100387148559093,0.0064848638139665,0.835828423500061,0.0250703394412994,0.0030280444771051,Period_piece
0.0035321190953254,0.0092158550396561,0.0023762458004057,0.0968607813119888,0.1034252643585205,0.7690708637237549,0.0155188953503966,Period_piece
0.0119602875784039,0.0158912353217601,0.0034821820445358,0.3480152487754822,0.5603460669517517,0.027343101799488,0.032961931079626,Period_piece
0.0142403021454811,0.1051396429538726,0.0111821228638291,0.714482307434082,0.1087560355663299,0.023349167779088,0.0228504240512847,Period_piece
0.0864674523472786,0.6570315957069397,0.0244076680392026,0.0083647370338439,0.1581850200891494,0.062236376106739,0.0033071504440158,Period_piece
0.1810079514980316,0.0563427619636058,0.0355750545859336,0.0054304162040352,0.5887007117271423,0.1105652526021003,0.02237787283957,Period_piece
0.0198063179850578,0.076072447001934,0.0120113054290413,0.0346936360001564,0.2528669834136963,0.4601353406906128,0.144414022564888,Period_piece
0.007368850056082,0.0122581664472818,0.0021101692691445,0.4184017181396484,0.3946684300899505,0.1141961887478828,0.0509964600205421,Period_piece
0.0762453824281692,0.1715240031480789,0.0228128843009471,0.0048065381124615,0.2321656048297882,0.4814236164093017,0.0110219595953822,Period_piece
0.0169823560863733,0.0173849035054445,0.0056335306726396,0.7183693647384644,0.1962272077798843,0.039310984313488,0.0060916184447705,Period_piece
0.0254495069384574,0.5467188358306885,0.002758695045486,0.0033196497242897,0.035037275403738,0.3819247782230377,0.004791242070496,Period_piece
0.1366863399744033,0.3855792284011841,0.2741987705230713,0.0143856024369597,0.1192597523331642,0.0503534376621246,0.019536817446351,Period_piece
0.7758869528770447,0.0673044770956039,0.0136961378157138,0.0014817368937656,0.0492293238639831,0.0888858512043953,0.0035153904464095,Period_piece
0.8764466643333435,0.0720190852880477,0.0078069325536489,0.0010494845919311,0.0216707196086645,0.0200751163065433,0.0009319700184278,Period_piece
0.1514155715703964,0.0487138107419014,0.4666184484958648,0.0183882657438516,0.1554229259490966,0.1324769556522369,0.026963997632265,Period_piece
0.0086706671863794,0.085883617401123,0.1578499525785446,0.0110346693545579,0.2252630144357681,0.5047559142112732,0.0065421382896602,Period_piece
0.0042525846511125,0.0112965051084756,0.0047132391482591,0.2566716074943542,0.6712549924850464,0.0434896871447563,0.0083214556798338,Period_piece
0.0075767035596072,0.0017804440576583,0.0036223090719431,0.060320857912302,0.0686772763729095,0.4863813817501068,0.37164106965065,Period_piece
0.0126014295965433,0.0566694028675556,0.0049371169880032,0.5659675002098083,0.0173549205064773,0.3397664129734039,0.0027031714562326,Period_piece
