anger,disgust,fear,joy,neutral,sadness,surprise,genre
0.0234013423323631,0.2903337180614471,0.2853489518165588,0.0446586944162845,0.3211121559143066,0.0241797566413879,0.010965384542942,Horror
0.4565468728542328,0.1569950878620147,0.0045382981188595,0.0089490404352545,0.2629233300685882,0.0993735343217849,0.0106738526374101,Horror
0.0122601734474301,0.0104111302644014,0.0015815341612324,0.014648962765932,0.0584932826459407,0.8964309692382812,0.0061739636585116,Horror
0.5263866782188416,0.0086012370884418,0.4374330937862396,0.0017291884869337,0.0135103268548846,0.0096958233043551,0.0026436748448759,Horror
0.0257807355374097,0.2029717713594436,0.1458903700113296,0.0018548707012087,0.4124476909637451,0.2013906687498092,0.0096639171242713,Horror
0.0110194012522697,0.0105134099721908,0.0080843921750783,0.0500320345163345,0.4456787705421448,0.005195549223572,0.4694764018058777,Horror
0.0205520633608102,0.1919559985399246,0.0192571692168712,0.00230084778741,0.0773567408323288,0.6359081864356995,0.0526689700782299,Horror
0.0066597098484635,0.0128905856981873,0.0051797009073197,0.0083357505500316,0.865111231803894,0.0419154800474643,0.0599075742065906,Horror
0.0246064886450767,0.7893827557563782,0.0713295042514801,0.0021539565641433,0.0763206109404563,0.0052735237404704,0.0309331528842449,Horror
0.0155517058447003,0.0139085883274674,0.0013807832729071,0.0043718107044696,0.9560636878013612,0.0045456737279891,0.0041777384467422,Horror
0.0459359511733055,0.2933646738529205,0.0078932419419288,0.0485483407974243,0.131826177239418,0.4678853154182434,0.0045463293790817,Horror
0.0309964288026094,0.0417114086449146,0.0056048482656478,0.099273145198822,0.7743056416511536,0.0424488820135593,0.0056597832590341,Horror
0.1656546145677566,0.4297809898853302,0.219643697142601,0.0016944736707955,0.1122038513422012,0.037114892154932,0.0339076407253742,Horror
0.0055004344321787,0.0038542838301509,0.0027612969279289,0.0045707351528108,0.924784243106842,0.0088527416810393,0.0496762171387672,Horror
0.0549824722111225,0.5742837190628052,0.0645585730671882,0.0012314568739384,0.1234070360660553,0.0665652230381965,0.1149716004729271,Horror
0.0124972518533468,0.1500327438116073,0.0065582320094108,0.0128070069476962,0.7290744185447693,0.0234533157199621,0.0655770376324653,Horror
0.32678884267807,0.2174748927354812,0.0034053418785333,0.0019960559438914,0.3713756501674652,0.0711248964071273,0.0078342398628592,Horror
0.0076810158789157,0.0466264858841896,0.020268389955163,0.0101613886654376,0.7772743701934814,0.0306745693087577,0.1073138415813446,Horror
0.0551195628941059,0.0746408179402351,0.0060929618775844,0.0016580973751842,0.0329801924526691,0.8249861001968384,0.004522212781012,Horror
0.022539060562849,0.8375195264816284,0.0045144134201109,0.001943462761119,0.1037230342626571,0.0196187421679496,0.0101416865363717,Horror
0.0081974202767014,0.0940109193325042,0.0147612607106566,0.0033240248449146,0.7177948951721191,0.0165964365005493,0.1453149169683456,Horror
0.0048379995860159,0.0045406688004732,0.0020660131704062,0.004493779502809,0.9554314613342284,0.0045055309310555,0.0241245795041322,Horror
0.037120696157217,0.2649905383586883,0.0550623647868633,0.0030408520251512,0.2770382761955261,0.328518271446228,0.0342290103435516,Horror
0.0293041504919528,0.8652157783508301,0.0651350989937782,0.0015794738428667,0.0289687681943178,0.006335990037769,0.0034606796689331,Horror
0.0048923245631158,0.9236392378807068,0.0253983791917562,0.0006769633619114,0.034291710704565,0.0068145748227834,0.0042868014425039,Horror
0.0085173808038234,0.0330103076994419,0.4159943759441376,0.0029915038030594,0.1160494908690452,0.011140982620418,0.4122959077358246,Horror
0.0292163621634244,0.1885351836681366,0.152970939874649,0.0054388637654483,0.4796314239501953,0.0321002155542373,0.1121069267392158,Horror
0.1405957490205764,0.4750185906887054,0.0894225090742111,0.0039795786142349,0.2228880226612091,0.0206502638757228,0.0474451966583728,Horror
0.0447549186646938,0.528351366519928,0.2659353911876678,0.0014498352538794,0.0316801443696022,0.1173936128616333,0.0104347513988614,Horror
0.1194815188646316,0.291422426700592,0.0286774653941392,0.0019368141656741,0.4136185646057129,0.1264298558235168,0.0184334311634302,Horror
0.1531575173139572,0.0228364914655685,0.2197494953870773,0.0043681571260094,0.1256563663482666,0.4635911583900451,0.0106407916173338,Horror
0.0092674894258379,0.0113289514556527,0.0020568931940943,0.0798811465501785,0.8625639081001282,0.0293874740600585,0.0055140941403806,Horror
0.0418108627200126,0.70651775598526,0.1191858500242233,0.0032450431026518,0.1063957288861274,0.0110432310029864,0.0118015743792057,Horror
0.043976429849863,0.0716392323374748,0.2476135045289993,0.00349962990731,0.0904997140169143,0.5356423258781433,0.0071291881613433,Horror
0.0053678574040532,0.0317667461931705,0.0095445942133665,0.0936658009886741,0.8271778225898743,0.0066607161425054,0.025816436856985,Horror
0.005281769670546,0.0079460432752966,0.010266100987792,0.0063238777220249,0.9409027099609376,0.0145934503525495,0.0146859651431441,Horror
0.0077509782277047,0.0424389839172363,0.003068383783102,0.0074213580228388,0.9243449568748474,0.0054642762988805,0.0095111317932605,Horror
0.0121797956526279,0.1289481222629547,0.097782164812088,0.0319188386201858,0.6581852436065674,0.0356523320078849,0.0353334657847881,Horror
0.0138583723455667,0.639350175857544,0.1693797260522842,0.0045041553676128,0.0923187732696533,0.0078969309106469,0.0726917907595634,Horror
