anger,disgust,fear,joy,neutral,sadness,surprise,genre
0.0330919101834297,0.0061187166720628,0.0037637259811162,0.7913089394569397,0.1204516813158989,0.0228846743702888,0.0223802607506513,Comedy
0.0206093359738588,0.0239938963204622,0.0023506693542003,0.6070868372917175,0.3154076933860779,0.0231192577630281,0.0074323611333966,Comedy
0.007899765856564,0.0036446372978389,0.0024560489691793,0.013702817261219,0.4077370464801788,0.0074603878892958,0.5570992827415466,Comedy
0.0096167419105768,0.0101225962862372,0.003048620885238,0.4554213583469391,0.4006329476833343,0.0706816986203193,0.0504759550094604,Comedy
0.3816163539886474,0.4219761788845062,0.0065935663878917,0.0188724789768457,0.1018205136060714,0.0631565228104591,0.0059643625281751,Comedy
0.69947749376297,0.0988528355956077,0.0079974560067057,0.0032816098537296,0.1541255861520767,0.0322323627769947,0.0040328046306967,Comedy
0.2129864990711212,0.0414124242961406,0.002316853031516,0.0096685430034995,0.4766380786895752,0.2391343414783477,0.0178433563560247,Comedy
0.0503665134310722,0.0137195652350783,0.3099746406078338,0.0112773915752768,0.467915266752243,0.1326060891151428,0.0141405677422881,Comedy
0.9201032519340516,0.0092646004632115,0.0017079057870432,0.002767642494291,0.0526850409805774,0.0100439675152301,0.0034275506623089,Comedy
0.0298099778592586,0.5052803754806519,0.0127307977527379,0.0270459558814764,0.3864241242408752,0.0152329634875059,0.0234758369624614,Comedy
0.0128796501085162,0.0169008653610944,0.001195827499032,0.7656584978103638,0.1165328919887542,0.0816690623760223,0.0051631843671202,Comedy
