anger,disgust,fear,joy,neutral,sadness,surprise,genre
0.0179559160023927,0.2290805578231811,0.0085683772340416,0.0045174225233495,0.076061837375164,0.6536661982536316,0.0101497005671262,Crime_Thriller
0.010000136680901,0.0135044539347291,0.0100091258063912,0.0036979059223085,0.9291651248931884,0.0035202812869101,0.0301029235124588,Crime_Thriller
0.0081192813813686,0.0120033612474799,0.0112988101318478,0.0120193008333444,0.919104814529419,0.0196172427386045,0.0178372152149677,Crime_Thriller
0.0162044558674097,0.880302369594574,0.0015274692559614,0.0156581327319145,0.0721345171332359,0.0072884932160377,0.0068844784982502,Crime_Thriller
0.00503900507465,0.0017229022923856,0.0018626492237672,0.6621426939964294,0.1965566873550415,0.0178952198475599,0.1147807762026786,Crime_Thriller
0.1586129516363144,0.4209629595279693,0.08132054656744,0.0009464907343499,0.0123753258958458,0.3078925907611847,0.0178891085088253,Crime_Thriller
0.0766084492206573,0.0577269420027732,0.1282930523157119,0.0077118235640227,0.3297584652900696,0.3859733045101166,0.0139280231669545,Crime_Thriller
0.177108809351921,0.2134921550750732,0.0671164169907569,0.0092127928510308,0.28532475233078,0.2312120199203491,0.0165330972522497,Crime_Thriller
0.1516293138265609,0.4224723577499389,0.1696826517581939,0.0032884143292903,0.1671059727668762,0.073837362229824,0.0119839664548635,Crime_Thriller
0.0143200559541583,0.1282096803188324,0.0374421589076519,0.0038804586511105,0.7463697791099548,0.0247690845280885,0.0450087748467922,Crime_Thriller
0.0479181446135044,0.8298964500427246,0.0067510576918721,0.0020129343029111,0.0337674133479595,0.0775007233023643,0.0021531940437853,Crime_Thriller
0.0188049878925085,0.0164907630532979,0.0073757474310696,0.0102635379880666,0.6934248208999634,0.2475696802139282,0.0060705211944878,Crime_Thriller
0.0134102813899517,0.0277005340903997,0.0227829590439796,0.0038820563349872,0.4043661653995514,0.0518842823803424,0.4759736955165863,Crime_Thriller
0.1160630509257316,0.049112781882286,0.0082285357639193,0.0031809383071959,0.8069120049476624,0.0144888460636138,0.0020139063708484,Crime_Thriller
0.0304739251732826,0.0730992183089256,0.0470651425421237,0.0202754456549882,0.3194651305675506,0.3916766941547394,0.1179443895816803,Crime_Thriller
0.011255033314228,0.1848401725292205,0.0071512656286358,0.0294768009334802,0.6865166425704956,0.0288588237017393,0.0519012659788131,Crime_Thriller
0.0055540073662996,0.0244425684213638,0.0011016854550689,0.0099041974171996,0.9316304922103882,0.0080602215602993,0.0193067789077758,Crime_Thriller
0.1764024794101715,0.0251220036298036,0.0160464737564325,0.00867919344455,0.6220337152481079,0.1220820471644401,0.0296341422945261,Crime_Thriller
0.475923478603363,0.1477250158786773,0.0043754568323493,0.0018018559785559,0.2573916912078857,0.1064908951520919,0.0062915850430727,Crime_Thriller
0.0019342233426868,0.0198894683271646,0.0134377423673868,0.2872642874717712,0.489843487739563,0.1764442920684814,0.0111865298822522,Crime_Thriller
0.0175388064235448,0.0201859697699546,0.4906538128852844,0.0091520147398114,0.4020847976207733,0.0353401973843574,0.0250444170087575,Crime_Thriller
0.0073900669813156,0.0172484368085861,0.0017577513353899,0.0644712448120117,0.8582444190979004,0.01023671310395,0.0406513772904872,Crime_Thriller
0.2292378395795822,0.1062863245606422,0.0077600181102752,0.007574079092592,0.5447391271591187,0.0992047861218452,0.0051978174597024,Crime_Thriller
0.0090257506817579,0.0311500765383243,0.0024404565338045,0.2425004243850708,0.6417788863182068,0.0611562393605709,0.0119481394067406,Crime_Thriller
0.012551081366837,0.0045464052818715,0.0044695357792079,0.5163323283195496,0.3451604545116424,0.0132822794839739,0.103657953441143,Crime_Thriller
0.0301716960966587,0.0170556958764791,0.0346739552915096,0.0067620952613651,0.8717285394668579,0.0137865142896771,0.0258215237408876,Crime_Thriller
0.0067548528313636,0.03217339143157,0.0050404099747538,0.1205601170659065,0.7269353866577148,0.0097224796190857,0.0988133773207664,Crime_Thriller
0.0247886702418327,0.6684304475784302,0.0119968634098768,0.0058682356029748,0.269219696521759,0.0124708637595176,0.0072251469828188,Crime_Thriller
0.1445531547069549,0.1130218803882598,0.0106454957276582,0.006124768871814,0.1282973140478134,0.592856764793396,0.004500696901232,Crime_Thriller
0.0195297710597515,0.114252470433712,0.0054788570851087,0.5058382749557495,0.3087369799613952,0.0149473752826452,0.0312162842601537,Crime_Thriller
0.0166482757776975,0.6424607038497925,0.1364223957061767,0.0027073314413428,0.1464429199695587,0.04254737123847,0.0127709992229938,Crime_Thriller
0.0145184565335512,0.8083270788192749,0.0277946982532739,0.0067547648213803,0.1126558780670166,0.0040944959037005,0.025854704901576,Crime_Thriller
0.0206104610115289,0.0163748208433389,0.00511982338503,0.0338038019835948,0.8591411113739014,0.0082358848303556,0.0567141287028789,Crime_Thriller
0.2802593410015106,0.3233659267425537,0.1160715594887733,0.0049305204302072,0.2392292469739914,0.0301315691322088,0.0060117430984973,Crime_Thriller
0.023602532222867,0.2376476377248764,0.0160750746726989,0.0032662523444741,0.3705584704875946,0.1889797002077102,0.1598703265190124,Crime_Thriller
0.0660346150398254,0.1827444583177566,0.0742616355419159,0.0032788694370537,0.6236677169799805,0.0305720493197441,0.0194406434893608,Crime_Thriller
0.0429950058460235,0.0145107954740524,0.00553755229339,0.0172895118594169,0.7508986592292786,0.1497964262962341,0.0189720336347818,Crime_Thriller
0.0520934648811817,0.0096781402826309,0.8769124746322632,0.0017325713997706,0.0353986211121082,0.0153547786176204,0.0088298516348004,Crime_Thriller
0.8459242582321167,0.123891681432724,0.0048307888209819,0.0005202830070629,0.0146535662934184,0.0082690743729472,0.0019103842787444,Crime_Thriller
0.0175779722630977,0.0151753667742013,0.5688918232917786,0.0018629988189786,0.0400204360485076,0.3445713222026825,0.0119001781567931,Crime_Thriller
