anger,disgust,fear,joy,neutral,sadness,surprise,genre
0.0905308723449707,0.6725202202796936,0.0308246295899152,0.0104922372847795,0.1650559902191162,0.0260283220559358,0.0045476988889276,Animation
0.0475017540156841,0.0922930240631103,0.0040604728274047,0.0412545539438724,0.607187807559967,0.1925604790449142,0.0151418922469019,Animation
0.0124617256224155,0.1158679872751236,0.0019748494960367,0.0082986745983362,0.8486990332603455,0.0072794812731444,0.0054182754829525,Animation
0.3196412026882171,0.3046532273292541,0.0749788209795951,0.0810052305459976,0.1317894607782364,0.0257875751703977,0.0621444173157215,Animation
0.0395175032317638,0.0387203730642795,0.004975916352123,0.0026219722349196,0.870782732963562,0.0148830134421586,0.028498550876975,Animation
0.1333000361919403,0.0124953491613268,0.0035521956160664,0.3501847386360168,0.3578581511974334,0.0140030607581138,0.1286064684391021,Animation
0.8441562652587891,0.0796793475747108,0.0403436124324798,0.0029154706280678,0.0170414596796035,0.0129828862845897,0.0028809963259845,Animation
0.1204294264316558,0.0940309315919876,0.0138713410124182,0.0058960663154721,0.176850363612175,0.0109805697575211,0.5779412984848022,Animation
0.0646816194057464,0.0225674416869878,0.0079128611832857,0.0036701445933431,0.0938430577516555,0.004983393009752,0.8023415207862854,Animation
0.0675327330827713,0.0571335181593894,0.2816388607025146,0.049320425838232,0.3643401265144348,0.0340705513954162,0.1459638625383377,Animation
0.2994804978370666,0.305492103099823,0.0225440040230751,0.0077690333127975,0.2984230518341064,0.0402509048581123,0.0260404497385025,Animation
0.0155494436621665,0.0134476069360971,0.0015224147355183,0.0127467550337314,0.936774969100952,0.0093532865867018,0.0106055485084652,Animation
0.0190543867647647,0.0076001938432455,0.0010644658468663,0.4051693677902221,0.5108361840248108,0.0059714731760323,0.0503039211034774,Animation
0.7307991981506348,0.0681590214371681,0.0638726651668548,0.0066067138686776,0.0220944620668888,0.009785876609385,0.0986820682883262,Animation
0.2786167860031128,0.092068575322628,0.0086303232237696,0.0165362805128097,0.1319794058799743,0.0308765657246112,0.4412920475006103,Animation
0.9052270650863647,0.0417778901755809,0.0019728043116629,0.0020546603482216,0.0339402519166469,0.0106625147163867,0.0043648402206599,Animation
