anger,disgust,fear,joy,neutral,sadness,surprise,genre
0.0045081079006195,0.0037697572261095,0.0024847819004207,0.5178577899932861,0.3230040073394775,0.0421561598777771,0.1062194183468818,Romantic_drama
0.0055169579572975,0.024777665734291,0.0026782732456922,0.0266491640359163,0.8986578583717346,0.0060212379321455,0.0356988497078418,Romantic_drama
0.0089280242100358,0.0059085050597786,0.0018607119563966,0.075782723724842,0.8759161829948425,0.0150383505970239,0.0165655110031366,Romantic_drama
0.0016536624170839,0.0030216167215257,0.0021780675742775,0.0017915387870743,0.0188920069485902,0.9661186337471008,0.0063444976694881,Romantic_drama
0.1418431848287582,0.0455901362001895,0.0059995977208018,0.0044230241328477,0.1055190786719322,0.6895833611488342,0.0070416391827166,Romantic_drama
0.0022814346011728,0.0013010384282097,0.9802040457725524,0.0011207489296793,0.0078468983992934,0.0057992804795503,0.0014466035645455,Romantic_drama
0.0891099423170089,0.0087199993431568,0.3581892251968384,0.026726696640253,0.4520734548568725,0.034657634794712,0.0305231306701898,Romantic_drama
0.3769491314888,0.4436273872852325,0.0016597968060523,0.0059498618356883,0.1363421827554702,0.0273563023656606,0.008115298114717,Romantic_drama
0.008150290697813,0.4935986995697021,0.0145531650632619,0.0038859748747199,0.2159991562366485,0.2550066709518432,0.0088061057031154,Romantic_drama
0.0192017331719398,0.1142726466059684,0.0046551185660064,0.0402011163532733,0.729081928730011,0.0605956688523292,0.0319918431341648,Romantic_drama
0.0142259690910577,0.0071811941452324,0.0047430889680981,0.5842249989509583,0.2610250413417816,0.0855832770466804,0.0430164560675621,Romantic_drama
0.0117793781682848,0.9671376943588256,0.0077443271875381,0.0028406309429556,0.0058000977151095,0.0026530975010246,0.0020446917042136,Romantic_drama
0.00741842482239,0.005034030880779,0.0039684725925326,0.8076247572898865,0.0824044197797775,0.0561473183333873,0.0374026149511337,Romantic_drama
0.1279315799474716,0.7544559836387634,0.023633798584342,0.0009116124128922,0.0244477298110723,0.0644776076078414,0.0041417251341044,Romantic_drama
0.0164641607552766,0.0149708120152354,0.0072811320424079,0.0085237277671694,0.8897498846054077,0.0235513895750045,0.0394588336348533,Romantic_drama
0.0186886843293905,0.0115571245551109,0.0010149041190743,0.0603918358683586,0.8932442665100098,0.0056941090151667,0.0094090308994054,Romantic_drama
0.0128168975934386,0.2736775875091553,0.0133725106716156,0.0960709825158119,0.421665221452713,0.1245866194367408,0.0578101985156536,Romantic_drama
0.9652040600776672,0.0106730200350284,0.0032400274649262,0.0006685909465886,0.013316836208105,0.002786893164739,0.0041105756536126,Romantic_drama
0.0169196221977472,0.0370173379778862,0.0030155649874359,0.3549795746803283,0.563187301158905,0.0210510529577732,0.0038295830599963,Romantic_drama
0.0603461153805255,0.1181414797902107,0.0050022015348076,0.0238037295639514,0.6185761094093323,0.1690366268157959,0.0050937985070049,Romantic_drama
0.0549414381384849,0.0789243206381797,0.0278106685727834,0.010293859988451,0.7643840909004211,0.0532430000603199,0.0104024996981024,Romantic_drama
0.3221359252929687,0.0643637478351593,0.0414545610547065,0.0087487865239381,0.5276138186454773,0.0319859869778156,0.0036971406079828,Romantic_drama
