anger,disgust,fear,joy,neutral,sadness,surprise,genre
0.8691580891609192,0.0641823187470436,0.0048898160457611,0.0018824064172804,0.0515134334564209,0.0021261416841298,0.0062477588653564,Comedy
0.0238653942942619,0.1789056807756424,0.0072171590290963,0.0079773189499974,0.478805810213089,0.2847327291965484,0.018495911732316,Comedy
0.0043737553060054,0.0101052811369299,0.0019919504411518,0.0033986973576247,0.9182567596435548,0.0457962080836296,0.0160773433744907,Comedy
0.0141741717234253,0.0257952008396387,0.0046794153749942,0.1498099565505981,0.7455923557281494,0.0183741580694913,0.04157480224967,Comedy
0.0162882059812545,0.0432257317006588,0.0053298235870897,0.0048914039507508,0.8979273438453674,0.0203028339892625,0.0120346322655677,Comedy
0.0623122900724411,0.040309190750122,0.0032054651528596,0.0145727563649415,0.7005854845046997,0.0469614788889884,0.1320533901453018,Comedy
0.0136925717815756,0.0172615777701139,0.0049647642299532,0.0048549748025834,0.9322507977485656,0.0133829433470964,0.0135922944173216,Comedy
0.0227088704705238,0.0547465421259403,0.0447817035019397,0.0027303681708872,0.4022973477840423,0.051553476601839,0.4211817681789398,Comedy
0.01658177934587,0.0116914017125964,0.0051491004414856,0.025681247934699,0.9008386135101318,0.0235477648675441,0.0165100544691085,Comedy
0.9422921538352966,0.0130695300176739,0.0044853198342025,0.0016201462130993,0.0235330965369939,0.0079039968550205,0.0070957508869469,Comedy
0.0041157477535307,0.0247511118650436,0.0578130334615707,0.0483932346105575,0.2339787632226944,0.6043121218681335,0.0266359001398086,Comedy
0.0059262588620185,0.0028307484462857,0.0008923266432248,0.005087680183351,0.0203950889408588,0.0150024481117725,0.9498655200004578,Comedy
0.0609397813677787,0.0586162842810153,0.0020297488663345,0.0149107743054628,0.8479771614074707,0.0093843266367912,0.0061418963596224,Comedy
0.0128121441230177,0.0080429436638951,0.0007767528877593,0.6881102323532104,0.2435299158096313,0.0281754247844219,0.0185526348650455,Comedy
0.0140254190191626,0.0699508041143417,0.0467408373951911,0.0061519281007349,0.1416315138339996,0.6544654369354248,0.0670340433716774,Comedy
0.0047298008576035,0.0028803860768675,0.0029871277511119,0.0245432090014219,0.9276748299598694,0.0116974534466862,0.0254871528595685,Comedy
0.0250361412763595,0.1372829675674438,0.0022720624692738,0.0746603012084961,0.7448705434799194,0.0090377572923898,0.0068401871249079,Comedy
