anger,disgust,fear,joy,neutral,sadness,surprise,genre
0.1119019240140914,0.0534850172698497,0.6552695631980896,0.005279769655317,0.1146565750241279,0.0217586364597082,0.037648569792509,World_cinema
0.0875775516033172,0.8846881985664368,0.0099259922280907,0.0003960046742577,0.0053906375542283,0.0105854729190468,0.0014361458597704,World_cinema
0.0237855538725852,0.0292014777660369,0.0061348979361355,0.1232339590787887,0.7987776398658752,0.0041306670755147,0.0147358020767569,World_cinema
0.0139548741281032,0.0376229807734489,0.1143731996417045,0.0131166251376271,0.7373966574668884,0.0565356947481632,0.0269999671727418,World_cinema
0.1505957543849945,0.0989591926336288,0.0157497376203537,0.0073809945024549,0.6924432516098022,0.0189897734671831,0.0158812943845987,World_cinema
0.015038751065731,0.0511023327708244,0.0113800717517733,0.0133552206680178,0.8801800608634949,0.0113767394796013,0.017566729336977,World_cinema
0.346237450838089,0.2991787791252136,0.033583715558052,0.0062338043935596,0.2913374304771423,0.007562784012407,0.0158660542219877,World_cinema
0.208637848496437,0.6840283870697021,0.0157819110900163,0.0011483938433229,0.0697491616010665,0.0173137448728084,0.0033406226430088,World_cinema
0.0139719350263476,0.5945093035697937,0.0290784370154142,0.0093095758929848,0.319317877292633,0.0220279041677713,0.0117849204689264,World_cinema
0.015660872682929,0.0475512258708477,0.0096443062648177,0.0035218056291341,0.7195859551429749,0.0118805365636944,0.1921552419662475,World_cinema
0.0261478666216135,0.8662721514701843,0.0121363401412963,0.0010903878137469,0.0814244523644447,0.0073720454238355,0.0055567575618624,World_cinema
0.762728750705719,0.0455467514693737,0.0041932361200451,0.0085994293913245,0.1552100479602813,0.0212368946522474,0.0024848850443959,World_cinema
0.0292535368353128,0.1296919584274292,0.0674731880426406,0.0018930796068161,0.0970880761742591,0.6640492677688599,0.0105508705601096,World_cinema
0.0093325925990939,0.1861234754323959,0.0110578387975692,0.011219753883779,0.7547407150268555,0.0230415780097246,0.0044840197078883,World_cinema
0.0355661809444427,0.0125925270840525,0.1518818289041519,0.0052897348068654,0.7399472594261169,0.0074093826115131,0.0473131500184536,World_cinema
