anger,disgust,fear,joy,neutral,sadness,surprise,genre
0.0505449213087558,0.3717375695705414,0.1133743673563003,0.069859966635704,0.3418426215648651,0.0371225178241729,0.0155180785804986,Drama
0.0014251573011279,0.002180531155318,0.0036643308121711,0.0311058890074491,0.0845186039805412,0.8542646169662476,0.0228408817201852,Drama
0.0179895423352718,0.0818913131952285,0.0013730576029047,0.1463262736797332,0.6840218901634216,0.0603080131113529,0.0080898031592369,Drama
0.0107805021107196,0.0110796382650733,0.0005900972173549,0.7697464227676392,0.1941317915916443,0.00673308968544,0.0069384751841425,Drama
0.0282827448099851,0.187022715806961,0.5157061815261841,0.0301951877772808,0.0945314541459083,0.0881477296352386,0.0561139695346355,Drama
0.0846447795629501,0.4125197827816009,0.292566567659378,0.0048151281662285,0.1238413974642753,0.0295053385198116,0.0521069765090942,Drama
0.008519877679646,0.1562717854976654,0.027062602341175,0.0071643688715994,0.756160318851471,0.0241928435862064,0.0206282213330268,Drama
0.0470081269741058,0.0473434515297412,0.0097800223156809,0.0174510050565004,0.8227692246437073,0.016221834346652,0.0394263304769992,Drama
0.0252242572605609,0.0426361709833145,0.063893899321556,0.7493698596954346,0.063701793551445,0.0202109739184379,0.034963022917509,Drama
