anger,disgust,fear,joy,neutral,sadness,surprise,genre
0.0102381482720375,0.0041327215731143,0.0310313180088996,0.3825092911720276,0.3874672651290893,0.0403509549796581,0.1442702561616897,Drama
0.0088789770379662,0.0702536478638649,0.1106749847531318,0.006499056238681,0.3919050991535187,0.4022818207740783,0.0095064165070652,Drama
0.0080855125561356,0.006577955558896,0.0103403739631176,0.00144171458669,0.0255300775170326,0.0524364523589611,0.8955878615379333,Drama
0.5711554884910583,0.3275597691535949,0.0304623208940029,0.0032865861430764,0.0538891851902008,0.009141506627202,0.0045051099732518,Drama
0.0410148948431015,0.0494272783398628,0.0177311692386865,0.0063206986524164,0.856570839881897,0.0071657542139291,0.0217693895101547,Drama
0.0099484333768486,0.0190045777708292,0.0051438203081488,0.3893320262432098,0.4960719347000122,0.0112240808084607,0.0692751705646514,Drama
0.0265293456614017,0.0675424486398696,0.0698756054043769,0.0158989112824201,0.6337720155715942,0.1698618084192276,0.0165198929607868,Drama
0.0558998212218284,0.0480664074420928,0.2843859195709228,0.0037445030175149,0.5739578604698181,0.0100801102817058,0.0238652862608432,Drama
0.24764084815979,0.3668484687805176,0.0116539215669035,0.0016789443325251,0.3266414701938629,0.0291630178689956,0.0163732804358005,Drama
0.0315110087394714,0.0732993558049202,0.0044255806133151,0.0340038016438484,0.4980343580245971,0.3447541892528534,0.0139717562124133,Drama
0.9489373564720154,0.0184098947793245,0.0026494415942579,0.0012646927498281,0.0168531034141778,0.0075399312190711,0.0043455399572849,Drama
0.0136701324954628,0.0079328129068017,0.0029459530487656,0.0886241421103477,0.8125803470611572,0.0037796040996909,0.0704670697450637,Drama
0.3306266069412231,0.4891657829284668,0.0052671157754957,0.0011534644290804,0.0976077690720558,0.070788949728012,0.0053901840001344,Drama
0.02850903570652,0.0353503860533237,0.0035968713928014,0.0038315732963383,0.0903028473258018,0.8279017210006714,0.0105076255276799,Drama
0.0214073732495307,0.0951624810695648,0.0752814188599586,0.0056063793599605,0.2779830396175384,0.5121933817863464,0.0123659297823905,Drama
0.0155179537832736,0.6393158435821533,0.042056381702423,0.0385463386774063,0.1110984981060028,0.1081844121217727,0.0452805832028389,Drama
0.7396392822265625,0.043648887425661,0.0089337918907403,0.0028644744306802,0.1049907580018043,0.0915014743804931,0.0084214191883802,Drama
0.0168844237923622,0.0087700560688972,0.0558767803013324,0.0127749014645814,0.7155212759971619,0.0112191764637827,0.1789533942937851,Drama
0.0149408159777522,0.0042185899801552,0.8646628856658936,0.0029600951820611,0.0747302025556564,0.0145395062863826,0.0239478796720504,Drama
0.015591824427247,0.0018126140348613,0.0137640014290809,0.0026071465108543,0.0096298838034272,0.0022002144251018,0.9543943405151368,Drama
0.0121985776349902,0.0053570978343486,0.0045952843502163,0.0759610906243324,0.8485822677612305,0.0142787713557481,0.0390268601477146,Drama
0.0799901485443115,0.0135263912379741,0.0237381737679243,0.043671041727066,0.7989309430122375,0.0280570201575756,0.0120862396433949,Drama
0.0266251415014266,0.0170607659965753,0.0027263583615422,0.0833395570516586,0.3778687119483948,0.472194492816925,0.0201849993318319,Drama
0.025273947045207,0.0750738605856895,0.0188730861991643,0.0080665266141295,0.8399988412857056,0.0205712299793958,0.0121424505487084,Drama
