anger,disgust,fear,joy,neutral,sadness,surprise,genre
0.0096276514232158,0.0047957925125956,0.0109292725101113,0.1327106803655624,0.297932505607605,0.4858811497688293,0.0581229291856288,World_cinema
0.0103477090597152,0.0105708474293351,0.0018714640755206,0.1506310999393463,0.4427641630172729,0.3779493570327759,0.0058652879670262,World_cinema
0.0053656953386962,0.0053846160881221,0.0391915589570999,0.0014554215595126,0.012577318586409,0.9313583970069884,0.0046670194715261,World_cinema
0.0922417938709259,0.0260685924440622,0.0017464560223743,0.0658361166715622,0.7499421238899231,0.0597955323755741,0.0043694074265658,World_cinema
0.0354471281170845,0.0173075925558805,0.1823173612356186,0.0030996049754321,0.1204620897769928,0.6020385026931763,0.0393277108669281,World_cinema
0.0447694510221481,0.028092086315155,0.1971121281385421,0.0207767691463232,0.6909425258636475,0.0121823754161596,0.0061246724799275,World_cinema
0.8605107069015503,0.0613084770739078,0.0064627202227711,0.0017176426481455,0.0510500334203243,0.0168995428830385,0.0020509466994553,World_cinema
0.1680759787559509,0.5654377937316895,0.003332104999572,0.0038290072698146,0.139821320772171,0.1162195801734924,0.003284168895334,World_cinema
0.457077145576477,0.2386735826730728,0.0042576123960316,0.0016127456910908,0.0560838617384433,0.2391688823699951,0.0031262121628969,World_cinema
0.1658440232276916,0.3262597918510437,0.0052325059659779,0.0028713308274745,0.4652915894985199,0.0308737084269523,0.003627044847235,World_cinema
0.0979407057166099,0.0549982823431491,0.0303889326751232,0.0121819106861948,0.6766085624694824,0.0881642550230026,0.0397173464298248,World_cinema
0.0788956880569458,0.1574592143297195,0.0139056127518415,0.0881876721978187,0.6520895957946777,0.0043346635065972,0.0051275799050927,World_cinema
0.0456499420106411,0.0941243097186088,0.0298175122588872,0.0032334816642105,0.8076319098472595,0.0137744899839162,0.0057683298364281,World_cinema
0.1646845787763595,0.2449925392866134,0.4370265901088714,0.0040292763151228,0.1296539008617401,0.0148634761571884,0.0047496343031525,World_cinema
0.0745428651571273,0.0606440044939518,0.7300024032592773,0.0016113264719024,0.0167854912579059,0.0078270742669701,0.108586810529232,World_cinema
0.2172313332557678,0.5380165576934814,0.0025556331966072,0.0435684993863105,0.1658737063407898,0.0282453242689371,0.0045089116320014,World_cinema
