anger,disgust,fear,joy,neutral,sadness,surprise,genre
0.0032814492005854,0.0048743770457804,0.0056557129137218,0.3759240806102752,0.4679736196994781,0.0566501691937446,0.085640549659729,Science_Fiction
0.0014833747409284,0.0026199470739811,0.0015775775536894,0.0009959952440112,0.0027790288440883,0.9875533580780028,0.0029906637500971,Science_Fiction
0.0184023901820182,0.0423135086894035,0.0492059141397476,0.002564791822806,0.6755316257476807,0.0177754368633031,0.1942062675952911,Science_Fiction
0.2920285165309906,0.0978686809539794,0.3199817836284637,0.0028964611701667,0.1948912888765335,0.0734201297163963,0.0189130622893571,Science_Fiction
0.3825947642326355,0.2042239010334015,0.1959095895290374,0.0036720531061291,0.1479833424091339,0.0371495969593524,0.0284666679799556,Science_Fiction
0.0077982186339795,0.1355025023221969,0.0118216080591082,0.0131570156663656,0.7127346992492676,0.0535615868866443,0.0654243752360344,Science_Fiction
0.0664580464363098,0.0391553677618503,0.7968184947967529,0.0032587018795311,0.07734015583992,0.0110444501042366,0.005924838129431,Science_Fiction
0.0121869919821619,0.1780720353126526,0.0074176099151372,0.0025437858421355,0.7570663690567017,0.0163803603500127,0.0263328291475772,Science_Fiction
0.0425705686211586,0.0055186348035931,0.0253701191395521,0.3311434090137481,0.5410506725311279,0.0286636631935834,0.0256829056888818,Science_Fiction
0.1620194911956787,0.1955367475748062,0.0984606742858886,0.004801133647561,0.0958363711833953,0.4361903965473175,0.0071550770662724,Science_Fiction
0.0565580949187278,0.0819283798336982,0.0067820819094777,0.0133783249184489,0.8042017221450806,0.0343150310218334,0.0028363848105072,Science_Fiction
0.096993051469326,0.1241721734404563,0.0193206146359443,0.0282338187098503,0.6967925429344177,0.029557928442955,0.0049298177473247,Science_Fiction
0.0143019668757915,0.1151062399148941,0.0276516880840063,0.1315224766731262,0.6416357755661011,0.019777450710535,0.0500044263899326,Science_Fiction
0.0695961564779281,0.1176376193761825,0.0027245476376265,0.0526925772428512,0.6802456974983215,0.0661840960383415,0.010919346474111,Science_Fiction
