anger,disgust,fear,joy,neutral,sadness,surprise,genre
0.0134775498881936,0.1501391977071762,0.0245280936360359,0.071442112326622,0.6439971327781677,0.0687620043754577,0.0276539456099271,Haunted_House_Film
0.0455759912729263,0.0463367402553558,0.0031992488075047,0.0885242894291877,0.6221624612808228,0.1870875805616378,0.0071136434562504,Haunted_House_Film
0.0096707064658403,0.0351640246808528,0.0264708008617162,0.1659098118543625,0.3524491190910339,0.4029651582241058,0.0073703019879758,Haunted_House_Film
0.0043525979854166,0.0031713237985968,0.9364725947380066,0.0015773109626024,0.0386331267654895,0.0068059954792261,0.0089869610965251,Haunted_House_Film
0.0103049455210566,0.0419345833361148,0.0293832402676343,0.0038406220264732,0.8432143330574036,0.0066075222566723,0.0647148340940475,Haunted_House_Film
0.0192553717643022,0.7059252858161926,0.1649494916200637,0.0012413673102855,0.0814105048775672,0.0207992643117904,0.0064187534153461,Haunted_House_Film
0.006218493450433,0.0024608506355434,0.9624950289726256,0.0007716208929196,0.0185959134250879,0.0060309967957437,0.0034270705655217,Haunted_House_Film
0.0084129301831126,0.0044833454303443,0.0072678350843489,0.277624249458313,0.5819724798202515,0.0065597086213529,0.1136795729398727,Haunted_House_Film
0.0154150361195206,0.0178174022585153,0.0598676465451717,0.0027885790914297,0.8724377155303955,0.0204383414238691,0.0112352846190333,Haunted_House_Film
0.0134774390608072,0.0336905568838119,0.0051473723724484,0.0077339806593954,0.792686939239502,0.0100316787138581,0.1372320353984832,Haunted_House_Film
0.2532558143138885,0.2753565907478332,0.0112655013799667,0.0061424961313605,0.3910444676876068,0.0505068860948085,0.0124282501637935,Haunted_House_Film
0.0118367644026875,0.0160715822130441,0.0031815969850867,0.0240177065134048,0.9133228063583374,0.0289679989218711,0.0026014889590442,Haunted_House_Film
0.0074382163584232,0.0164233781397342,0.9514095783233644,0.0006716770003549,0.0122410804033279,0.0086645213887095,0.0031516302842646,Haunted_House_Film
0.03228510171175,0.0556844994425773,0.04801532253623,0.0014628072967752,0.0566360689699649,0.7725133299827576,0.0334029048681259,Haunted_House_Film
0.0323793552815914,0.0561279579997062,0.0239133574068546,0.0036727590486407,0.0689069926738739,0.8070298433303833,0.0079697221517562,Haunted_House_Film
0.0047137690708041,0.0045309634879231,0.001161734922789,0.8566563129425049,0.1150819361209869,0.0042962725274264,0.0135591113939881,Haunted_House_Film
0.0217345114797353,0.0693932846188545,0.1022498458623886,0.0025124666281044,0.7331944704055786,0.0431234762072563,0.027792016044259,Haunted_House_Film
0.0945463180541992,0.1081847622990608,0.1738926470279693,0.0022210080642253,0.0802402347326278,0.4885957241058349,0.05231923609972,Haunted_House_Film
0.0255241245031356,0.2349123805761337,0.3105006217956543,0.0052074203267693,0.1954339444637298,0.215975821018219,0.0124456584453582,Haunted_House_Film
