anger,disgust,fear,joy,neutral,sadness,surprise,genre
0.0066331438720226,0.2605890929698944,0.5211812257766724,0.0157329179346561,0.1453454196453094,0.0118759451434016,0.0386423580348491,Melodrama
0.0206392314285039,0.0046196244657039,0.0006085004424676,0.6466976404190063,0.1108042895793914,0.1892143487930297,0.0274163223803043,Melodrama
0.0077339066192507,0.0031352501828223,0.0018220721976831,0.452668160200119,0.2519378662109375,0.0814873352646827,0.2012154310941696,Melodrama
0.1763950437307357,0.4955855906009674,0.0042531164363026,0.0090090185403823,0.2424917817115783,0.0697622299194336,0.0025031471159309,Melodrama
0.0483826138079166,0.5653254389762878,0.0401232317090034,0.0015884930035099,0.1795397847890854,0.0757409036159515,0.0892996042966842,Melodrama
0.0859892889857292,0.0981109961867332,0.0063134217634797,0.0028151739388704,0.7386050820350647,0.0623216480016708,0.0058443797752261,Melodrama
0.0210137367248535,0.0727280303835868,0.1735733151435852,0.3759971261024475,0.2215863019227981,0.0112088536843657,0.1238926649093627,Melodrama
0.0447497591376304,0.5933780670166016,0.055318396538496,0.023229494690895,0.1727695763111114,0.1076756492257118,0.0028791155200451,Melodrama
0.6020933389663696,0.2289319783449173,0.0856368541717529,0.0015334376366809,0.0149705372750759,0.0607009157538414,0.0061329966410994,Melodrama
0.009574425406754,0.0081129102036356,0.0155146867036819,0.0616305693984031,0.6257882118225098,0.0161620657891035,0.2632172107696533,Melodrama
0.0103434240445494,0.0265066660940647,0.0203898642212152,0.2602227628231048,0.5208304524421692,0.0216000378131866,0.1401066780090332,Melodrama
0.1368592232465744,0.1185283362865448,0.7198222279548645,0.0019623492844402,0.0109881367534399,0.0045685791410505,0.0072710663080215,Melodrama
0.1824617236852646,0.4733652472496032,0.0148065034300088,0.0026586286257952,0.2518405616283417,0.0719636231660842,0.0029037247877568,Melodrama
0.1521720439195633,0.0420171804726123,0.1228004992008209,0.002946293214336,0.1785892397165298,0.1116163209080696,0.3898583948612213,Melodrama
0.0230520106852054,0.0153005039319396,0.008805931545794,0.1123169437050819,0.7825035452842712,0.0074144070968031,0.0506066530942916,Melodrama
0.0188840590417385,0.0066177011467516,0.077887125313282,0.0011709906393662,0.0206261109560728,0.843890905380249,0.0309231635183095,Melodrama
0.0044375578872859,0.0395370237529277,0.0067617590539157,0.098569169640541,0.6911746859550476,0.1505005806684494,0.0090192081406712,Melodrama
