anger,disgust,fear,joy,neutral,sadness,surprise,genre
0.0020956161897629,0.0028882513288408,0.0065210554748773,0.9148973822593688,0.0418361984193325,0.0240885894745588,0.0076728365384042,Zombie_Film
0.0238046310842037,0.8811354637145996,0.0315434746444225,0.0014937809901311,0.0501731298863887,0.0079067442566156,0.0039429105818271,Zombie_Film
0.0070149796083569,0.0067187184467911,0.004788348916918,0.1001635044813156,0.7520501017570496,0.007259911391884,0.1220044791698455,Zombie_Film
0.1709175556898117,0.1786239296197891,0.1833663284778595,0.0169122703373432,0.4041594862937927,0.0319796204566955,0.0140408258885145,Zombie_Film
0.0229161009192466,0.3376781046390533,0.2168884873390197,0.0050601717084646,0.1368778198957443,0.2668558657169342,0.0137234022840857,Zombie_Film
0.0842443108558654,0.3443470001220703,0.0444973222911357,0.0019858167506754,0.4041562080383301,0.095531053841114,0.0252383388578891,Zombie_Film
0.0246148258447647,0.3244743943214416,0.0413178838789463,0.00233612395823,0.1245303601026535,0.4776485562324524,0.0050777965225279,Zombie_Film
0.0664762333035469,0.0477642938494682,0.8570533990859985,0.0015764381969347,0.0145725533366203,0.0098250862210989,0.0027320135850459,Zombie_Film
0.2477315664291381,0.0759206488728523,0.652874767780304,0.0013670375337824,0.0122075406834483,0.0065099583007395,0.0033885445445775,Zombie_Film
0.3893225193023681,0.1993908286094665,0.3149088621139526,0.0028482382185757,0.0712217688560485,0.0153436055406928,0.0069642695598304,Zombie_Film
0.2640453279018402,0.1224753111600875,0.1084163635969162,0.0052115377038717,0.4322936534881592,0.0557008869946002,0.0118569377809762,Zombie_Film
0.0292116366326808,0.043844811618328,0.0537878051400184,0.0017012887401506,0.0997069999575614,0.7106841206550598,0.0610634423792362,Zombie_Film
0.0100207636132836,0.0612272582948207,0.4763388931751251,0.0046833311207592,0.2626932859420776,0.1658630520105362,0.0191735103726387,Zombie_Film
