anger,disgust,fear,joy,neutral,sadness,surprise,genre
0.0211549215018749,0.0069252057000994,0.1763419359922409,0.0273152161389589,0.6385343074798584,0.03940100222826,0.0903274118900299,Adventure
0.234465941786766,0.5406128168106079,0.057021677494049,0.0023837271146476,0.1155387461185455,0.0455732382833957,0.0044038752093911,Adventure
0.0053082583472132,0.0015064165927469,0.9615957140922546,0.0021378179080784,0.0229401495307683,0.0035651184152811,0.0029464699327945,Adventure
0.0109213842079043,0.0135446898639202,0.0167564079165458,0.0054119527339935,0.9244939088821412,0.0211364068090915,0.0077352682128548,Adventure
0.0076725813560187,0.0077387089841067,0.0260493569076061,0.0034955604933202,0.8527502417564392,0.0058389520272612,0.0964546501636505,Adventure
0.0935493484139442,0.0180368460714817,0.0980140194296836,0.0100683225318789,0.720856249332428,0.0232892110943794,0.0361859835684299,Adventure
0.0932342633605003,0.8283736705780029,0.0049079093150794,0.0042164316400885,0.0459519028663635,0.0200816355645656,0.0032342472113668,Adventure
0.0071096965111792,0.0122924791648983,0.0133903110399842,0.0031125210225582,0.9281347393989564,0.0141879459843039,0.0217723362147808,Adventure
0.0087212678045034,0.0110192596912384,0.0026663530152291,0.0452695526182651,0.9096991419792176,0.0019700902048498,0.0206542499363422,Adventure
0.0170532539486885,0.0355572141706943,0.0085816830396652,0.0094634499400854,0.8773118853569031,0.0154751036316156,0.0365573614835739,Adventure
0.1407234668731689,0.1461004167795181,0.0063519068062305,0.0086439037695527,0.5903578400611877,0.1003903597593307,0.0074320822022855,Adventure
0.0535786747932434,0.525458037853241,0.0741937458515167,0.0041644405573606,0.3243090510368347,0.0083873905241489,0.0099086742848157,Adventure
0.0210002101957798,0.1868967711925506,0.0044662421569228,0.0059246416203677,0.7619138360023499,0.0053947484120726,0.0144035667181015,Adventure
0.0524794608354568,0.3538222312927246,0.0611763782799243,0.0048519638366997,0.4566739499568939,0.0547121986746788,0.016283955425024,Adventure
0.0069953775964677,0.0042308536358177,0.0115408711135387,0.0309640169143676,0.9283717274665833,0.0082333656027913,0.0096638593822717,Adventure
0.0104430094361305,0.0496648475527763,0.019959270954132,0.0024248347617685,0.06624186784029,0.8465750217437744,0.0046911709941923,Adventure
0.0109276613220572,0.0042210239917039,0.0035948143340647,0.1791828870773315,0.5825796723365784,0.0104293162003159,0.2090645432472229,Adventure
0.2485188841819763,0.610226571559906,0.0450717434287071,0.0018333141924813,0.0453514754772186,0.046218417584896,0.0027795652858912,Adventure
0.0463075265288353,0.0330146998167037,0.0676325634121894,0.0160871036350727,0.6869077682495117,0.005405182018876,0.1446450799703598,Adventure
0.0432823300361633,0.0047797062434256,0.1136135160923004,0.0152049241587519,0.7641906142234802,0.0313265398144722,0.027602445334196,Adventure
0.0099158957600593,0.0882082730531692,0.0035238584969192,0.0022033737041056,0.8582831621170044,0.0125980302691459,0.0252675153315067,Adventure
0.0049351374618709,0.0044426536187529,0.0016422424232587,0.0240796543657779,0.9295334219932556,0.00363435363397,0.0317325480282306,Adventure
0.0065028895623981,0.005645022727549,0.0011755232699215,0.0071743475273251,0.9645806550979614,0.0042934427037835,0.0106280548498034,Adventure
0.0078904367983341,0.0040248571895062,0.0012341263936832,0.2037320882081985,0.6699749231338501,0.0056812386028468,0.1074622198939323,Adventure
0.1586509943008422,0.0102760875597596,0.1487996727228164,0.0133148580789566,0.6007872819900513,0.0085200974717736,0.0596509426832199,Adventure
0.5285375714302063,0.0680006071925163,0.038606472313404,0.0037704491987824,0.2619059979915619,0.0942620784044265,0.0049168453551828,Adventure
0.0108106238767504,0.0167587157338857,0.0012669378193095,0.2923730909824371,0.612895667552948,0.01081183552742,0.0550831779837608,Adventure
0.0072317817248404,0.0221912246197462,0.0025336504913866,0.7573416829109192,0.1959616839885711,0.0097788451239466,0.0049611697904765,Adventure
