anger,disgust,fear,joy,neutral,sadness,surprise,genre
0.0042673298157751,0.0065928664989769,0.0028011465910822,0.4406978785991668,0.447876900434494,0.0612574443221092,0.0365064926445484,Short_Film
0.0222489591687917,0.0252329874783754,0.0778077989816665,0.0074325520545244,0.8287018537521362,0.0313106887042522,0.0072652185335755,Short_Film
0.040994293987751,0.0914470702409744,0.008126176893711,0.0539540722966194,0.7369363903999329,0.0272454563528299,0.0412965267896652,Short_Film
0.6694806814193726,0.099403329193592,0.0696054473519325,0.0060154986567795,0.0475226826965808,0.1024391576647758,0.0055332831107079,Short_Film
0.0440332889556884,0.0107073308899998,0.0856152921915054,0.0024504812899976,0.0648440420627594,0.0192021820694208,0.7731473445892334,Short_Film
0.4333785474300384,0.1138906478881836,0.1376276612281799,0.0112969744950532,0.223759114742279,0.0548042058944702,0.0252427067607641,Short_Film
0.0386267490684986,0.5999360084533691,0.0121169611811637,0.0018368641613051,0.3013746738433838,0.0296395160257816,0.0164692401885986,Short_Film
0.0117489043623209,0.0125496620312333,0.0019759684801101,0.0034575234167277,0.9504478573799132,0.0052468366920948,0.0145733030512928,Short_Film
0.5336259007453918,0.0825114548206329,0.1140274628996849,0.0032563637942075,0.0903809294104576,0.0973441749811172,0.0788537189364433,Short_Film
0.7328233122825623,0.1782217174768448,0.0156581457704305,0.000972717127297,0.0238942094147205,0.0391672067344188,0.0092627024278044,Short_Film
0.0255858413875103,0.0221752859652042,0.007776787970215,0.0139423804357647,0.8417947888374329,0.0047104316763579,0.0840145424008369,Short_Film
0.687653124332428,0.0569777339696884,0.0279548689723014,0.0023142572026699,0.16522978246212,0.0284834206104278,0.0313868261873722,Short_Film
0.1366628110408783,0.0481246337294578,0.014925206080079,0.010475605726242,0.6723862290382385,0.0168298818171024,0.1005955934524536,Short_Film
0.1202434226870536,0.1978458762168884,0.1254154294729232,0.0045667504891753,0.516625165939331,0.0256804656237363,0.0096228625625371,Short_Film
0.1554969549179077,0.5972481369972229,0.0336384810507297,0.0015914468094706,0.1718643754720688,0.0244250204414129,0.0157354772090911,Short_Film
0.4963260591030121,0.2301272004842758,0.0191029012203216,0.0042669805698096,0.2305308431386947,0.0141857881098985,0.0054602529853582,Short_Film
0.0929251462221145,0.0144997742027044,0.0319728106260299,0.0073875919915735,0.7795957922935486,0.0242824014276266,0.0493364408612251,Short_Film
0.2668133378028869,0.0701838210225105,0.421487033367157,0.0051367976702749,0.2125629186630249,0.009777508676052,0.0140384742990136,Short_Film
0.1910547465085983,0.0318593680858612,0.0374613851308822,0.0037648193538188,0.4672876596450805,0.1455913186073303,0.1229806616902351,Short_Film
0.0399783290922641,0.607566237449646,0.0072401450015604,0.0022572423331439,0.3245055675506592,0.0109862107783555,0.0074662030674517,Short_Film
0.0330393835902214,0.8827730417251587,0.004121056292206,0.0016051427228376,0.0706848725676536,0.0054320730268955,0.0023442897945642,Short_Film
0.0126251690089702,0.0281719788908958,0.0153054781258106,0.0705274119973182,0.8010063767433167,0.0206748899072408,0.0516887083649635,Short_Film
0.5340867638587952,0.0898846760392189,0.0449650697410106,0.0041499263606965,0.1992174386978149,0.0860620662569999,0.0416340082883834,Short_Film
0.030340664088726,0.0549613498151302,0.0121306767687201,0.0083014238625764,0.8623663783073425,0.011591195128858,0.0203082803636789,Short_Film
0.1016721576452255,0.2504350543022156,0.0179534163326025,0.0136504722759127,0.5931087136268616,0.010764917358756,0.0124152610078454,Short_Film
0.0059293988160789,0.0027970485389232,0.0005111541831865,0.9479726552963256,0.0297366436570882,0.0040738130919635,0.0089792562648653,Short_Film
0.1432699412107467,0.3120563328266144,0.0570285730063915,0.0070510348305106,0.3759306669235229,0.0701068118214607,0.0345566719770431,Short_Film
