anger,disgust,fear,joy,neutral,sadness,surprise,genre
0.0913896188139915,0.1999317556619644,0.0355334430932998,0.010416243225336,0.4110799729824066,0.203710675239563,0.0479383021593093,Crime_Fiction
0.0245810952037572,0.0136537626385688,0.0100138587877154,0.2770947813987732,0.6442058086395264,0.0162056628614664,0.0142449811100959,Crime_Fiction
0.0466772131621837,0.0083181113004684,0.0092309033498168,0.1106494814157486,0.3391337990760803,0.2224925011396408,0.2634979486465454,Crime_Fiction
0.0866306200623512,0.2963740527629852,0.0778392404317855,0.0026839280035346,0.4173573553562164,0.1003279685974121,0.0187868550419807,Crime_Fiction
0.0072140130214393,0.0134637933224439,0.0029099711682647,0.0147711848840117,0.9101730585098268,0.0228434540331363,0.0286244973540306,Crime_Fiction
0.2280147522687912,0.0760276317596435,0.0704638510942459,0.0081268996000289,0.1935368031263351,0.1454382985830307,0.2783918082714081,Crime_Fiction
0.2047275602817535,0.0871278047561645,0.0120399165898561,0.007134492509067,0.642658531665802,0.0376643948256969,0.0086473217234015,Crime_Fiction
0.2171040177345276,0.1087795123457908,0.1943072378635406,0.0022197710350155,0.291191041469574,0.0319500192999839,0.154448390007019,Crime_Fiction
0.0132983736693859,0.0345935560762882,0.0091132661327719,0.0030573613476008,0.9055864810943604,0.0269041862338781,0.0074468492530286,Crime_Fiction
0.0196474380791187,0.1554449945688247,0.0093050245195627,0.1202665343880653,0.6706231236457825,0.0127833047881722,0.0119295911863446,Crime_Fiction
0.0283264704048633,0.7480796575546265,0.0275376886129379,0.0009953232947736,0.1314215958118438,0.0598237439990043,0.0038154751528054,Crime_Fiction
0.0273360181599855,0.8796378374099731,0.0249928552657365,0.0023553620558232,0.05075603723526,0.0087427189573645,0.0061791967600584,Crime_Fiction
0.0207841265946626,0.0193532165139913,0.0192839335650205,0.0303532741963863,0.7772399187088013,0.0559104830026626,0.0770750865340232,Crime_Fiction
0.0116586200892925,0.9614207744598388,0.0083189625293016,0.0006648464477621,0.0087498538196086,0.006863416172564,0.0023234630934894,Crime_Fiction
0.0973642170429229,0.3258743286132812,0.0672853589057922,0.0240083187818527,0.3115686178207397,0.1640345156192779,0.0098646339029073,Crime_Fiction
0.3382506072521209,0.2609377205371856,0.1921925693750381,0.0101495450362563,0.1040650531649589,0.0815490335226059,0.0128555102273821,Crime_Fiction
0.2219638377428054,0.1926475167274475,0.0975227653980255,0.0058452417142689,0.4464128315448761,0.0152790062129497,0.0203288551419973,Crime_Fiction
0.0128608969971537,0.021220825612545,0.0089442199096083,0.06952366232872,0.8296859860420227,0.0341051891446113,0.0236592609435319,Crime_Fiction
