anger,disgust,fear,joy,neutral,sadness,surprise,genre
0.0356334671378135,0.1503929197788238,0.1744840145111084,0.036310639232397,0.5569814443588257,0.0267775785177946,0.0194199718534946,Domestic_Comedy
0.0626666545867919,0.0945322662591934,0.0359657108783721,0.0626947358250618,0.4658194482326507,0.2647314369678497,0.013589721173048,Domestic_Comedy
0.009743470698595,0.0569056048989295,0.0030239124316722,0.3209396004676819,0.5261369347572327,0.0628454536199569,0.0204049926251173,Domestic_Comedy
0.5748088955879211,0.0893749147653579,0.0127931414172053,0.0022832450922578,0.0227177515625953,0.295566588640213,0.0024554489646106,Domestic_Comedy
0.0221556033939123,0.05344108492136,0.1216610819101333,0.0039979317225515,0.0357586592435836,0.75941002368927,0.003575577866286,Domestic_Comedy
0.0081989225000143,0.0669993609189987,0.0010366109199821,0.4736630022525787,0.4329082071781158,0.0110206007957458,0.0061732572503387,Domestic_Comedy
0.0063966484740376,0.0077925790101289,0.0050519225187599,0.1102465167641639,0.8301928639411926,0.0199890565127134,0.0203304551541805,Domestic_Comedy
0.0144884558394551,0.0760021284222602,0.0111969821155071,0.0872079357504844,0.7747318744659424,0.0196227300912141,0.0167499165982007,Domestic_Comedy
0.1783016920089721,0.1402706205844879,0.0113006373867392,0.0096281990408897,0.5801630020141602,0.0701010972261428,0.0102347387000918,Domestic_Comedy
0.048659648746252,0.0249551553279161,0.0078962352126836,0.019035093486309,0.7400000095367432,0.1335697621107101,0.0258840769529342,Domestic_Comedy
0.136923998594284,0.0202064346522092,0.1536549180746078,0.0038044129032641,0.3773703575134277,0.2084437310695648,0.0995961055159568,Domestic_Comedy
0.0162812005728483,0.019347796216607,0.0010607453295961,0.3229381442070007,0.5490701198577881,0.0187546089291572,0.0725474134087562,Domestic_Comedy
0.0527377612888813,0.5029656291007996,0.0127482265233993,0.0134767740964889,0.2803258001804352,0.1343370378017425,0.0034086564555764,Domestic_Comedy
0.3006432950496673,0.0956018790602684,0.0081419562920928,0.0021310383453965,0.533436119556427,0.0331944748759269,0.0268512982875108,Domestic_Comedy
0.0304812546819448,0.0226796939969062,0.0219930354505777,0.0015814694343134,0.0495161972939968,0.8469886779785156,0.0267597008496522,Domestic_Comedy
0.0062190489843487,0.0056903553195297,0.0019332690862938,0.0135765485465526,0.9666710495948792,0.0024055703543126,0.0035042203962802,Domestic_Comedy
0.0020455778576433,0.0040376759134233,0.0008061546250246,0.9166079163551332,0.0548366978764534,0.0114140016958117,0.0102519318461418,Domestic_Comedy
0.0055006961338222,0.0039868713356554,0.0011950032785534,0.8482975959777832,0.0740685537457466,0.0370648019015789,0.0298864692449569,Domestic_Comedy
0.0016074039740487,0.0059199412353336,0.002288666088134,0.0098655950278043,0.082685112953186,0.8847925662994385,0.0128406714648008,Domestic_Comedy
0.0240814611315727,0.5801897644996643,0.018458966165781,0.0531548671424388,0.2913518249988556,0.0129454676061868,0.0198175366967916,Domestic_Comedy
