anger,disgust,fear,joy,neutral,sadness,surprise,genre
0.006761276628822,0.0333113372325897,0.0029253861866891,0.0111547131091356,0.8328692317008972,0.1079099476337432,0.0050681629218161,Comedy
0.3614512681961059,0.5248063802719116,0.0090323938056826,0.0045146401971578,0.091913141310215,0.0057230331003665,0.0025590644218027,Comedy
0.160528689622879,0.2114163339138031,0.0090947281569242,0.0061857867985963,0.572920024394989,0.0337067171931266,0.0061476272530853,Comedy
0.0184416677802801,0.0139151560142636,0.9382752776145936,0.0014645585324615,0.0177144687622785,0.0022032367996871,0.0079856477677822,Comedy
0.1296822428703308,0.7824059724807739,0.0472797118127346,0.0010932452278211,0.0206318628042936,0.0171923004090785,0.0017146476311609,Comedy
0.2752756178379059,0.2674243152141571,0.0246950965374708,0.0027628731913864,0.3982003033161163,0.0264819525182247,0.0051598832942545,Comedy
0.4164190590381622,0.4097277522087097,0.0039866352453827,0.0035306781064718,0.1322307884693145,0.0232224725186824,0.0108826206997036,Comedy
0.0805641636252403,0.1791709959506988,0.0241219643503427,0.0136720286682248,0.673692524433136,0.0230670217424631,0.0057113738730549,Comedy
0.0517083778977394,0.0395240746438503,0.004250026308,0.0203173886984586,0.8367821574211121,0.0416387766599655,0.0057792030274868,Comedy
0.0123323826119303,0.0045458241365849,0.0012676474871113,0.6692394614219666,0.2867559790611267,0.0072844354435801,0.0185742694884538,Comedy
