anger,disgust,fear,joy,neutral,sadness,surprise,genre
0.0223630461841821,0.0473203659057617,0.0416805148124694,0.0061577474698424,0.846221387386322,0.0053506176918745,0.0309063270688056,Short_Film
0.0170738883316516,0.1389316171407699,0.008347918279469,0.0021987764630466,0.7276453971862793,0.0926760956645011,0.0131263397634029,Short_Film
0.0322267189621925,0.0460243448615074,0.0553440973162651,0.0112629970535635,0.8028571605682373,0.0330563113093376,0.0192284062504768,Short_Film
0.0336345061659812,0.0132914362475276,0.0282971337437629,0.0074710799381136,0.8902156352996826,0.0066917147487401,0.0203984789550304,Short_Film
0.0118805691599845,0.0188069958239793,0.0440474301576614,0.0099041145294904,0.0493303351104259,0.0028530596755445,0.863177478313446,Short_Film
0.0761365070939064,0.0229023583233356,0.456945925951004,0.0033624034840613,0.02363364957273,0.0089563755318522,0.4080628156661987,Short_Film
0.0365076437592506,0.0612791217863559,0.014183098450303,0.0115004125982522,0.8318451046943665,0.0315061211585998,0.0131785236299037,Short_Film
0.1723813265562057,0.0681623518466949,0.1877783834934234,0.0052751977927982,0.5194644927978516,0.0108891278505325,0.036049049347639,Short_Film
0.0571140795946121,0.527214527130127,0.0722262486815452,0.0008697487646713,0.1939442902803421,0.1117738708853721,0.0368572138249874,Short_Film
0.942093312740326,0.0081434044986963,0.0155910328030586,0.0007693611551076,0.024810392409563,0.0030800446402281,0.0055124838836491,Short_Film
0.030686954036355,0.0487345121800899,0.0065322960726916,0.0088899312540888,0.8567046523094177,0.0330716148018837,0.0153800593689084,Short_Film
0.4203381836414337,0.4429345428943634,0.0177858546376228,0.0022319434210658,0.0939322486519813,0.0178618915379047,0.0049152844585478,Short_Film
0.036278910934925,0.0567309036850929,0.0141638210043311,0.0158905014395713,0.8351328372955322,0.0280447788536548,0.0137581815943121,Short_Film
0.03622742369771,0.1659079045057296,0.558840274810791,0.0047113178297877,0.1943951398134231,0.0164097510278224,0.0235080942511558,Short_Film
0.3760330080986023,0.1344824135303497,0.1174034252762794,0.0028829730581492,0.0866411030292511,0.2680802941322326,0.0144768459722399,Short_Film
0.018312906846404,0.0606233887374401,0.0025007207877933,0.0241758022457361,0.8775070905685425,0.013942627236247,0.0029374840669333,Short_Film
0.0353169031441211,0.0464240945875644,0.0147860273718833,0.0137149011716246,0.857699453830719,0.02170842140913,0.0103500830009579,Short_Film
0.0194648541510105,0.0307171512395143,0.0029752398841083,0.002217745874077,0.9349645972251892,0.0039073843508958,0.0057530319318175,Short_Film
0.4981330335140228,0.3184781968593597,0.0306096877902746,0.0013514857273548,0.102159097790718,0.039008256047964,0.0102602429687976,Short_Film
0.0567824430763721,0.1704121828079223,0.1250708699226379,0.0292435977607965,0.5301632285118103,0.0714730992913246,0.0168545339256525,Short_Film
0.1715316623449325,0.224677488207817,0.2773517668247223,0.0150752095505595,0.1973327249288559,0.1017467081546783,0.0122843906283378,Short_Film
0.0113891307264566,0.0262837447226047,0.032982911914587,0.0023621905129402,0.2646529972553253,0.6489480137825012,0.0133810741826891,Short_Film
0.1087606251239776,0.0592361502349376,0.1709423065185547,0.0038746581412851,0.3289873003959656,0.0253301728516817,0.3028687834739685,Short_Film
0.145209714770317,0.672166109085083,0.0147612988948822,0.0037342060822993,0.1485941857099533,0.0087593393400311,0.0067751677706837,Short_Film
0.066004104912281,0.1350585520267486,0.1082240268588066,0.0314388498663902,0.5600720643997192,0.068252108991146,0.0309502724558115,Short_Film
0.1083506718277931,0.4412690699100494,0.1795350611209869,0.0110730314627289,0.2184828370809555,0.0192285533994436,0.0220607742667198,Short_Film
0.0719759911298751,0.0966382697224617,0.3405284881591797,0.0041623697616159,0.436599850654602,0.0147568322718143,0.0353382192552089,Short_Film
0.1598237454891204,0.489370048046112,0.1035796999931335,0.0028980995994061,0.1534009575843811,0.0106363790109753,0.080291099846363,Short_Film
0.0676936507225036,0.0419609360396862,0.2071220129728317,0.0035876010078936,0.2297943234443664,0.1624307036399841,0.2874107360839844,Short_Film
0.0494888536632061,0.1064101085066795,0.0991852134466171,0.0159040261059999,0.6175790429115295,0.0775935724377632,0.0338392592966556,Short_Film
0.008264698088169,0.069432646036148,0.0148149384185671,0.2682908773422241,0.6135111451148987,0.0070906989276409,0.0185949467122554,Short_Film
0.0822163522243499,0.4226589202880859,0.0121189588680863,0.0093492595478892,0.413373202085495,0.0143196275457739,0.0459636487066745,Short_Film
