anger,disgust,fear,joy,neutral,sadness,surprise,genre
0.0038205329328775,0.0007807433139532,0.0017725774087011,0.7136963605880737,0.1232540756464004,0.038865178823471,0.1178105175495147,Black_comedy
0.4021481275558471,0.3186015784740448,0.0010495182359591,0.0133768739178776,0.243906632065773,0.0100457016378641,0.0108715808019042,Black_comedy
0.0257432870566844,0.0352813452482223,0.0842460766434669,0.0080541083589196,0.3230747580528259,0.5012950301170349,0.0223053395748138,Black_comedy
0.6542909741401672,0.0305844247341156,0.0044432482682168,0.0024203988723456,0.0465972945094108,0.2518067955970764,0.0098568657413125,Black_comedy
0.010893527418375,0.7127134203910828,0.0687083229422569,0.0100879371166229,0.1450611501932144,0.0085642486810684,0.0439713560044765,Black_comedy
0.1040660142898559,0.5999177694320679,0.02504438534379,0.0037819813005626,0.1958854347467422,0.0593253038823604,0.0119790947064757,Black_comedy
0.0214402433484792,0.0061307926662266,0.0012356416555121,0.1107778772711753,0.8101913928985596,0.0113462675362825,0.0388777218759059,Black_comedy
0.1977116763591766,0.0421658717095851,0.0065144691616296,0.0218911450356245,0.6995654106140137,0.011944955214858,0.0202064178884029,Black_comedy
0.0024293430615216,0.008186993189156,0.0175698157399892,0.0041182576678693,0.0635037422180175,0.8310077786445618,0.0731841102242469,Black_comedy
0.0072393007576465,0.0045689363032579,0.0008081806008704,0.865966260433197,0.09767647087574,0.0112294731661677,0.0125114619731903,Black_comedy
0.185951367020607,0.143611654639244,0.0034154730383306,0.0019066652748733,0.0209763664752244,0.6418479084968567,0.0022905606310814,Black_comedy
0.0716211348772049,0.0486096031963825,0.7147695422172546,0.0053369542583823,0.0834479928016662,0.0576311759650707,0.018583670258522,Black_comedy
0.3213584721088409,0.1151435002684593,0.0290775913745164,0.0016416640719398,0.1085295155644416,0.4180201590061188,0.0062291352078318,Black_comedy
0.021960861980915,0.0169160570949316,0.0054418952204287,0.0525551848113536,0.808064877986908,0.0231911875307559,0.0718699842691421,Black_comedy
