anger,disgust,fear,joy,neutral,sadness,surprise,genre
0.0112218419089913,0.3153444528579712,0.0086931735277175,0.5479992628097534,0.0196207091212272,0.0942242071032524,0.0028962935321033,Drama
0.0199612341821193,0.1383641213178634,0.0015650708228349,0.077123150229454,0.7114108204841614,0.0309795476496219,0.0205960199236869,Drama
0.0241699870675802,0.1359690427780151,0.007456820923835,0.2052344381809234,0.5583995580673218,0.0589890554547309,0.0097811371088027,Drama
0.0285466592758893,0.1146150752902031,0.1677952408790588,0.0035431354772299,0.4825962781906128,0.1586054563522339,0.0442981943488121,Drama
0.1878076344728469,0.6839985251426697,0.0427722744643688,0.0018878716509789,0.0104704620316624,0.0706470161676406,0.0024162270128726,Drama
0.0913345888257026,0.5221937298774719,0.1335219144821167,0.0012238624040037,0.1864256560802459,0.0615924261510372,0.0037078515160828,Drama
0.0044118650257587,0.990059733390808,0.0026738306041806,0.0002818626526277,0.0009684622636996,0.0011890124296769,0.0004152131441514,Drama
0.0207143072038888,0.0069419727660715,0.9238551259040833,0.0020351926796138,0.0370353199541568,0.0048415982164442,0.0045763961970806,Drama
0.0520559325814247,0.2364528924226761,0.0852286666631698,0.0049222283996641,0.3762772977352142,0.2062996625900268,0.0387633703649044,Drama
0.6045784950256348,0.3317978680133819,0.0192083176225423,0.0015006732428446,0.0244121700525283,0.013134648092091,0.0053678276017308,Drama
0.0744306594133377,0.1215443909168243,0.0060359202325344,0.0050693019293248,0.4594571590423584,0.0647533759474754,0.2687091827392578,Drama
0.0353604666888713,0.0073379455134272,0.8119515776634216,0.001226196065545,0.0094850370660424,0.1322749555110931,0.0023638624697923,Drama
0.1621814221143722,0.0814823359251022,0.0288359746336936,0.0131241912022233,0.4022647142410278,0.3075836896896362,0.0045277029275894,Drama
0.1227845177054405,0.8086894154548645,0.0184284280985593,0.0015518338186666,0.0222642961889505,0.0254568066447973,0.0008246357319876,Drama
0.0476633459329605,0.4389364421367645,0.0108511429280042,0.0100339921191334,0.2628206014633178,0.2263469994068145,0.0033474320080131,Drama
0.7533640265464783,0.1670639216899871,0.0224536787718534,0.0007638824754394,0.0185878742486238,0.0322355218231678,0.0055311326868832,Drama
0.081292025744915,0.0181489698588848,0.8670424818992615,0.0009040464065037,0.0187031496316194,0.0117109678685665,0.0021984393242746,Drama
0.528191089630127,0.0436504110693931,0.3273160755634308,0.0070516699925065,0.0686648115515708,0.023004662245512,0.0021212587598711,Drama
0.0166414640843868,0.0386280305683612,0.0268392097204923,0.000888586975634,0.0306123197078704,0.8716259002685547,0.0147645603865385,Drama
0.0455136485397815,0.1240285262465477,0.0014449392911046,0.0308386739343404,0.3627829551696777,0.4252899289131164,0.0101012988016009,Drama
0.0073725115507841,0.9101775884628296,0.0221180506050586,0.0033353944309055,0.0443848185241222,0.0103438235819339,0.0022677918896079,Drama
0.0094712376594543,0.0918982997536659,0.0061431219801306,0.0971011668443679,0.733608067035675,0.0508576892316341,0.0109203858301043,Drama
0.0057758651673793,0.0416795946657657,0.0209498386830091,0.0340143181383609,0.8171890377998352,0.0075900927186012,0.072801262140274,Drama
0.0127163985744118,0.0263656359165906,0.5427336096763611,0.0052601806819438,0.2433270066976547,0.0096430229023098,0.159954160451889,Drama
