anger,disgust,fear,joy,neutral,sadness,surprise,genre
0.0403658114373683,0.1030138358473777,0.0087469695135951,0.0691633448004722,0.3905481100082397,0.335522711277008,0.0526392646133899,Romance_Film
0.1193346381187439,0.5297282338142395,0.0097858374938368,0.0021241195499897,0.2109701782464981,0.124434545636177,0.0036224334035068,Romance_Film
0.0223101694136858,0.1243832632899284,0.0020261518657207,0.4901298582553863,0.3398005068302154,0.0176543444395065,0.0036957007832825,Romance_Film
0.0123597653582692,0.1120813637971878,0.007057508919388,0.1342611163854599,0.6824089884757996,0.0409633815288543,0.0108678741380572,Romance_Film
0.2505366206169128,0.1677486598491668,0.0116816507652401,0.0037444175686687,0.2434159368276596,0.3092101216316223,0.0136626828461885,Romance_Film
0.1312119215726852,0.0268967878073453,0.041367445141077,0.0054446989670395,0.3522530198097229,0.4085684418678283,0.0342576056718826,Romance_Film
0.7864692807197571,0.1191737130284309,0.0338915064930915,0.0016018723836168,0.0490382462739944,0.0065556266345083,0.0032698079012334,Romance_Film
0.0681058019399643,0.0416102260351181,0.0154297957196831,0.2184755206108093,0.598868727684021,0.0198041927069425,0.0377057380974292,Romance_Film
0.0828201472759246,0.4954907596111297,0.0208753738552331,0.0071025067009031,0.2450741380453109,0.0150459967553615,0.1335910856723785,Romance_Film
0.0034581057261675,0.0064448285847902,0.0004344247863627,0.934806764125824,0.0423586815595626,0.0061876871623098,0.0063094338402152,Romance_Film
