anger,disgust,fear,joy,neutral,sadness,surprise,genre
0.0083318939432501,0.0139414705336093,0.0016193324699997,0.0071489941328763,0.0516369268298149,0.913213074207306,0.0041082948446273,Comedy
0.1158419996500015,0.6840003728866577,0.0257535371929407,0.0025991848669946,0.0938567072153091,0.0724963024258613,0.0054518543183803,Comedy
0.0040195658802986,0.0063124932348728,0.0017939652316272,0.0058003566227853,0.0208028852939605,0.9541527032852172,0.0071181273087859,Comedy
0.0260724909603595,0.2305024862289428,0.0452785603702068,0.0024363878183066,0.5920121073722839,0.0970731899142265,0.0066247466020286,Comedy
0.0362534746527671,0.2098419666290283,0.0036627384833991,0.0680132657289505,0.6370545625686646,0.0241049546748399,0.0210690796375274,Comedy
0.0169378519058227,0.0399452075362205,0.0072964346036314,0.2789471447467804,0.593929648399353,0.0090791657567024,0.0538645200431346,Comedy
0.1654800176620483,0.1217126175761222,0.0067887566983699,0.0049869227223098,0.0586605370044708,0.6379399299621582,0.0044311778619885,Comedy
0.3240651786327362,0.278744488954544,0.0300967525690794,0.0035604699514806,0.1179942488670349,0.1990074515342712,0.0465313792228698,Comedy
0.1476189345121383,0.071002297103405,0.0556873865425586,0.0020124460570514,0.0301098115742206,0.6633645296096802,0.0302046220749616,Comedy
0.6358265280723572,0.0354022569954395,0.0363039411604404,0.0072228582575917,0.1764801144599914,0.1063301488757133,0.002434266032651,Comedy
0.1162034943699836,0.0419528149068355,0.1594185978174209,0.0032448591664433,0.5775015950202942,0.0760910436511039,0.0255875363945961,Comedy
0.5411120653152466,0.1782407611608505,0.0131447156891226,0.0019888344686478,0.2341664731502533,0.0281630512326955,0.0031840717419981,Comedy
0.0225481372326612,0.013793159276247,0.0452575236558914,0.0911193937063217,0.6454594731330872,0.0464201010763645,0.1354022473096847,Comedy
0.0128681873902678,0.0282979812473058,0.0238538980484008,0.0586257614195346,0.8158838152885437,0.007954703643918,0.0525156371295452,Comedy
0.3312653601169586,0.2586998641490936,0.0095339128747582,0.0059060347266495,0.1238957643508911,0.262058824300766,0.0086402418091893,Comedy
0.0441282913088798,0.2909893095493316,0.0291691422462463,0.0032657294068485,0.2569306790828705,0.2705826461315155,0.1049341931939125,Comedy
0.2039458304643631,0.3300310671329498,0.0074609229341149,0.0070093995891511,0.4209010303020477,0.0212039537727832,0.0094477273523807,Comedy
0.0906988084316253,0.0551831796765327,0.0697711706161499,0.0023395146708935,0.1467440128326416,0.6153404116630554,0.0199229717254638,Comedy
0.9730890989303588,0.0062414240092039,0.0036200291942805,0.0006335251964628,0.0103792594745755,0.0035775199066847,0.0024592587724328,Comedy
0.1473549306392669,0.4329210817813873,0.0122456904500722,0.0064148437231779,0.3657699525356293,0.0196960140019655,0.0155975362285971,Comedy
0.0444942153990268,0.1984933316707611,0.0070156268775463,0.0955204665660858,0.6268643140792847,0.0140621177852153,0.0135499173775315,Comedy
0.0095896618440747,0.0144852297380566,0.0028267526067793,0.0240858010947704,0.2078869789838791,0.00303321541287,0.7380923628807068,Comedy
0.0510290935635566,0.2441095560789108,0.0029930227901786,0.1604419350624084,0.4424781203269958,0.0836519300937652,0.0152964061126112,Comedy
0.017764264717698,0.0057571912184357,0.0073203211650252,0.0168561991304159,0.9239299893379213,0.0130759067833423,0.0152960773557424,Comedy
0.9728209972381592,0.0071722897700965,0.0044275526888668,0.0006605851231142,0.0096132904291152,0.0029842576477676,0.0023211045190691,Comedy
0.0729675590991973,0.0267916973680257,0.02675661444664,0.002774680731818,0.2431737631559372,0.5885831117630005,0.0389525741338729,Comedy
0.1027962043881416,0.0111272586509585,0.0119380429387092,0.0182235967367887,0.830508291721344,0.0150561472401022,0.0103504098951816,Comedy
0.1995854824781417,0.1173037216067314,0.011953379958868,0.0031733384821563,0.1243501007556915,0.5368117094039917,0.0068222628906369,Comedy
0.0190653577446937,0.0615093745291233,0.0033014765940606,0.011489207856357,0.1762134730815887,0.7237223386764526,0.0046987812966108,Comedy
0.0398586429655551,0.0199407264590263,0.0097212474793195,0.0017307262169197,0.057592149823904,0.8470416069030762,0.0241149105131626,Comedy
0.3569279909133911,0.2877808809280395,0.0145486397668719,0.0027140225283801,0.1405122578144073,0.1681990176439285,0.0293171890079975,Comedy
0.5322062969207764,0.1772050708532333,0.028128508478403,0.0057112071663141,0.2110122889280319,0.0433818139135837,0.0023547927848994,Comedy
0.0073620807379484,0.0052161221392452,0.0015340088866651,0.4165490865707397,0.4469492435455322,0.021177988499403,0.1012114360928535,Comedy
0.0231336150318384,0.0315530896186828,0.0196748822927474,0.0027567707002162,0.1182003542780876,0.7273250818252563,0.0773561671376228,Comedy
0.0044219675473868,0.0015055214753374,0.0012717308709397,0.0020994620863348,0.0072777899913489,0.0014652316458523,0.9819583296775818,Comedy
