anger,disgust,fear,joy,neutral,sadness,surprise,genre
0.0087408339604735,0.0058389483019709,0.0038419726770371,0.0204842686653137,0.8756135106086731,0.040437251329422,0.0450430922210216,Drama
0.019889160990715,0.2093351632356643,0.0047035566531121,0.0063066417351365,0.4066324830055237,0.2875535786151886,0.0655794367194175,Drama
0.2859827876091003,0.3982846736907959,0.0134720290079712,0.0054675792343914,0.2395299673080444,0.0518339499831199,0.0054290206171572,Drama
0.002490397542715,0.006932339631021,0.938130795955658,0.0011472112964838,0.0392158068716526,0.0043642944656312,0.0077191377058625,Drama
0.0201733466237783,0.1719482541084289,0.049546293914318,0.2280109077692031,0.485229343175888,0.0065138163045048,0.038578025996685,Drama
0.0049145813100039,0.0487012006342411,0.0057859648950397,0.0142378974705934,0.8344325423240662,0.082471065223217,0.0094568328931927,Drama
0.0514516569674015,0.518526554107666,0.0135600641369819,0.0063686608336865,0.3816934525966644,0.0214135758578777,0.0069859535433351,Drama
0.0143266106024384,0.0589814558625221,0.0053761210292577,0.1765726059675216,0.7159659266471863,0.0227374471724033,0.0060398988425731,Drama
0.5768595933914185,0.2529214024543762,0.00463059078902,0.0042819166556,0.1465248465538025,0.012138295918703,0.0026434254832565,Drama
0.3363122940063476,0.1731239557266235,0.0054670693352818,0.0022038826718926,0.0276922360062599,0.4521332085132599,0.0030673097353428,Drama
0.0311344265937805,0.8615154027938843,0.0097443275153636,0.0034631271846592,0.0858419016003608,0.005005138926208,0.0032957126386463,Drama
0.0281187891960144,0.2564114034175873,0.0122876334935426,0.0269137192517519,0.57281094789505,0.0938697606325149,0.0095878122374415,Drama
0.0127058802172541,0.4244676828384399,0.0501304380595684,0.2567782998085022,0.2197302281856537,0.0189322289079427,0.0172552298754453,Drama
0.0067988852970302,0.0049614310264587,0.0025219339877367,0.0024564822670072,0.0271484497934579,0.0023258051369339,0.9537869691848756,Drama
0.0059732543304562,0.0127820847555994,0.8738644123077393,0.005955995991826,0.0926895886659622,0.0029856674373149,0.0057489490136504,Drama
0.4027093052864074,0.1883192211389541,0.0510178692638874,0.0017606727778911,0.2424327582120895,0.1074166148900985,0.0063436017371714,Drama
0.0352997072041034,0.3052490055561065,0.0020767215173691,0.2821678817272186,0.3594040870666504,0.0078978016972541,0.007904764264822,Drama
0.0238879956305027,0.1449789106845855,0.040494181215763,0.0108432760462164,0.6988891363143921,0.0684572085738182,0.0124493278563022,Drama
0.0027054299134761,0.0061399303376674,0.0097003141418099,0.0024591840337961,0.0607135891914367,0.8774552345275879,0.0408262759447097,Drama
0.0172619149088859,0.8901457190513611,0.0049827569164335,0.001456958358176,0.0317051820456981,0.0475250110030174,0.0069224433973431,Drama
0.0827173814177513,0.0398552939295768,0.035941582173109,0.0290752109140157,0.4774591028690338,0.2192196398973465,0.11573176831007,Drama
0.422216922044754,0.0027261616196483,0.5585101246833801,0.0012553265551105,0.0065964711830019,0.0036309061106294,0.005064089782536,Drama
0.0156338196247816,0.0362928993999958,0.0026555496733635,0.0743187814950943,0.8107049465179443,0.0404746159911155,0.0199193730950355,Drama
0.3769009113311767,0.0091996006667613,0.187613844871521,0.0352362692356109,0.0766314640641212,0.0049260999076068,0.3094917833805084,Drama
0.0117824776098132,0.1866458654403686,0.0038906601257622,0.0571656301617622,0.7240745425224304,0.0091862753033638,0.007254505995661,Drama
0.0066773938015103,0.0142710590735077,0.0140610253438353,0.0060416078194975,0.7837316989898682,0.0079037025570869,0.1673134863376617,Drama
