anger,disgust,fear,joy,neutral,sadness,surprise,genre
0.0015609320253133,0.0015039606951177,0.0023474805057048,0.0018065582262352,0.00236661080271,0.9891107678413392,0.001303675933741,Existentialism
0.0037790262140333,0.8982152938842773,0.0505275391042232,0.0011982548749074,0.0253992639482021,0.0150704691186547,0.0058099864982068,Existentialism
0.0210992954671382,0.0117286741733551,0.1367633193731308,0.0532385222613811,0.7220302224159241,0.0431759692728519,0.0119638973847031,Existentialism
0.0320601165294647,0.0180886220186948,0.0020406057592481,0.0806381255388259,0.8477068543434143,0.0081078745424747,0.0113577619194984,Existentialism
0.0103602325543761,0.0322262309491634,0.0115343751385807,0.0050029647536575,0.8973909020423889,0.03064876049757,0.0128364786505699,Existentialism
0.0144916428253054,0.0054807187989354,0.0381967350840568,0.0232703685760498,0.8861910104751587,0.0069553218781948,0.0254142899066209,Existentialism
0.0051546311005949,0.0398858450353145,0.0074018789455294,0.0095237446948885,0.9218493700027466,0.0040999888442456,0.0120844393968582,Existentialism
0.0087945330888032,0.0125447884202003,0.816041886806488,0.00448475824669,0.133037731051445,0.0114699155092239,0.0136264953762292,Existentialism
0.006641284096986,0.9647768139839172,0.0115806283429265,0.0012760984245687,0.0110904099419713,0.002508784411475,0.002125866478309,Existentialism
0.0096984272822737,0.1343965828418731,0.0207786858081817,0.0112689333036541,0.7761632204055786,0.0063420552760362,0.0413521192967891,Existentialism
0.4251351952552795,0.4988532662391662,0.0030325804837048,0.001855888753198,0.0337526611983776,0.0358305908739566,0.0015398348914459,Existentialism
0.0209402702748775,0.0055123358033597,0.0026117330417037,0.0375466458499431,0.79793381690979,0.017454395070672,0.1180008351802825,Existentialism
0.1242525056004524,0.4366772770881653,0.0241611767560243,0.0040510199032723,0.339224249124527,0.0392424687743186,0.0323912799358367,Existentialism
0.0223958566784858,0.9646049737930298,0.0034304028376936,0.0003616464673541,0.0034991689026355,0.0051751243881881,0.0005328855477273,Existentialism
0.0706158652901649,0.3983959257602691,0.3780610859394073,0.0021361529361456,0.0869694128632545,0.0437115132808685,0.0201100409030914,Existentialism
0.0519145503640174,0.8630952835083008,0.0239182487130165,0.0045460765250027,0.0300037823617458,0.0256122443825006,0.0009097047732211,Existentialism
0.0341358892619609,0.2618257999420166,0.0040459460578858,0.0055919950827956,0.6743549108505249,0.0083433119580149,0.0117022302001714,Existentialism
0.0352617911994457,0.0702027305960655,0.0052629197016358,0.0370732061564922,0.8345848917961121,0.0096739828586578,0.0079405568540096,Existentialism
0.0155268963426351,0.0603672377765178,0.0037539363838732,0.5491665005683899,0.3061953485012054,0.0497006177902221,0.0152895124629139,Existentialism
0.008073553442955,0.0128894280642271,0.0061581502668559,0.4530070424079895,0.4798742532730102,0.0049732341431081,0.0350243262946605,Existentialism
0.0065282653085887,0.0231959223747253,0.0044832378625869,0.3816068470478058,0.5473974347114563,0.0069449306465685,0.0298433229327201,Existentialism
0.1201052889227867,0.0286965277045965,0.054825909435749,0.0091893728822469,0.7310013175010681,0.0374061316251754,0.0187754668295383,Existentialism
0.1648889631032943,0.1846749633550644,0.0916239842772483,0.0032322751358151,0.1162697300314903,0.3738678693771362,0.0654422268271446,Existentialism
0.0198195222765207,0.5309688448905945,0.4185259938240051,0.0036329922731965,0.013339826837182,0.0027972166426479,0.0109156873077154,Existentialism
0.0426215641200542,0.2407100051641464,0.1106440126895904,0.016143187880516,0.5438939332962036,0.0266582630574703,0.0193289350718259,Existentialism
0.0066312295384705,0.0174736250191926,0.000723430654034,0.7185731530189514,0.2399556934833526,0.0061362632550299,0.0105064967647194,Existentialism
0.0192251503467559,0.012405764311552,0.0053761722519993,0.0134493950754404,0.8934114575386047,0.0086417347192764,0.0474902801215648,Existentialism
0.0428917855024337,0.0601596124470233,0.0497266724705696,0.0734479129314422,0.6255658864974976,0.0491980537772178,0.0990100502967834,Existentialism
0.035209372639656,0.0409918650984764,0.0243214443325996,0.0106920097023248,0.752638578414917,0.1114849895238876,0.0246617626398801,Existentialism
0.0056200907565653,0.1933226287364959,0.0154479444026947,0.017738252878189,0.0624472685158252,0.6986026763916016,0.0068211443722248,Existentialism
0.0313809998333454,0.2052181661128997,0.0076922322623431,0.0144265173003077,0.3812235295772552,0.3544700443744659,0.0055884928442537,Existentialism
0.0028210105374455,0.0036636732984334,0.0013605208368971,0.6214953660964966,0.3308871686458587,0.0178499594330787,0.021922281011939,Existentialism
0.2728728353977203,0.0716525688767433,0.0627320259809494,0.0026738019660115,0.5715423226356506,0.0095760365948081,0.008950394578278,Existentialism
