anger,disgust,fear,joy,neutral,sadness,surprise,genre
0.025719054043293,0.0101344073191285,0.1040854752063751,0.0164094064384698,0.2121193706989288,0.5518792867660522,0.0796529799699783,Fantasy
0.3240381777286529,0.6386194825172424,0.0203115288168191,0.0006874690297991,0.0066762370988726,0.0078302323818206,0.0018369607860222,Fantasy
0.0068593313917517,0.0129129756242036,0.0091233430430293,0.0057606194168329,0.9512759447097778,0.0035380371846258,0.0105297891423106,Fantasy
0.0083025870844721,0.0406759195029735,0.0204701870679855,0.0090830978006124,0.822734534740448,0.0503435656428337,0.0483901500701904,Fantasy
0.0523510836064815,0.0342263504862785,0.0065209357999265,0.4546336233615875,0.3394024670124054,0.0342365056276321,0.078629046678543,Fantasy
0.0108452821150422,0.9577561616897584,0.0026305862702429,0.0064559201709926,0.0170524753630161,0.0041932165622711,0.0010662315180525,Fantasy
0.3825557231903076,0.1628156304359436,0.2583453953266144,0.0020956336520612,0.1526512652635574,0.0165779404342174,0.0249583646655082,Fantasy
0.1992075890302658,0.062951385974884,0.6280387043952942,0.003321828553453,0.0850026905536651,0.0131166838109493,0.0083610964938998,Fantasy
0.1136638149619102,0.0366874262690544,0.37149778008461,0.004305703099817,0.1086448058485984,0.3350669741630554,0.0301335081458091,Fantasy
0.0182537045329809,0.0291090887039899,0.0186695661395788,0.0348436832427978,0.6526836156845093,0.2322154641151428,0.0142248794436454,Fantasy
0.0367800667881965,0.0393848344683647,0.8633781671524048,0.0025346330367028,0.033888179808855,0.0025591161102056,0.0214750170707702,Fantasy
0.0686734989285469,0.0676350742578506,0.0132745467126369,0.0015359511598944,0.0623963139951229,0.7787162661552429,0.007768269162625,Fantasy
0.10385013371706,0.3563086986541748,0.0405037216842174,0.0015140997711569,0.1575777679681778,0.3272732496261596,0.0129723157733678,Fantasy
0.0278830118477344,0.041056141257286,0.005946755874902,0.0260314382612705,0.8783503770828247,0.016654185950756,0.0040781344287097,Fantasy
0.0114072961732745,0.9757214188575744,0.0039209625683724,0.0002917533856816,0.0045309420675039,0.0032308786176145,0.0008967459434643,Fantasy
0.6098563075065613,0.1146121025085449,0.2155445963144302,0.0015165560180321,0.0179191306233406,0.0194613561034202,0.0210898928344249,Fantasy
0.0366480909287929,0.0209576450288295,0.0357811115682125,0.0011707308003678,0.0374413318932056,0.8593219518661499,0.0086791366338729,Fantasy
0.0056369956582784,0.0031769983470439,0.0110363587737083,0.0357123017311096,0.8685600757598877,0.0129252187907695,0.0629519894719123,Fantasy
0.0120200775563716,0.0211015902459621,0.388692557811737,0.0042727421969175,0.5263417363166809,0.0416429117321968,0.0059283510781824,Fantasy
0.0659047439694404,0.137038379907608,0.7451256513595581,0.0056984764523804,0.0256725531071424,0.0081921545788645,0.0123681081458926,Fantasy
0.0062789591029286,0.0009186115930788,0.9869837760925292,0.0006531706312671,0.00186383491382,0.0014027974102646,0.0018988599767908,Fantasy
0.0106266159564256,0.0216762237250804,0.1687109917402267,0.1310182809829712,0.6153736710548401,0.032996654510498,0.0195975452661514,Fantasy
0.0043705417774617,0.0013183777919039,0.9796432852745056,0.0010472292779013,0.0070980042219161,0.0030772488098591,0.0034452986437827,Fantasy
0.0887506753206253,0.0632476210594177,0.2141304016113281,0.0029758419841527,0.1299381852149963,0.4306356310844421,0.0703216791152954,Fantasy
0.0146060613915324,0.0112793557345867,0.7583608627319336,0.00392746925354,0.1730282455682754,0.0201669298112392,0.018630988895893,Fantasy
0.0165418125689029,0.0148556772619485,0.0157493259757757,0.0037129328120499,0.935743808746338,0.0076600802130997,0.0057364148087799,Fantasy
0.8589817881584167,0.0513007529079914,0.0267805457115173,0.001279646414332,0.0401362404227256,0.019447011873126,0.0020740129984915,Fantasy
0.0053134993650019,0.0208606868982315,0.0066975592635571,0.0012847568141296,0.0367758683860302,0.9209689497947692,0.0080985883250832,Fantasy
0.6711318492889404,0.2330953776836395,0.0137724056839942,0.0016915664309635,0.0563802160322666,0.0147324316203594,0.0091962069272995,Fantasy
0.0193555280566215,0.04113494977355,0.1370241194963455,0.0033210813999176,0.3538004457950592,0.0103183621540665,0.4350455403327942,Fantasy
0.0191119313240051,0.0113892154768109,0.0293799601495265,0.0259760841727256,0.8763608932495117,0.0064777587540447,0.0313040986657142,Fantasy
0.5631147027015686,0.0550424382090568,0.1275004744529724,0.0021822950802743,0.0847101137042045,0.1459451913833618,0.0215048287063837,Fantasy
0.0064021307043731,0.0186240263283252,0.0568876266479492,0.0054982067085802,0.1994980573654174,0.6930614113807678,0.020028468221426,Fantasy
0.0052821151912212,0.0035435196477919,0.0032761527691036,0.0392721556127071,0.8707100749015808,0.0055762995034456,0.0723396316170692,Fantasy
0.7118263840675354,0.0841182321310043,0.0587600730359554,0.0053863837383687,0.1102690249681472,0.0281506739556789,0.0014891803730279,Fantasy
0.0217558145523071,0.0081966584548354,0.0126076489686965,0.0073305764235556,0.9374099373817444,0.0041828555986285,0.0085165910422801,Fantasy
0.0138187007978558,0.013138422742486,0.7042249441146851,0.0149284778162837,0.1192398443818092,0.0103740971535444,0.1242754980921745,Fantasy
0.0379019938409328,0.0475710108876228,0.0957965105772018,0.0075230053626,0.712934672832489,0.0068294759839773,0.0914433076977729,Fantasy
