anger,disgust,fear,joy,neutral,sadness,surprise,genre
0.0671707689762115,0.0345171205699443,0.0607195571064949,0.0013409761013463,0.007418739143759,0.8166180849075317,0.0122146541252732,Thriller
0.0645995363593101,0.0455474182963371,0.0102566909044981,0.0011697395239025,0.0131019605323672,0.8598160743713379,0.0055086081847548,Thriller
0.0025342679582536,0.0060104429721832,0.956874430179596,0.0013030919944867,0.0141924936324357,0.0117534631863236,0.00733173917979,Thriller
0.0073353988118469,0.0017063576960936,0.0011003570398315,0.9283949136734008,0.0384797118604183,0.0065265907905995,0.0164566785097122,Thriller
0.001356337335892,0.0022725493181496,0.94558447599411,0.0082315895706415,0.0158583503216505,0.0208944529294967,0.005802247673273,Thriller
0.0240856986492872,0.0662027895450592,0.0102311102673411,0.0145985716953873,0.8640612363815308,0.0140575496479868,0.0067630177363753,Thriller
0.0137644205242395,0.6823221445083618,0.0184457097202539,0.0018243045778945,0.1853683292865753,0.0507087185978889,0.0475663989782333,Thriller
0.0109834941104054,0.0234859976917505,0.005102242808789,0.0101031586527824,0.924888551235199,0.015061710961163,0.0103747798129916,Thriller
0.0845193713903427,0.0535813868045806,0.7628068923950195,0.0014592834049835,0.0087789315730333,0.0752342119812965,0.0136199044063687,Thriller
0.0752358213067054,0.5731282830238342,0.0184845626354217,0.0179590377956628,0.2989169359207153,0.0095742028206586,0.0067012053914368,Thriller
0.2338915914297104,0.282608687877655,0.2842022776603699,0.0054837833158671,0.145265057682991,0.0425250083208084,0.0060235909186303,Thriller
0.0592571981251239,0.0283898655325174,0.8897901773452759,0.0010579965310171,0.0062335208058357,0.0098855383694171,0.005385810509324,Thriller
0.26223024725914,0.038491565734148,0.0327613167464733,0.0015857617836445,0.0643083155155181,0.5246999263763428,0.0759228393435478,Thriller
0.0013296421384438,0.0007221561972983,0.9928215146064758,0.0008975820383056,0.0015975277638062,0.0010076302569359,0.0016239036340266,Thriller
0.0377910919487476,0.0331920012831687,0.7363764643669128,0.0026884665712714,0.0379261411726474,0.1057569235563278,0.0462688766419887,Thriller
0.313218355178833,0.3785840570926666,0.0870729759335517,0.0044762836769223,0.1183031722903251,0.0764713212847709,0.021873902529478,Thriller
0.0454407185316085,0.0523971393704414,0.0388462245464324,0.0102815628051757,0.6741556525230408,0.1746542453765869,0.0042243981733918,Thriller
0.0824999585747718,0.026575868949294,0.7710995674133301,0.0041587483137845,0.0651018843054771,0.0191289838403463,0.0314349569380283,Thriller
0.0281100012362003,0.3414040803909302,0.1862704306840896,0.0024758977815508,0.2600618302822113,0.113513059914112,0.0681646764278411,Thriller
0.1099633499979972,0.2218430042266845,0.527259349822998,0.0066406279802322,0.0973721295595169,0.0240978505462408,0.0128237232565879,Thriller
0.0046344655565917,0.0025106135290116,0.9689719080924988,0.0017228918150067,0.0151579352095723,0.0027499110437929,0.0042521595023572,Thriller
0.151036188006401,0.0210214853286743,0.0273458380252122,0.0844327956438064,0.6514026522636414,0.0469551086425781,0.0178058687597513,Thriller
