anger,disgust,fear,joy,neutral,sadness,surprise,genre
0.0128623517230153,0.0558715276420116,0.8129350543022156,0.0074333334341645,0.0110762678086757,0.0977551341056823,0.0020662567112594,Indie
0.0123040722683072,0.0308048129081726,0.0438386388123035,0.0119449729099869,0.7491666674613953,0.1455097943544387,0.0064309989102184,Indie
0.1469522565603256,0.1606148928403854,0.077848881483078,0.0128550147637724,0.4638051986694336,0.0151850804686546,0.1227387115359306,Indie
0.0734540224075317,0.1282721608877182,0.2057109624147415,0.0016638000961393,0.2755683660507202,0.2932610511779785,0.0220696199685335,Indie
0.0275926422327756,0.4985172152519226,0.2818194031715393,0.0024434076622128,0.1641677320003509,0.0124433152377605,0.0130161736160516,Indie
0.2326754778623581,0.5118532776832581,0.0992435589432716,0.0020389040000736,0.0280933156609535,0.1133097484707832,0.0127856917679309,Indie
0.0066729434765875,0.0090797636657953,0.0016595226479694,0.1028889566659927,0.8468842506408691,0.0043410304933786,0.0284736081957817,Indie
0.0054465639404952,0.0028591824229806,0.001541344099678,0.1920969933271408,0.6504004001617432,0.0209042262285947,0.1267513334751129,Indie
0.035794585943222,0.1340196430683136,0.0051844199188053,0.0032963403500616,0.2366686314344406,0.5621839165687561,0.0228524412959814,Indie
0.0126522853970527,0.955832839012146,0.0054395454935729,0.0015740324743092,0.0135837364941835,0.0097526228055357,0.0011650036321952,Indie
0.2053192853927612,0.2815019488334656,0.0474400967359542,0.0044706873595714,0.4034914374351501,0.0478111468255519,0.0099654020741581,Indie
0.0648449435830116,0.0170625280588865,0.0258814562112092,0.0155444638803601,0.2163892984390258,0.0072937742806971,0.652983546257019,Indie
0.0453110337257385,0.0939152315258979,0.6059775948524475,0.0032770568504929,0.171461209654808,0.0494448207318782,0.0306129977107048,Indie
0.6086915135383606,0.1885641813278198,0.1254632771015167,0.0027944683097302,0.0521649979054927,0.0059677860699594,0.016353728249669,Indie
0.1261513978242874,0.0759174600243568,0.3061715960502624,0.0083137061446905,0.1282150149345398,0.0101324068382382,0.345098465681076,Indie
0.0067312377505004,0.0013034882722422,0.9721788167953492,0.0012805819278582,0.0123400436714291,0.0027919791173189,0.0033738715574145,Indie
0.0377408042550087,0.8444740176200867,0.009824726730585,0.0025550941936671,0.0656810849905014,0.0342674180865287,0.005456952843815,Indie
0.6780888438224792,0.0478212237358093,0.1109669432044029,0.0020422067027539,0.0772171318531036,0.0693753957748413,0.0144882537424564,Indie
0.1010875925421714,0.0664526969194412,0.0757674500346183,0.0018405832815915,0.1556926965713501,0.5830495357513428,0.0161094162613153,Indie
0.0085000228136777,0.0112831834703683,0.3093164265155792,0.0080479402095079,0.4476487934589386,0.0609386004507541,0.1542650610208511,Indie
0.0461203157901763,0.0265925880521535,0.0560628995299339,0.0133355492725968,0.4750351011753082,0.1999890655279159,0.1828644573688507,Indie
0.0188031215220689,0.0084681287407875,0.0055285580456256,0.057589016854763,0.8814787864685059,0.0091222915798425,0.019010117277503,Indie
0.0056756483390927,0.0106059396639466,0.0029755090363323,0.1258257329463958,0.7168040871620178,0.0384134948253631,0.0996995270252227,Indie
0.021221499890089,0.0100444890558719,0.1899502426385879,0.0333362072706222,0.5540651679039001,0.0072450549341738,0.1841372698545456,Indie
0.0443937294185161,0.2648075520992279,0.1825032979249954,0.0016176119679585,0.2169719934463501,0.253748744726181,0.0359570793807506,Indie
0.0027589271776378,0.0021732442546635,0.0028766859322786,0.0012594192521646,0.0049295332282781,0.0046493560075759,0.9813528656959534,Indie
0.7468088865280151,0.1325178295373916,0.0088953748345375,0.0029261328745633,0.0818633511662483,0.0224669743329286,0.0045215194113552,Indie
0.0053106183186173,0.0024559467565268,0.0037307809107005,0.001383003196679,0.0084631573408842,0.0013674665242433,0.9772890210151672,Indie
0.0145383551716804,0.0096481395885348,0.6656947135925293,0.0030157249420881,0.2357161939144134,0.0511542111635208,0.0202326588332653,Indie
0.0200551375746727,0.0579472705721855,0.0133667588233947,0.0031763522420078,0.1016418561339378,0.7485875487327576,0.0552250295877456,Indie
0.0167673677206039,0.0573087446391582,0.0170614067465066,0.0153046445921063,0.8367400765419006,0.0347361825406551,0.0220816694200038,Indie
0.0165158547461032,0.0386212281882762,0.0119271893054246,0.161577895283699,0.129385232925415,0.6181029081344604,0.0238696467131376,Indie
0.0202581696212291,0.0666308552026748,0.0082067446783185,0.0020959903486073,0.0737948715686798,0.7919167876243591,0.0370966382324695,Indie
0.2206372320652008,0.2927143275737762,0.0352974943816661,0.0027565113268792,0.194744661450386,0.2287120223045349,0.025137759745121,Indie
0.0534966848790645,0.245893970131874,0.1024409085512161,0.0020426877308636,0.3060824871063232,0.1974332183599472,0.0926100686192512,Indie
0.3314470052719116,0.5372666716575623,0.0576534308493137,0.0012345954310148,0.0247300639748573,0.029341896995902,0.0183264184743165,Indie
0.0158940460532903,0.0580818019807338,0.00381157011725,0.096269391477108,0.6281952857971191,0.1831342577934265,0.0146136749535799,Indie
0.1071049645543098,0.0442866496741771,0.2398412972688675,0.003636174602434,0.249588280916214,0.2732894122600555,0.0822531580924987,Indie
0.0840232670307159,0.731394350528717,0.0774997547268867,0.0016870296094566,0.027442717924714,0.0747108235955238,0.003242059610784,Indie
0.0438656471669673,0.0346418805420398,0.0141932712867856,0.0298483353108167,0.1287813037633896,0.7444136738777161,0.0042559206485748,Indie
0.003232944291085,0.0130050433799624,0.0028798752464354,0.007380221504718,0.0416567847132682,0.9286267757415771,0.0032183032017201,Indie
0.0193930771201849,0.1270255893468856,0.0070345681160688,0.0020545241422951,0.0719361305236816,0.7680913209915161,0.0044648386538028,Indie
0.0025651552714407,0.0173293892294168,0.0026513871271163,0.0174979716539382,0.0847433507442474,0.862973690032959,0.0122391246259212,Indie
0.0346474982798099,0.297782689332962,0.0963300243020057,0.0039617256261408,0.4826993942260742,0.0602677091956138,0.0243109967559576,Indie
0.0152156762778759,0.0605801530182361,0.0181003473699092,0.003260541241616,0.8667696714401245,0.0045729307457804,0.0315007120370864,Indie
