anger,disgust,fear,joy,neutral,sadness,surprise,genre
0.0073590585961937,0.0704104378819465,0.0022673546336591,0.0516501478850841,0.8547483682632446,0.0052538267336785,0.0083107845857739,Thriller
0.0815709307789802,0.459806352853775,0.0318854749202728,0.007861454039812,0.1707670837640762,0.2441545277833938,0.0039540715515613,Thriller
0.7436115145683289,0.1258761882781982,0.0363028198480606,0.0020614182576537,0.0583840049803257,0.0327300392091274,0.0010340008884668,Thriller
0.005837295204401,0.007306732237339,0.0069034919142723,0.5901182293891907,0.3654484450817108,0.0110975131392478,0.0132882371544837,Thriller
0.1123772859573364,0.0544517077505588,0.0193974711000919,0.0113946003839373,0.4712896049022674,0.3255327343940735,0.0055566020309925,Thriller
0.2906870245933532,0.5009901523590088,0.0829952359199523,0.0026398762129247,0.0354899019002914,0.0769437476992607,0.0102540794759988,Thriller
0.0150486398488283,0.0176602080464363,0.0035015253815799,0.011132001876831,0.9216581583023072,0.0227058976888656,0.0082935187965631,Thriller
0.6502739191055298,0.1896349340677261,0.0245692674070596,0.0024341901298612,0.0939010605216026,0.0332211963832378,0.0059655299410223,Thriller
0.0248517896980047,0.0322631634771823,0.0580240786075592,0.0055510196834802,0.7006487846374512,0.1480195820331573,0.0306416284292936,Thriller
