anger,disgust,fear,joy,neutral,sadness,surprise,genre
0.0010740304132923,0.0010540439980104,0.0005899831303395,0.0023883772082626,0.0067325676791369,0.9827484488487244,0.0054126321338117,Comedy
0.0126437619328498,0.0022566358093172,0.0068699796684086,0.0302801635116338,0.3582721948623657,0.0932378247380256,0.4964393675327301,Comedy
0.0329930298030376,0.9478838443756104,0.0053011034615337,0.0004586519498843,0.0085189547389745,0.004188235849142,0.0006561983027495,Comedy
0.6653136610984802,0.167602926492691,0.0063667562790215,0.0011425304692238,0.1442873477935791,0.0123748145997524,0.002911927876994,Comedy
0.0742569714784622,0.1156877353787422,0.0172389075160026,0.0031488859094679,0.730388879776001,0.0552830062806606,0.0039956867694854,Comedy
0.0054788095876574,0.0035452879965305,0.9539698362350464,0.0008175490074791,0.0061269816942512,0.0273833032697439,0.0026783156208693,Comedy
0.0037220178637653,0.0502810887992382,0.0090492498129606,0.0042427731677889,0.0607747063040733,0.8675891757011414,0.0043409233912825,Comedy
0.0061034425161778,0.0067668175324797,0.0352670028805732,0.0790253430604934,0.8334854245185852,0.0204433947801589,0.0189086887985467,Comedy
0.1000047475099563,0.0089457714930176,0.083041176199913,0.0074579524807631,0.4448921978473663,0.0059868898242712,0.3496712744235992,Comedy
0.160696804523468,0.4510173201560974,0.0061520189046859,0.0055178483016788,0.3607325255870819,0.011063378304243,0.0048201181925833,Comedy
0.0239079073071479,0.0154785085469484,0.0039541097357869,0.0821320340037345,0.8610903024673462,0.0113396262750029,0.0020975919906049,Comedy
0.065264992415905,0.1347719728946685,0.0038226465694606,0.0199360307306051,0.6913079619407654,0.0822717770934104,0.0026245694607496,Comedy
0.0806634500622749,0.5746492147445679,0.0160554014146327,0.0010086806723847,0.2456100732088089,0.0767669752240181,0.0052462154999375,Comedy
0.0500941835343837,0.1971056014299392,0.4187079966068268,0.0107902018353343,0.0663554295897483,0.249988168478012,0.0069584031589329,Comedy
0.0326481610536575,0.2561613023281097,0.0063937697559595,0.0083761913701891,0.390313982963562,0.2948128283023834,0.0112937111407518,Comedy
0.5476819276809692,0.0859179869294166,0.0355103276669979,0.0040625655092298,0.1309218406677246,0.1937248408794403,0.0021804871503263,Comedy
0.0213828850537538,0.0547655187547206,0.0052276072092354,0.2664928436279297,0.499864250421524,0.1043363809585571,0.0479304604232311,Comedy
0.2698403000831604,0.1729519367218017,0.0710710883140564,0.0044829645194113,0.2751058042049408,0.2037621438503265,0.0027857334353029,Comedy
0.0284270644187927,0.0497889555990695,0.17302967607975,0.0732295885682106,0.5929692387580872,0.0518483333289623,0.0307070892304182,Comedy
0.0129089811816811,0.0534720867872238,0.0021413827780634,0.0148312039673328,0.889285683631897,0.0080599915236234,0.0193006265908479,Comedy
0.011822766624391,0.9636715650558472,0.0012445214670151,0.000542854424566,0.0074541047215461,0.0145883690565824,0.0006759940879419,Comedy
0.0059850271791219,0.0086082285270094,0.0120419943705201,0.2168432772159576,0.7045210003852844,0.0346844494342803,0.0173160601407289,Comedy
0.0144216567277908,0.0494577884674072,0.0069095534272491,0.0169870071113109,0.8854326009750366,0.0126050617545843,0.0141863143071532,Comedy
0.0980166941881179,0.052366130053997,0.004773418419063,0.1675766110420227,0.5900648236274719,0.0829673036932945,0.0042350282892584,Comedy
0.0304033700376749,0.0074963304214179,0.0024677475448697,0.3930131494998932,0.5152643918991089,0.0136217847466468,0.0377332530915737,Comedy
0.0546705424785614,0.0548778511583805,0.0459398441016674,0.1635621637105941,0.6438252925872803,0.0290597323328256,0.0080646099522709,Comedy
0.3330069184303283,0.1406518518924713,0.3217292428016662,0.0020845993421971,0.0505150705575943,0.1374529153108596,0.0145593471825122,Comedy
0.0276164393872022,0.0123823657631874,0.7584099173545837,0.001598299248144,0.0275463964790105,0.1687668412923813,0.0036797693464905,Comedy
0.7257274389266968,0.1960533261299133,0.0055349608883261,0.0031715945806354,0.0140615571290254,0.0535109005868434,0.0019402273464947,Comedy
0.0074718007817864,0.0035519946832209,0.931027889251709,0.0023722841870039,0.0245472677052021,0.0159125830978155,0.0151162538677454,Comedy
0.8229500651359558,0.0987695381045341,0.0131411245092749,0.0009448904893361,0.043324377387762,0.0160967335104942,0.0047733481042087,Comedy
0.2176731824874878,0.0730959102511406,0.0345146581530571,0.0227216184139251,0.4894923865795135,0.1347422748804092,0.0277600083500146,Comedy
0.1963072717189788,0.297707051038742,0.0040456769056618,0.0117541095241904,0.3920393288135528,0.0425587333738803,0.0555878765881061,Comedy
0.0511914938688278,0.3784225881099701,0.0183730460703372,0.006150534376502,0.1101913377642631,0.4328259229660034,0.0028450472746044,Comedy
0.1254694461822509,0.2189783900976181,0.0247996598482131,0.0020328019745647,0.0385192483663558,0.5857639312744141,0.0044364836066961,Comedy
0.0122173316776752,0.0355069078505039,0.0099227596074342,0.0220256093889474,0.8505139350891113,0.0262183416634798,0.0435951501131057,Comedy
0.0206294581294059,0.0055938456207513,0.0920889899134635,0.018889645114541,0.7821068167686462,0.0456927716732025,0.0349983945488929,Comedy
