anger,disgust,fear,joy,neutral,sadness,surprise,genre
0.2922381460666656,0.4656671285629272,0.0913341790437698,0.0018802203703671,0.1026056408882141,0.0433398224413394,0.0029348481912165,Psychological_thriller
0.004536357242614,0.006523607764393,0.0053715538233518,0.0365258976817131,0.9165888428688048,0.0063549187034368,0.0240988507866859,Psychological_thriller
0.0063322996720671,0.0054464386776089,0.0014311459381133,0.694282591342926,0.200072094798088,0.0675713345408439,0.0248641781508922,Psychological_thriller
0.0485252887010574,0.0232382901012897,0.0189069285988807,0.0106003126129508,0.5792649388313293,0.2901694476604461,0.0292948875576257,Psychological_thriller
0.3889904916286468,0.4240327775478363,0.0277143474668264,0.0029552106279879,0.0846454799175262,0.0700638815760612,0.00159771181643,Psychological_thriller
0.0297446362674236,0.0527882874011993,0.0192825440317392,0.0043542324565351,0.8139681816101074,0.0401038788259029,0.0397581979632377,Psychological_thriller
0.4866562783718109,0.0935341790318489,0.3220089673995971,0.0034132855944335,0.065526433289051,0.0269814785569906,0.0018793770577758,Psychological_thriller
0.0743038579821586,0.3188471496105194,0.0942572355270385,0.0055794669315218,0.3696478605270386,0.093526117503643,0.0438382849097251,Psychological_thriller
0.2763737440109253,0.4667117595672607,0.0188994202762842,0.0017694237176328,0.213986337184906,0.0200283955782651,0.0022308654151856,Psychological_thriller
0.0477900318801403,0.0146248890087008,0.8937342762947083,0.0008005520212464,0.0246607363224029,0.0137846674770116,0.0046047787182033,Psychological_thriller
0.0908298194408416,0.226987674832344,0.0052646449767053,0.0118641983717679,0.6360310912132263,0.0257557891309261,0.0032667559571564,Psychological_thriller
0.0292083676904439,0.9210928082466124,0.013124382123351,0.0005218796432018,0.0279167722910642,0.0049934587441384,0.0031422248575836,Psychological_thriller
0.4584744572639465,0.0239726994186639,0.4598487019538879,0.0022212243638932,0.0271861013025045,0.0257284045219421,0.0025683322455734,Psychological_thriller
0.2347084879875183,0.5989739894866943,0.0106061324477195,0.0036872057244181,0.0832056850194931,0.0674052461981773,0.0014132199576124,Psychological_thriller
