anger,disgust,fear,joy,neutral,sadness,surprise,genre
0.0121444659307599,0.1842942088842392,0.0069332304410636,0.73804771900177,0.0294570531696081,0.0274317022413015,0.0016916107852011,Drama
0.0154841169714927,0.0217526219785213,0.0035326089709997,0.0078167859464883,0.8631216883659363,0.0770075842738151,0.0112845720723271,Drama
0.1026427000761032,0.8120297789573669,0.0039116493426263,0.009315793402493,0.0596827864646911,0.011324493214488,0.0010928050614893,Drama
0.003896536771208,0.0283874757587909,0.0048633399419486,0.012853349559009,0.0968389362096786,0.8496829271316528,0.0034774309024214,Drama
0.0204365011304616,0.8916369676589966,0.0016153367469087,0.0033760936930775,0.076670154929161,0.0042167762294411,0.002048120368272,Drama
0.0557414591312408,0.3148666024208069,0.0889115557074546,0.2347575724124908,0.253727912902832,0.0419971123337745,0.0099978642538189,Drama
0.0169154815375804,0.0250556468963623,0.0107391886413097,0.0511156767606735,0.7800403833389282,0.1036236584186554,0.0125099839642643,Drama
0.0084120528772473,0.0303760878741741,0.0030275809112936,0.2416498214006424,0.6960046887397766,0.0070716813206672,0.0134580200538039,Drama
0.0047065787948668,0.0118780443444848,0.0061496021226048,0.8322804570198059,0.135209858417511,0.0054809027351439,0.0042945249006152,Drama
0.0277677215635776,0.3214900493621826,0.0928900018334388,0.1281965225934982,0.4141742289066314,0.0071384194307029,0.0083429766818881,Drama
0.2533369660377502,0.3131093978881836,0.0024466440081596,0.0113290585577487,0.3505038619041443,0.0636243000626564,0.0056497687473893,Drama
0.0051553072407841,0.9530873894691468,0.0235104076564311,0.0029399294871836,0.0074639678932726,0.0068418020382523,0.001001258380711,Drama
0.0067311357706785,0.5447589755058289,0.3224172294139862,0.0048711667768657,0.0464714355766773,0.0714651495218277,0.0032848517876118,Drama
0.2270369827747345,0.1433899700641632,0.3427251279354095,0.0018153350101783,0.1429326832294464,0.132931649684906,0.0091682467609643,Drama
0.0035377466119825,0.0096405632793903,0.0030645055230706,0.0019570477306842,0.0554731711745262,0.9213045835494996,0.0050223981961607,Drama
0.1373830884695053,0.6842437982559204,0.002280994085595,0.0024272233713418,0.1542339622974395,0.0155210830271244,0.0039098775014281,Drama
0.0014257984003052,0.0017902819672599,0.0002495263179298,0.9762054681777954,0.0137686189264059,0.0046680942177772,0.0018922205781564,Drama
0.8593132495880127,0.0265034027397632,0.060818176716566,0.0031634168699383,0.0267040636390447,0.0201947316527366,0.0033030004706233,Drama
0.0774530693888664,0.89216148853302,0.0060594724491238,0.000667032552883,0.0070132985711097,0.0155208529904484,0.0011246404610574,Drama
0.0605886727571487,0.5625618100166321,0.0037651390302926,0.0212673060595989,0.3395417034626007,0.009656379930675,0.0026189708150923,Drama
0.017557218670845,0.0126943690702319,0.0020508728921413,0.1833057105541229,0.6885321140289307,0.0872912928462028,0.0085683315992355,Drama
0.0194181241095066,0.0322989299893379,0.0681893303990364,0.004405784420669,0.7464220523834229,0.1255753189325332,0.0036904220469295,Drama
0.0065162759274244,0.0099148787558078,0.0042191836982965,0.0286669228225946,0.8736417889595032,0.0197202917188406,0.0573206506669521,Drama
0.005399452522397,0.0032128714956343,0.0065989261493086,0.0024149068631231,0.0127026634290814,0.0017095787916332,0.967961609363556,Drama
0.0110115930438041,0.0284487642347812,0.0096537778154015,0.0013275372330099,0.0158789381384849,0.011281038634479,0.9223983883857728,Drama
0.0930554941296577,0.3699155449867248,0.1926299780607223,0.0279331635683774,0.2416525483131408,0.0170124620199203,0.0578006915748119,Drama
0.00922117754817,0.0066389311105012,0.0013397131115198,0.041275005787611,0.8997284173965454,0.0180743504315614,0.0237224698066711,Drama
0.0490313805639743,0.2383521944284439,0.2397544384002685,0.0022808015346527,0.1713522225618362,0.2844961583614349,0.0147328162565827,Drama
0.01718295738101,0.0350165478885173,0.4837742745876312,0.0062611396424472,0.4051888287067413,0.015174257569015,0.0374020300805568,Drama
0.0064091384410858,0.0080523341894149,0.00096450233832,0.0065311361104249,0.9549875855445862,0.0021634770091623,0.0208919048309326,Drama
0.021919023245573,0.0331807248294353,0.323984146118164,0.0049850046634674,0.5461783409118652,0.0081041110679507,0.0616486370563507,Drama
0.0093721598386764,0.0249856747686862,0.0133339203894138,0.0041897287592291,0.1991647779941558,0.7361587882041931,0.0127950040623545,Drama
0.0616030804812908,0.1769628673791885,0.0165407713502645,0.002222714247182,0.6032817363739014,0.1030246391892433,0.036364234983921,Drama
