anger,disgust,fear,joy,neutral,sadness,surprise,genre
0.0126672908663749,0.8840914368629456,0.0566177405416965,0.0036307806149125,0.0078313834965229,0.0129760447889566,0.022185368463397,Horror
0.0457904040813446,0.4174918830394745,0.0232828669250011,0.0446031764149665,0.4347659945487976,0.0255136545747518,0.0085519794374704,Horror
0.1449910253286361,0.6951693296432495,0.0137070287019014,0.0020354995504021,0.0981124863028526,0.0359163470566272,0.0100682936608791,Horror
0.0424407534301281,0.7030566930770874,0.048281829804182,0.001678297179751,0.1119541004300117,0.0896159261465072,0.0029724722262471,Horror
0.4857111275196075,0.1875951290130615,0.0574509985744953,0.0023802616633474,0.1690981835126876,0.0892942398786544,0.0084700500592589,Horror
0.0200109370052814,0.761367917060852,0.0195418521761894,0.0028542939107865,0.1808561384677887,0.0111422892659902,0.0042264922522008,Horror
0.013176467269659,0.8332673907279968,0.0036076053511351,0.0699772238731384,0.0657539293169975,0.0116912126541137,0.0025261205155402,Horror
0.0067336158826947,0.1645311415195465,0.00794711522758,0.0265535786747932,0.7217667102813721,0.0296781323850154,0.0427896752953529,Horror
0.0145725300535559,0.8784016370773315,0.0091328071430325,0.0536951161921024,0.0238110087811946,0.0186649039387702,0.0017218632856383,Horror
0.1947001367807388,0.7138516902923584,0.046671088784933,0.0008181363227777,0.0240150019526481,0.017934825271368,0.0020090397447347,Horror
