anger,disgust,fear,joy,neutral,sadness,surprise,genre
0.0177549179643392,0.1633304506540298,0.0017671842360869,0.7252313494682312,0.0838826149702072,0.0056212143972516,0.002412277739495,War_film
0.1204002872109413,0.1239129528403282,0.0666332244873046,0.0235922243446111,0.5357634425163269,0.1238259896636009,0.0058719553053379,War_film
0.0898777544498443,0.254695177078247,0.2361776679754257,0.0025389411021023,0.3572548925876617,0.0534088015556335,0.0060467533767223,War_film
0.01210717856884,0.0247214753180742,0.0013951127184554,0.0181995835155248,0.0249442141503095,0.9143192768096924,0.0043131676502525,War_film
0.2467927038669586,0.5541175603866577,0.1588966250419616,0.0012535633286461,0.0122154597193002,0.0254022870212793,0.001321769086644,War_film
0.0166501086205244,0.0222158376127481,0.0032743888441473,0.0101516349241137,0.9350573420524596,0.0073397122323513,0.0053109941072762,War_film
0.0132661135867238,0.0098610948771238,0.0039815325289964,0.0532772354781627,0.8876628875732422,0.0047689098864793,0.0271822400391101,War_film
0.0174203049391508,0.0720468685030937,0.0133695751428604,0.0009794612415134,0.0215284898877143,0.8726809620857239,0.0019743796437978,War_film
0.0049888170324265,0.028016772121191,0.003167086513713,0.1294820755720138,0.1787284612655639,0.6504820585250854,0.0051347091794013,War_film
0.106706790626049,0.1644073724746704,0.1027163565158844,0.0057894741185009,0.1363069266080856,0.4782848954200744,0.0057882955297827,War_film
0.015201243571937,0.6702167391777039,0.2959629595279693,0.0013837576843798,0.007118112873286,0.0052307657897472,0.0048863627016544,War_film
0.049227200448513,0.0119702015072107,0.8829767107963562,0.0020457771606743,0.0391097329556942,0.0066240741871297,0.0080463206395506,War_film
0.0295177549123764,0.4721404314041137,0.4410375356674194,0.0167223885655403,0.0140459220856428,0.0229368973523378,0.0035991412587463,War_film
0.0699883103370666,0.5827949047088623,0.0081633729860186,0.0032258587889373,0.0477640070021152,0.2865518629550934,0.0015116253634914,War_film
0.0422083884477615,0.238784521818161,0.0576612092554569,0.0062618488445878,0.2606969773769378,0.3913271725177765,0.003059884533286,War_film
0.0407192073762416,0.0587673895061016,0.1284817606210708,0.0190677680075168,0.37073615193367,0.377379447221756,0.0048482245765626,War_film
0.0184702016413211,0.006014660000801,0.002360213547945,0.6201173067092896,0.3191392421722412,0.0222157686948776,0.0116825057193636,War_film
0.0175037514418363,0.2005802243947982,0.0085770711302757,0.0456128008663654,0.1360616832971573,0.586703360080719,0.0049611893482506,War_film
0.056022509932518,0.2533163726329803,0.0116973891854286,0.0024288499262183,0.1687262803316116,0.5020585060119629,0.0057500768452882,War_film
