anger,disgust,fear,joy,neutral,sadness,surprise,genre
0.1332040429115295,0.0064756022766232,0.0467920303344726,0.036626674234867,0.343334823846817,0.1738998293876648,0.2596670389175415,Stoner_film
0.8685547709465027,0.0315398685634136,0.0025124948006123,0.0021462365984916,0.0698430463671684,0.0101878158748149,0.0152157396078109,Stoner_film
0.0470562987029552,0.0130255687981843,0.0060989647172391,0.0032677284907549,0.0465355180203914,0.7201011180877686,0.1639147400856018,Stoner_film
0.0792711749672889,0.0389385633170604,0.0479904562234878,0.0198968723416328,0.5860173106193542,0.0538413971662521,0.1740442663431167,Stoner_film
0.0333463847637176,0.0252202358096838,0.051760695874691,0.0025457218289375,0.7735710740089417,0.0144727602601051,0.0990830287337303,Stoner_film
0.6550894379615784,0.0173859540373086,0.0345665924251079,0.0513727590441703,0.2149835675954818,0.0076307267881929,0.0189710073173046,Stoner_film
0.0069702975451946,0.0306431669741868,0.0036915813107043,0.0245052929967641,0.8964253664016724,0.0041453568264842,0.033618900924921,Stoner_film
0.0067920261062681,0.0062531107105314,0.0014602852752432,0.0082321772351861,0.9213695526123048,0.0060909204185009,0.0498019233345985,Stoner_film
0.3181951344013214,0.4216965436935425,0.1021865233778953,0.002775726141408,0.1176409423351287,0.0246693138033151,0.0128357736393809,Stoner_film
0.0287599358707666,0.823974609375,0.0207805875688791,0.0028630250599235,0.1068202778697013,0.0087373554706573,0.008064261637628,Stoner_film
0.0193474907428026,0.0239495374262332,0.0059392875991761,0.0136972935870289,0.6739411354064941,0.0087894797325134,0.2543358504772186,Stoner_film
0.0301793776452541,0.0217347238212823,0.005939183756709,0.0038039605133235,0.9071283936500548,0.0061441981233656,0.0250701699405908,Stoner_film
0.7083809971809387,0.1436119079589843,0.0201466400176286,0.0012424299493432,0.0724821612238884,0.0429867692291736,0.0111491158604621,Stoner_film
0.0071282344870269,0.004114415962249,0.0023548181634396,0.0030159773305058,0.9637036919593812,0.005895844195038,0.0137868858873844,Stoner_film
0.3620510101318359,0.3157100975513458,0.0049182004295289,0.0045988368801772,0.2927798330783844,0.0170955136418342,0.0028464931529015,Stoner_film
0.0196057464927434,0.0090707717463374,0.0042724087834358,0.0196658335626125,0.9312835335731506,0.0087310662493109,0.0073705543763935,Stoner_film
0.0160799846053123,0.0161367487162351,0.0014793450245633,0.1170740351080894,0.8170195817947388,0.0041312179528176,0.0280790291726589,Stoner_film
0.1111857593059539,0.072414681315422,0.0171821564435958,0.0161333587020635,0.7295773029327393,0.0277847573161125,0.0257220901548862,Stoner_film
0.9895079135894777,0.0035741417668759,0.000792296254076,0.0004882344801444,0.0025015170685946,0.0020122625865042,0.0011235125130042,Stoner_film
0.147064670920372,0.0204615779221057,0.039391916245222,0.0019459840841591,0.0544644929468631,0.7197529077529907,0.0169184654951095,Stoner_film
0.0566997341811656,0.0545042902231216,0.0346916392445564,0.0207694247364997,0.801898717880249,0.0095634125173091,0.0218728296458721,Stoner_film
0.0515609607100486,0.053594447672367,0.0114443004131317,0.0065558957867324,0.8577595353126526,0.0070249391719698,0.0120598571375012,Stoner_film
0.0042542619630694,0.010363052599132,0.0033901194110512,0.0022270297631621,0.9399561882019044,0.0149079225957393,0.0249014664441347,Stoner_film
0.3546303212642669,0.3307850956916809,0.014129620976746,0.0033713211305439,0.2616253197193146,0.0156950410455465,0.0197633504867553,Stoner_film
0.0252541285008192,0.0217625312507152,0.0038744264747947,0.0019898284226655,0.9230191707611084,0.0089920731261372,0.0151077751070261,Stoner_film
0.0288872681558132,0.0116539150476455,0.027747455984354,0.0116503918543457,0.8274991512298584,0.0162599198520183,0.0763018876314163,Stoner_film
0.0217463597655296,0.0248345695436,0.0036996107082813,0.011237776838243,0.5374889373779297,0.0643399208784103,0.3366529047489166,Stoner_film
0.0128105767071247,0.0164876822382211,0.0010784670012071,0.1170088574290275,0.8220432996749878,0.0112162241712212,0.0193549320101737,Stoner_film
0.0365546122193336,0.1178528293967247,0.0047269770875573,0.0086408983916044,0.805503249168396,0.0180842578411102,0.0086371898651123,Stoner_film
