anger,disgust,fear,joy,neutral,sadness,surprise,genre
0.0047654323279857,0.0185176245868206,0.0040141786448657,0.6481699347496033,0.297624409198761,0.0123227275907993,0.0145856514573097,Auto_racing
0.1963180601596832,0.1352507472038269,0.0049104429781436,0.1090711280703544,0.4219319224357605,0.1267958730459213,0.0057219634763896,Auto_racing
0.5683109164237976,0.1032584086060524,0.0028141262009739,0.0172135271131992,0.2371727973222732,0.0679038017988205,0.0033264076337218,Auto_racing
0.0378501825034618,0.0723424553871154,0.0029819216579198,0.0083429757505655,0.8408530950546265,0.0146358152851462,0.0229936297982931,Auto_racing
0.5206844210624695,0.0946410670876503,0.0242888312786817,0.0021342043764889,0.1854405999183654,0.1681220382452011,0.0046887993812561,Auto_racing
0.0163267087191343,0.0655411556363105,0.0075420066714286,0.0201894175261259,0.5704702138900757,0.3105991780757904,0.0093312999233603,Auto_racing
0.3174712061882019,0.1673935204744339,0.0112540638074278,0.0098682036623358,0.276162177324295,0.2147155702114105,0.0031352499499917,Auto_racing
0.9620315432548524,0.0102065782994031,0.0073955631814897,0.0007120126392692,0.0091311130672693,0.0079335430637001,0.002589676529169,Auto_racing
0.0290787648409605,0.4565936625003814,0.016274495050311,0.0045919958502054,0.1501016467809677,0.3406285047531128,0.002730902750045,Auto_racing
0.0903334990143776,0.0613974332809448,0.0374395065009593,0.0048921345733106,0.7101408839225769,0.0896990597248077,0.0060974471271038,Auto_racing
0.3330570459365845,0.5030288100242615,0.033745065331459,0.0018715837504714,0.0748436227440834,0.0502387210726738,0.0032151744235306,Auto_racing
0.2918268740177154,0.1339772790670395,0.0235498882830142,0.0046189888380467,0.4480503797531128,0.0948420912027359,0.0031344394665211,Auto_racing
0.5452218055725098,0.0999888703227043,0.2795674800872803,0.0019241564441472,0.0469316989183425,0.0176786016672849,0.0086874505504965,Auto_racing
0.0073312637396156,0.0203275699168443,0.0043042870238423,0.0161865893751382,0.9353814125061036,0.0114682950079441,0.0050006583333015,Auto_racing
0.4362193942070007,0.0185182988643646,0.2822371125221252,0.005754395853728,0.1201458126306533,0.0659293606877327,0.0711956322193145,Auto_racing
0.0060463245026767,0.0713841393589973,0.0706257596611976,0.0023212295491248,0.1901154071092605,0.6448512077331543,0.0146559132263064,Auto_racing
0.0388369262218475,0.508802592754364,0.0038648454938083,0.0079858610406517,0.1139934286475181,0.320097267627716,0.0064190351404249,Auto_racing
