anger,disgust,fear,joy,neutral,sadness,surprise,genre
0.3779060244560241,0.1833536326885223,0.1101639866828918,0.022917965427041,0.1739338785409927,0.1271782368421554,0.0045462143607437,Drama
0.0126841114833951,0.0263789407908916,0.1542575061321258,0.0097469957545399,0.73426353931427,0.0451852567493915,0.0174835827201604,Drama
0.0103957671672105,0.0196722485125064,0.016684990376234,0.0027159743476659,0.0734086036682128,0.8740817308425903,0.0030406741425395,Drama
0.6664537191390991,0.2069093585014343,0.0131551725789904,0.0014936540974304,0.062695525586605,0.0376642420887947,0.0116283847019076,Drama
0.0045047313906252,0.0268397759646177,0.0019384635379537,0.017775559797883,0.9124431610107422,0.0261780098080635,0.0103203356266021,Drama
0.0254428405314683,0.7153493165969849,0.0041423076763749,0.0800509378314018,0.1205361559987068,0.0512810684740543,0.0031973838340491,Drama
0.0400000549852848,0.0592999532818794,0.0049561937339603,0.1288012415170669,0.6677555441856384,0.0053839087486267,0.0938030779361724,Drama
0.0332871861755847,0.0901821032166481,0.002881766995415,0.499384194612503,0.3547661900520324,0.0071426248177886,0.0123559366911649,Drama
0.0155697204172611,0.0372206531465053,0.6682332754135132,0.0405002832412719,0.1499588042497635,0.0849057212471962,0.0036115611437708,Drama
0.0020278608426451,0.00171842018608,0.9742703437805176,0.0017588878981769,0.0099459225311875,0.0087043950334191,0.0015741696115583,Drama
0.0334492549300193,0.1771019548177719,0.0035031181760132,0.2444587796926498,0.4897047877311706,0.0471373796463012,0.0046447473578155,Drama
