anger,disgust,fear,joy,neutral,sadness,surprise,genre
0.0076804687269032,0.031374130398035,0.0028122749645262,0.1103211194276809,0.8291162252426147,0.0074692545458674,0.0112265245988965,Sex_comedy
0.0082355728372931,0.0013508237898349,0.0042008911259472,0.6624298095703125,0.0780174732208252,0.1497257798910141,0.0960395783185958,Sex_comedy
0.0253903344273567,0.0087268874049186,0.0027850943151861,0.6531952619552612,0.0713067203760147,0.2349673062562942,0.0036283638328313,Sex_comedy
0.0519374050199985,0.0909768491983413,0.0040628411807119,0.0032590427435934,0.8099164962768555,0.0326416194438934,0.0072057652287185,Sex_comedy
0.0188753064721822,0.0255951061844825,0.0028516671154648,0.6697250008583069,0.2006318122148513,0.0613006763160228,0.0210204347968101,Sex_comedy
0.0104063181206583,0.0387503542006015,0.0058272117748856,0.0689326971769332,0.8562037348747253,0.0032250308431684,0.0166546571999788,Sex_comedy
0.0159419197589159,0.0516634881496429,0.2294031828641891,0.0397957116365432,0.1613056808710098,0.1864263266324997,0.315463662147522,Sex_comedy
0.0107747167348861,0.8834943175315857,0.0070202979259192,0.0067346380092203,0.0824956968426704,0.007069787941873,0.0024105790071189,Sex_comedy
0.4160704314708709,0.2736184298992157,0.0359983220696449,0.0022322761360555,0.1346538960933685,0.1352045983076095,0.0022220192477107,Sex_comedy
0.9560166001319884,0.0088428501039743,0.0039882622659206,0.0008328716503456,0.0200745407491922,0.0059752943925559,0.0042695989832282,Sex_comedy
0.0234425161033868,0.0436692722141742,0.0031992753501981,0.011417499743402,0.8972076773643494,0.00306559773162,0.0179982632398605,Sex_comedy
0.4921294450759887,0.4122763872146606,0.0099734608083963,0.0034930962137877,0.0583351254463195,0.0203146357089281,0.0034779121633619,Sex_comedy
0.0092607969418168,0.0083122318610548,0.0019139916403219,0.0159365516155958,0.93856018781662,0.0057539576664566,0.0202622972428798,Sex_comedy
0.0134042361751198,0.0446816608309745,0.0039128265343606,0.0699064433574676,0.8551233410835266,0.0079046124592423,0.0050668460316956,Sex_comedy
0.0293230973184108,0.1226667836308479,0.0058320206589996,0.0028952790889889,0.0290366802364587,0.8050307631492615,0.0052153649739921,Sex_comedy
0.0108131878077983,0.0106519991531968,0.0039999699220061,0.0426025576889514,0.7433851957321167,0.0355761647224426,0.152971014380455,Sex_comedy
0.0136554324999451,0.0260784998536109,0.0025956036988645,0.2505105435848236,0.3770768940448761,0.3232237100601196,0.0068593202158808,Sex_comedy
0.0072618792764842,0.0064729149453341,0.0061712427996098,0.0178699772804975,0.8286571502685547,0.1205170229077339,0.013049803674221,Sex_comedy
0.0936182737350463,0.0354855097830295,0.4700495600700378,0.0026705448981374,0.0789743810892105,0.0591160468757152,0.2600856721401214,Sex_comedy
0.0384785458445549,0.0276046991348266,0.0037741644773632,0.1102991327643394,0.6781042814254761,0.0193144530057907,0.1224246546626091,Sex_comedy
0.0117445923388004,0.0125080486759543,0.0049359630793333,0.5247325301170349,0.292450487613678,0.0107810264453291,0.1428473591804504,Sex_comedy
0.0967406183481216,0.2584120035171509,0.0107389986515045,0.0054013314656913,0.3359355330467224,0.2055118680000305,0.0872596278786659,Sex_comedy
