anger,disgust,fear,joy,neutral,sadness,surprise,genre
0.0160439070314168,0.4028748571872711,0.0584626086056232,0.0012894017854705,0.0430013388395309,0.4528370499610901,0.0254908502101898,Thriller
0.1443955153226852,0.0603210404515266,0.6024794578552246,0.0040855156257748,0.1432638019323349,0.0109583977609872,0.0344962626695632,Thriller
0.4011349678039551,0.1319022923707962,0.3318686485290527,0.0021814526990056,0.0933415666222572,0.0341985933482646,0.0053724590688943,Thriller
0.018493615090847,0.1845863759517669,0.2192117124795913,0.013874864205718,0.4849998652935028,0.0142213450744748,0.0646122395992279,Thriller
0.0074055884033441,0.0051830355077981,0.0032400044146925,0.0110745755955576,0.4363802373409271,0.007487257476896,0.5292293429374695,Thriller
0.0189303420484066,0.06036327034235,0.8132802248001099,0.0055196634493768,0.080345407128334,0.0030314393807202,0.0185295920819044,Thriller
0.009435704909265,0.0941338166594505,0.0037871447857469,0.0499669685959816,0.1319286972284317,0.6496374607086182,0.061110183596611,Thriller
0.0042805550619959,0.0104057677090168,0.0050831926055252,0.0040002414025366,0.0903778746724128,0.8728761076927185,0.0129762534052133,Thriller
0.0233054589480161,0.9094518423080444,0.0063961902633309,0.0242621786892414,0.0244242791086435,0.0104633187875151,0.0016966791590675,Thriller
0.1253254562616348,0.0420559309422969,0.0069541125558316,0.0023254537954926,0.7898354530334473,0.0251574274152517,0.0083460323512554,Thriller
0.1422212570905685,0.1783225983381271,0.027653170749545,0.0040815216489136,0.6236300468444824,0.0214313957840204,0.0026599520351737,Thriller
0.0271292850375175,0.0102195721119642,0.3307136297225952,0.0052183587104082,0.3612430691719055,0.0368595719337463,0.2286165058612823,Thriller
0.3168272674083709,0.0847610309720039,0.4743553400039673,0.0012868767371401,0.0751218348741531,0.0344751365482807,0.013172497972846,Thriller
0.2915515601634979,0.184629887342453,0.3875507116317749,0.0038407258689403,0.1010491698980331,0.0192095953971147,0.01216830778867,Thriller
0.1340643316507339,0.2194352596998214,0.0151533652096986,0.0084128463640809,0.5626481771469116,0.0533839985728263,0.0069020180962979,Thriller
