anger,disgust,fear,joy,neutral,sadness,surprise,genre
0.1183153092861175,0.3402299284934997,0.1420174539089203,0.0057110218331217,0.3530769348144531,0.0326040051877498,0.0080454098060727,Political_drama
0.0158196538686752,0.0114960744976997,0.0321819670498371,0.0027576752472668,0.1176350340247154,0.8125420808792114,0.0075674969702959,Political_drama
0.0056772348470985,0.0200240965932607,0.0021018204279243,0.0022696272935718,0.9507946968078612,0.0044230441562831,0.014709485694766,Political_drama
0.0744905099272728,0.0271185636520385,0.7698599696159363,0.0022099218331277,0.1071867868304252,0.0144740780815482,0.004660134203732,Political_drama
0.0337839797139167,0.1581744998693466,0.0479444861412048,0.0044410792179405,0.4437912702560425,0.3029395639896393,0.0089251305907964,Political_drama
0.8870270848274231,0.0536045394837856,0.0387258194386959,0.0007861670455895,0.0089036291465163,0.0079323351383209,0.0030202532652765,Political_drama
0.2186313867568969,0.0676768273115158,0.0131288198754191,0.0695857405662536,0.6021124720573425,0.0258497465401887,0.0030149135272949,Political_drama
0.1400782167911529,0.7294096946716309,0.0699158310890197,0.0005403649411164,0.0310638193041086,0.0266218818724155,0.0023702289909124,Political_drama
0.0183421988040208,0.8933417797088623,0.0428495556116104,0.0005979260313324,0.0323881730437278,0.0083848135545849,0.0040953713469207,Political_drama
0.092607706785202,0.1943055987358093,0.1937715113162994,0.0040620476938784,0.4883009493350982,0.0075551774352788,0.0193970166146755,Political_drama
0.0133344838395714,0.0293463543057441,0.0044449213892221,0.1105337515473365,0.8215557932853699,0.0151793863624334,0.0056053241714835,Political_drama
0.233867272734642,0.1006613746285438,0.0098692523315548,0.0041804648935794,0.6206546425819397,0.0130236856639385,0.0177432689815759,Political_drama
0.2158877253532409,0.5372995138168335,0.0182475578039884,0.0023747209925204,0.1585365980863571,0.0478628538548946,0.0197910331189632,Political_drama
0.0045583345927298,0.0050784749910235,0.9533294439315796,0.0023494702763855,0.0270590614527463,0.0027593499980866,0.0048659066669642,Political_drama
0.0140667520463466,0.0803939178586006,0.0051507204771041,0.0020357288885861,0.87770015001297,0.0095778880640864,0.01107476092875,Political_drama
0.696628749370575,0.0567102842032909,0.2179233580827713,0.0012396414531394,0.0180046521127223,0.0042967149056494,0.0051967152394354,Political_drama
0.1290952563285827,0.0375168696045875,0.2052580267190933,0.0036400277167558,0.3377041816711426,0.2619079649448395,0.0248776897788047,Political_drama
0.0166999790817499,0.3801079094409942,0.0341028831899166,0.0019437795272096,0.1579666435718536,0.3935679495334625,0.0156108913943171,Political_drama
0.0016095255268737,0.0008140666177496,0.990429937839508,0.000859628082253,0.0026788599789142,0.0017602269072085,0.0018476441036909,Political_drama
0.7652541995048523,0.212782934308052,0.0060841720551252,0.0005746071110479,0.006933644413948,0.0073178266175091,0.0010525566758587,Political_drama
0.2145608812570572,0.0516634657979011,0.6956106424331665,0.0013016691664233,0.0120742572471499,0.0152570279315114,0.0095320427790284,Political_drama
0.1330165266990661,0.0131748793646693,0.4198001325130462,0.0067765773274004,0.3982776999473572,0.0118237463757395,0.0171305276453495,Political_drama
0.2107680439949035,0.7295387983322144,0.0021235242020338,0.0061715133488178,0.0354247018694877,0.0148569550365209,0.0011164646130055,Political_drama
0.1227650791406631,0.0951242968440055,0.2686875462532043,0.0049881441518664,0.4833545684814453,0.0201438255608081,0.0049365814775228,Political_drama
0.1054994761943817,0.0652394145727157,0.0078638913109898,0.0216251946985721,0.7813684940338135,0.0150511022657155,0.0033524287864565,Political_drama
0.751253068447113,0.0683690086007118,0.0049817766994237,0.0019523212686181,0.0965024083852768,0.0724964961409568,0.0044449311681091,Political_drama
0.0372840799391269,0.032261699438095,0.0041954657062888,0.4626855850219726,0.3560621440410614,0.0728699937462806,0.0346410237252712,Political_drama
0.0923580005764961,0.6780722737312317,0.0039895810186862,0.0051111481152474,0.1488062739372253,0.0696616917848587,0.0020009856671094,Political_drama
0.2191555202007293,0.3882828950881958,0.0105933900922536,0.0019315296085551,0.0722470805048942,0.2808502316474914,0.0269393883645534,Political_drama
0.06633872538805,0.0575101934373378,0.0030988829676061,0.0150868222117424,0.7843952178955078,0.0707896128296852,0.0027805098798125,Political_drama
0.0238335132598876,0.9014244079589844,0.0076476274989545,0.0051154079847037,0.0277280658483505,0.0310872141271829,0.0031637342181056,Political_drama
0.0045722555369138,0.0063644750043749,0.0021729357540607,0.0027064965106546,0.9409916996955872,0.0054990486241877,0.0376930832862854,Political_drama
