anger,disgust,fear,joy,neutral,sadness,surprise,genre
0.022529263049364,0.2225745022296905,0.0132797881960868,0.0190035197883844,0.6186713576316833,0.0807265788316726,0.0232150126248598,Drama
0.0134445615112781,0.0083140349015593,0.014613171108067,0.022133057937026,0.5585855841636658,0.0730948224663734,0.3098148107528686,Drama
0.0087281772866845,0.0184785034507513,0.0021044821478426,0.2875860631465912,0.6426886320114136,0.032261274755001,0.0081528648734092,Drama
0.0525248125195503,0.068619318306446,0.0185841154307127,0.0014047578442841,0.1698328852653503,0.6737721562385559,0.0152619555592536,Drama
0.1160697042942047,0.651541531085968,0.004445725120604,0.002606721362099,0.1721140593290329,0.0460846088826656,0.0071376427076756,Drama
0.9603639245033264,0.0125598842278122,0.0013203063281252,0.0006641795043833,0.0183761101216077,0.0046784225851297,0.002037304919213,Drama
0.8669759631156921,0.0384615622460842,0.029838440939784,0.001377246226184,0.0430370867252349,0.0137455565854907,0.0065641300752758,Drama
0.0086585329845547,0.905799150466919,0.0041774208657443,0.0016982252709567,0.0591662302613258,0.0154267977923154,0.0050735329277813,Drama
0.016276454553008,0.186462253332138,0.008661400526762,0.3582758605480194,0.4086317718029022,0.0145965777337551,0.0070957290008664,Drama
0.3409033417701721,0.4264938533306122,0.0075726672075688,0.0061453571543097,0.1286199539899826,0.0887015089392662,0.0015633016591891,Drama
0.7403613924980164,0.2155903428792953,0.0248674657195806,0.0007523628300987,0.0112261101603508,0.0060963253490626,0.0011058448581025,Drama
0.0306243058294057,0.1987703442573547,0.0549174286425113,0.0016291787615045,0.0445879735052585,0.6670796275138855,0.0023911385796964,Drama
0.5048915147781372,0.2726117372512817,0.124566338956356,0.0025370048824697,0.0623788423836231,0.0223621986806392,0.0106523502618074,Drama
0.345797449350357,0.2845149636268616,0.2543154060840606,0.0032563975546509,0.073481298983097,0.0125362370163202,0.0260981768369674,Drama
0.0205510277301073,0.0047577107325196,0.0013603486586362,0.0082630394026637,0.9355548024177552,0.0028209360316395,0.026692196726799,Drama
0.0122903371229767,0.0102339517325162,0.0010938975028693,0.0092802913859486,0.947891891002655,0.0039629284292459,0.0152467479929327,Drama
0.0204897355288267,0.1484835594892501,0.0018687292467802,0.0294511262327432,0.785453200340271,0.0095160780474543,0.0047375885769724,Drama
0.0815347582101821,0.2118502408266067,0.5915659666061401,0.0015135516878217,0.0378303453326225,0.0667948648333549,0.0089102918282151,Drama
0.1871306598186493,0.7676550149917603,0.0215371884405612,0.000905395951122,0.0144820138812065,0.0056865578517317,0.0026032750029116,Drama
0.0206968914717435,0.9130001664161682,0.0017305113142356,0.0023505510762333,0.0553916804492473,0.0054829027503728,0.0013471657875925,Drama
