anger,disgust,fear,joy,neutral,sadness,surprise,genre
0.0111484378576278,0.6138747334480286,0.0078813824802637,0.2820253074169159,0.0313935577869415,0.0467097871005535,0.0069668269716203,Adventure
0.0476227328181266,0.7890353202819824,0.0487605258822441,0.0033945243339985,0.0691814571619033,0.0391069948673248,0.0028983473312109,Adventure
0.1269233971834182,0.1624559164047241,0.6894009709358215,0.001318076159805,0.0048394151963293,0.0126230139285326,0.0024392958730459,Adventure
0.0097304908558726,0.0245642252266407,0.1318636834621429,0.1049146577715873,0.2621122300624847,0.4532566368579864,0.0135581344366073,Adventure
0.0198156125843524,0.004955013282597,0.0095654539763927,0.0033137670252472,0.0154974404722452,0.0130040915682911,0.9338486194610596,Adventure
0.4488307535648346,0.0454613529145717,0.3673601150512695,0.004090507980436,0.1012462228536605,0.0280511789023876,0.0049598417244851,Adventure
0.4948648810386657,0.1484614163637161,0.1815304607152938,0.0103171793743968,0.0911739319562912,0.0683220773935318,0.0053300079889595,Adventure
0.0844607725739479,0.5408891439437866,0.0303323734551668,0.0022997697815299,0.0159175619482994,0.3213206827640533,0.0047797164879739,Adventure
0.4519826769828796,0.3028626441955566,0.0362085290253162,0.0029761150944978,0.0622641779482364,0.136908084154129,0.0067978287115693,Adventure
0.0073274709284305,0.0096430107951164,0.0004957078490406,0.8776063919067383,0.0605729147791862,0.0400436036288738,0.0043108430691063,Adventure
