anger,disgust,fear,joy,neutral,sadness,surprise,genre
0.7858892679214478,0.0883866995573043,0.0025974146556109,0.0028520829509943,0.0745795667171478,0.0415777005255222,0.004117168020457,Drama
0.0091727590188384,0.0110113210976123,0.0010567132849246,0.0700619667768478,0.8868069052696228,0.0086609423160552,0.0132294092327356,Drama
0.0086949514225125,0.0093728695064783,0.0026310021057724,0.0030232237186282,0.0058941347524523,0.9689190983772278,0.0014646888012066,Drama
0.4164944589138031,0.1816145926713943,0.3640769124031067,0.0021786168217658,0.0117512494325637,0.0213220566511154,0.0025620278902351,Drama
0.0127510642632842,0.0235329736024141,0.0054479585960507,0.064095988869667,0.874399721622467,0.0095322523266077,0.0102400472387671,Drama
0.0099994856864213,0.0148851899430155,0.0033816276118159,0.1458462625741958,0.7922546863555908,0.0077987257391214,0.0258340407162904,Drama
0.0040095346048474,0.0378428623080253,0.0286368746310472,0.0228050556033849,0.3495605289936065,0.5199002027511597,0.0372449196875095,Drama
0.0284038987010717,0.0064761429093778,0.0043055932037532,0.7021258473396301,0.0517211407423019,0.0153053607791662,0.1916620135307312,Drama
0.0130230030044913,0.0119579462334513,0.1481065452098846,0.0062678433023393,0.0266720913350582,0.6214243769645691,0.1725481748580932,Drama
0.0823696255683898,0.3127789497375488,0.0087500950321555,0.118228368461132,0.4517591893672943,0.008593707345426,0.0175200887024402,Drama
0.0151318237185478,0.2563380599021911,0.0034616116899996,0.0056405095383524,0.0514040552079677,0.6578413844108582,0.0101825464516878,Drama
0.0208545979112386,0.0632009953260421,0.0033372181933373,0.5855230689048767,0.2813388705253601,0.0227829068899154,0.0229623392224311,Drama
0.1366515457630157,0.4343279898166656,0.013536668382585,0.0039014117792248,0.0357459560036659,0.3727511763572693,0.0030852938070893,Drama
