anger,disgust,fear,joy,neutral,sadness,surprise,genre
0.0022234576754271,0.0005025958525948,0.0005597277195192,0.967221975326538,0.0075245290063321,0.0122081004083156,0.0097597064450383,Bollywood
0.004281363915652,0.0028202780522406,0.0010928915580734,0.9101556539535522,0.0434867478907108,0.0357922688126564,0.002370857167989,Bollywood
0.0027462532743811,0.0015079056611284,0.0042320801876485,0.6977540850639343,0.1067573279142379,0.1617250293493271,0.0252773743122816,Bollywood
0.0039794249460101,0.0080080488696694,0.0009862185688689,0.8267253637313843,0.0799540504813194,0.0754515081644058,0.0048954370431602,Bollywood
0.0080579845234751,0.0046587074175477,0.0024099259171634,0.5654125809669495,0.3539681434631347,0.0401869267225265,0.0253057014197111,Bollywood
0.3042070865631103,0.1729909628629684,0.0373234935104846,0.0055434070527553,0.2431668937206268,0.1514717638492584,0.085296407341957,Bollywood
0.0060945134609937,0.9847849607467652,0.0032305144704878,0.0017251442186534,0.0015475888503715,0.0020412057638168,0.0005761627107858,Bollywood
0.947002112865448,0.0042134276591241,0.006696090567857,0.0018994177225977,0.0227447673678398,0.0101393098011612,0.0073049226775765,Bollywood
0.02604890614748,0.1328305304050445,0.0802669823169708,0.1431455612182617,0.5415545105934143,0.0136770000681281,0.0624764859676361,Bollywood
0.243257462978363,0.2171433418989181,0.0197220705449581,0.0096414787694811,0.2200494408607483,0.1460230946540832,0.1441631317138672,Bollywood
0.0215613264590501,0.1148197203874588,0.0891688242554664,0.3891739845275879,0.3431956171989441,0.027910416945815,0.0141701065003871,Bollywood
0.0032120374962687,0.0145841548219323,0.0049377121031284,0.9174877405166626,0.0256283693015575,0.0235696621239185,0.0105801671743392,Bollywood
0.1233451142907142,0.7014434337615967,0.0063282228074967,0.0082875927910208,0.0540553703904151,0.1021574884653091,0.0043828086927533,Bollywood
0.0494646318256855,0.0178825333714485,0.0110280821099877,0.024209588766098,0.368099182844162,0.0395723432302475,0.4897436201572418,Bollywood
0.0112667167559266,0.0681512132287025,0.0064269411377608,0.0059135467745363,0.04935048148036,0.8478642106056213,0.0110268602147698,Bollywood
0.3766485154628753,0.323224127292633,0.0119514605030417,0.0103098722174763,0.2497838288545608,0.0221226923167705,0.0059594931080937,Bollywood
0.0544270798563957,0.2196523249149322,0.0031695046927779,0.0158245060592889,0.2926351428031921,0.4070900678634643,0.007201372180134,Bollywood
0.0208779275417327,0.0646822676062583,0.006579671986401,0.2604739964008331,0.5937235951423645,0.0137035716325044,0.0399590097367763,Bollywood
0.0183639787137508,0.2804703414440155,0.0308491438627243,0.0075638727284967,0.360888808965683,0.1917565166950225,0.1101073026657104,Bollywood
0.1650949418544769,0.3456541299819946,0.0050759715959429,0.1609757244586944,0.2850241065025329,0.0301169715821743,0.0080581540241837,Bollywood
0.0275034978985786,0.0296222381293773,0.0014154351083561,0.0607918351888656,0.8624311089515686,0.0114129399880766,0.0068229380995035,Bollywood
0.0481726042926311,0.0782700330018997,0.0078539932146668,0.0716104730963707,0.2854464948177337,0.5003703832626343,0.0082760127261281,Bollywood
0.0030450404155999,0.0012900615110993,0.0008068984607234,0.9502004384994508,0.0195583775639534,0.0123344715684652,0.0127646988257765,Bollywood
0.0092576788738369,0.0037142233923077,0.0054847500286996,0.1417018622159958,0.36869677901268,0.2026121914386749,0.2685325145721435,Bollywood
0.0271013956516981,0.0872871056199073,0.0031541092321276,0.5828701853752136,0.2790868878364563,0.0140381399542093,0.0064622675999999,Bollywood
0.0071216472424566,0.0045332396402955,0.001173467375338,0.8472680449485779,0.1046003624796867,0.0092949755489826,0.0260082352906465,Bollywood
0.0072192884981632,0.0092032235115766,0.0050132204778492,0.0016552734887227,0.0287026930600404,0.9381855726242064,0.0100207207724452,Bollywood
0.0018151103286072,0.0030869296751916,0.0109637705609202,0.0013538867933675,0.0164312422275543,0.9577186703681946,0.0086304247379302,Bollywood
0.0014789048582315,0.0027030559722334,0.0016921738861128,0.0022510082926601,0.0108743328601121,0.9721468091011048,0.0088537335395812,Bollywood
0.0193759500980377,0.0101263923570513,0.0020198565907776,0.5911144614219666,0.1106961071491241,0.2506358623504638,0.0160312782973051,Bollywood
0.2418269366025924,0.0968922600150108,0.0381090752780437,0.0083245877176523,0.5702316164970398,0.0394362099468708,0.0051792738959193,Bollywood
0.0085818571969866,0.0117934616282582,0.9198463559150696,0.0021170368418097,0.0091930078342556,0.0473667941987514,0.001101606641896,Bollywood
0.0502076633274555,0.0771080777049064,0.0091295624151825,0.0444356463849544,0.7975243330001831,0.0192700196057558,0.0023247334174811,Bollywood
0.006288799457252,0.0069791097193956,0.0006212584557943,0.901914656162262,0.068063773214817,0.0105856787413358,0.005546657834202,Bollywood
0.0071168285794556,0.0171486902981996,0.0008426168351434,0.6424049139022827,0.310341328382492,0.0117923654615879,0.010353310033679,Bollywood
