anger,disgust,fear,joy,neutral,sadness,surprise,genre
0.0186276361346244,0.04286665096879,0.8996663689613342,0.0011107218451797,0.0203217808157205,0.0078503116965293,0.0095565067604184,Comedy
0.1281789541244506,0.2333513796329498,0.0151363676413893,0.0172588806599378,0.536649227142334,0.0648985877633094,0.0045266523957252,Comedy
0.0207266397774219,0.0078769801184535,0.0050071752630174,0.1038830354809761,0.7732526063919067,0.0109569132328033,0.0782965570688247,Comedy
0.0163233913481235,0.0238059349358081,0.1502006202936172,0.0128527507185935,0.7629792094230652,0.0248379670083522,0.0090000638738274,Comedy
0.0138521762564778,0.0138079058378934,0.0115808835253119,0.2010152041912078,0.7153275609016418,0.0073993802070617,0.0370168760418891,Comedy
0.3288445770740509,0.3420597314834595,0.0394931435585022,0.0021400712430477,0.0740897133946418,0.2085521519184112,0.004820629954338,Comedy
0.0142743661999702,0.0282648913562297,0.0021960183512419,0.0049761775881052,0.9390714764595032,0.0066343359649181,0.0045827743597328,Comedy
0.017693605273962,0.0229581128805875,0.0017405577236786,0.0035215665120631,0.9311698079109192,0.0059734717942774,0.016942836344242,Comedy
0.0226227529346942,0.0232202149927616,0.0466909259557724,0.3612715005874634,0.5070582032203674,0.0114066386595368,0.0277297217398881,Comedy
0.0039830692112445,0.0073059448041021,0.000778462504968,0.009171649813652,0.9622345566749572,0.0028428412042558,0.0136835444718599,Comedy
0.0074055735021829,0.0110147008672356,0.0027166914660483,0.2524820566177368,0.7067003846168518,0.0167461968958377,0.0029343892820179,Comedy
0.6350767612457275,0.0787457972764968,0.2265082001686096,0.0017910717288032,0.0416739247739315,0.0099912211298942,0.0062130242586135,Comedy
0.1401703506708145,0.2311257869005203,0.0125880064442753,0.0046763042919337,0.4949426651000976,0.1145279556512832,0.0019689099863171,Comedy
0.0237137749791145,0.0086936829611659,0.0026861003134399,0.0092678824439644,0.9365577101707458,0.0134679423645138,0.0056129000149667,Comedy
0.4015070497989654,0.2780212461948395,0.0090950382873415,0.008416311815381,0.2887601256370544,0.0090954499319195,0.0051047373563051,Comedy
0.8430383801460266,0.0440659783780574,0.0298112891614437,0.0033600523602217,0.0444709919393062,0.032160323113203,0.0030929732602089,Comedy
0.290415495634079,0.2619491815567016,0.0802880674600601,0.0017681346507743,0.2254243493080139,0.1357545107603073,0.0044002677313983,Comedy
0.0427249893546104,0.0575209483504295,0.0591188557446002,0.0124020026996731,0.7593167424201965,0.0415146127343177,0.0274018812924623,Comedy
0.2009600102901458,0.7226231694221497,0.0138455219566822,0.0015295195626094,0.0192591175436973,0.0402484871447086,0.0015342537080869,Comedy
0.5412158370018005,0.1993433833122253,0.0857938230037689,0.0026989066973328,0.1390198171138763,0.0260070599615573,0.0059211561456322,Comedy
0.3247836232185364,0.4942282438278198,0.0431876555085182,0.0019057792378589,0.1148933693766594,0.0165891908109188,0.0044121365062892,Comedy
0.0123995151370763,0.0167679712176322,0.0124802757054567,0.0113058546558022,0.9300630688667296,0.012426090426743,0.0045571788214147,Comedy
0.5510839223861694,0.0224653761833906,0.1864917278289795,0.0087262215092778,0.2138348072767257,0.0082838376984,0.00911411549896,Comedy
0.0407972447574138,0.0308749619871377,0.01058598048985,0.0029772131238132,0.8821019530296326,0.0058570825494825,0.0268055032938718,Comedy
0.0095684845000505,0.0195620693266391,0.0394853502511978,0.0052548451349139,0.2607881128787994,0.0040069296956062,0.661334216594696,Comedy
0.0071131945587694,0.0141621148213744,0.1442162543535232,0.004314596299082,0.0412361957132816,0.0087051792070269,0.7802524566650391,Comedy
0.0195502117276191,0.0120154824107885,0.0009834096999838,0.6767038702964783,0.2751134634017944,0.0027318918146193,0.0129017326980829,Comedy
0.0047038933262228,0.0109643526375293,0.0006938594742678,0.7044209837913513,0.2514022588729858,0.0073298783972859,0.0204847306013107,Comedy
0.0981496423482894,0.2003676891326904,0.0446323119103908,0.0027405980508774,0.4454970061779022,0.0211471412330865,0.1874655932188034,Comedy
0.020641578361392,0.0364615060389041,0.1630079299211502,0.0037718620151281,0.5047258734703064,0.0280659440904855,0.2433252036571502,Comedy
0.0078133568167686,0.014824254438281,0.0023960673715919,0.0051536788232624,0.9578253030776978,0.0030447575263679,0.0089425696060061,Comedy
0.2235304415225982,0.152515709400177,0.069209411740303,0.0044347415678203,0.3775447010993957,0.1432511508464813,0.0295139010995626,Comedy
