anger,disgust,fear,joy,neutral,sadness,surprise,genre
0.0131717268377542,0.3187353909015655,0.0221945364028215,0.0028016122523695,0.4944670498371124,0.0987689495086669,0.0498607382178306,Horror
0.0258283149451017,0.1069251000881195,0.4589044451713562,0.0032747709192335,0.2085573673248291,0.1093731448054313,0.0871368870139122,Horror
0.0027557108551263,0.0086909970268607,0.9679626226425172,0.0009492544922977,0.0092024207115173,0.0035129252355545,0.0069261663593351,Horror
0.0055916304700076,0.0122585780918598,0.9414448738098145,0.0008321944042108,0.011921651661396,0.0189346205443143,0.0090164337307214,Horror
0.0249888934195041,0.0939371138811111,0.3086749315261841,0.0028320469427853,0.5250657200813293,0.0352465398609638,0.0092548225075006,Horror
0.0129096079617738,0.0801127552986145,0.1444262415170669,0.0148561708629131,0.643487811088562,0.0643818899989128,0.0398255623877048,Horror
0.0378013886511325,0.0169981736689806,0.0050647598691284,0.0596294961869716,0.831845760345459,0.011652479879558,0.0370079912245273,Horror
0.0301974825561046,0.1237958967685699,0.4868823587894439,0.0035668341442942,0.3080752789974212,0.0327305272221565,0.014751560986042,Horror
0.5207115411758423,0.1405845284461975,0.0178384855389595,0.0011656128335744,0.114934355020523,0.1861005276441574,0.0186649318784475,Horror
0.0291639398783445,0.0194618981331586,0.2757916748523712,0.0105735529214143,0.5096965432167053,0.1429259777069091,0.0123863890767097,Horror
0.0509747602045536,0.1262092888355255,0.0194845795631408,0.0062187635339796,0.688227117061615,0.0927287340164184,0.0161567758768796,Horror
0.0074328826740384,0.0064214654266834,0.0223259814083576,0.0861973017454147,0.8149175643920898,0.0084481742233037,0.0542567111551761,Horror
0.7826936841011047,0.1716875284910202,0.0126209026202559,0.0011233716504648,0.0247994940727949,0.0057058748789131,0.0013692498905584,Horror
0.5740037560462952,0.1165639758110046,0.0532756708562374,0.0031351197976619,0.2002271115779876,0.0515437237918376,0.0012505624908953,Horror
0.0042144330218434,0.0119367474690079,0.0018763457192108,0.0059214187785983,0.9507049918174744,0.0054034036584198,0.019942682236433,Horror
0.1078844666481018,0.7312847971916199,0.0266372915357351,0.0007747236522845,0.034981332719326,0.0547522753477096,0.0436850637197494,Horror
0.1697030812501907,0.0204817727208137,0.0921128839254379,0.0053884987719357,0.6405347585678101,0.0547870844602584,0.016991876065731,Horror
0.5857688784599304,0.1490259617567062,0.1096883937716484,0.0010411299299448,0.0240219719707965,0.118263803422451,0.0121898474171757,Horror
0.1436453163623809,0.2248017936944961,0.1546779870986938,0.0027051561046391,0.4451817572116852,0.0214605275541543,0.0075273984111845,Horror
0.0375757031142711,0.3458606004714966,0.2881712317466736,0.0179118756204843,0.279761254787445,0.0256828069686889,0.0050366157665848,Horror
0.3217607736587524,0.4654284119606018,0.0514045730233192,0.0015804504510015,0.1314001679420471,0.0137891611084342,0.0146364523097872,Horror
0.0546586997807025,0.8410447239875793,0.0118620907887816,0.0009874339448288,0.0234116371721029,0.0631825998425483,0.0048527792096138,Horror
0.1132856085896492,0.0886693000793457,0.0942379236221313,0.0027861802373081,0.434180200099945,0.254707783460617,0.0121329454705119,Horror
0.0324623063206672,0.0149954250082373,0.8308619260787964,0.0020788114052265,0.0569372922182083,0.0254178196191787,0.0372465625405311,Horror
0.1358900517225265,0.0970529988408088,0.0081550339236855,0.0026775663718581,0.2166676372289657,0.5141351819038391,0.0254215057939291,Horror
0.3585494756698608,0.4149892330169678,0.1850383430719375,0.0014458552468568,0.0255932845175266,0.0100776767358183,0.0043062325567007,Horror
0.1034934073686599,0.1308653205633163,0.1408158540725708,0.0026813519652932,0.2193309366703033,0.1708351373672485,0.2319780141115188,Horror
0.6395801305770874,0.0988526344299316,0.0393245927989482,0.0017296641599386,0.0909353718161583,0.1166708618402481,0.0129066966474056,Horror
0.0248116049915552,0.0022223726846277,0.9363599419593812,0.0014585020253434,0.0124024571850895,0.0115067521110177,0.0112384660169482,Horror
0.1225897669792175,0.1180602237582206,0.3703460693359375,0.0020925749558955,0.3129329979419708,0.0116056110709905,0.0623727478086948,Horror
0.5965380072593689,0.1326434463262558,0.2059153318405151,0.0019972221925854,0.0501621663570404,0.0082722371444106,0.0044716377742588,Horror
0.157261773943901,0.7266136407852173,0.0383970141410827,0.0007338845171034,0.0202339068055152,0.0479361563920974,0.0088236173614859,Horror
0.0081542190164327,0.0102571668103337,0.0043601687066257,0.0527147650718688,0.7212039828300476,0.1969554722309112,0.00635422533378,Horror
0.0270754769444465,0.0566981397569179,0.012781967408955,0.057853378355503,0.6322723627090454,0.2048621326684951,0.0084564834833145,Horror
