anger,disgust,fear,joy,neutral,sadness,surprise,genre
0.0430577583611011,0.050320278853178,0.0478317253291606,0.0332576967775821,0.7385433316230774,0.0538986399769783,0.0330905504524707,Anime
0.0119276158511638,0.0710511058568954,0.0042925747111439,0.012689109891653,0.8797599673271179,0.0069822059012949,0.0132973752915859,Anime
0.0174100510776042,0.0082075493410229,0.0149641083553433,0.0881936997175216,0.8104339241981506,0.0061531499959528,0.0546374507248401,Anime
0.0344286412000656,0.0370216108858585,0.0165534578263759,0.0717580690979957,0.8108670115470886,0.011220964603126,0.0181502867490053,Anime
0.4062304198741913,0.0384172871708869,0.1372911930084228,0.0855773389339447,0.305832177400589,0.0079803057014942,0.0186713319271802,Anime
0.0090290280058979,0.0625229477882385,0.0304026417434215,0.0426986813545227,0.5988601446151733,0.2525429725646972,0.0039435662329196,Anime
0.0548033565282821,0.1660060733556747,0.0015618287725374,0.4019875824451446,0.3561667501926422,0.0150482850149273,0.0044260486029088,Anime
0.1386675834655761,0.1738083362579345,0.0243650171905756,0.002081383485347,0.5486660599708557,0.1044745594263076,0.0079370103776454,Anime
0.0208903327584266,0.0537774786353111,0.0015971951652318,0.577444851398468,0.3027119636535644,0.0382207818329334,0.0053573600016534,Anime
0.0184572525322437,0.0117640569806098,0.0828826278448104,0.0029642805457115,0.0275117997080087,0.0043725948780775,0.8520474433898926,Anime
0.0204065442085266,0.0493589341640472,0.0579320192337036,0.0560319907963275,0.7260891199111938,0.0568454936146736,0.0333358794450759,Anime
0.0741270408034324,0.6741905808448792,0.0261358451098203,0.0066754571162164,0.1920763105154037,0.0227048117667436,0.0040900106541812,Anime
0.1502459198236465,0.0845313295722007,0.0339207984507083,0.0020014150068163,0.042056817561388,0.6858636736869812,0.0013800330925732,Anime
0.0208546817302703,0.0568930879235267,0.0027536898851394,0.1115671545267105,0.7424497604370117,0.0215167980641126,0.043964859098196,Anime
0.3210009038448334,0.1356823146343231,0.0411470904946327,0.0026975667569786,0.1529922634363174,0.1618430018424987,0.1846368908882141,Anime
0.0475322417914867,0.0837376341223716,0.2912640869617462,0.0033575736451894,0.3769693672657013,0.0189491882920265,0.1781899631023407,Anime
0.1797539144754409,0.51373690366745,0.0066092605702579,0.0035457189660519,0.228090152144432,0.0579193718731403,0.0103446440771222,Anime
0.0190864764153957,0.3178732097148895,0.0419937670230865,0.0066683120094239,0.3841209709644317,0.0158309303224086,0.2144262790679931,Anime
0.0113450568169355,0.0365863665938377,0.0080157723277807,0.0013357078423723,0.0461373515427112,0.8922783732414246,0.0043014027178287,Anime
