anger,disgust,fear,joy,neutral,sadness,surprise,genre
0.1376237571239471,0.0169650856405496,0.1072364971041679,0.0653407499194145,0.5494057536125183,0.1145289167761802,0.0088992854580283,Action_Adventure
0.0162506718188524,0.0096319979056715,0.001076734974049,0.0070277848280966,0.9512094855308532,0.0022279794793576,0.0125754429027438,Action_Adventure
0.788528561592102,0.0704101845622062,0.0425356514751911,0.0018549420638009,0.0493739210069179,0.0449395403265953,0.0023572775535285,Action_Adventure
0.0444705821573734,0.0120116155594587,0.8491711020469666,0.0023566824384033,0.0687540769577026,0.0191951096057891,0.0040408275090157,Action_Adventure
0.2660310268402099,0.4670173227787018,0.0171255152672529,0.0022494664881378,0.1677134335041046,0.0710394531488418,0.0088237943127751,Action_Adventure
0.0458966605365276,0.0898384451866149,0.0468465536832809,0.0014755113516002,0.2021505385637283,0.5866098999977112,0.0271823648363351,Action_Adventure
0.5362710356712341,0.0195111855864524,0.2284540385007858,0.0031984725501388,0.1835318803787231,0.0083255833014845,0.0207077860832214,Action_Adventure
0.0243441984057426,0.0074395583942532,0.7113304734230042,0.0059718992561101,0.111501894891262,0.1333550065755844,0.0060569215565919,Action_Adventure
0.0535518378019332,0.0686333626508712,0.3846797049045563,0.0056983972899615,0.4443627595901489,0.0127680227160453,0.030305903404951,Action_Adventure
0.0213246420025825,0.0164051912724971,0.2205132097005844,0.007193848490715,0.0803812742233276,0.5523479580879211,0.1018339395523071,Action_Adventure
0.2522105872631073,0.2022611498832702,0.0076287142001092,0.0020947167649865,0.4150508940219879,0.0175839588046073,0.1031699851155281,Action_Adventure
0.231527104973793,0.3272879421710968,0.0123224882408976,0.0051770894788205,0.3955400884151459,0.0210102275013923,0.0071350415237247,Action_Adventure
0.6736342906951904,0.2779588401317596,0.0221766754984855,0.0007388281519524,0.0091842347756028,0.0144737958908081,0.0018333415500819,Action_Adventure
0.1065043285489082,0.4781474769115448,0.0076684593223035,0.0016096230829134,0.3654364645481109,0.019122876226902,0.0215107500553131,Action_Adventure
