anger,disgust,fear,joy,neutral,sadness,surprise,genre
0.0071810977533459,0.0097014745697379,0.0154136959463357,0.5390481948852539,0.3674457371234894,0.0222682431340217,0.0389415174722671,Drama
0.0043024164624512,0.0207307748496532,0.0053987498395144,0.0084689948707818,0.8837023377418518,0.0275128819048404,0.0498838238418102,Drama
0.0075420858338475,0.037665881216526,0.016400272026658,0.0110469255596399,0.9066680669784546,0.0059552388265728,0.014721474610269,Drama
0.1160099431872367,0.0386513099074363,0.7583704590797424,0.0017326070228591,0.0539365336298942,0.0239129830151796,0.0073861596174538,Drama
0.16878342628479,0.2146586328744888,0.0083504738286137,0.0033598474692553,0.530940592288971,0.070373848080635,0.0035332096740603,Drama
0.1164078935980796,0.157309278845787,0.0117140393704175,0.0022428773809224,0.1162314936518669,0.5910789966583252,0.0050154388882219,Drama
0.0027475107926875,0.0030941495206207,0.0032452505547553,0.3127320110797882,0.1635820567607879,0.4451441168785095,0.069454975426197,Drama
0.0125268558040261,0.025689223781228,0.0012675652978941,0.2722738683223724,0.639958381652832,0.0090997060760855,0.0391843803226947,Drama
0.0121796894818544,0.1672277897596359,0.0027175282593816,0.0242577940225601,0.7434372901916504,0.0060918750241398,0.0440879836678504,Drama
0.0080293025821447,0.0023383020889014,0.0019915325101464,0.2824409008026123,0.5958975553512573,0.0144120072945952,0.0948903486132621,Drama
0.0037962337955832,0.0048083700239658,0.0020315407309681,0.7803415656089783,0.1100365370512008,0.0734195634722709,0.0255661346018314,Drama
0.0084834266453981,0.0113091822713613,0.003864025697112,0.0253264475613832,0.8568832874298096,0.049132153391838,0.0450014472007751,Drama
0.5091613531112671,0.0854143500328064,0.0555687919259071,0.0032826382666826,0.3259888887405395,0.0134754497557878,0.0071084275841712,Drama
0.0062959338538348,0.1746256053447723,0.0423872396349906,0.1110085174441337,0.1030131578445434,0.5533879995346069,0.009281588718295,Drama
