anger,disgust,fear,joy,neutral,sadness,surprise,genre
0.0098791942000389,0.0005912524065934,0.0055395066738128,0.5863428115844727,0.1036989688873291,0.0586116053164005,0.2353366911411285,Stoner_film
0.3455844223499298,0.0203950628638267,0.0025444196071475,0.0076898662373423,0.5816640853881836,0.0270227249711751,0.0150994304567575,Stoner_film
0.0209565591067075,0.034412957727909,0.0059116086922585,0.0168278571218252,0.6883444786071777,0.2107207179069519,0.0228258501738309,Stoner_film
0.7121185660362244,0.138095274567604,0.0148400655016303,0.0089766839519143,0.1056075170636177,0.0178653672337532,0.002496600151062,Stoner_film
0.0142092453315854,0.1359143853187561,0.0027158539742231,0.5049588084220886,0.3130109012126922,0.0131459590047597,0.0160447973757982,Stoner_film
0.0965897515416145,0.7713053226470947,0.0079954592511057,0.0025715888477861,0.1091450303792953,0.0060346736572682,0.0063583399169147,Stoner_film
0.1384638845920562,0.6049127578735352,0.0033254781737923,0.0119711002334952,0.2139290273189544,0.0238897688686847,0.0035079377703368,Stoner_film
0.0172393079847097,0.0613321475684642,0.0068781836889684,0.2264841645956039,0.6291307806968689,0.0546719655394554,0.0042633386328816,Stoner_film
0.0983912721276283,0.0191057007759809,0.5772384405136108,0.0037836637347936,0.2346736490726471,0.021306911483407,0.0455003790557384,Stoner_film
0.0076432544738054,0.0106831220909953,0.0031263085547834,0.006947458256036,0.9608280062675476,0.0080446731299161,0.0027271709404885,Stoner_film
0.185013011097908,0.0810097828507423,0.1110766604542732,0.0062773898243904,0.1490315049886703,0.2425481677055359,0.2250435203313827,Stoner_film
0.0033643275965005,0.0082226879894733,0.0023772076237946,0.0166695024818182,0.9489010572433472,0.0110767027363181,0.0093884421512484,Stoner_film
0.0102821988984942,0.003086787648499,0.0236586425453424,0.0143320867791771,0.8107102513313293,0.0093336282297968,0.1285963654518127,Stoner_film
0.1421066373586654,0.0749982893466949,0.0069603589363396,0.0030968813225626,0.7516787052154541,0.0154590420424938,0.0057000769302248,Stoner_film
0.0080026322975754,0.0261140223592519,0.0015114790294319,0.0070024225860834,0.9298620223999025,0.0119557240977883,0.0155516443774104,Stoner_film
0.0166080985218286,0.2158693224191665,0.0030990883242338,0.0081684943288564,0.7336699962615967,0.0046458910219371,0.017939168959856,Stoner_film
0.0063363793306052,0.0034996352624148,0.0043816003017127,0.0045168688520789,0.8356830477714539,0.0058071021921932,0.1397753357887268,Stoner_film
0.0308318305760622,0.007201449945569,0.948495090007782,0.0009087104117497,0.00860480312258,0.0026760927867144,0.0012820011470466,Stoner_film
0.0342106744647026,0.0084651336073875,0.91482013463974,0.0024114369880408,0.0346246287226676,0.0032859777566045,0.002181930700317,Stoner_film
0.1598111689090728,0.0923510193824768,0.0392139963805675,0.0026084673590958,0.2402742356061935,0.456282377243042,0.0094587067142128,Stoner_film
0.0264507681131362,0.0624885484576225,0.0251973718404769,0.0036540110595524,0.8317288160324097,0.011029708199203,0.0394507050514221,Stoner_film
0.1424939632415771,0.0183612704277038,0.0822123065590858,0.0129440566524863,0.2345380187034607,0.3646852970123291,0.144765019416809,Stoner_film
0.0353703759610652,0.0069901389069855,0.0863154530525207,0.0668166801333427,0.5348573923110962,0.0125531200319528,0.2570968270301819,Stoner_film
0.0054967319592833,0.0027759762015193,0.0171904731541872,0.1136276945471763,0.5399625301361084,0.0658977180719375,0.2550488710403442,Stoner_film
0.0150863891467452,0.0107308300212025,0.0042700823396444,0.0122580733150243,0.93453711271286,0.018060078844428,0.0050574271008372,Stoner_film
0.0128518613055348,0.0034710383042693,0.004258831962943,0.0227477513253688,0.7540560364723206,0.0025057690218091,0.2001087367534637,Stoner_film
0.4793713688850403,0.3893001079559326,0.0410546660423278,0.0041501666419208,0.0707293897867202,0.0104087367653846,0.0049856528639793,Stoner_film
0.0099640320986509,0.0013407142832875,0.0035123247653245,0.1626905351877212,0.1282671838998794,0.0106340395286679,0.6835911870002747,Stoner_film
0.2016964256763458,0.1052959561347961,0.0103597287088632,0.0018528448417782,0.6231260895729065,0.0521115325391292,0.005557341966778,Stoner_film
0.1675759851932525,0.2861980497837066,0.0359403528273105,0.0025681627448648,0.4102900922298431,0.0909873247146606,0.0064400271512568,Stoner_film
0.1637415587902069,0.0560624748468399,0.0055030756630003,0.0968222692608833,0.6299747824668884,0.0291890334337949,0.0187068562954664,Stoner_film
0.1148988381028175,0.7790164351463318,0.0033219289034605,0.0022516457829624,0.0827697366476059,0.0148213431239128,0.0029201388824731,Stoner_film
0.0603617876768112,0.5913332104682922,0.0027252619620412,0.0221962798386812,0.2896521985530853,0.0207686889916658,0.0129625974223017,Stoner_film
0.0045317597687244,0.0058124675415456,0.0017225876217707,0.5645180344581604,0.4006360471248626,0.0063384873792529,0.0164406485855579,Stoner_film
0.007266713771969,0.003608203260228,0.0031143333762884,0.0199168808758258,0.2288119196891784,0.0702122375369072,0.667069673538208,Stoner_film
