anger,disgust,fear,joy,neutral,sadness,surprise,genre
0.0048179170116782,0.016215207055211,0.0042740777134895,0.0164311118423938,0.0500927753746509,0.9051602482795716,0.003008656669408,Indie
0.0105202076956629,0.0515131205320358,0.004056769888848,0.430321455001831,0.3439455926418304,0.0620400831103324,0.0976028591394424,Indie
0.0478743836283683,0.4308515787124634,0.0044960719533264,0.0096181528642773,0.2042022347450256,0.2758127152919769,0.0271448995918035,Indie
0.0011476259678602,0.0019189208978787,0.0005951627972535,0.0014079824322834,0.0062144403345882,0.9807612895965576,0.0079545825719833,Indie
0.010629491880536,0.0052251531742513,0.005255801603198,0.0030597350560128,0.0409406870603561,0.0640314221382141,0.8708576560020447,Indie
0.0435644276440143,0.0023783214855939,0.8667805194854736,0.0027263911906629,0.0137409828603267,0.0042564757168293,0.0665528029203414,Indie
0.0272689908742904,0.2126356214284896,0.0039499565027654,0.2416900992393493,0.4852606654167175,0.0249206144362688,0.0042741601355373,Indie
0.3448170125484466,0.0907016992568969,0.0033467388711869,0.0070107886567711,0.1309865415096283,0.412487119436264,0.0106500359252095,Indie
0.6485711932182312,0.2745334208011627,0.0112324757501482,0.0029015995096415,0.0484011471271514,0.009945292957127,0.0044148447923362,Indie
0.4481312334537506,0.0131426444277167,0.4232684671878814,0.0030127451755106,0.0294634439051151,0.0333281680941581,0.0496534258127212,Indie
0.0041351029649376,0.0042880163528025,0.0036745583638548,0.0353974848985672,0.8823681473731995,0.0217965096235275,0.048340119421482,Indie
0.0169394128024578,0.0079712653532624,0.0259352214634418,0.0017423342214897,0.0757458806037902,0.0028524145018309,0.8688135147094727,Indie
0.0146899363026022,0.0163039732724428,0.0104789184406399,0.0340874232351779,0.9073173403739928,0.0069932048209011,0.0101291360333561,Indie
0.1622184813022613,0.1313148885965347,0.04655696824193,0.0115725109353661,0.6354823112487793,0.0048422780819237,0.0080125834792852,Indie
0.0710835605859756,0.4436192810535431,0.0188551023602485,0.0013690443011,0.3489342331886291,0.1017500162124633,0.0143887232989072,Indie
0.9280443787574768,0.0226084142923355,0.0017700706375762,0.0012845853343605,0.0312499273568391,0.0056758834980428,0.009366687387228,Indie
0.0024186645168811,0.0210428293794393,0.0046496298164129,0.0020277693402022,0.0625455677509307,0.8997448086738586,0.0075706443749368,Indie
0.0445842482149601,0.3320123255252838,0.0054273754358291,0.0044155656360089,0.5443964600563049,0.0125308576971292,0.0566332079470157,Indie
0.0042551062069833,0.9879498481750488,0.0011794955935329,0.0004815568972844,0.0038720099255442,0.0015468435594812,0.000715143745765,Indie
0.0478689819574356,0.6343506574630737,0.1740594059228897,0.0050000548362731,0.0131108360365033,0.1205662935972213,0.0050438023172318,Indie
0.0065517374314367,0.9548913836479188,0.0029049364384263,0.0091783897951245,0.0212455634027719,0.0034316962119191,0.0017962772399187,Indie
0.0884521827101707,0.8945204615592957,0.0054310071282088,0.0006594888982363,0.0055712214671075,0.0045956815592944,0.000769883277826,Indie
0.0650788098573684,0.4862219393253326,0.0451467931270599,0.0043506454676389,0.352020263671875,0.0283207260072231,0.0188608169555664,Indie
0.0432484485208988,0.8714147806167603,0.0086778234690427,0.0009606550447642,0.064681090414524,0.0083476891741156,0.0026694969274103,Indie
0.1353358179330825,0.0347183160483837,0.0265409015119075,0.0030551408417522,0.0927437096834182,0.471211701631546,0.2363943755626678,Indie
0.4186021983623504,0.1335925608873367,0.0032650178764015,0.0110483514145016,0.3473391830921173,0.0778392106294632,0.0083134472370147,Indie
0.0322499200701713,0.0873923003673553,0.0879814699292182,0.0032749644014984,0.3969856202602386,0.2988566160202026,0.0932590886950492,Indie
0.007083895150572,0.0114905145019292,0.0018167063826695,0.0486338250339031,0.914455771446228,0.006200355477631,0.0103189656510949,Indie
0.0146646276116371,0.0135364858433604,0.0054882275871932,0.0043630790896713,0.0588785484433174,0.0056144432164728,0.8974546194076538,Indie
0.0212179347872734,0.1547352820634842,0.3349360525608063,0.0068661142140626,0.325924813747406,0.1187195777893066,0.0376002192497253,Indie
0.013463414274156,0.6324244141578674,0.0028430558741092,0.0344491936266422,0.2780205905437469,0.0157660860568285,0.0230332128703594,Indie
0.0146937817335128,0.0783980041742324,0.0058719092048704,0.0602911412715911,0.784475564956665,0.0422646701335907,0.0140049681067466,Indie
0.0033149921800941,0.0032801404595375,0.949355125427246,0.0015764934942126,0.0244734361767768,0.0064952909015119,0.0115046612918376,Indie
0.0332741551101207,0.8174138069152832,0.0913990810513496,0.0013018005993217,0.0311329588294029,0.0211866870522499,0.0042913970537483,Indie
0.0237459018826484,0.5391855835914612,0.0139098418876528,0.1395275145769119,0.1654747575521469,0.1111183241009712,0.0070381490513682,Indie
0.1911313086748123,0.0284263920038938,0.0074846185743808,0.001654851832427,0.0522328093647956,0.708806574344635,0.0102634271606802,Indie
0.0917245596647262,0.0617132447659969,0.0033003308344632,0.0019374463008716,0.1121884435415268,0.7238835692405701,0.0052524656057357,Indie
0.7750320434570312,0.126944363117218,0.0051381364464759,0.0011707522207871,0.077228732407093,0.007389903999865,0.0070960698649287,Indie
0.0341478772461414,0.0176113005727529,0.0017712995177134,0.0065372195094823,0.9264259338378906,0.0046503986231982,0.0088560711592435,Indie
0.0040191072039306,0.0164350066334009,0.0022027385421097,0.0052096620202064,0.9169005751609802,0.0116378050297498,0.0435951352119445,Indie
0.1388294994831085,0.0539417937397956,0.0017855521291494,0.0092999916523695,0.4561355412006378,0.038067739456892,0.301939845085144,Indie
0.0169787295162677,0.1736713647842407,0.0406043529510498,0.0039211767725646,0.0854139775037765,0.6656059622764587,0.0138044385239481,Indie
0.0076704835519194,0.0058749350719153,0.0065176808275282,0.7696888446807861,0.066200204193592,0.045643787831068,0.0984039977192878,Indie
0.0010290478821843,0.0011598045239225,0.0002308486436959,0.990444839000702,0.002635263139382,0.0015631734859198,0.0029371290002018,Indie
