anger,disgust,fear,joy,neutral,sadness,surprise,genre
0.0044695744290947,0.0015375624643638,0.0653315857052803,0.0025218785740435,0.0042090499773621,0.9171294569969176,0.0048009529709815,Comedy
0.2392040938138961,0.0359779894351959,0.262383371591568,0.0467350631952285,0.3140864670276642,0.0701304823160171,0.0314825512468814,Comedy
0.1854279041290283,0.0797761529684066,0.0053875781595706,0.0079252254217863,0.6209829449653625,0.0952776595950126,0.0052224965766072,Comedy
0.0995576530694961,0.0060871918685734,0.8601309061050415,0.0009442369337193,0.0142243942245841,0.0163524616509675,0.0027031667996197,Comedy
0.3330234885215759,0.0835167169570922,0.007350240368396,0.0042559928260743,0.2279190570116043,0.334022045135498,0.0099125066772103,Comedy
0.6455773711204529,0.0575007423758506,0.2027753740549087,0.0015934724360704,0.0594022572040557,0.0238685458898544,0.009282125160098,Comedy
0.4303961098194122,0.021986186504364,0.4559725522994995,0.0030519252177327,0.0705813914537429,0.0110126221552491,0.0069991531781852,Comedy
0.0328442677855491,0.0378063097596168,0.1048092097043991,0.0054388004355132,0.2189424484968185,0.577802836894989,0.0223561525344848,Comedy
0.0279698763042688,0.0274790097028017,0.00425660982728,0.0025470652617514,0.9240581393241882,0.0046421131119132,0.0090472185984253,Comedy
0.4213456213474273,0.0964553654193878,0.0201533250510692,0.0026475205086171,0.186887115240097,0.2633319795131683,0.0091790594160556,Comedy
0.0636828169226646,0.0544409789144992,0.0145680783316493,0.0029244115576148,0.8167238831520081,0.0433379001915454,0.0043218471109867,Comedy
0.2061710208654403,0.5207869410514832,0.0062006139196455,0.0050217239186167,0.2070060819387436,0.0525648184120655,0.0022488490212708,Comedy
0.7723859548568726,0.1556181162595749,0.0115887550637125,0.0009958364535123,0.0363183543086051,0.0212931782007217,0.0017997670220211,Comedy
0.7701078653335571,0.0978737846016883,0.0212717801332473,0.0012394807999953,0.0757257938385009,0.0095607498660683,0.0242204293608665,Comedy
0.5515965819358826,0.305745005607605,0.0230289511382579,0.0026317243464291,0.0932108387351036,0.0171643644571304,0.0066225589253008,Comedy
0.0060282326303422,0.0157992411404848,0.0056094666942954,0.0175790470093488,0.8938950300216675,0.015842106193304,0.0452467463910579,Comedy
0.0250404775142669,0.1291522085666656,0.0036682810168713,0.008520720526576,0.7248744964599609,0.0156321376562118,0.0931116566061973,Comedy
0.802889347076416,0.1270713061094284,0.0365621224045753,0.0010070444550365,0.0202375724911689,0.0101990532130002,0.0020335183944553,Comedy
0.0642939060926437,0.1659379005432129,0.3876644968986511,0.0044956975616514,0.3246117532253265,0.0201423279941082,0.0328538976609706,Comedy
0.726757824420929,0.04811916872859,0.0255895256996154,0.0016954937018454,0.1262959241867065,0.0624450519680976,0.0090970136225223,Comedy
0.7535391449928284,0.0317060425877571,0.0597610883414745,0.0017544577131047,0.0806650891900062,0.0624147020280361,0.0101594822481274,Comedy
0.0397165790200233,0.0186023470014333,0.5765243768692017,0.0025166722480207,0.0823319405317306,0.2603579461574554,0.0199501644819974,Comedy
0.012268460355699,0.0443512834608554,0.0020886368583887,0.0253225583583116,0.8951814770698547,0.0097420308738946,0.0110454997047781,Comedy
