anger,disgust,fear,joy,neutral,sadness,surprise,genre
0.0648448094725608,0.0099121741950511,0.1204074844717979,0.0270335543900728,0.6557066440582275,0.0468332357704639,0.0752620920538902,Drama
0.0190862100571393,0.0439056642353534,0.10634196549654,0.009118340909481,0.7491697072982788,0.0605946704745292,0.0117834564298391,Drama
0.0312856212258338,0.0588091984391212,0.2578032612800598,0.0028014397248625,0.0845053270459175,0.5451059937477112,0.0196891836822032,Drama
0.1573714911937713,0.0538633801043033,0.0235348865389823,0.0845645889639854,0.3754202127456665,0.2988668084144592,0.00637859525159,Drama
0.0014269368257373,0.0015757139772176,0.0005337377660907,0.0078457398340106,0.0123891988769173,0.9715389013290404,0.0046897106803953,Drama
0.0656847134232521,0.8300750255584717,0.0207759365439414,0.0007668118341825,0.071211852133274,0.0070488848723471,0.004436804447323,Drama
0.1990560889244079,0.0610977038741111,0.1502076536417007,0.0018760532839223,0.3601776659488678,0.1723300218582153,0.0552547499537467,Drama
0.2103019207715988,0.3809822201728821,0.0143296141177415,0.0035590559709817,0.1902974396944046,0.1846264451742172,0.0159033071249723,Drama
0.100941427052021,0.2787736356258392,0.0036121921148151,0.0829355865716934,0.3495878577232361,0.1795903444290161,0.0045588929206132,Drama
0.0251296106725931,0.0288262199610471,0.3405666053295135,0.0018584602512419,0.0287986062467098,0.56815105676651,0.0066694812849164,Drama
0.0026741351466625,0.007641764357686,0.0193315092474222,0.0029503379482775,0.026367325335741,0.9299220442771912,0.011112893000245,Drama
