anger,disgust,fear,joy,neutral,sadness,surprise,genre
0.0136596960946917,0.6322759389877319,0.3179478049278259,0.00328362849541,0.0223220810294151,0.0058846333995461,0.0046261982060968,Horror
0.2022808790206909,0.15461166203022,0.4333008825778961,0.0019267607713118,0.1403158605098724,0.0572051703929901,0.0103587172925472,Horror
0.0198747050017118,0.0077126291580498,0.0167946200817823,0.5015655159950256,0.1195689290761947,0.1844547837972641,0.1500288099050521,Horror
0.0097445026040077,0.0049041388556361,0.0029373045545071,0.210800752043724,0.5004481077194214,0.1086606681346893,0.1625045388936996,Horror
0.0051408475264906,0.0216392204165458,0.0051092514768242,0.0055484157055616,0.1824049800634384,0.7590934634208679,0.0210638921707868,Horror
0.0052856840193271,0.0029812029097229,0.0071540270000696,0.0608184523880481,0.8556609153747559,0.0311298407614231,0.036969918757677,Horror
0.8073925971984863,0.0308160241693258,0.0635683313012123,0.0005113492952659,0.0100690256804227,0.0763248577713966,0.0113178119063377,Horror
0.1871540248394012,0.3724918067455292,0.2224916219711303,0.0012810818152502,0.021245053038001,0.183659017086029,0.0116774355992674,Horror
0.0061984290368855,0.0504878759384155,0.8893629312515259,0.0010731840739026,0.0177530199289321,0.0205472875386476,0.0145773654803633,Horror
0.09088646620512,0.8688693642616272,0.0144966598600149,0.0005281654302962,0.0141533445566892,0.0084178373217582,0.0026481305249035,Horror
0.1133255138993263,0.4965821206569671,0.0141616407781839,0.0045185456983745,0.3436310589313507,0.0194599498063325,0.0083211278542876,Horror
0.0048228348605334,0.9387853741645812,0.0172671396285295,0.001847892999649,0.0135032339021563,0.0033299163915216,0.0204436667263507,Horror
0.2173690497875213,0.1080070659518241,0.0095046171918511,0.0036700400523841,0.3867856860160827,0.2207613438367843,0.0539022199809551,Horror
0.0122281489893794,0.0261160135269165,0.0038392373826354,0.0529517829418182,0.7859811782836914,0.0044306912459433,0.1144529730081558,Horror
0.07889174669981,0.0790996327996254,0.0219524782150983,0.0011972250649705,0.0501695722341537,0.7405871748924255,0.0281022544950246,Horror
0.0444609150290489,0.0186497122049331,0.8191555738449097,0.0035628946498036,0.0777140483260154,0.0249919556081295,0.0114649338647723,Horror
0.1139339134097099,0.1490199267864227,0.1174781024456024,0.0109577048569917,0.3065845370292663,0.2152582257986068,0.0867676362395286,Horror
0.0800434350967407,0.0315230041742324,0.0316040441393852,0.0146812293678522,0.3642126023769378,0.4708580374717712,0.0070777116343379,Horror
0.1051789075136184,0.4978096187114715,0.127972811460495,0.0026178413536399,0.1600397229194641,0.0876085683703422,0.0187725108116865,Horror
0.0338450372219085,0.8583453297615051,0.008057065308094,0.0010225398000329,0.0870096385478973,0.0101953083649277,0.0015250392025336,Horror
0.2158786058425903,0.2841589748859405,0.3457977175712585,0.0025795153342187,0.0568136610090732,0.0866972655057907,0.0080742957070469,Horror
0.0457082092761993,0.053833145648241,0.6584663391113281,0.0016320766881108,0.052089225500822,0.1399126052856445,0.0483583882451057,Horror
0.131587728857994,0.0811983570456504,0.7590120434761047,0.00143167108763,0.0109651964157819,0.0070241866633296,0.0087808119133114,Horror
0.0288350023329257,0.0241612587124109,0.0095586730167269,0.0047279465943574,0.4296014606952667,0.414639800786972,0.0884759277105331,Horror
0.1203410029411315,0.6278554201126099,0.0796478539705276,0.0016020445618778,0.1131436824798584,0.0420989394187927,0.0153110949322581,Horror
0.0471159145236015,0.0308171473443508,0.0182841159403324,0.0042169331572949,0.3415987491607666,0.4931613802909851,0.0648057088255882,Horror
0.0299775917083024,0.8024458885192871,0.1126003563404083,0.0009654890163801,0.0191864110529422,0.0323031656444072,0.0025210150051862,Horror
0.3999197483062744,0.0665907710790634,0.021737677976489,0.0052055241540074,0.4851106405258178,0.0165408067405223,0.0048947893083095,Horror
0.1058602705597877,0.4234345257282257,0.079925999045372,0.0041050072759389,0.3456247746944427,0.0376683883368968,0.0033811079338192,Horror
0.3507022559642792,0.0217371936887502,0.5139338374137878,0.0020796114113181,0.0603517442941665,0.0455395877361297,0.0056557897478342,Horror
0.0118692182004451,0.8861760497093201,0.0169847775250673,0.0012685732217505,0.0389905385673046,0.0340387895703315,0.0106721492484211,Horror
