anger,disgust,fear,joy,neutral,sadness,surprise,genre
0.0314101241528987,0.2637329995632171,0.0087745524942874,0.0046642022207379,0.407903254032135,0.2752149999141693,0.0082999244332313,Juvenile_Delinquency_Film
0.1256958991289138,0.161466047167778,0.0307230651378631,0.0123565709218382,0.6363727450370789,0.0268293488770723,0.0065563577227294,Juvenile_Delinquency_Film
0.4011274874210357,0.0101089095696806,0.3353485763072967,0.0131500102579593,0.2062459141016006,0.0266464930027723,0.0073725734837353,Juvenile_Delinquency_Film
0.1421538442373275,0.2000407576560974,0.0127875078469514,0.0046647703275084,0.5983877182006836,0.0377020575106143,0.004263290669769,Juvenile_Delinquency_Film
0.0269041694700717,0.0460736006498336,0.0799958556890487,0.0615320950746536,0.7457189559936523,0.0204779952764511,0.0192974228411912,Juvenile_Delinquency_Film
0.0157952718436718,0.0401202999055385,0.0034075013827532,0.0025504045188426,0.0298208463937044,0.9062844514846802,0.0020211574155837,Juvenile_Delinquency_Film
0.0749742984771728,0.1015773937106132,0.00513726612553,0.0078635588288307,0.1221452802419662,0.6806083917617798,0.0076937428675591,Juvenile_Delinquency_Film
0.0250117126852273,0.1711561381816864,0.0596770085394382,0.0073428233154118,0.1597229242324829,0.5744423866271973,0.0026470404118299,Juvenile_Delinquency_Film
0.0592960901558399,0.3223914504051208,0.0130043076351284,0.0159348063170909,0.5610743165016174,0.0263293739408254,0.0019696459639817,Juvenile_Delinquency_Film
0.0378307625651359,0.1954569816589355,0.0026104191783815,0.0591819137334823,0.6872345805168152,0.0153235532343387,0.0023617788683623,Juvenile_Delinquency_Film
0.0345812961459159,0.5098053812980652,0.0060579869896173,0.0170359928160905,0.3811239004135132,0.0480128414928913,0.0033826155122369,Juvenile_Delinquency_Film
0.1420081704854965,0.2287182062864303,0.006722058635205,0.004095708951354,0.4904250204563141,0.118611991405487,0.0094188200309872,Juvenile_Delinquency_Film
0.0129968672990798,0.9320045113563538,0.0258328188210725,0.0009673227905295,0.0135092828422784,0.0083553977310657,0.0063338316977024,Juvenile_Delinquency_Film
0.0090160649269819,0.0020118865650147,0.9806397557258606,0.0012465544277802,0.0031648008152842,0.0031890189275145,0.0007319021387957,Juvenile_Delinquency_Film
0.1524245142936706,0.663503885269165,0.0566655471920967,0.0039880699478089,0.1110150888562202,0.0081853298470377,0.0042175352573394,Juvenile_Delinquency_Film
0.0043049780651926,0.0022832718677818,0.9689757227897644,0.0011082424316555,0.0156808197498321,0.0055996859446167,0.0020471713505685,Juvenile_Delinquency_Film
0.3373266160488128,0.2839511334896087,0.0164110027253627,0.0022174315527081,0.3243088126182556,0.0330718569457531,0.0027131270617246,Juvenile_Delinquency_Film
0.0088915005326271,0.0048084915615618,0.9607469439506532,0.0014225012855604,0.0152004268020391,0.0079167559742927,0.0010134525364264,Juvenile_Delinquency_Film
0.0213810373097658,0.540576696395874,0.0981879159808158,0.046702466905117,0.2729179859161377,0.0144818723201751,0.0057520219124853,Juvenile_Delinquency_Film
0.1180983409285545,0.0693641081452369,0.7235772013664246,0.0042170174419879,0.0588948391377925,0.0157510377466678,0.0100974151864647,Juvenile_Delinquency_Film
0.0338556915521621,0.0323391370475292,0.7101563811302185,0.0074359537102282,0.1903608739376068,0.0172728896141052,0.0085790865123271,Juvenile_Delinquency_Film
0.0556868761777877,0.0111703481525182,0.0786817446351051,0.0046227755956351,0.0978859066963195,0.7446206212043762,0.0073317354544997,Juvenile_Delinquency_Film
0.0049338354729115,0.0095446342602372,0.0035235891118645,0.2706410884857178,0.6006124019622803,0.0967677682638168,0.0139766642823815,Juvenile_Delinquency_Film
