anger,disgust,fear,joy,neutral,sadness,surprise,genre
0.002568089403212,0.0201355293393135,0.0173530131578445,0.0269027408212423,0.0950730368494987,0.8026010394096375,0.0353665202856063,Thriller
0.0349499061703681,0.0628880485892295,0.0010928625706583,0.7219052910804749,0.149877980351448,0.0118624633178114,0.0174233950674533,Thriller
0.0645525157451629,0.0339453630149364,0.0048580509610474,0.003254784271121,0.8813836574554443,0.0083154430612921,0.0036901733838021,Thriller
0.2186704277992248,0.531032145023346,0.2080129832029342,0.001635605818592,0.0096746925264596,0.0283438619226217,0.0026303492486476,Thriller
0.0811076685786247,0.2915601432323456,0.0093866949900984,0.0016628002049401,0.5345215797424316,0.0742012783885002,0.0075598838739097,Thriller
0.0078215869143605,0.0028360087890177,0.9496578574180604,0.0023669598158448,0.0222702864557504,0.0134113011881709,0.0016359372530132,Thriller
0.4584746956825256,0.2243487238883972,0.0257725939154624,0.0077910437248647,0.2139757424592971,0.0638657435774803,0.0057713724672794,Thriller
0.1423816680908203,0.7642043232917786,0.0145670296624302,0.0008820502553135,0.008721187710762,0.0680681392550468,0.001175693119876,Thriller
0.0613294430077075,0.1016864627599716,0.0099528860300779,0.0763141810894012,0.2567115128040313,0.4739183485507965,0.020087232813239,Thriller
0.0189658924937248,0.0561572909355163,0.0482484176754951,0.0083369128406047,0.3087081015110016,0.5249534845352173,0.0346299037337303,Thriller
