anger,disgust,fear,joy,neutral,sadness,surprise,genre
0.0095692528411746,0.04755499958992,0.9092749357223512,0.000993384164758,0.0190558992326259,0.0088836150243878,0.004667785950005,Suspense
0.0045400010421872,0.0019879813771694,0.0017959143733605,0.7222813963890076,0.1306779533624649,0.0914908796548843,0.04722585901618,Suspense
0.0061871893703937,0.0132576851174235,0.0015029732603579,0.0123669886961579,0.106815218925476,0.8140162825584412,0.0458535924553871,Suspense
0.007146799005568,0.0090855509042739,0.0061975298449397,0.0189137961715459,0.7430223822593689,0.1679138094186782,0.0477201640605926,Suspense
0.0463991947472095,0.8390230536460876,0.0081539778038859,0.0062196901999413,0.0226823147386312,0.0724470764398574,0.0050747296772897,Suspense
0.0138342482969164,0.0080101964995265,0.9397412538528442,0.0035754989366978,0.025312103331089,0.0038135289214551,0.0057131489738821,Suspense
0.0655420571565628,0.0872623026371002,0.0462459623813629,0.0217778999358415,0.7006706595420837,0.0735798105597496,0.0049213031306862,Suspense
0.0171132758259773,0.0317448377609252,0.0297494921833276,0.0025622271932661,0.7082498669624329,0.1102890074253082,0.1002913042902946,Suspense
0.074589729309082,0.5850723385810852,0.0150959892198443,0.0125515507534146,0.1594460755586624,0.1154620945453643,0.0377822667360305,Suspense
0.0162487309426069,0.0356056205928325,0.0053482889197766,0.0229930561035871,0.8966084122657776,0.0178450588136911,0.0053508202545344,Suspense
0.4908535778522491,0.239188089966774,0.0217628329992294,0.0026283296756446,0.1733316630125045,0.0343181118369102,0.0379173569381237,Suspense
0.0197971053421497,0.0414358526468277,0.7031782269477844,0.0026591205969452,0.2024344652891159,0.0060873683542013,0.0244079418480396,Suspense
0.0078382734209299,0.6257458329200745,0.0117269782349467,0.0023216784466058,0.0724765956401825,0.2734045684337616,0.0064860498532652,Suspense
0.0052035539411008,0.0024727277923375,0.9690894484519958,0.0012459093704819,0.0149637712165713,0.0046690357849001,0.0023555690422654,Suspense
0.0394877307116985,0.0166232045739889,0.0138997929170727,0.0016686560120433,0.1091081202030181,0.7648905515670776,0.0543219968676567,Suspense
0.0123570496216416,0.015900295227766,0.007716832216829,0.4704277813434601,0.3676452040672302,0.1164824590086937,0.0094703724607825,Suspense
0.0068618566729128,0.0049382215365767,0.8863683938980103,0.0013502246001735,0.0265383049845695,0.0426480062305927,0.0312949605286121,Suspense
0.0380438305437564,0.0677007287740707,0.0514375232160091,0.0040227179415524,0.0778141990303993,0.7370831966400146,0.0238978173583745,Suspense
0.134609580039978,0.0997737646102905,0.0089668408036232,0.0027859651017934,0.7029125690460205,0.0285131856799125,0.0224381480365991,Suspense
0.0140645308420062,0.0254436954855918,0.0953997373580932,0.0049680918455123,0.5433088541030884,0.1157705187797546,0.2010445743799209,Suspense
0.0096988156437873,0.0370471328496933,0.0013196917716413,0.0041366494260728,0.8254299163818359,0.0096859345212578,0.112681932747364,Suspense
0.0160381104797124,0.0130255613476037,0.0113695450127124,0.0044476566836237,0.7402849793434143,0.0184300355613231,0.1964040547609329,Suspense
0.1270254552364349,0.4758675694465637,0.0246350150555372,0.0021567507646977,0.109977513551712,0.253521591424942,0.0068160854279994,Suspense
0.0488443560898304,0.0812944173812866,0.0287770610302686,0.0045384778641164,0.657039225101471,0.0936351418495178,0.0858712419867515,Suspense
0.0296263843774795,0.0260382127016782,0.0060624848119914,0.0030743037350475,0.840467095375061,0.0064270622096955,0.0883044600486755,Suspense
0.0131868431344628,0.0117683401331305,0.0032785462681204,0.1170466840267181,0.785265326499939,0.0175669807940721,0.0518872551620006,Suspense
0.1818460375070572,0.2564764320850372,0.0076705859974026,0.0079244468361139,0.4994455277919769,0.0414411984384059,0.0051957350224256,Suspense
0.0161946080625057,0.1010255143046379,0.003534572198987,0.004555148538202,0.8523291945457458,0.0195831749588251,0.0027777443174272,Suspense
0.0100761456415057,0.7149481773376465,0.0477655418217182,0.0077127371914684,0.1894598752260208,0.0064033959060907,0.0236340723931789,Suspense
0.0811931416392326,0.4971478879451751,0.0333570092916488,0.0095648439601063,0.2248794585466385,0.1513233184814453,0.0025343515444546,Suspense
0.0095425304025411,0.5749545097351074,0.0575635880231857,0.0021104142069816,0.117098644375801,0.2241487652063369,0.0145815294235944,Suspense
0.0431774146854877,0.0147277293726801,0.0120104262605309,0.0031893043778836,0.5204927325248718,0.0751441195607185,0.3312582671642303,Suspense
0.034253466874361,0.5102282166481018,0.0127808898687362,0.0018361472757533,0.3210862576961517,0.1021135374903678,0.0177014879882335,Suspense
0.0965575575828552,0.4804879128932953,0.0936307609081268,0.0012053060345351,0.0308259055018425,0.2598176598548889,0.0374748744070529,Suspense
0.0564749874174594,0.226649135351181,0.1020833700895309,0.0023756639566272,0.0977742150425911,0.4701380431652069,0.0445046722888946,Suspense
0.0060670082457363,0.0365141108632087,0.004166574217379,0.0030901867430657,0.9026859402656556,0.035784188657999,0.0116920992732048,Suspense
0.0028829416260123,0.0012363406131044,0.988121747970581,0.0007521309889853,0.0022663965355604,0.0037784909363836,0.0009621469653211,Suspense
0.2747370600700378,0.2261653542518615,0.0634070038795471,0.0042766397818923,0.3438787758350372,0.0205417498946189,0.0669933930039405,Suspense
0.0274439770728349,0.2139254063367843,0.015230132266879,0.003686411306262,0.1536966413259506,0.3056718409061432,0.2803455591201782,Suspense
0.0233874078840017,0.0680997520685195,0.0982247442007064,0.0117720095440745,0.2487039864063263,0.0090221771970391,0.5407899022102356,Suspense
0.027630778029561,0.0377839840948581,0.0598224177956581,0.0041935238987207,0.6971981525421143,0.02192865870893,0.1514425128698349,Suspense
0.8835254907608032,0.0126229189336299,0.0351292006671428,0.0010829562088474,0.0378912948071956,0.0224583763629198,0.0072898324579,Suspense
0.2747311890125274,0.0811636745929718,0.4069210886955261,0.0056352796964347,0.199933111667633,0.0232982337474823,0.0083173736929893,Suspense
0.6901572942733765,0.2351115643978119,0.0099623007699847,0.0030834409408271,0.0373304039239883,0.019123101606965,0.005231995601207,Suspense
0.1351564228534698,0.3297413885593414,0.0238685403019189,0.0032288949005305,0.4778574109077453,0.0180366076529026,0.0121107567101717,Suspense
0.1910894513130188,0.1758956015110016,0.0317763946950435,0.0081989131867885,0.5144948959350586,0.0748214125633239,0.0037232604809105,Suspense
0.3271888792514801,0.5084412693977356,0.0082005877047777,0.0015061836456879,0.1238663718104362,0.0270986258983612,0.0036981350276619,Suspense
0.0718583092093467,0.6259626150131226,0.0189723428338766,0.0057648420333862,0.2340929508209228,0.0363638736307621,0.0069850916042923,Suspense
0.0097648538649082,0.0166006572544574,0.018834738060832,0.3013776540756225,0.5347199440002441,0.0601934120059013,0.0585086941719055,Suspense
0.6425079703330994,0.0819121897220611,0.0113589884713292,0.0020180272404104,0.0846334174275398,0.1716098338365554,0.0059595904313027,Suspense
0.009654976427555,0.913630187511444,0.0246591456234455,0.0009788139723241,0.0226008184254169,0.0254067368805408,0.0030694380402565,Suspense
0.50919508934021,0.2517942488193512,0.1904175281524658,0.0012173553695902,0.0317213796079158,0.0112067321315407,0.0044476659968495,Suspense
0.507408857345581,0.4163039624691009,0.0128524377942085,0.0018550360109657,0.0353621691465377,0.0210211817175149,0.0051963026635348,Suspense
0.0215239524841308,0.4021045565605163,0.009768689982593,0.0051201041787862,0.2334527671337127,0.013507024385035,0.3145229518413543,Suspense
0.1346152424812317,0.0861365720629692,0.0188631080090999,0.0031947144307196,0.6784897446632385,0.0247853826731443,0.0539152435958385,Suspense
0.5199863314628601,0.1129013150930404,0.2452481538057327,0.0031158130150288,0.0898945704102516,0.018191859126091,0.0106619372963905,Suspense
0.2884650230407715,0.1270580291748047,0.3221500515937805,0.0024686804972589,0.1351516991853714,0.1173485964536666,0.0073579410091042,Suspense
0.0095852380618453,0.0477645359933376,0.0217770785093307,0.0053663086146116,0.8709087371826172,0.0137876383960247,0.0308103468269109,Suspense
0.4367525279521942,0.0352305136620998,0.3508200347423553,0.003110148012638,0.1301423162221908,0.0333023890852928,0.0106419324874877,Suspense
0.3339652419090271,0.55986088514328,0.0212108362466096,0.0012790379114449,0.0608505606651306,0.0197363775223493,0.0030970552470535,Suspense
0.0121556250378489,0.0413286723196506,0.009062735363841,0.0138557543978095,0.9134782552719116,0.0038724313490092,0.0062465844675898,Suspense
0.0117612360045313,0.2830322086811065,0.0040910304524004,0.1349241733551025,0.5005360841751099,0.0572834126651287,0.0083718681707978,Suspense
0.0109866512939333,0.1143521517515182,0.0378104113042354,0.0040933918207883,0.5920165181159973,0.1149944514036178,0.1257464736700058,Suspense
