anger,disgust,fear,joy,neutral,sadness,surprise,genre
0.0172422342002391,0.0523113273084163,0.1441453546285629,0.0443079881370067,0.6155743598937988,0.0047717648558318,0.1216469556093216,Family_Film
0.0094305947422981,0.0682665035128593,0.0066814282909035,0.1499662548303604,0.7385764718055725,0.007434266153723,0.0196445770561695,Family_Film
0.0038215746171772,0.0469560213387012,0.0062338416464626,0.0032708582002669,0.9220492839813232,0.0058584143407642,0.0118098631501197,Family_Film
0.0984039977192878,0.148937314748764,0.0271269101649522,0.0025626393035054,0.0827173218131065,0.6317451000213623,0.0085066864266991,Family_Film
0.0072861672379076,0.0412676483392715,0.0023249732330441,0.2012537866830825,0.7173164486885071,0.0044660451821982,0.0260848738253116,Family_Film
0.0076612373813986,0.3660285174846649,0.0335095301270484,0.0221013724803924,0.5291361212730408,0.0284160021692514,0.0131472228094935,Family_Film
0.0163060836493968,0.4101894497871399,0.3119405508041382,0.0364562384784221,0.0780341997742652,0.0068387696519494,0.1402347385883331,Family_Film
0.0100303692743182,0.0159661024808883,0.090745523571968,0.0278621986508369,0.8256527781486511,0.0082542207092046,0.0214888583868742,Family_Film
0.0165105368942022,0.911493718624115,0.0025396749842911,0.0182052012532949,0.0394912511110305,0.009607832878828,0.0021517558488994,Family_Film
0.0642162710428237,0.2865414023399353,0.0298539567738771,0.0079101612791419,0.4020864069461822,0.2064518481492996,0.0029399683699011,Family_Film
0.0165890175849199,0.700251042842865,0.0383121147751808,0.0020093431230634,0.1645294725894928,0.074050672352314,0.004258336033672,Family_Film
0.0054932758212089,0.0108316950500011,0.001670375932008,0.7917189002037048,0.1760822981595993,0.0029126142617315,0.0112908035516738,Family_Film
0.0254424531012773,0.0223050527274608,0.0078281760215759,0.0189690627157688,0.8964996337890625,0.0092805484309792,0.0196750424802303,Family_Film
0.017964219674468,0.530555009841919,0.3367247581481933,0.0237411446869373,0.0702405273914337,0.0051525356248021,0.0156218856573104,Family_Film
0.0053201485425233,0.0242225993424654,0.0036418614909052,0.8638675212860107,0.0870842188596725,0.0053486013785004,0.0105149913579225,Family_Film
0.0193162206560373,0.2937009632587433,0.0033626353833824,0.0340631939470768,0.6025962233543396,0.0111207664012908,0.035839919000864,Family_Film
0.0034573790617287,0.0009841357823461,0.0013342667371034,0.0041225138120353,0.0089402021840214,0.0026599124539643,0.978501558303833,Family_Film
0.0581569001078605,0.04703314229846,0.2833331823348999,0.0057247434742748,0.5232989192008972,0.0656741634011268,0.0167788863182067,Family_Film
0.5331315994262695,0.0931292399764061,0.1194128468632698,0.0076130083762109,0.2115223258733749,0.0182520262897014,0.0169389899820089,Family_Film
0.0122551461681723,0.1512036621570587,0.0190378036350011,0.0113189211115241,0.3370126485824585,0.393688291311264,0.0754835829138755,Family_Film
