anger,disgust,fear,joy,neutral,sadness,surprise,genre
0.4647992253303528,0.4172922968864441,0.011619878001511,0.0011297626188024,0.0878031179308891,0.0125302644446492,0.0048254923895001,Family_Film
0.005915452260524,0.0092748859897255,0.0024546734057366,0.0140668079257011,0.9481826424598694,0.0050342977046966,0.01507109683007,Family_Film
0.0488388314843177,0.0429923646152019,0.0202857255935668,0.0033879422117024,0.3792802095413208,0.1153273209929466,0.389887660741806,Family_Film
0.2943091988563537,0.1473063230514526,0.0359974615275859,0.0036485127639025,0.1981832385063171,0.2952460348606109,0.0253092776983976,Family_Film
0.3158485293388366,0.0308378022164106,0.0096363658085465,0.0073467399924993,0.5498771667480469,0.066392071545124,0.0200613960623741,Family_Film
0.006176920607686,0.004008995834738,0.0047050192952156,0.0063805319368839,0.8926957249641418,0.0710725039243698,0.0149603439494967,Family_Film
0.0055991131812334,0.0022459810134023,0.0024192070122808,0.0015405839076265,0.0147478589788079,0.0011169130448251,0.9723303318023682,Family_Film
0.0457471162080764,0.1035375967621803,0.0375524796545505,0.0133088892325758,0.7691869735717773,0.0277510862797498,0.0029158955439925,Family_Film
0.4577189981937408,0.1584731489419937,0.0220532584935426,0.0049952124245464,0.1435669213533401,0.1072518676519393,0.1059406325221061,Family_Film
0.0461361408233642,0.1671647429466247,0.3012534081935882,0.0068645807914435,0.4534883797168731,0.0123745584860444,0.0127181522548198,Family_Film
0.0835974887013435,0.5079936385154724,0.0781919211149215,0.0079951537773013,0.2975648939609527,0.0093649048358201,0.0152920056134462,Family_Film
0.3612468540668487,0.1090058982372284,0.1935443729162216,0.0035128316376358,0.2719674408435821,0.0290432665497064,0.0316793657839298,Family_Film
0.0222583711147308,0.0352699235081672,0.0360373966395854,0.0176685787737369,0.7641547918319702,0.0954877957701683,0.0291231181472539,Family_Film
0.0540882237255573,0.6110645532608032,0.018546212464571,0.0098602101206779,0.2912708520889282,0.0056023225188255,0.0095675447955727,Family_Film
0.022980909794569,0.0130810141563415,0.0186565909534692,0.0026071239262819,0.0727268606424331,0.8507344126701355,0.0192130804061889,Family_Film
0.0081420401111245,0.0190500821918249,0.5258411169052124,0.0127489622682333,0.3012760281562805,0.1186210960149765,0.0143207013607025,Family_Film
0.0450039952993392,0.370558351278305,0.0723006948828697,0.0041995486244559,0.2217524796724319,0.2521497309207916,0.0340351946651935,Family_Film
0.0181123316287994,0.0147791858762502,0.0075668236240744,0.006577955558896,0.9125482439994812,0.0163755044341087,0.0240399334579706,Family_Film
0.2791986465454101,0.0207530539482831,0.0417176224291324,0.0069383606314659,0.6080446243286133,0.0282401964068412,0.0151074826717376,Family_Film
0.5847742557525635,0.1095237135887146,0.0382126308977603,0.0016309729544445,0.2098996639251709,0.0384282767772674,0.0175304245203733,Family_Film
0.0580982826650142,0.5021429657936096,0.0807030126452446,0.003598865121603,0.2641996145248413,0.0297538917511701,0.0615033768117427,Family_Film
0.9470952153205872,0.0181389171630144,0.0016192105831578,0.0008889269083738,0.0234075430780649,0.0057089156471192,0.0031412995886057,Family_Film
0.0088328663259744,0.0074637774378061,0.0016751184593886,0.0879788473248481,0.8431527614593506,0.005069307051599,0.045827280730009,Family_Film
0.0712857916951179,0.0507704243063926,0.1403126567602157,0.0046055233106017,0.5035933256149292,0.0424574576318264,0.1869747936725616,Family_Film
0.3939339518547058,0.0188716556876897,0.0839008763432502,0.0095043638721108,0.4042710363864898,0.076281189918518,0.013236871920526,Family_Film
0.0400763824582099,0.0192467235028743,0.0010821634205058,0.2476252317428589,0.6740759015083313,0.0083846226334571,0.009508941322565,Family_Film
0.0473071821033954,0.9220129251480104,0.0018521922174841,0.0074894595891237,0.0155364293605089,0.0040304698050022,0.0017711967229843,Family_Film
0.3898694515228271,0.1669881045818328,0.0076081627048552,0.003755500074476,0.0920793637633323,0.3353253602981567,0.0043740076944231,Family_Film
