anger,disgust,fear,joy,neutral,sadness,surprise,genre
0.0509543530642986,0.0403815768659114,0.0085656829178333,0.1276119351387024,0.3176150321960449,0.4404916167259216,0.0143797090277075,Drama
0.0051654200069606,0.0124820731580257,0.0052842036820948,0.0022371355444192,0.9362095594406128,0.0056756394915282,0.0329460017383098,Drama
0.0012869590427726,0.0093107940629124,0.0151940053328871,0.0067142937332391,0.0514840818941593,0.908122181892395,0.0078877126798033,Drama
0.0132248662412166,0.0247950293123722,0.0046958103775978,0.0170433409512043,0.8571115136146545,0.0672185644507408,0.0159108322113752,Drama
0.0185769665986299,0.0560760796070098,0.0250739902257919,0.072895273566246,0.7953544855117798,0.0118520008400082,0.0201712027192115,Drama
0.0132248662412166,0.0247950293123722,0.0046958103775978,0.0170433409512043,0.8571115136146545,0.0672185644507408,0.0159108322113752,Drama
0.002797978464514,0.0041472273878753,0.0024875663220882,0.0012359402608126,0.0152712613344192,0.968238353729248,0.0058217588812112,Drama
0.0288694277405738,0.041059523820877,0.1597445160150528,0.0090209916234016,0.5276644229888916,0.045131366699934,0.1885097324848175,Drama
0.0132248662412166,0.0247950293123722,0.0046958103775978,0.0170433409512043,0.8571115136146545,0.0672185644507408,0.0159108322113752,Drama
0.0325921848416328,0.0627402812242508,0.1143583282828331,0.168018490076065,0.53731769323349,0.0316090025007724,0.0533640310168266,Drama
0.0154269933700561,0.0193768460303545,0.0127135496586561,0.0161603819578886,0.9094148278236388,0.0050691673532128,0.0218382012099027,Drama
0.0136185064911842,0.0013349989894777,0.041439551860094,0.0887262374162674,0.32935431599617,0.0310865510255098,0.4944398999214172,Drama
0.0086453119292855,0.0064064878970384,0.0072940224781632,0.0514986924827098,0.7846567630767822,0.0494669862091541,0.0920316502451896,Drama
0.0206267107278108,0.0024859702680259,0.1365290880203247,0.0976273715496063,0.3619401454925537,0.0506059564650058,0.3301848173141479,Drama
