anger,disgust,fear,joy,neutral,sadness,surprise,genre
0.0039928560145199,0.0015714284963905,0.003881404409185,0.9179248809814452,0.0553973987698555,0.008279894478619,0.0089521501213312,Comedy_drama
0.0204761140048503,0.1927568614482879,0.0056349085643887,0.0131008299067616,0.4818494617938995,0.2782666683197021,0.0079151140525937,Comedy_drama
0.0053726760670542,0.0105367237702012,0.0182854775339365,0.0015609298134222,0.0237459372729063,0.937934935092926,0.002563247224316,Comedy_drama
0.0169397443532943,0.0054031051695346,0.0040568453259766,0.041371464729309,0.0489880815148353,0.8509958982467651,0.0322447940707206,Comedy_drama
0.0691451653838157,0.6432768106460571,0.0105558829382061,0.0048284167423844,0.2453584223985672,0.0226687658578157,0.0041665355674922,Comedy_drama
0.356433093547821,0.4540309011936188,0.035982497036457,0.0167867317795753,0.0662970542907714,0.0672333911061286,0.0032363201025873,Comedy_drama
0.3367373049259186,0.0158505272120237,0.5766195058822632,0.001825587125495,0.0295211635529994,0.033159002661705,0.0062869391404092,Comedy_drama
0.1033538430929184,0.2327284514904022,0.1667230576276779,0.0096370717510581,0.4499295949935913,0.014745894819498,0.0228820499032735,Comedy_drama
0.0575818568468093,0.2175277769565582,0.0021376169752329,0.0064992285333573,0.4435209631919861,0.217238575220108,0.0554939955472946,Comedy_drama
0.0057309526018798,0.9863678812980652,0.0027052571531385,0.0003912561223842,0.0031809930223971,0.0007986440323293,0.0008251458639279,Comedy_drama
0.0261432975530624,0.8874951601028442,0.0156997609883546,0.0010988996364176,0.0614084340631961,0.0038204593583941,0.0043338797986507,Comedy_drama
0.1908197402954101,0.2024231851100921,0.0023438613861799,0.0076441057026386,0.5001335144042969,0.0772587582468986,0.0193768385797739,Comedy_drama
0.105979323387146,0.3846200704574585,0.422105073928833,0.0019555948674678,0.0291053894907236,0.0411064662039279,0.0151280965656042,Comedy_drama
0.1708490848541259,0.3286013305187225,0.0341729409992694,0.0054931417107582,0.4326636791229248,0.0198359079658985,0.0083837937563657,Comedy_drama
0.0112779391929507,0.0237697176635265,0.0007382683106698,0.6248917579650879,0.3031613230705261,0.0111471032723784,0.0250138044357299,Comedy_drama
0.0248450711369514,0.0248455237597227,0.0086824744939804,0.0628816932439804,0.8278892636299133,0.0197304282337427,0.0311255063861608,Comedy_drama
0.0076642031781375,0.0114270420745015,0.0016873575514182,0.709008514881134,0.2575439214706421,0.0074258930981159,0.0052431621588766,Comedy_drama
0.0329581797122955,0.9547048807144164,0.0022522548679262,0.0003731521428562,0.0044938172213733,0.004285838920623,0.0009318427182734,Comedy_drama
0.0195327885448932,0.0559495501220226,0.2246885746717453,0.0076333726756274,0.4099994003772735,0.1652818173170089,0.1169144660234451,Comedy_drama
0.0899703279137611,0.0194173753261566,0.5245696902275085,0.0112282624468207,0.3305915892124176,0.0154699701815843,0.0087527334690094,Comedy_drama
0.0505414828658103,0.0251986868679523,0.0162453241646289,0.0074550774879753,0.8592416048049927,0.028837626799941,0.0124801741912961,Comedy_drama
0.1146654561161995,0.047835323959589,0.004940821789205,0.003379336791113,0.138058915734291,0.6812868118286133,0.0098333414644002,Comedy_drama
0.0390526503324508,0.1513913422822952,0.020390348508954,0.0045596221461892,0.2744563221931457,0.5066182017326355,0.0035314897540956,Comedy_drama
0.0026985260192304,0.0048355339094996,0.0007534321048296,0.9350147247314452,0.0436608344316482,0.0055480161681771,0.007488957606256,Comedy_drama
0.0249613914638757,0.0367308035492897,0.0071896477602422,0.0939545333385467,0.8039659261703491,0.0167076624929904,0.0164901204407215,Comedy_drama
0.0208912380039691,0.0209663938730955,0.0009052283712662,0.0183573272079229,0.9256742596626282,0.0093131735920906,0.0038924438413232,Comedy_drama
0.0133884754031896,0.0091100987046957,0.0672692731022834,0.0337705872952938,0.7590489983558655,0.0927344188094139,0.0246781427413225,Comedy_drama
0.0150984060019254,0.0085333408787846,0.0009813093347474,0.0447865575551986,0.9119690656661988,0.0031856901478022,0.0154455779120326,Comedy_drama
0.1628995388746261,0.0493542812764644,0.0071152257733047,0.0192991755902767,0.6870383620262146,0.0092939483001828,0.0649994686245918,Comedy_drama
0.0320256352424621,0.0131011987105011,0.0007900973432697,0.8032187819480896,0.1194936037063598,0.0045360289514064,0.0268347710371017,Comedy_drama
0.0084599293768405,0.8341171145439148,0.0060507981106638,0.0207285080105066,0.1109106764197349,0.0025238585658371,0.0172092579305171,Comedy_drama
