anger,disgust,fear,joy,neutral,sadness,surprise,genre
0.0169273894280195,0.0379910245537757,0.0616346336901187,0.2767422199249267,0.5519133806228638,0.0140544082969427,0.0407369025051593,Period_piece
0.0630611851811409,0.276293009519577,0.4933658540248871,0.0027031057979911,0.1034805029630661,0.0423697680234909,0.0187265817075967,Period_piece
0.1394266933202743,0.8335224390029907,0.0035956315696239,0.0006322893314063,0.0114003708586096,0.0067534437403082,0.0046691307798027,Period_piece
0.0164220985025167,0.0641175284981727,0.0047107827849686,0.0181565470993518,0.8426061272621155,0.0165160205215215,0.0374709814786911,Period_piece
0.0319429896771907,0.0998602509498596,0.2723445892333984,0.0130025679245591,0.3163659870624542,0.1778337061405182,0.0886498913168907,Period_piece
0.0302097350358963,0.9587579965591432,0.0021289179567247,0.0006688033463433,0.0035021076910197,0.0039726644754409,0.0007595749339088,Period_piece
0.0058824815787374,0.00871092826128,0.003426874987781,0.1025586575269699,0.5602418184280396,0.3106359243392944,0.008543262258172,Period_piece
0.0070722331292927,0.0017924269195646,0.000874621910043,0.6989256143569946,0.0868680253624916,0.0093443309888243,0.1951227337121963,Period_piece
0.0178689882159233,0.0185184068977832,0.0106996055692434,0.165120780467987,0.7383816242218018,0.0127055998891592,0.0367049723863601,Period_piece
0.0421161279082298,0.1587639898061752,0.011418524198234,0.0026738168671727,0.590751051902771,0.1449867486953735,0.0492897257208824,Period_piece
0.7029991745948792,0.2616730630397796,0.0124585274606943,0.0008671609102748,0.0145751908421516,0.00539629207924,0.0020305726211518,Period_piece
0.0719997957348823,0.0488110333681106,0.0173006206750869,0.0007529866998083,0.0124444356188178,0.8459525108337402,0.002738689770922,Period_piece
0.6120603084564209,0.2790910899639129,0.0284812990576028,0.0017444345867261,0.045635525137186,0.0299748703837394,0.0030124722979962,Period_piece
0.5728213787078857,0.0552411340177059,0.2661187350749969,0.0035092055331915,0.067067727446556,0.0328305996954441,0.0024111585225909,Period_piece
0.0091740656644105,0.0526754707098007,0.015015778131783,0.0025551826693117,0.8742141723632812,0.0121098021045327,0.0342555381357669,Period_piece
0.0250200312584638,0.0104000745341181,0.0672258213162422,0.0064242607913911,0.8360003232955933,0.0151816718280315,0.0397477932274341,Period_piece
0.0218263287097215,0.2337826043367386,0.0075517878867685,0.0074961893260478,0.6453180313110352,0.0153356259688735,0.0686894133687019,Period_piece
0.006565707270056,0.0048156743869185,0.0054199388250708,0.0030759838409721,0.94724440574646,0.0040197321213781,0.0288586094975471,Period_piece
0.0013264777371659,0.0047145076096057,0.0036125022452324,0.0022731774952262,0.0222779884934425,0.9522201418876648,0.0135751413181424,Period_piece
0.0287331826984882,0.0173668377101421,0.6929900050163269,0.0063168201595544,0.2090215533971786,0.0397596955299377,0.0058119059540331,Period_piece
0.0726805329322815,0.1860863864421844,0.0244161151349544,0.0046393275260925,0.2430746853351593,0.4648025035858154,0.004300516564399,Period_piece
0.0166985783725976,0.0281964819878339,0.0038795792497694,0.0076423655264079,0.1171515136957168,0.7836641073226929,0.0427672788500785,Period_piece
0.0104676447808742,0.2670564353466034,0.0632648095488548,0.0576645359396934,0.4939643442630768,0.0865797102451324,0.021002534776926,Period_piece
0.2755126059055328,0.0986590683460235,0.0069108065217733,0.0022293583024293,0.0795973464846611,0.5297294855117798,0.0073612765409052,Period_piece
0.0229501295834779,0.0944527685642242,0.008217385970056,0.0013293280499055,0.8399313688278198,0.0162591878324747,0.0168598238378763,Period_piece
0.0188338812440633,0.0344567149877548,0.0032103357370942,0.0230311024934053,0.9043949842453004,0.0075223483145236,0.0085505582392215,Period_piece
0.0029617666732519,0.0260481536388397,0.4218431115150451,0.0062291328795254,0.056241936981678,0.4734921753406524,0.0131837697699666,Period_piece
0.0223130714148283,0.8281436562538147,0.0152370641008019,0.0018813567003235,0.089889295399189,0.0117340590804815,0.0308016221970319,Period_piece
0.0036211935803294,0.0054872874170541,0.0027058066334575,0.0101511292159557,0.0952442735433578,0.8681682348251343,0.0146220242604613,Period_piece
0.013341193087399,0.0261948257684707,0.0052330926991999,0.0062494091689586,0.9069558382034302,0.01285897847265,0.0291667021811008,Period_piece
0.0013507385738193,0.0039766915142536,0.0029151490889489,0.0016997259808704,0.0099741034209728,0.9781275987625122,0.0019560160581022,Period_piece
0.4085703194141388,0.2006750404834747,0.0790864303708076,0.0034457619767636,0.1109676659107208,0.1879125833511352,0.0093422420322895,Period_piece
0.0133091667667031,0.0184750780463218,0.0027259537018835,0.3442895412445068,0.5824254155158997,0.0154241882264614,0.0233506765216588,Period_piece
0.4411136507987976,0.4387829601764679,0.0081071471795439,0.0023493606131523,0.0843244716525077,0.0221275351941585,0.0031949819531291,Period_piece
0.0180857181549072,0.1111987307667732,0.002675314201042,0.0436444133520126,0.7721710205078125,0.0426564589142799,0.009568290784955,Period_piece
0.5846399664878845,0.3332083523273468,0.0401751175522804,0.00155736412853,0.0287610907107591,0.0070498641580343,0.0046082315966486,Period_piece
0.0078766224905848,0.0016777191776782,0.9433108568191528,0.0024828326422721,0.0203631054610013,0.0205811839550733,0.0037076538428664,Period_piece
0.0189846158027648,0.0091717718169093,0.7013411521911621,0.007417800836265,0.2014287710189819,0.0574207454919815,0.0042351922020316,Period_piece
0.0054579535499215,0.0204565096646547,0.0117226168513298,0.0249918568879365,0.7098328471183777,0.0330239497125148,0.1945141851902008,Period_piece
0.008555844426155,0.006116718519479,0.0469077341258525,0.0029723322950303,0.0339750945568084,0.0024050227366387,0.8990672826766968,Period_piece
0.0243666321039199,0.040635697543621,0.8561343550682068,0.0036997415591031,0.0138635765761137,0.0521870255470275,0.0091129587963223,Period_piece
0.0017947716405615,0.0045699467882514,0.0008520723204128,0.0505900308489799,0.0237009525299072,0.9161431789398192,0.0023490386083722,Period_piece
0.0129976449534296,0.0314347147941589,0.0786524787545204,0.0019102795049548,0.0269360542297363,0.8448837399482727,0.0031851157546043,Period_piece
0.1503258347511291,0.0187767352908849,0.527649998664856,0.2538868188858032,0.0295658111572265,0.0177654325962066,0.0020293665584176,Period_piece
0.5223330855369568,0.2883988916873932,0.0389375127851963,0.0014863963006064,0.0430135987699031,0.1014854237437248,0.0043451441451907,Period_piece
0.0408680997788906,0.0960432067513465,0.0121623901650309,0.009833512827754,0.379415363073349,0.458012044429779,0.003665390657261,Period_piece
0.1139329522848129,0.1524285227060318,0.0217564553022384,0.0062567251734435,0.3181270360946655,0.3244850933551788,0.0630132779479026,Period_piece
0.0123893758282065,0.0242753569036722,0.0014541372656822,0.095090165734291,0.8338034749031067,0.0077603217214345,0.0252271965146064,Period_piece
0.020960135385394,0.0329041071236133,0.0058253454044461,0.5753735303878784,0.2759325504302978,0.0750830471515655,0.0139212729409337,Period_piece
0.0091881891712546,0.0376719571650028,0.001016707974486,0.5011743307113647,0.4273911714553833,0.0149008687585592,0.0086567988619208,Period_piece
0.0061257029883563,0.0047072009183466,0.0032859821803867,0.0163854099810123,0.9187017679214478,0.0121140843257308,0.0386798046529293,Period_piece
0.0066601559519767,0.001808111090213,0.9756163358688354,0.0012682892847806,0.008163415826857,0.0019539438653737,0.0045297518372535,Period_piece
0.0809206143021583,0.1053662225604057,0.0132183711975812,0.0181269254535436,0.6208533644676208,0.1573789119720459,0.0041355891153216,Period_piece
0.3373073935508728,0.2307044863700866,0.0209888350218534,0.0032548089511692,0.3281872570514679,0.0690011531114578,0.0105560310184955,Period_piece
0.0209534280002117,0.0614574700593948,0.0054922029376029,0.0320996604859828,0.826488733291626,0.0163524951785802,0.0371560007333755,Period_piece
0.0091623961925506,0.1379586160182953,0.0024641447234898,0.03555453941226,0.7694899439811707,0.0064441110007464,0.0389262773096561,Period_piece
0.0398674085736274,0.2564465701580047,0.0919917896389961,0.0065063694491982,0.4853608012199402,0.0849432125687599,0.0348838344216346,Period_piece
