anger,disgust,fear,joy,neutral,sadness,surprise,genre
0.0138739226385951,0.0223836209625005,0.0268920063972473,0.018655115738511,0.05373065918684,0.7853789329528809,0.0790858119726181,Drama
0.0285298526287078,0.1903375387191772,0.0064728851430118,0.3756403923034668,0.147440880537033,0.2368102222681045,0.0147682540118694,Drama
0.4842150807380676,0.2580466568470001,0.0036239894106984,0.0028852731920778,0.0287127308547496,0.2203312665224075,0.0021850285120308,Drama
0.0180384628474712,0.0525811575353145,0.279874712228775,0.0057902536354959,0.1827959865331649,0.4336451888084411,0.0272742342203855,Drama
0.0367873422801494,0.6391963958740234,0.0019355162512511,0.0307780597358942,0.0301839523017406,0.2593965530395508,0.0017222596798092,Drama
0.0238104034215211,0.1038135215640068,0.0189421623945236,0.0041665281169116,0.7308382391929626,0.0438480973243713,0.074581004679203,Drama
0.135213553905487,0.0773597061634063,0.0012323348782956,0.0285438224673271,0.728309154510498,0.0196990743279457,0.0096423327922821,Drama
0.1091353520750999,0.6152331829071045,0.0284769646823406,0.0020377666223794,0.1738112270832061,0.0573876686394214,0.0139177665114402,Drama
0.1194650083780288,0.7692869305610657,0.0021306821145117,0.0110900932922959,0.0891617536544799,0.0063361944630742,0.0025292825885117,Drama
0.0447708703577518,0.2052351385354995,0.0432511754333972,0.0102829597890377,0.2715658843517303,0.4220611453056335,0.0028327791951596,Drama
