anger,disgust,fear,joy,neutral,sadness,surprise,genre
0.1088037863373756,0.6118852496147156,0.0106481062248349,0.0067169447429478,0.197738841176033,0.0496495850384235,0.014557410031557,Black_and_white
0.1321807950735092,0.1386419385671615,0.2153730392456054,0.0061941933818161,0.4873607456684112,0.0098320050165057,0.0104173440486192,Black_and_white
0.2849713861942291,0.6617895364761353,0.0255048256367445,0.0005874953931197,0.0094126733019948,0.0083155483007431,0.009418474510312,Black_and_white
0.0580041445791721,0.1624829471111297,0.0045569837093353,0.0291525144129991,0.1361995339393615,0.6006969809532166,0.0089069353416562,Black_and_white
0.0063775880262255,0.0145634301006793,0.004590599797666,0.0094179157167673,0.2158819139003753,0.7212474346160889,0.027921088039875,Black_and_white
0.0578262321650981,0.1427542567253112,0.0205084383487701,0.00362373678945,0.674772322177887,0.0948726013302803,0.0056423917412757,Black_and_white
0.0069008120335638,0.02850884757936,0.5658641457557678,0.0045885904692113,0.1827428191900253,0.2077627778053283,0.0036319773644208,Black_and_white
0.1916938871145248,0.0760393738746643,0.076435200870037,0.00284747290425,0.2922004759311676,0.2912958562374115,0.0694877430796623,Black_and_white
0.0432038158178329,0.2308283597230911,0.0024598694872111,0.0193494241684675,0.6893916130065918,0.0038006575778126,0.0109662786126136,Black_and_white
0.4040294885635376,0.382136583328247,0.0080816699191927,0.0035561784170567,0.1365102380514145,0.0586034245789051,0.0070823039859533,Black_and_white
