anger,disgust,fear,joy,neutral,sadness,surprise,genre
0.1402490735054016,0.4316301345825195,0.0059147276915609,0.0046648047864437,0.3812190294265747,0.0320905037224292,0.0042316555045545,Satire
0.5453236103057861,0.3873536884784698,0.0062882858328521,0.0013936086324974,0.0497151501476764,0.00801557675004,0.0019100551726296,Satire
0.0108327493071556,0.0092426985502243,0.0420490205287933,0.6085953712463379,0.2669142186641693,0.0382081419229507,0.024157740175724,Satire
0.005810965783894,0.9878830313682556,0.0013570054434239,0.0003221512597519,0.0029666705522686,0.0011463380651548,0.0005138383712619,Satire
0.0053329295478761,0.0100862262770533,0.0023545084986835,0.9173083901405334,0.0258905123919248,0.0039004248101264,0.0351268798112869,Satire
0.0817815363407135,0.0162324700504541,0.0065562594681978,0.0123233878985047,0.8170773386955261,0.0252502784132957,0.0407786257565021,Satire
0.0374778881669044,0.1648056507110595,0.0108996462076902,0.0046493224799633,0.7515629529953003,0.0274156909435987,0.0031887702643871,Satire
0.0304167009890079,0.2463173568248748,0.0084691438823938,0.1079448461532592,0.5723322033882141,0.0191500950604677,0.015369713306427,Satire
0.3880148828029632,0.5651513338088989,0.0032439765054732,0.0008446397841908,0.027516758069396,0.0140201989561319,0.001208271831274,Satire
0.007701747585088,0.0739610344171524,0.0023254645057022,0.0520551241934299,0.8475013971328735,0.0072635230608284,0.0091915959492325,Satire
0.05893300101161,0.1962787359952926,0.0017408219864591,0.1237558797001838,0.6073442101478577,0.0075499899685382,0.0043973363935947,Satire
0.0476281121373176,0.1982917487621307,0.2194622159004211,0.0041256253607571,0.3210510611534118,0.1814156323671341,0.028025621548295,Satire
0.2329010367393493,0.5032670497894287,0.0050563053227961,0.0028073808643966,0.0765796899795532,0.1761212348937988,0.0032673743553459,Satire
0.0024177669547498,0.002438603201881,0.01008209772408,0.0036216976586729,0.0104564987123012,0.0018221756909042,0.969161093235016,Satire
0.1033815219998359,0.5711292624473572,0.0362936817109584,0.0016061995411291,0.2247338443994522,0.0104997726157307,0.05235580727458,Satire
0.0074999420903623,0.0153665477409958,0.3692083358764648,0.0028172889724373,0.0472710169851779,0.5437421798706055,0.0140946796163916,Satire
0.0574892722070217,0.454988420009613,0.0818926319479942,0.0020550300832837,0.1599822342395782,0.1993719339370727,0.0442204102873802,Satire
0.0055004833266139,0.0270723011344671,0.0245388075709342,0.0023267222568392,0.041669588536024,0.8964297771453857,0.0024622918572276,Satire
0.017493363469839,0.8197745680809021,0.0042955055832862,0.0177608635276556,0.1003619730472564,0.0366549715399742,0.0036587659269571,Satire
0.954145610332489,0.0172801129519939,0.0033580558374524,0.0005423670518212,0.0201391614973545,0.0017610492650419,0.0027737496420741,Satire
0.0039171623066067,0.0043077813461422,0.0085810543969273,0.6706721186637878,0.2892361581325531,0.0062808720394968,0.0170048661530017,Satire
0.0614626631140708,0.0769008621573448,0.0163038466125726,0.0042477226816117,0.758558988571167,0.0088933864608407,0.0736325532197952,Satire
0.0116044301539659,0.0052876472473144,0.0013741139555349,0.2101839780807495,0.6939724683761597,0.009778818115592,0.0677986145019531,Satire
0.0319825075566768,0.0800468400120735,0.0022775765974074,0.0690135434269905,0.8061239719390869,0.0046421820297837,0.0059133856557309,Satire
0.0067217932082712,0.0154304299503564,0.0030426173470914,0.0793593153357505,0.880998969078064,0.0074097882024943,0.0070371138863265,Satire
