anger,disgust,fear,joy,neutral,sadness,surprise,genre
0.0062648672610521,0.0055059269070625,0.0090736234560608,0.3196561932563782,0.6063932180404663,0.0088628455996513,0.0442432984709739,Family_Film
0.1092590987682342,0.0904723331332206,0.0032941261306405,0.1803793311119079,0.5541406273841858,0.0534926764667034,0.008961783722043,Family_Film
0.0226984582841396,0.0279342345893383,0.0009794376092031,0.0390183180570602,0.1592444032430648,0.7212322354316711,0.0288929492235183,Family_Film
0.0116730472072958,0.1458373814821243,0.0201981291174888,0.005034505855292,0.680809497833252,0.0239394698292017,0.1125079616904258,Family_Film
0.0048083206638693,0.1515060812234878,0.0130237666890025,0.0083577958866953,0.3875464200973511,0.3576529920101166,0.0771047100424766,Family_Film
0.1639108508825302,0.2398117333650589,0.0072509786114096,0.0068861399777233,0.5395044088363647,0.0296069253236055,0.0130289541557431,Family_Film
0.0080240806564688,0.0123843401670455,0.0013153731124475,0.0127294296398758,0.2689493298530578,0.004873723257333,0.6917237043380737,Family_Film
0.0078668473288416,0.0082635162398219,0.3081334233283996,0.0066799814812839,0.3214636445045471,0.3098797500133514,0.0377128422260284,Family_Film
0.0067449873313307,0.0072809648700058,0.887671172618866,0.0034102795179933,0.0703938230872154,0.0068475473672151,0.0176511406898498,Family_Film
0.0684433951973915,0.6842144727706909,0.0846808329224586,0.0052616717293858,0.1450192481279373,0.006813702173531,0.0055666733533144,Family_Film
0.4835845232009887,0.2216840535402298,0.0403526648879051,0.007329368032515,0.1055581122636795,0.1343913674354553,0.0070999395102262,Family_Film
0.0350636839866638,0.1882238984107971,0.0124677773565053,0.003142868168652,0.7394124269485474,0.0070223938673734,0.01466691121459,Family_Film
0.792729914188385,0.0866626128554344,0.0100088659673929,0.0022594868205487,0.0548413433134555,0.0458684116601944,0.0076293442398309,Family_Film
0.8482475280761719,0.0124621605500578,0.1140566915273666,0.0037227743305265,0.0115434993058443,0.007590549532324,0.0023766600061208,Family_Film
0.0223916359245777,0.0321677550673484,0.2108682096004486,0.0039557605050504,0.0729843750596046,0.5033813714981079,0.1542509049177169,Family_Film
0.0095204878598451,0.0153445759788155,0.0059001860208809,0.1966143250465393,0.5952295064926147,0.0641213953495025,0.1132695600390434,Family_Film
0.0350596979260444,0.9293699860572816,0.0038229830097407,0.0036747076082974,0.0195791367441415,0.0068067340180277,0.0016867495141923,Family_Film
0.0051022814586758,0.0016987464623525,0.0014278022572398,0.6834004521369934,0.1714599132537841,0.0097014140337705,0.1272094249725341,Family_Film
0.0045219524763524,0.0150817343965172,0.0030079849530011,0.3392081260681152,0.5867315530776978,0.036179132759571,0.0152694806456565,Family_Film
