anger,disgust,fear,joy,neutral,sadness,surprise,genre
0.0064625302329659,0.7581071257591248,0.0720847249031066,0.1095617264509201,0.0350702889263629,0.0155182126909494,0.0031953391153365,Musical
0.0328801833093166,0.3355563580989837,0.0086083970963954,0.005524892359972,0.591846227645874,0.0227137189358472,0.0028702167328447,Musical
0.968007504940033,0.0109590385109186,0.0083532696589827,0.0006560740876011,0.0070447288453578,0.0029848266858607,0.0019945935346186,Musical
0.0061255595646798,0.983972430229187,0.0010136334458366,0.0004946355475112,0.0058035184629261,0.0016306224279105,0.0009597103926353,Musical
0.0373007133603096,0.1092004999518394,0.0093926889821887,0.0015182382194325,0.800500750541687,0.0259080398827791,0.0161790810525417,Musical
0.0266939848661422,0.0291178673505783,0.0056712175719439,0.0390112549066543,0.8518013954162598,0.0446000844240188,0.003104290459305,Musical
0.0035383228678256,0.002349262824282,0.0025298565160483,0.7749449610710144,0.1367390155792236,0.0317196361720562,0.0481789298355579,Musical
0.0087335286661982,0.6674947142601013,0.0053540896624326,0.0500134266912937,0.2116303294897079,0.041126936674118,0.0156469903886318,Musical
0.043638564646244,0.2102991193532943,0.0165805127471685,0.0083202309906482,0.6259181499481201,0.0175430532544851,0.0777004435658454,Musical
0.590977668762207,0.1594327688217163,0.0102213453501462,0.0086555834859609,0.1528550833463668,0.075910098850727,0.0019474553409963,Musical
0.0261980891227722,0.0097341146320104,0.013399408198893,0.3273639976978302,0.392060250043869,0.1349872648715973,0.0962568819522857,Musical
0.1520505249500274,0.1349195092916488,0.0364184863865375,0.0048660403117537,0.2292994111776352,0.1342023760080337,0.3082436919212341,Musical
0.0269131381064653,0.0404730215668678,0.0045155771076679,0.113073393702507,0.7143096923828125,0.0911129713058471,0.0096022188663482,Musical
0.0054426793940365,0.0091833919286727,0.0209599658846855,0.0138248018920421,0.3004246354103088,0.0151868462562561,0.6349776387214661,Musical
0.0024109254591166,0.0110639417544007,0.0024382518604397,0.9624128341674804,0.0166306253522634,0.0015108878724277,0.0035325929056853,Musical
0.136910006403923,0.4637344777584076,0.0103160478174686,0.0083901574835181,0.3605411946773529,0.0150794619694352,0.005028658080846,Musical
0.0340754427015781,0.1815569996833801,0.0013905302621424,0.205684095621109,0.5640409588813782,0.0072859893552958,0.0059659988619387,Musical
0.011577608063817,0.0262145549058914,0.0015558268642053,0.6587845683097839,0.2437039166688919,0.0247975271195173,0.0333661064505577,Musical
0.0451255813241004,0.0672907754778862,0.0091242669150233,0.5981801152229309,0.1361262649297714,0.0950623601675033,0.0490906685590744,Musical
0.0142444837838411,0.0051508564502,0.0163795221596956,0.1242031529545784,0.788011908531189,0.0270005986094474,0.025009449571371,Musical
0.0389554984867572,0.0862313881516456,0.0022130964789539,0.003497568424791,0.0277566481381654,0.8393852710723877,0.0019605208653956,Musical
0.9729936122894288,0.00603146571666,0.0015505272895097,0.0009477618150413,0.0132000669836997,0.0015675198519602,0.0037089625839143,Musical
0.1381518244743347,0.5348038077354431,0.0778978615999221,0.0011205306509509,0.052666962146759,0.1926808804273605,0.0026781314518302,Musical
0.1916138529777526,0.0906583815813064,0.0061177182942628,0.229615643620491,0.4423401653766632,0.0340346321463584,0.0056195044890046,Musical
0.0348896011710166,0.1461239606142044,0.0054825926199555,0.173422485589981,0.6086154580116272,0.0227959007024765,0.0086700404062867,Musical
0.022526366636157,0.3535791039466858,0.0043166298419237,0.0963211953639984,0.4988134205341339,0.019828213378787,0.0046150120906531,Musical
0.0325541831552982,0.3861777782440185,0.0069593517109751,0.0634000822901725,0.4849041998386383,0.0245623905211687,0.0014420172665268,Musical
0.8092363476753235,0.1462530046701431,0.0013486191164702,0.0019890882540494,0.0306971594691276,0.0078449957072734,0.0026308160740882,Musical
0.0184420477598905,0.3412414789199829,0.0148813528940081,0.4933399260044098,0.096354179084301,0.0137078268453478,0.0220332089811563,Musical
0.0019955062307417,0.0040180240757763,0.0003425329341553,0.973019242286682,0.016213621944189,0.002203106181696,0.0022080985363572,Musical
0.0188121795654296,0.6682939529418945,0.0095674647018313,0.006250767968595,0.2527459561824798,0.0068437899462878,0.0374859534204006,Musical
0.1058964803814888,0.0630581676959991,0.1505762338638305,0.0046444684267044,0.5879698395729065,0.0486214943230152,0.0392333827912807,Musical
0.814831018447876,0.0190955344587564,0.0024636462330818,0.0034364373423159,0.053079005330801,0.1025148332118988,0.0045794332399964,Musical
0.0837331488728523,0.3984215557575226,0.0083489110693335,0.0053108385764062,0.1150278076529502,0.3860981464385986,0.0030595385469496,Musical
0.0784076526761055,0.0239722114056348,0.4909150302410126,0.0139177562668919,0.2296286523342132,0.1528797596693039,0.0102790175005793,Musical
0.4662999808788299,0.1339264810085296,0.0024233115836977,0.0142241613939404,0.3430832922458648,0.0352202579379081,0.004822548944503,Musical
0.0087366141378879,0.0179367568343877,0.0010616237996146,0.1628656834363937,0.7962808609008789,0.0063932524062693,0.0067252130247652,Musical
