anger,disgust,fear,joy,neutral,sadness,surprise,genre
0.0675635337829589,0.0872548595070838,0.0062420717440545,0.3829361200332641,0.3514548242092132,0.0338351912796497,0.0707134678959846,Black_and_white
0.0369904935359954,0.0554787181317806,0.5784874558448792,0.0022388063371181,0.0754872635006904,0.2313315868377685,0.0199856720864772,Black_and_white
0.0035996264778077,0.0176773685961961,0.0424207895994186,0.0018538823351264,0.0603695884346962,0.8618197441101074,0.0122589943930506,Black_and_white
0.0989296361804008,0.7564756870269775,0.002239623805508,0.0053652999922633,0.1182758286595344,0.0144173819571733,0.0042966813780367,Black_and_white
0.0039004837162792,0.003000461962074,0.0446861870586872,0.0038817718159407,0.0148846805095672,0.8020484447479248,0.1275978833436966,Black_and_white
0.0448199249804019,0.3276297450065613,0.0081698484718799,0.0031363808084279,0.341379851102829,0.2565029859542846,0.0183613002300262,Black_and_white
0.2345746308565139,0.2191320210695266,0.0511934198439121,0.0015164535725489,0.206221342086792,0.2420729100704193,0.0452891737222671,Black_and_white
0.0292351506650447,0.0922285839915275,0.0231325197964906,0.016874972730875,0.6761214137077332,0.1546516418457031,0.007755743805319,Black_and_white
0.0549018234014511,0.1926118433475494,0.0531364195048809,0.0050237216055393,0.6217202544212341,0.0257730893790721,0.0468328520655632,Black_and_white
0.0056256945244967,0.0077500129118561,0.0014398054918274,0.5906566977500916,0.3251120746135711,0.0396446213126182,0.0297710485756397,Black_and_white
