anger,disgust,fear,joy,neutral,sadness,surprise,genre
0.0175006445497274,0.004538397770375,0.0065953931771218,0.6109499335289001,0.1736500859260559,0.0276209991425275,0.1591445505619049,Drama
0.0098997643217444,0.0206738803535699,0.0006175565649755,0.6795082688331604,0.2604687809944153,0.017756525427103,0.0110752526670694,Drama
0.0409775860607624,0.0531579293310642,0.0015269806608557,0.0372752547264099,0.7848631739616394,0.0371180288493633,0.0450810678303241,Drama
0.0099808722734451,0.134262353181839,0.0072307479567825,0.0111127207055687,0.6694090366363525,0.1398291140794754,0.0281752422451972,Drama
0.499060720205307,0.3880640566349029,0.0138212414458394,0.0018123852787539,0.0787621811032295,0.0161992795765399,0.0022801309823989,Drama
0.0118587976321578,0.9561168551445008,0.0013380686286836,0.0036307200789451,0.0233702678233385,0.0024056655820459,0.0012795110233128,Drama
0.1269661784172058,0.7960944175720215,0.0097078662365674,0.0011019126977771,0.0259458143264055,0.0384473092854023,0.0017365587409585,Drama
0.004389630164951,0.0052707893773913,0.964677631855011,0.0009109135717153,0.0136500345543026,0.0083508975803852,0.0027502339798957,Drama
0.0060392622835934,0.0204622764140367,0.9213669300079346,0.0016482822829857,0.020555555820465,0.0268463492393493,0.0030813280027359,Drama
0.075772501528263,0.0719822570681572,0.0036683774087578,0.0027896130923181,0.8326919674873352,0.0077027976512908,0.0053924615494906,Drama
0.1891832202672958,0.4793059229850769,0.0565134547650814,0.0015346726868301,0.1336607336997985,0.1369521766901016,0.0028499646577984,Drama
0.0487736836075782,0.1454743146896362,0.0054399278014898,0.0040903072804212,0.4336307346820831,0.3262465000152588,0.0363444797694683,Drama
0.0050178472883999,0.0016786050982773,0.0028572990559041,0.8187209963798523,0.0576545298099517,0.0041703069582581,0.1099003404378891,Drama
0.022146763280034,0.0657705143094062,0.0171354413032531,0.0049689286388456,0.2646106481552124,0.0176117625087499,0.6077559590339661,Drama
0.7134051322937012,0.1448298394680023,0.0204498153179883,0.0012748233275488,0.0756045579910278,0.0373820699751377,0.007053785957396,Drama
0.0195077322423458,0.3730920553207397,0.3456055223941803,0.0036935885436832,0.0528287962079048,0.2004217952489853,0.0048505719751119,Drama
0.0236163735389709,0.0199732035398483,0.0487582944333553,0.0101040583103895,0.4455496072769165,0.4474950432777405,0.0045034675858914,Drama
0.1355939656496048,0.7463875412940979,0.0948933437466621,0.0011082544224336,0.0105078127235174,0.0087798908352851,0.0027291036676615,Drama
0.0070058107376098,0.2575511634349823,0.0036059990525245,0.0428166985511779,0.6624905467033386,0.0145146865397691,0.0120150670409202,Drama
0.1030072569847107,0.0459423922002315,0.0151582201942801,0.0026276530697941,0.8074826002120972,0.011938446201384,0.0138433389365673,Drama
0.6198241114616394,0.1811576634645462,0.0086908023804426,0.0014508222229778,0.0907813310623169,0.095654971897602,0.002440292853862,Drama
0.0297743752598762,0.3159544765949249,0.04319654032588,0.0640175864100456,0.3010782301425934,0.2412601709365844,0.0047186366282403,Drama
0.0112573457881808,0.0051423474214971,0.0030075304675847,0.5724750757217407,0.2887494266033172,0.0088858744129538,0.1104824393987655,Drama
0.0307934843003749,0.0185044948011636,0.0046406788751482,0.0116706760600209,0.9038229584693908,0.006465345621109,0.024102333933115,Drama
0.8779010772705078,0.0598463304340839,0.0255547482520341,0.0014868959551677,0.0283830501139163,0.0047443625517189,0.0020834824535995,Drama
0.479826271533966,0.3954759836196899,0.0075636436231434,0.0021631279960274,0.0806003957986831,0.0327689126133918,0.0016015798319131,Drama
0.0180132687091827,0.0128856776282191,0.0007990341982804,0.8935638666152954,0.062316782772541,0.0029119132086634,0.0095094889402389,Drama
0.0130673376843333,0.0511398799717426,0.0014302774798125,0.031299851834774,0.8572999238967896,0.0385559871792793,0.0072067454457283,Drama
