anger,disgust,fear,joy,neutral,sadness,surprise,genre
0.3460099995136261,0.2981717586517334,0.0377043671905994,0.1315817087888717,0.1144331693649292,0.026608407497406,0.0454906336963176,Romantic_drama
0.7296160459518433,0.0191217456012964,0.2364941239356994,0.0009213332668878,0.008655303157866,0.0027593080885708,0.0024320522788912,Romantic_drama
0.0500009506940841,0.0082427328452467,0.002870820229873,0.0871927961707115,0.1149860173463821,0.0167853087186813,0.719921350479126,Romantic_drama
0.0095525262877345,0.0353172644972801,0.0759408771991729,0.117785595357418,0.7074636816978455,0.0084050139412283,0.045535035431385,Romantic_drama
0.0201416127383708,0.0124334711581468,0.0099491206929087,0.0283247549086809,0.1929407566785812,0.7314714193344116,0.0047388835810124,Romantic_drama
0.0047957813367247,0.0027657649479806,0.9781560897827148,0.0011361383367329,0.0060944892466068,0.0057564335875213,0.0012953679542988,Romantic_drama
0.006233159918338,0.0041980147361755,0.0295735467225313,0.0010281772119924,0.0099701602011919,0.9446673393249512,0.0043296879157423,Romantic_drama
0.0486501939594745,0.0473840981721878,0.2373377531766891,0.0091637894511222,0.2879771292209625,0.3613677620887756,0.0081192515790462,Romantic_drama
0.0342536456882953,0.1479454189538955,0.0037643595132976,0.001325559336692,0.0239758417010307,0.7870025038719177,0.0017325964290648,Romantic_drama
