anger,disgust,fear,joy,neutral,sadness,surprise,genre
0.3098145425319671,0.0044808313250541,0.5649837851524353,0.0030326049309223,0.040274079889059,0.0497413836419582,0.0276728328317403,Action
0.4783806204795837,0.0812339335680008,0.1849212497472763,0.0046064238995313,0.1162657886743545,0.0841187685728073,0.0504731461405754,Action
0.2406703531742096,0.3403702676296234,0.0194072388112545,0.0083856582641601,0.1976377367973327,0.0463439561426639,0.1471847891807556,Action
0.0091009568423032,0.0136761153116822,0.003087626537308,0.4380029439926147,0.2520447671413421,0.0875081196427345,0.1965795159339904,Action
0.46326944231987,0.0949548780918121,0.356021523475647,0.0035077345091849,0.0579063631594181,0.0169105865061283,0.0074296100065112,Action
0.4867112636566162,0.1859940439462661,0.0498110763728618,0.0018954752013087,0.1658193916082382,0.0944265946745872,0.0153421061113476,Action
0.6500449776649475,0.1872172951698303,0.0977678671479225,0.0010227924212813,0.033664520829916,0.027346383780241,0.0029361399356275,Action
0.0229505114257335,0.0234491415321826,0.920491635799408,0.0011840556981042,0.0152125088497996,0.0081870732828974,0.0085251722484827,Action
0.1207968145608902,0.0247869696468114,0.2955889403820038,0.0062013347633183,0.282580018043518,0.182862788438797,0.0871831253170967,Action
0.5634719729423523,0.1020224392414093,0.1781776994466781,0.0025463504716753,0.0968178510665893,0.0229132510721683,0.034050527960062,Action
0.2113154679536819,0.055320031940937,0.5136308670043945,0.0030772197060287,0.1623279750347137,0.0131123717874288,0.0412160567939281,Action
0.1130840256810188,0.0608507767319679,0.3694864511489868,0.0044086650013923,0.2732571363449096,0.1225255578756332,0.0563874132931232,Action
0.6661317944526672,0.0230050850659608,0.1977527290582656,0.0016939332708716,0.0589866675436496,0.0241795498877763,0.0282503683120012,Action
0.885146975517273,0.0702501088380813,0.0027430760674178,0.0012753119226545,0.0282411277294158,0.0100450860336422,0.0022983488161116,Action
0.4122759401798248,0.1879089623689651,0.2188564240932464,0.0036812939215451,0.1433208584785461,0.0209485162049531,0.0130080170929431,Action
0.0493875592947006,0.0220306739211082,0.8047752380371094,0.0011837688507512,0.021419608965516,0.0905745550990104,0.0106285046786069,Action
0.4501520991325378,0.0398919582366943,0.2611905634403229,0.0041051241569221,0.2042541950941085,0.024521367624402,0.0158848371356725,Action
0.0643327236175537,0.012662679888308,0.6858007907867432,0.0035472526215016,0.1171510368585586,0.0473215281963348,0.0691840499639511,Action
0.1372340768575668,0.0240470301359891,0.4176667630672455,0.0109784482046961,0.291502833366394,0.0575808845460414,0.0609899684786796,Action
0.7808189392089844,0.0273004136979579,0.087701216340065,0.0014637869317084,0.0438346341252327,0.0333544686436653,0.0255264658480882,Action
0.0277879703789949,0.0062565430998802,0.0013320174766704,0.7421798706054688,0.1940667331218719,0.0092930048704147,0.0190837997943162,Action
