anger,disgust,fear,joy,neutral,sadness,surprise,genre
0.0055329659953713,0.023230979219079,0.0554462447762489,0.0113152675330638,0.2893826365470886,0.5838605165481567,0.0312314499169588,Comedy
0.018745269626379,0.0797991156578064,0.005534874740988,0.005732633639127,0.8043720722198486,0.0811046659946441,0.0047113872133195,Comedy
0.0054666814394295,0.0046351319178938,0.0069616809487342,0.1342334896326065,0.7862927913665771,0.0156525839120149,0.0467576794326305,Comedy
0.6074792146682739,0.120725393295288,0.0578131377696991,0.0040563838556408,0.088180162012577,0.113953098654747,0.0077925729565322,Comedy
0.0102188279852271,0.0337372496724128,0.0016000163741409,0.1473105251789093,0.4627439677715301,0.3295137882232666,0.0148755693808197,Comedy
0.1730361729860305,0.1963531374931335,0.0095215979963541,0.0079040918499231,0.339642733335495,0.254643052816391,0.0188992414623498,Comedy
0.0092122163623571,0.0014508761232718,0.0041854884475469,0.0206418093293905,0.6585012078285217,0.0614725947380065,0.2445357888936996,Comedy
0.0738562420010566,0.122644655406475,0.4402370154857635,0.0039840657263994,0.2927551865577698,0.0581254698336124,0.0083974599838256,Comedy
0.0593356788158416,0.082187183201313,0.0104070641100406,0.0275537502020597,0.7796397805213928,0.0106763634830713,0.0302002504467964,Comedy
0.2758785784244537,0.1881970167160034,0.0189423952251672,0.0297196675091981,0.3979660868644714,0.0178995262831449,0.0713967010378837,Comedy
0.005732674151659,0.0203081257641315,0.0013175659114494,0.0487065687775611,0.8765193223953247,0.0138503676280379,0.0335653647780418,Comedy
0.1581242680549621,0.3124052882194519,0.0230207536369562,0.0037666819989681,0.4343983232975006,0.0385030955076217,0.0297816172242164,Comedy
0.0429113134741783,0.1125657111406326,0.0127281909808516,0.0082632908597588,0.8006154894828796,0.0158477611839771,0.0070682703517377,Comedy
0.0092914905399084,0.0441988408565521,0.0161144156008958,0.0127231050282716,0.8268635272979736,0.0145741654559969,0.0762344449758529,Comedy
0.0670603886246681,0.6128788590431213,0.1078463420271873,0.0046263267286121,0.1539534926414489,0.0465444847941398,0.0070901364088058,Comedy
0.0153163680806756,0.0538890920579433,0.0551528073847293,0.4083766937255859,0.3235315084457397,0.119729109108448,0.0240043364465236,Comedy
0.0075659556314349,0.0104219131171703,0.0022434517741203,0.2015847116708755,0.7423502802848816,0.0045148278586566,0.0313188694417476,Comedy
0.0145948901772499,0.0671300888061523,0.0109815401956439,0.2867876887321472,0.5501841902732849,0.0160872656852006,0.0542343109846115,Comedy
0.2133198827505111,0.0427183955907821,0.0821404010057449,0.0179253760725259,0.6001254320144653,0.0099080530926585,0.0338623933494091,Comedy
0.011122029274702,0.0371331088244915,0.0042838435620069,0.0570824518799781,0.8382192850112915,0.0142821604385972,0.0378771014511585,Comedy
0.0067559988237917,0.0131564512848854,0.0027800407260656,0.0289795231074094,0.919036626815796,0.0100893350318074,0.0192019585520029,Comedy
0.3896210491657257,0.0674928277730941,0.0077935783192515,0.0091196615248918,0.2203451544046402,0.2917046844959259,0.0139230675995349,Comedy
0.0107571929693222,0.0055891303345561,0.0031813345849514,0.5435150265693665,0.3212528228759765,0.0109112486243247,0.1047931909561157,Comedy
0.0031546365935355,0.0037324144504964,0.00146068201866,0.4741866886615753,0.3477827608585357,0.0872137621045112,0.0824690908193588,Comedy
