anger,disgust,fear,joy,neutral,sadness,surprise,genre
0.2255877554416656,0.645066499710083,0.0125128906220197,0.0018482308369129,0.0352166481316089,0.0776656940579414,0.0021023324225097,Drama
0.1435605734586715,0.0101257404312491,0.8262572288513184,0.0061843185685575,0.0067820148542523,0.0041426639072597,0.0029473048634827,Drama
0.167824238538742,0.5669543743133545,0.0134124998003244,0.0028307072352617,0.2006338238716125,0.0208814516663551,0.0274629164487123,Drama
0.0147851798683404,0.0042652366682887,0.0221108198165893,0.4558604955673218,0.4154962301254272,0.0435034483671188,0.0439785085618495,Drama
0.2135744839906692,0.0477950237691402,0.5405160188674927,0.0042963651940226,0.1673338860273361,0.0083597153425216,0.0181244481354951,Drama
0.7366296648979187,0.2047509253025055,0.0078681614249944,0.0082166222855448,0.0302300807088613,0.0037162131629884,0.0085883857682347,Drama
0.0204163081943988,0.153342917561531,0.0085759395733475,0.057812288403511,0.7417547702789307,0.0150048322975635,0.003092907834798,Drama
0.2291576564311981,0.083536647260189,0.5232730507850647,0.0037001052405685,0.1062866374850273,0.0454184487462043,0.0086273634806275,Drama
0.0055995672009885,0.0302379578351974,0.0033186478540301,0.0258841924369335,0.8632440567016602,0.0605721920728683,0.011143366806209,Drama
0.0075499410741031,0.0379977785050869,0.0044528236612677,0.0056650545448064,0.8872455954551697,0.0041465479880571,0.0529423132538795,Drama
0.013009182177484,0.7182969450950623,0.190836101770401,0.0067255715839564,0.0528809688985347,0.0046134600415825,0.0136378202587366,Drama
0.7593210935592651,0.201854720711708,0.0067057088017463,0.0008986388565972,0.0155812921002507,0.0139308357611298,0.0017076813383027,Drama
0.0387230664491653,0.0082716532051563,0.213721677660942,0.0017001474043354,0.0435916408896446,0.6569111943244934,0.0370805971324443,Drama
0.0288083329796791,0.7375297546386719,0.0597465150058269,0.0009148734388872,0.0854721292853355,0.0844162330031395,0.0031120972707867,Drama
0.2511928677558899,0.0390125811100006,0.6949220895767212,0.0010992494644597,0.0051975948736071,0.0043666246347129,0.0042090243659913,Drama
0.0396935306489467,0.0075750919058918,0.9021883010864258,0.0018752117175608,0.0143465660512447,0.0127388527616858,0.0215824767947196,Drama
0.5604286193847656,0.2319356203079223,0.0593504384160041,0.0013890814734622,0.0461029447615146,0.0898861661553382,0.0109072113409638,Drama
0.0366242006421089,0.6985870003700256,0.0256536658853292,0.004037273582071,0.1880558431148529,0.0439358167350292,0.0031062343623489,Drama
0.431077629327774,0.0545842871069908,0.3319288790225982,0.0033569589722901,0.1532393991947174,0.015753960236907,0.0100589133799076,Drama
0.1220751777291297,0.0904233008623123,0.0109927598387002,0.1248767077922821,0.581639289855957,0.0308441054075956,0.0391486212611198,Drama
0.0296167377382516,0.5709289908409119,0.2455729991197586,0.0010643914574757,0.0897469669580459,0.0396933779120445,0.0233765412122011,Drama
0.0238533113151788,0.7468128204345703,0.070691630244255,0.0022149868309497,0.0771555677056312,0.0721752494573593,0.0070964465849101,Drama
0.0890922918915748,0.0140403388068079,0.1701080203056335,0.0013497817562893,0.017962172627449,0.6969008445739746,0.0105465082451701,Drama
0.0053796381689608,0.0099189542233943,0.9083020091056824,0.0014948714524507,0.0338520146906375,0.0373443700373172,0.0037081097252666,Drama
0.0324387773871421,0.0498765520751476,0.0029045774135738,0.431239902973175,0.3883098363876343,0.0872352868318557,0.0079951556399464,Drama
0.6339544057846069,0.3035426437854767,0.0097872596234083,0.0015016422839835,0.0452469177544117,0.003426038660109,0.0025410477537661,Drama
0.031349528580904,0.0611329860985279,0.0618761666119098,0.0045132897794246,0.6471577882766724,0.1851842105388641,0.0087860813364386,Drama
0.0680953115224838,0.8560861945152283,0.0674770399928093,0.000702207093127,0.0041662938892841,0.0024885470047593,0.0009843310108408,Drama
0.0010113179450854,0.0045423260889947,0.9825361967086792,0.0006120466277934,0.0028188934084028,0.0047567812725901,0.0037225245032459,Drama
0.0703237503767013,0.2437031120061874,0.2090727239847183,0.0044335634447634,0.4093417525291443,0.0282034389674663,0.034921571612358,Drama
0.2844520807266235,0.4827971458435058,0.0086520928889513,0.0067332396283745,0.1973121017217636,0.0189068373292684,0.0011465982533991,Drama
0.1263095587491989,0.0822892487049102,0.1619310826063156,0.0060789044946432,0.5251272320747375,0.0205713957548141,0.0776925683021545,Drama
0.0163871720433235,0.0561909601092338,0.0062499945051968,0.00410718889907,0.8603551387786865,0.0279232524335384,0.0287863705307245,Drama
