anger,disgust,fear,joy,neutral,sadness,surprise,genre
0.0080186007544398,0.027243060991168,0.0049084718339145,0.610954225063324,0.2793869078159332,0.0493495687842369,0.020139230415225,Drama
0.0438254475593566,0.0205434430390596,0.0111277690157294,0.003353944979608,0.1395360231399536,0.776242196559906,0.0053712166845798,Drama
0.3805774450302124,0.2146978378295898,0.0048707099631428,0.0057262894697487,0.1759994179010391,0.2070991545915603,0.0110291019082069,Drama
0.0365382395684719,0.8995333313941956,0.0056382636539638,0.0248795207589864,0.0287124514579772,0.0022890949621796,0.0024090430233627,Drama
0.0094432514160871,0.0090699438005685,0.0053494279272854,0.6339971423149109,0.2791760563850403,0.023436551913619,0.0395275689661502,Drama
0.0140403686091303,0.0120549025014042,0.0175232775509357,0.2825014293193817,0.6169859170913696,0.0333906188607215,0.0235034525394439,Drama
0.0028210484888404,0.0013130564475432,0.000426594284363,0.9377488493919371,0.0242486242204904,0.0072951060719788,0.0261467564851045,Drama
0.0567161031067371,0.2217468321323394,0.0100160250440239,0.0101222097873687,0.610028088092804,0.0130312368273735,0.0783395245671272,Drama
0.0872684270143508,0.049101922661066,0.0731852278113365,0.0029037103522568,0.1708537340164184,0.1838550269603729,0.4328319728374481,Drama
0.0378447473049163,0.0212606005370616,0.0642913877964019,0.0072937021031975,0.6522694230079651,0.1816393584012985,0.0354007817804813,Drama
0.1672948747873306,0.0217756368219852,0.1047771051526069,0.009350842796266,0.4047684967517853,0.1991477906703949,0.0928852334618568,Drama
0.0900391191244125,0.5327439904212952,0.2282446026802063,0.0039680586196482,0.1230037435889244,0.0129339415580034,0.0090665593743324,Drama
0.0158591568470001,0.9482148885726928,0.0035517420619726,0.0019632810726761,0.025121483951807,0.0021871216595172,0.0031023253686726,Drama
0.4618401527404785,0.1137972772121429,0.0288206171244382,0.0022225028369575,0.2857632040977478,0.0911527127027511,0.0164034999907016,Drama
0.1197507157921791,0.1475528329610824,0.0078019215725362,0.0223868992179632,0.6698038578033447,0.029972743242979,0.0027309781871736,Drama
0.1584401726722717,0.2670557498931885,0.0357368066906929,0.0013236275408416,0.041741382330656,0.4903734624385834,0.0053288098424673,Drama
0.0087295649573206,0.0091846846044063,0.7331228852272034,0.0276457425206899,0.1872717887163162,0.029481116682291,0.0045642433688044,Drama
0.0467325970530509,0.0891745239496231,0.0016738895792514,0.1155277490615844,0.6479759812355042,0.0900106951594352,0.0089045306667685,Drama
0.020765159279108,0.0217715092003345,0.1423846185207367,0.0469836145639419,0.7018784880638123,0.0135955866426229,0.0526210330426692,Drama
0.0049133910797536,0.0035906548146158,0.9353898763656616,0.0027392660267651,0.0433185584843158,0.0063160005956888,0.0037322505377233,Drama
0.007385111413896,0.0035990611650049,0.0028630036395043,0.3751917779445648,0.5657373666763306,0.0058041024021804,0.0394195094704628,Drama
0.0163934733718633,0.111015997827053,0.0017471985192969,0.0893444269895553,0.7608413696289062,0.016600452363491,0.0040570311248302,Drama
0.0097841629758477,0.0079484637826681,0.0204241480678319,0.3285589218139648,0.5291131734848022,0.0088095124810934,0.0953616052865982,Drama
0.9457714557647704,0.0096970777958631,0.0122052263468503,0.0014637061394751,0.0207820255309343,0.0042169289663434,0.005863734986633,Drama
0.050281573086977,0.483546495437622,0.0229802094399929,0.0068189287558197,0.4057845175266266,0.013429214246571,0.0171590186655521,Drama
0.0349215529859066,0.0169261936098337,0.0040668011642992,0.0197412017732858,0.9023109674453736,0.012046517804265,0.0099867423996329,Drama
