anger,disgust,fear,joy,neutral,sadness,surprise,genre
0.0101586459204554,0.3378753960132599,0.1064333245158195,0.0769045799970626,0.4116648435592651,0.0083036916330456,0.0486595630645751,Historical_Epic
0.0795823484659195,0.0806253403425216,0.0037704750429838,0.038600031286478,0.7831083536148071,0.0117472698912024,0.0025662002153694,Historical_Epic
0.7356665134429932,0.10880958288908,0.1072223335504531,0.0014548350591212,0.0240963846445083,0.0179000720381736,0.0048502846620976,Historical_Epic
0.0046223946847021,0.0062489863485097,0.9737754464149476,0.0005370981525629,0.002616377081722,0.0035112171899527,0.0086884526535868,Historical_Epic
0.044925894588232,0.4288001954555511,0.0429618433117866,0.0016267598839476,0.2392932772636413,0.2328713238239288,0.0095207542181015,Historical_Epic
0.0046738917008042,0.0802178233861923,0.0187434144318103,0.003080483758822,0.1729947477579116,0.6899189949035645,0.0303706116974353,Historical_Epic
0.1200673207640647,0.1072244793176651,0.0077138268388807,0.0136269927024841,0.7323936820030212,0.0076512689702212,0.0113224796950817,Historical_Epic
0.0522432476282119,0.7549431324005127,0.0529686175286769,0.0012336141662672,0.0770375356078147,0.0055298269726336,0.0560441203415393,Historical_Epic
0.5796570181846619,0.1611460000276565,0.0256297774612903,0.0023136655800044,0.2079216837882995,0.0210638716816902,0.0022679364774376,Historical_Epic
0.1076300293207168,0.4100835621356964,0.0533277578651905,0.0043215891346335,0.3319402933120727,0.0861294418573379,0.0065672677010297,Historical_Epic
0.1180159822106361,0.2650105655193329,0.0033251873683184,0.0087686711922287,0.5932145118713379,0.0091227637603878,0.0025423266924917,Historical_Epic
0.0568666867911815,0.0899032428860664,0.4863061606884002,0.0058676782064139,0.3352273106575012,0.0107684945687651,0.0150604397058486,Historical_Epic
0.0366182997822761,0.0292429458349943,0.2044292390346527,0.0164812561124563,0.4201284348964691,0.0134640280157327,0.2796357870101928,Historical_Epic
0.0160088129341602,0.0037168334238231,0.0113946693018078,0.0044607445597648,0.1190025731921196,0.0026315983850508,0.8427848219871521,Historical_Epic
0.8596323728561401,0.0374868921935558,0.0897873491048812,0.0008051186450757,0.006890847813338,0.0037692193873226,0.0016282357973977,Historical_Epic
0.0614174306392669,0.1402135640382766,0.0087607288733124,0.0893878042697906,0.646220326423645,0.0467892587184906,0.0072108963504433,Historical_Epic
0.0657868236303329,0.1424023061990738,0.0090977875515818,0.0800383985042572,0.6769047975540161,0.0178086515516042,0.0079612843692302,Historical_Epic
0.0707881078124046,0.8049982786178589,0.0055033788084983,0.0026681940071284,0.1006079912185669,0.0122178699821233,0.003216188866645,Historical_Epic
0.7608377933502197,0.0848044529557228,0.046181458979845,0.0016012490959838,0.0788955986499786,0.0231520980596542,0.0045274086296558,Historical_Epic
0.3917036950588226,0.0379795618355274,0.3505703508853912,0.0076128784567117,0.1694693565368652,0.024843631312251,0.0178205017000436,Historical_Epic
0.3646368384361267,0.1078729480504989,0.3616845905780792,0.0019097513286396,0.1034944429993629,0.0285838600248098,0.0318177118897438,Historical_Epic
0.0315128564834594,0.6812360882759094,0.026264140382409,0.0070772618055343,0.2230135351419448,0.0172292739152908,0.0136668244376778,Historical_Epic
0.0140374479815363,0.953207790851593,0.0106691494584083,0.0003279388765804,0.0095247309654951,0.0105552691966295,0.0016777000855654,Historical_Epic
0.5756195187568665,0.1421976089477539,0.0219779219478368,0.0054051629267632,0.1692861914634704,0.0827601999044418,0.0027533841785043,Historical_Epic
0.0194417908787727,0.7964671850204468,0.0289420131593942,0.0010500935604795,0.1122197285294532,0.0313798636198043,0.0104993386194109,Historical_Epic
