anger,disgust,fear,joy,neutral,sadness,surprise,genre
0.0372621454298496,0.0109477592632174,0.0716968104243278,0.0396045856177806,0.6551495790481567,0.066761314868927,0.1185778826475143,Drama
0.1755906343460083,0.3270369470119476,0.0022549573332071,0.0117515278980135,0.3262339830398559,0.1290871500968933,0.0280447639524936,Drama
0.0109089696779847,0.0200680624693632,0.0071858740411698,0.223263680934906,0.7047082185745239,0.0299449004232883,0.0039202128536999,Drama
0.0555588752031326,0.1253621578216552,0.0194444563239812,0.4212026596069336,0.3281635344028473,0.0380650423467159,0.0122032081708312,Drama
0.0430430695414543,0.7591989636421204,0.0638669803738594,0.0029995630029588,0.0375568643212318,0.0891366824507713,0.0041978452354669,Drama
0.5488245487213135,0.1822850555181503,0.2070221155881881,0.0032503723632544,0.0306556764990091,0.0168613791465759,0.0111008286476135,Drama
0.0994200780987739,0.0284655038267374,0.0128567973151803,0.0028125608805567,0.0590208657085895,0.7768840789794922,0.0205400642007589,Drama
0.0564408041536808,0.0502809919416904,0.3818774223327636,0.0107952402904629,0.4414548575878143,0.016951685771346,0.042198933660984,Drama
0.4384278655052185,0.4440103769302368,0.0331783518195152,0.0029354386497288,0.0633929967880249,0.0167410764843225,0.0013139961520209,Drama
0.2637441754341125,0.3842490613460541,0.014084973372519,0.0016471807612106,0.0664052739739418,0.2663521766662597,0.0035171704366803,Drama
0.001981794135645,0.0063193514943122,0.0006720245000906,0.9708200097084044,0.0138281686231493,0.0032954136840999,0.0030831929761916,Drama
0.0153545225039124,0.0030732550658285,0.0012443913146853,0.6810302138328552,0.1980760991573333,0.0216158293187618,0.0796056985855102,Drama
