anger,disgust,fear,joy,neutral,sadness,surprise,genre
0.0056426269002258,0.6710165739059448,0.0787454545497894,0.0128871975466609,0.120333582162857,0.0969136953353881,0.0144609045237302,Comedy_drama
0.0181636735796928,0.0377882830798625,0.0005877685034647,0.7461722493171692,0.184501513838768,0.0084021417424082,0.0043844832107424,Comedy_drama
0.0065825232304632,0.0082788681611418,0.0067740748636424,0.3880663514137268,0.457750529050827,0.0071708401665091,0.1253767609596252,Comedy_drama
0.0338864959776401,0.0091611705720424,0.0267053414136171,0.0129043338820338,0.8849216103553772,0.0129272015765309,0.0194938257336616,Comedy_drama
0.0068408739753067,0.0043607391417026,0.957721710205078,0.0021997045259922,0.0156342200934886,0.0029058826621621,0.0103368367999792,Comedy_drama
0.0087059950456023,0.0056569217704236,0.0128206424415111,0.047083307057619,0.866253137588501,0.0143624655902385,0.0451175644993782,Comedy_drama
0.1342355459928512,0.085958257317543,0.0808353424072265,0.0212001409381628,0.5409316420555115,0.1162246018648147,0.0206144992262125,Comedy_drama
0.0070952670648694,0.0009516250574961,0.0041629616171121,0.244290217757225,0.5496892333030701,0.0242593102157115,0.1695514023303985,Comedy_drama
0.0545054301619529,0.0732753947377204,0.0054835453629493,0.0058507518842816,0.8235499262809753,0.0337738655507564,0.003561116522178,Comedy_drama
0.0143454931676387,0.9231181144714355,0.0171813815832138,0.0021146640647202,0.0165670737624168,0.0081759048625826,0.0184973329305648,Comedy_drama
0.0478020422160625,0.1592678874731063,0.0170888248831033,0.0210492592304945,0.696357250213623,0.0561392344534397,0.0022955671884119,Comedy_drama
0.0595311261713504,0.1698012202978134,0.4861509799957275,0.01765220426023,0.1308460086584091,0.1250078678131103,0.0110105704516172,Comedy_drama
0.9738222360610962,0.0017179526621475,0.002877963706851,0.0009749850723892,0.0065801832824945,0.0114073334261775,0.0026193251833319,Comedy_drama
0.9738554954528807,0.0062994705513119,0.003201887011528,0.0005264162900857,0.0115791046991944,0.0015042219310998,0.0030335737392306,Comedy_drama
0.3298994600772857,0.0578711405396461,0.002214033389464,0.0073297289200127,0.0138527881354093,0.5849462151527405,0.003886590944603,Comedy_drama
0.1949657648801803,0.0712424740195274,0.0185770317912101,0.0022437516599893,0.5105396509170532,0.1882131695747375,0.0142181189730763,Comedy_drama
0.0468916073441505,0.2112807333469391,0.0046859099529683,0.0105666425079107,0.7072198390960693,0.0099027985706925,0.0094524882733821,Comedy_drama
0.1067617461085319,0.2912061512470245,0.0048404526896774,0.0315086171030998,0.5471444129943848,0.0144717851653695,0.0040667937137186,Comedy_drama
0.0174738392233848,0.8410818576812744,0.012602349743247,0.0036190368700772,0.035150546580553,0.088850624859333,0.0012217557523399,Comedy_drama
0.0062342970632016,0.0159899648278951,0.0136957038193941,0.0026693793479353,0.0709952265024185,0.883980393409729,0.0064350571483373,Comedy_drama
0.0130732841789722,0.2205638289451599,0.0024971691891551,0.0224030259996652,0.7048835158348083,0.0055411290377378,0.0310381092131137,Comedy_drama
0.0127881094813346,0.0091089773923158,0.0008698260062374,0.0046420153230428,0.9295127391815186,0.0083087850362062,0.0347695909440517,Comedy_drama
0.03265081346035,0.8039895296096802,0.0265278834849596,0.0043101487681269,0.1013400256633758,0.004041826352477,0.0271397903561592,Comedy_drama
0.0114097306504845,0.1660668551921844,0.0047515304759144,0.4799603521823883,0.299305111169815,0.0108641562983393,0.02764224819839,Comedy_drama
0.0082338321954011,0.0037637974601238,0.0016705071320757,0.0105633595958352,0.9624645113945008,0.0021032120566815,0.011200750246644,Comedy_drama
0.0244948342442512,0.0239216163754463,0.0019260505214333,0.0336547195911407,0.904694139957428,0.0078749367967247,0.0034336526878178,Comedy_drama
0.1066306605935096,0.2174008339643478,0.0075341272167861,0.0030735589098185,0.2991023659706116,0.3583549857139587,0.0079034557566046,Comedy_drama
0.0198062658309936,0.7126359343528748,0.0073461076244711,0.029282184317708,0.2115431576967239,0.0112173464149236,0.0081689767539501,Comedy_drama
0.0137749072164297,0.4980165660381317,0.0089363176375627,0.0027598408050835,0.4016773998737335,0.068900927901268,0.0059339622966945,Comedy_drama
0.0563005581498146,0.0562160350382328,0.0037217247299849,0.0121448477730154,0.790543794631958,0.0758963972330093,0.005176592618227,Comedy_drama
0.0131651265546679,0.0214732959866523,0.0108103873208165,0.0077071259729564,0.7641549706459045,0.1581347286701202,0.024554381147027,Comedy_drama
0.090654581785202,0.1417903751134872,0.0043069324456155,0.009744469076395,0.6818662881851196,0.0643033161759376,0.0073340283706784,Comedy_drama
0.0120910871773958,0.4396410882472992,0.0514301545917987,0.0038723833858966,0.0986740365624427,0.3899689614772796,0.0043222983367741,Comedy_drama
0.0909648761153221,0.0650727823376655,0.0299163088202476,0.0053505185060203,0.7701290249824524,0.0323975011706352,0.0061688981950283,Comedy_drama
0.2395412474870681,0.5832475423812866,0.0046664695255458,0.0011017116485163,0.1353222876787185,0.0332126058638095,0.0029082486871629,Comedy_drama
0.0099818808957934,0.0693551450967788,0.0433660708367824,0.0049034231342375,0.1182669103145599,0.7244607210159302,0.0296658650040626,Comedy_drama
0.0102876313030719,0.749328076839447,0.1129248514771461,0.0027987395878881,0.0252488926053047,0.0954446643590927,0.0039672255516052,Comedy_drama
0.0631247982382774,0.1325660347938537,0.2193933427333831,0.0043980744667351,0.1160995885729789,0.4385708272457123,0.0258473642170429,Comedy_drama
0.017166381701827,0.0149730294942855,0.0580406337976455,0.0121251819655299,0.8335865139961243,0.0571690052747726,0.0069392542354762,Comedy_drama
0.0209337621927261,0.0425680764019489,0.0217891689389944,0.0179303511977195,0.1078853011131286,0.7836841344833374,0.0052092163823544,Comedy_drama
0.0174355246126651,0.0707926228642463,0.0284718610346317,0.0032547926530241,0.8109824657440186,0.0382904633879661,0.0307722389698028,Comedy_drama
0.0048742671497166,0.0063292705453932,0.0011754217557609,0.0830621793866157,0.891224205493927,0.0094324965029954,0.0039021663833409,Comedy_drama
