anger,disgust,fear,joy,neutral,sadness,surprise,genre
0.0143810017034411,0.2163834571838379,0.6322288513183594,0.0105730779469013,0.0860889181494712,0.0339147970080375,0.0064298990182578,Drama
0.0321360118687152,0.0881441831588745,0.0130115579813718,0.0040603470988571,0.5445483326911926,0.314310222864151,0.0037893652915954,Drama
0.5156573057174683,0.3253836333751678,0.0067567476071417,0.0009138256427831,0.0663967430591583,0.079969123005867,0.0049226935952901,Drama
0.0039258594624698,0.0041337781585752,0.0051374449394643,0.1099841818213462,0.7840820550918579,0.0091215446591377,0.0836151242256164,Drama
0.0145733002573251,0.8508415222167969,0.043703269213438,0.0058976882137358,0.065253622829914,0.0051950267516076,0.0145356012508273,Drama
0.0069293770939111,0.0869730114936828,0.3623884320259094,0.0113170500844717,0.0106451250612735,0.0081951636821031,0.5135518908500671,Drama
0.0308096893131732,0.1455378383398056,0.0029856797773391,0.0707361698150634,0.733052134513855,0.008245762437582,0.0086326925083994,Drama
0.1349119693040847,0.5712687969207764,0.0396080762147903,0.0020280207972973,0.2004361897706985,0.0338753834366798,0.0178715512156486,Drama
0.0357326492667198,0.8136727213859558,0.0104677164927124,0.0052212220616638,0.0566256903111934,0.0765158459544181,0.0017639683792367,Drama
0.1381690204143524,0.292369544506073,0.0133589673787355,0.0320658236742019,0.4851033389568329,0.0270579364150762,0.0118752662092447,Drama
0.2264203131198883,0.4520380795001983,0.0174210593104362,0.0067219040356576,0.2376104593276977,0.0577202439308166,0.0020679484587162,Drama
0.0212117061018943,0.8988168239593506,0.0382649265229702,0.0008202728349715,0.0135139822959899,0.025446331128478,0.0019260133849456,Drama
0.0080214943736791,0.2505877912044525,0.7103914022445679,0.0018408480100333,0.0172826964408159,0.0061117042787373,0.0057639237493276,Drama
0.9244202375411988,0.0331329405307769,0.0081499153748154,0.0005671401158906,0.0112509867176413,0.0202683452516794,0.0022105111274868,Drama
0.0054342942312359,0.0067629753611981,0.9678484797477722,0.0007119294605217,0.0047766091302037,0.0038272994570434,0.0106385080143809,Drama
0.0216537937521934,0.7399392127990723,0.1180061921477317,0.0033839815296232,0.0578109882771968,0.0521869286894798,0.0070188278332352,Drama
0.0481676049530506,0.1515943706035614,0.2528287768363952,0.0016262730350717,0.0594614259898662,0.4564842879772186,0.0298372525721788,Drama
0.031490933150053,0.0648838281631469,0.0021524922922253,0.0026964719872921,0.868027925491333,0.0192954931408166,0.0114528881385922,Drama
0.2853625118732452,0.4013701975345611,0.0143721727654337,0.0018045455217361,0.2593278288841247,0.0223798267543315,0.0153829958289861,Drama
0.0134918270632624,0.0824690014123916,0.0028260666877031,0.0170572344213724,0.8538305759429932,0.0094319907948374,0.020893333479762,Drama
0.7076801657676697,0.1850062757730484,0.0066032116301357,0.0021281305234879,0.038543090224266,0.0569751299917697,0.0030640286859124,Drama
0.2229078263044357,0.2484729140996933,0.4592598080635071,0.0037108268588781,0.0498512983322143,0.014638296328485,0.0011590552749112,Drama
0.0566281713545322,0.9054895043373108,0.0055202301591634,0.0008138609118759,0.018803235143423,0.0117932138964533,0.000951824709773,Drama
0.281111866235733,0.583402693271637,0.0080141639336943,0.003003557678312,0.1097617149353027,0.013243799097836,0.00146229355596,Drama
0.3552508056163788,0.3860766589641571,0.0055905929766595,0.0032698346767574,0.2286611199378967,0.0187839362770319,0.0023670922964811,Drama
0.0076706204563379,0.0025153129827231,0.9742098450660706,0.0009615371236577,0.0046631316654384,0.0029682165477424,0.007011417299509,Drama
0.0445358343422412,0.1968093365430832,0.0090067200362682,0.0062614316120743,0.664060115814209,0.0518286786973476,0.0274979341775178,Drama
0.0058607971295714,0.0019618868827819,0.0012435062089934,0.8655319213867188,0.0778878927230835,0.0143729243427515,0.0331411808729171,Drama
0.0869809761643409,0.025283508002758,0.0032379450276494,0.6906529664993286,0.1266707628965377,0.0418161787092685,0.025357624515891,Drama
0.0341494083404541,0.0072970888577401,0.9278773665428162,0.0008495388901792,0.0174178630113601,0.0036548108328133,0.0087538668885827,Drama
0.0200610123574733,0.1060267686843872,0.0227038022130727,0.003102607326582,0.7147377729415894,0.1058896780014038,0.0274783577769994,Drama
0.0435518436133861,0.9133369326591492,0.007405836135149,0.0014087763847783,0.0187568701803684,0.0133276507258415,0.0022121204528957,Drama
0.5870932340621948,0.1968138813972473,0.1285919696092605,0.003797847777605,0.0579989030957222,0.0196562446653842,0.0060479533858597,Drama
0.5298760533332825,0.0628803968429565,0.1075813397765159,0.003266072133556,0.1037420630455017,0.1734906584024429,0.0191633403301239,Drama
0.0414451882243156,0.016818618401885,0.3688617348670959,0.0150313908234238,0.4095299243927002,0.1268414556980133,0.0214716605842113,Drama
0.0460365377366542,0.093128427863121,0.0018151534022763,0.1487349867820739,0.691942036151886,0.0147663857787847,0.0035764451604336,Drama
0.8493159413337708,0.1060721427202224,0.0221813488751649,0.0007967567071318,0.0103498045355081,0.0088472096249461,0.0024367524310946,Drama
0.023588003590703,0.0211634784936904,0.3681155443191528,0.0060657081194221,0.4315058887004852,0.1325123906135559,0.0170489810407161,Drama
0.0051082447171211,0.0021979580633342,0.0015701334923505,0.0050963354296982,0.0103097073733806,0.9743033647537231,0.001414175145328,Drama
0.1054092347621917,0.1107675358653068,0.1230909824371337,0.0056478604674339,0.4780086874961853,0.1705325245857238,0.006543084513396,Drama
0.0051864334382116,0.0096894223242998,0.0007721541915088,0.8823203444480896,0.068590335547924,0.0312236025929451,0.0022174918558448,Drama
0.1274584531784057,0.0161457583308219,0.1528599858283996,0.0037898467853665,0.0438659898936748,0.6502739787101746,0.0056059923954308,Drama
0.1367199718952179,0.5114452242851257,0.136803537607193,0.0016496297903358,0.1204067021608352,0.0829183086752891,0.0100566586479544,Drama
0.2592191398143768,0.3788039982318878,0.0271832235157489,0.0030883369036018,0.2257709503173828,0.1022485345602035,0.0036857814993709,Drama
0.2601795494556427,0.3760956525802612,0.012547961436212,0.0035325337667018,0.0687625631690025,0.2759285569190979,0.0029532217886298,Drama
0.1657639890909195,0.1179559156298637,0.0120416721329092,0.005554168485105,0.1206437721848487,0.5736048817634583,0.0044356249272823,Drama
0.2547143697738647,0.4981230795383453,0.0083199962973594,0.0012727668508887,0.0610462017357349,0.1737266778945922,0.0027969283983111,Drama
