anger,disgust,fear,joy,neutral,sadness,surprise,genre
0.1389612406492233,0.047446571290493,0.0040252502076327,0.004272963386029,0.0705348253250122,0.7272137999534607,0.0075453519821166,Film_noir
0.6229875087738037,0.0895877331495285,0.0363329723477363,0.0030885266605764,0.0707044675946235,0.1688729375600814,0.0084259053692221,Film_noir
0.4575311839580536,0.1523105353116989,0.0582180060446262,0.0063854539766907,0.1640080958604812,0.1569039821624755,0.0046427748166024,Film_noir
0.1857663094997406,0.0812526643276214,0.0914505571126937,0.0020227823406457,0.1057767271995544,0.530508279800415,0.0032226995099335,Film_noir
0.2901835739612579,0.5282213687896729,0.0048013646155595,0.0057308063842356,0.1380073577165603,0.0291618090122938,0.0038936976343393,Film_noir
0.063110202550888,0.4517636597156524,0.0724308565258979,0.0020286832004785,0.3203433454036712,0.0837643593549728,0.0065587824210524,Film_noir
0.0041861231438815,0.0070016654208302,0.9802881479263306,0.0008904160931706,0.0044564921408891,0.0015118152368813,0.0016653838101774,Film_noir
0.0428886972367763,0.0751139670610427,0.0023741079494357,0.5891393423080444,0.2092824429273605,0.0772783756256103,0.0039230277761816,Film_noir
0.480385959148407,0.108178049325943,0.0111060738563537,0.0014451681636273,0.0454468168318271,0.3461065888404846,0.0073312865570187,Film_noir
0.0537735037505626,0.1302274614572525,0.4292836189270019,0.0058207581751048,0.2718375325202942,0.0555505864322185,0.0535066612064838,Film_noir
0.3495189249515533,0.5790762305259705,0.0016508288681507,0.0010749357752501,0.0172980558127164,0.0489947274327278,0.0023862847592681,Film_noir
0.2385295331478119,0.5953925848007202,0.007861160673201,0.0096281701698899,0.1352741867303848,0.0071010561659932,0.0062133725732564,Film_noir
0.2426251620054245,0.0143120419234037,0.7216928005218506,0.0016310521168634,0.0102357799187302,0.0077931969426572,0.0017098993994295,Film_noir
0.3215163350105285,0.1327868849039077,0.1430935263633728,0.0059755248948931,0.3720704019069671,0.0158668216317892,0.0086904587224125,Film_noir
0.5490686893463135,0.1151772141456604,0.1140812486410141,0.0046311109326779,0.1850228458642959,0.025261852890253,0.0067570353858172,Film_noir
0.3082943558692932,0.2629821598529815,0.1645744740962982,0.0053957956843078,0.2403531372547149,0.0130808604881167,0.0053192288614809,Film_noir
0.1345915496349334,0.0395145043730735,0.0094892578199505,0.019200125709176,0.7190881967544556,0.0714718475937843,0.006644569337368,Film_noir
