anger,disgust,fear,joy,neutral,sadness,surprise,genre
0.0024707515258342,0.0096717504784464,0.0265565458685159,0.0020846985280513,0.0492246001958847,0.9033385515213012,0.0066530965268611,Family_Film
0.0070151295512914,0.1622911989688873,0.0471172630786895,0.0062311682850122,0.6321974992752075,0.1239913552999496,0.0211564674973487,Family_Film
0.0242238044738769,0.0292810648679733,0.037494421005249,0.0066825826652348,0.7162817716598511,0.0146917589008808,0.1713445782661438,Family_Film
0.0230279359966516,0.028339123353362,0.2501304149627685,0.0488484986126422,0.443617582321167,0.0168392360210418,0.189197227358818,Family_Film
0.0405775979161262,0.0704854056239128,0.0030372464098036,0.0257284417748451,0.4066971838474273,0.2233892679214477,0.2300848513841629,Family_Film
0.1384865790605545,0.2416049391031265,0.0233488678932189,0.0067062671296298,0.5388343930244446,0.0407918319106102,0.0102271130308508,Family_Film
0.0122722703963518,0.164009541273117,0.0102456705644726,0.0049240482039749,0.7888646125793457,0.0133985402062535,0.006285305134952,Family_Film
0.1354248821735382,0.1337059438228607,0.0155247626826167,0.0061023058369755,0.6171265244483948,0.0536956191062927,0.0384199507534503,Family_Film
0.0273322444409132,0.0087986011058092,0.0400966852903366,0.0024339773226529,0.0230484940111637,0.0107806520536541,0.8875093460083008,Family_Film
0.0799657329916954,0.0233776047825813,0.0027439112309366,0.4156576693058014,0.4219896495342254,0.0048531484790146,0.0514123365283012,Family_Film
0.0037648195866495,0.0144599806517362,0.013685779646039,0.001632529310882,0.0228324979543685,0.9376844167709352,0.0059399954043328,Family_Film
0.009699479676783,0.1008482351899147,0.0152059122920036,0.004497826565057,0.7883617281913757,0.0582910403609275,0.0230957549065351,Family_Film
0.0045527112670242,0.0145329972729086,0.0012548100203275,0.0085380310192704,0.9526638388633728,0.0029350740369409,0.0155224706977605,Family_Film
