anger,disgust,fear,joy,neutral,sadness,surprise,genre
0.0680390149354934,0.0610361881554126,0.0127554135397076,0.0048138401471078,0.1077311113476753,0.7347780466079712,0.0108464071527123,Crime_Comedy
0.0293370392173528,0.0566105544567108,0.0106688784435391,0.0039654318243265,0.6949787735939026,0.0242973715066909,0.1801419854164123,Crime_Comedy
0.0254584774374961,0.0053948545828461,0.8543217182159424,0.0023202735465019,0.0733767300844192,0.0162551701068878,0.022872706875205,Crime_Comedy
0.1587441265583038,0.6582798957824707,0.016767531633377,0.0026678417343646,0.1407727152109146,0.0169484410434961,0.0058194580487906,Crime_Comedy
0.0119296545162796,0.1444039046764373,0.0060646506026387,0.0018086968921124,0.8007099628448486,0.0215024594217538,0.0135805970057845,Crime_Comedy
0.0339947044849395,0.0332526639103889,0.0032435907050967,0.0519602261483669,0.8397611975669861,0.0219360440969467,0.0158516056835651,Crime_Comedy
0.0138368336483836,0.002754007698968,0.0047189225442707,0.0252656675875186,0.833381175994873,0.0195704773068428,0.1004729121923446,Crime_Comedy
0.0877908989787101,0.0062702246941626,0.8685285449028015,0.00138208293356,0.020390098914504,0.0113014336675405,0.0043367180041968,Crime_Comedy
0.2578850984573364,0.1132519766688346,0.1105416938662529,0.001445059897378,0.2542786300182342,0.2206675559282302,0.0419299602508544,Crime_Comedy
0.0101741356775164,0.0037903990596532,0.010488087311387,0.0074619804508984,0.9135571718215942,0.0137019259855151,0.0408263616263866,Crime_Comedy
0.2608973681926727,0.0693754851818084,0.4907916486263275,0.0012118218000978,0.0583697110414505,0.0917642340064048,0.0275896992534399,Crime_Comedy
0.1182478368282318,0.8085974454879761,0.0159594733268022,0.0010152838658541,0.0453630574047565,0.006665148306638,0.0041517415083944,Crime_Comedy
0.0124040469527244,0.0241883862763643,0.0172561276704072,0.0192334428429603,0.1262281388044357,0.2186150997877121,0.582074761390686,Crime_Comedy
0.2247486263513565,0.6438969373703003,0.0144153237342834,0.0010305593023076,0.0611686185002327,0.0508290007710456,0.0039109368808567,Crime_Comedy
0.00986650865525,0.0048200371675193,0.0030102436430752,0.0090891076251864,0.7638934850692749,0.0073972432874143,0.2019233703613281,Crime_Comedy
0.3062796294689178,0.1319949179887771,0.0186634603887796,0.0031044641509652,0.4976293742656708,0.0313729345798492,0.0109552582725882,Crime_Comedy
0.0114072849974036,0.0042700674384832,0.0037582367658615,0.0138538591563701,0.9087732434272766,0.0208207909017801,0.0371164567768573,Crime_Comedy
0.0116609539836645,0.0375895537436008,0.6073758602142334,0.0049667777493596,0.0453590452671051,0.0052029401995241,0.2878449559211731,Crime_Comedy
0.4430328011512756,0.0571436807513237,0.1834191083908081,0.0076037482358515,0.2884008288383484,0.0078883459791541,0.0125114070251584,Crime_Comedy
0.0708940923213958,0.0321555659174919,0.4259791374206543,0.0041034868918359,0.0977318361401557,0.3099466860294342,0.0591891556978225,Crime_Comedy
0.0044232066720724,0.002626147121191,0.0015143877826631,0.0763945132493972,0.6999053955078125,0.0206227619200944,0.1945135742425918,Crime_Comedy
0.0227367840707302,0.066811017692089,0.4439543485641479,0.0035064287949353,0.4075453281402588,0.0337409116327762,0.0217051282525062,Crime_Comedy
