anger,disgust,fear,joy,neutral,sadness,surprise,genre
0.0032657703850418,0.0027193697169423,0.0010753655806183,0.9137656688690186,0.067986823618412,0.005857428535819,0.0053295707330107,Drama
0.0133652053773403,0.0061883768066763,0.0064174248836934,0.046918049454689,0.8606882691383362,0.0030964806210249,0.0633260980248451,Drama
0.00579723296687,0.0087106982246041,0.0005000971141271,0.763309121131897,0.1735350042581558,0.0282426550984382,0.0199052449315786,Drama
0.2915451228618622,0.2505272924900055,0.079740285873413,0.0024901076685637,0.1485986411571502,0.2213870882987976,0.0057114702649414,Drama
0.0080957245081663,0.0498424284160137,0.1023827418684959,0.0027746281120926,0.0418768972158432,0.7834767699241638,0.0115507720038294,Drama
0.1411211639642715,0.5938348770141602,0.0186880007386207,0.0025922742206603,0.1919106841087341,0.0496223606169223,0.0022305832244455,Drama
0.4751280546188354,0.0263859089463949,0.1682548373937606,0.0027369812596589,0.0382178537547588,0.281562477350235,0.0077138426713645,Drama
0.6540681719779968,0.2133449614048004,0.0152986953034996,0.0036753721069544,0.0840426236391067,0.0215932354331016,0.0079769967123866,Drama
0.0510097369551658,0.1935137808322906,0.0290075447410345,0.0285822562873363,0.4583685398101806,0.2365155518054962,0.0030025844462215,Drama
0.8114925622940063,0.1327631026506424,0.0138027276843786,0.0018408640753477,0.0322503112256526,0.0050381189212203,0.0028124484233558,Drama
0.4285654127597809,0.2241486459970474,0.0405154712498188,0.0131874615326523,0.1446639895439148,0.1471411436796188,0.0017779233166947,Drama
0.0046592317521572,0.0030627714004367,0.0009146615630015,0.0018082668539136,0.0073762438260018,0.0016980016371235,0.9804808497428894,Drama
0.0366061218082904,0.5317296981811523,0.0167735125869512,0.0039120558649301,0.1155087277293205,0.2938409447669983,0.0016289767809212,Drama
0.0199248157441616,0.0349372737109661,0.0049832123331725,0.3967528939247131,0.4844823777675628,0.0496867522597312,0.0092327333986759,Drama
0.0105066932737827,0.0133264251053333,0.0048545757308602,0.0243064053356647,0.9310511350631714,0.0056502590887248,0.0103044249117374,Drama
0.6963318586349487,0.1711650043725967,0.0068211825564503,0.0013271423522382,0.0975486189126968,0.0227402709424495,0.0040658432990312,Drama
