anger,disgust,fear,joy,neutral,sadness,surprise,genre
0.0064284824766218,0.0326257906854152,0.0079745026305317,0.0548511072993278,0.8561347723007202,0.0288833230733871,0.013101921416819,Documentary
0.0100104063749313,0.0098982071503996,0.0034325949382036,0.366960197687149,0.4617828130722046,0.1231967955827713,0.0247189793735742,Documentary
0.0275259427726268,0.3008471131324768,0.0076175890862941,0.0178379621356725,0.6334584355354309,0.0089151775464415,0.00379772298038,Documentary
0.0126511128619313,0.102842316031456,0.0093126827850937,0.0061710425652563,0.7544112205505371,0.0598359890282154,0.0547755360603332,Documentary
0.0040845852345228,0.0014607114717364,0.004468843806535,0.0743629485368728,0.8432769775390625,0.0081499312072992,0.0641959756612777,Documentary
0.0135776065289974,0.0342295728623867,0.0040245908312499,0.0021714901085942,0.117899440228939,0.790054976940155,0.0380423069000244,Documentary
0.0075868349522352,0.005242449697107,0.0026690023951232,0.0590774863958358,0.9120004773139954,0.0043169055134058,0.0091068726032972,Documentary
0.0130738280713558,0.0217311177402734,0.0045687421225011,0.0120519129559397,0.9327534437179564,0.0110727064311504,0.0047482242807745,Documentary
0.0527916662395,0.213216632604599,0.0053679668344557,0.0152537319809198,0.5096451640129089,0.1999773979187011,0.0037475088611245,Documentary
0.0065430179238319,0.0096865482628345,0.0026413814630359,0.1540925353765487,0.7788336277008057,0.0134125463664531,0.0347903743386268,Documentary
0.0031425680499523,0.0041689076460897,0.0086173880845308,0.1860035359859466,0.7148036360740662,0.0685801655054092,0.0146838286891579,Documentary
0.0074369558133184,0.0022056205198168,0.0009718938381411,0.5964463353157043,0.1912384331226349,0.0079044857993721,0.1937963366508484,Documentary
0.0097435768693685,0.0024114653933793,0.0010314490646123,0.5450878739356995,0.243513822555542,0.0085117612034082,0.189700111746788,Documentary
