anger,disgust,fear,joy,neutral,sadness,surprise,genre
0.0215427540242671,0.127202108502388,0.07719536870718,0.1006914228200912,0.5706531405448914,0.0513902306556701,0.051324937492609,Comedy
0.2708997428417206,0.5164094567298889,0.0310580804944038,0.0028367068152874,0.098596915602684,0.077972300350666,0.0022267065942287,Comedy
0.0262671411037445,0.518943727016449,0.0039104367606341,0.1013742461800575,0.3286003172397613,0.0161412395536899,0.0047629219479858,Comedy
0.0239127650856971,0.1386622935533523,0.0149489324539899,0.5640737414360046,0.1861644387245178,0.0087968287989497,0.0634408965706825,Comedy
0.1463551968336105,0.8211798071861267,0.0062454282306134,0.0010565384291112,0.0173547137528657,0.0040525528602302,0.0037556893657892,Comedy
0.0066557885147631,0.0207401514053344,0.0013431942788884,0.0059103542007505,0.0397370085120201,0.9205990433692932,0.0050144693814218,Comedy
0.0265630241483449,0.0809959769248962,0.5343284010887146,0.017307436093688,0.3012570738792419,0.0191602818667888,0.0203878339380025,Comedy
0.0195558965206146,0.0074902577325701,0.9198473691940308,0.0040829656645655,0.0227533597499132,0.0188443418592214,0.0074257934466004,Comedy
0.0566757917404174,0.096091590821743,0.0021108803339302,0.0177543945610523,0.8109948039054871,0.0139095522463321,0.0024629337713122,Comedy
0.0104765510186553,0.033096645027399,0.0038155536167323,0.025148469954729,0.8659701943397522,0.0039933784864842,0.0574992038309574,Comedy
