anger,disgust,fear,joy,neutral,sadness,surprise,genre
0.0204698480665683,0.0337908901274204,0.6599037051200867,0.0050163981504738,0.1875519901514053,0.0047704642638564,0.0884967073798179,Action_Adventure
0.3965702652931213,0.0486776567995548,0.0331310108304023,0.0090712485834956,0.4479256272315979,0.052885428071022,0.0117387184873223,Action_Adventure
0.0537522211670875,0.053870141506195,0.0168834440410137,0.0448247976601123,0.7297815680503845,0.013637026771903,0.0872507914900779,Action_Adventure
0.0073127024807035,0.0292446371167898,0.0575515590608119,0.0069447313435375,0.0756770074367523,0.8106130957603455,0.0126562668010592,Action_Adventure
0.0465836897492408,0.0316592119634151,0.4906691312789917,0.0144667588174343,0.0117069967091083,0.4015623331069946,0.0033519461285322,Action_Adventure
0.0049411440268158,0.0033305825199931,0.0039931805804371,0.0210946779698133,0.8454378247261047,0.0117551609873771,0.1094474345445633,Action_Adventure
0.0098457764834165,0.0028035088907927,0.0128279281780123,0.0148315522819757,0.7471103072166443,0.0227431263774633,0.1898378878831863,Action_Adventure
0.0976248532533645,0.3210379183292389,0.2850859761238098,0.0030833643395453,0.1552146077156067,0.0679420307278633,0.0700111016631126,Action_Adventure
0.0554693229496479,0.0948821678757667,0.0331483222544193,0.0016546559054404,0.0675613358616828,0.6666044592857361,0.0806796625256538,Action_Adventure
0.0176223646849393,0.0046154889278113,0.0780273899435997,0.0106105729937553,0.8511070609092712,0.0164199136197567,0.0215971209108829,Action_Adventure
0.3710668385028839,0.1314470916986465,0.0423883572220802,0.001719084335491,0.2615336179733276,0.1850444823503494,0.0068005528301,Action_Adventure
0.464234858751297,0.2632311284542084,0.0219575725495815,0.0013813367113471,0.1216169819235801,0.1088846623897552,0.018693508580327,Action_Adventure
0.4153931140899658,0.0207431092858314,0.1642530709505081,0.0032808352261781,0.0685439482331276,0.3087888062000274,0.0189971793442964,Action_Adventure
0.0265914089977741,0.0448774993419647,0.0048125148750841,0.0031373936217278,0.8735536336898804,0.0277935303747653,0.0192340947687625,Action_Adventure
0.043111927807331,0.048978678882122,0.0079863676801323,0.0022813235409557,0.8326919674873352,0.0495195649564266,0.0154301496222615,Action_Adventure
0.0205224100500345,0.0023673209361732,0.901479959487915,0.0033976486884057,0.053604993969202,0.0142979407683014,0.0043296604417264,Action_Adventure
0.0557942427694797,0.0135861467570066,0.2726111710071563,0.0067629641853272,0.6252137422561646,0.0170427393168211,0.0089889513328671,Action_Adventure
0.0108865415677428,0.0045411991886794,0.9220802783966064,0.0017699109157547,0.0326722711324691,0.0245966110378503,0.0034531608689576,Action_Adventure
0.3459139466285705,0.0385274477303028,0.0133237484842538,0.0050186435692012,0.544387936592102,0.0421373732388019,0.0106909088790416,Action_Adventure
0.0060606407932937,0.0074678151868283,0.0058531207032501,0.0034237331710755,0.9686914086341858,0.0033473179209977,0.0051559163257479,Action_Adventure
0.0268197190016508,0.0243144631385803,0.0042896871455013,0.0101148039102554,0.8251086473464966,0.0177777260541915,0.0915750563144683,Action_Adventure
0.0084667205810546,0.0243476368486881,0.0018652257276698,0.00714658992365,0.8065898418426514,0.0272881891578435,0.1242957785725593,Action_Adventure
0.0644205585122108,0.0615561082959175,0.0865979194641113,0.0091508505865931,0.7053610682487488,0.0470618084073066,0.0258517209440469,Action_Adventure
0.0883036851882934,0.2409841865301132,0.0070370808243751,0.0101543301716446,0.4998296499252319,0.1270615458488464,0.0266295000910758,Action_Adventure
0.0288634784519672,0.0282794032245874,0.0081204706802964,0.0017008385621011,0.9003161191940308,0.0131642678752541,0.0195554140955209,Action_Adventure
0.4201472401618957,0.0202070251107215,0.020651763305068,0.0313048623502254,0.4670262038707733,0.0351031608879566,0.0055597913451492,Action_Adventure
0.0074713672511279,0.0049471454694867,0.0016731675714254,0.0049374923110008,0.9210399389266968,0.0098477685824036,0.0500830933451652,Action_Adventure
0.9435450434684752,0.0221131332218647,0.0051422789692878,0.0005902352277189,0.0221383925527334,0.003917085006833,0.0025538643822073,Action_Adventure
0.0100436182692646,0.0035652469377964,0.0014114876976236,0.7435107231140137,0.1484125405550003,0.0104861604049801,0.0825702026486396,Action_Adventure
0.0250062812119722,0.0510882623493671,0.0170397870242595,0.0027464677114039,0.8682947158813477,0.0204332191497087,0.0153912352398037,Action_Adventure
