anger,disgust,fear,joy,neutral,sadness,surprise,genre
0.002117944182828,0.0067497887648642,0.9566077589988708,0.0009064099285751,0.0118581494316458,0.0186951477080583,0.0030648820102214,Film_noir
0.0016341428272426,0.019329247996211,0.9352051615715028,0.0011029917513951,0.0182159394025802,0.0050638504326343,0.019448596984148,Film_noir
0.4921967685222626,0.1802188605070114,0.0177092514932155,0.0102866515517234,0.2416928857564926,0.0280476156622171,0.0298480745404958,Film_noir
0.0431343242526054,0.6340031623840332,0.0131296766921877,0.0289230439811944,0.2074120044708252,0.0658062621951103,0.0075915674678981,Film_noir
0.044736098498106,0.0557936392724514,0.0023773829452693,0.1813151836395263,0.685815155506134,0.0245847254991531,0.0053778067231178,Film_noir
0.0040363613516092,0.0435470975935459,0.8075633645057678,0.002377619035542,0.1020166203379631,0.0289025120437145,0.0115563813596963,Film_noir
0.0050222873687744,0.0327530354261398,0.7592698335647583,0.0076677352190017,0.092914767563343,0.0090645998716354,0.0933077782392501,Film_noir
0.0035574606154114,0.0677540525794029,0.828301191329956,0.001525648869574,0.0497903376817703,0.0074619865044951,0.0416093505918979,Film_noir
0.0109498128294944,0.0161605589091777,0.5905832052230835,0.0426534749567508,0.2661294639110565,0.0308388844132423,0.0426845550537109,Film_noir
0.0500179342925548,0.7980033755302429,0.0100086601451039,0.0018232602160423,0.0983675569295883,0.0393889993429183,0.0023903641849756,Film_noir
0.0294441487640142,0.226794809103012,0.0122109362855553,0.012852787040174,0.6918801069259644,0.0202272497117519,0.0065898913890123,Film_noir
0.0146969528868794,0.366119921207428,0.0060673933476209,0.2455607056617736,0.3479720950126648,0.0144794946536421,0.0051035210490226,Film_noir
0.0234941858798265,0.1722539365291595,0.0234555844217538,0.0018697461346164,0.585928738117218,0.184071347117424,0.0089264763519167,Film_noir
0.0109410155564546,0.0166926849633455,0.0007188426679931,0.0200078599154949,0.9100738763809204,0.004700297024101,0.0368653945624828,Film_noir
0.0176290068775415,0.1380273103713989,0.0259044896811246,0.003739335341379,0.3633515238761902,0.4086385071277618,0.0427098385989666,Film_noir
0.0095133669674396,0.0046277921646833,0.9098358154296876,0.0015526521019637,0.0414423495531082,0.0036881482228636,0.0293399393558502,Film_noir
0.0304353088140487,0.1134174242615699,0.0184770990163087,0.017018374055624,0.7607924342155457,0.0378484688699245,0.0220108423382043,Film_noir
0.0757886096835136,0.0553326159715652,0.1633227467536926,0.007446733303368,0.6382164359092712,0.0215601306408643,0.0383327193558216,Film_noir
0.0057683172635734,0.0148928482085466,0.0132882948964834,0.1244323551654815,0.7407867312431335,0.0747159495949745,0.0261155478656291,Film_noir
0.016028894111514,0.0367289781570434,0.0765900537371635,0.0264361556619405,0.7339698076248169,0.0057529928162693,0.1044931709766388,Film_noir
0.1870275735855102,0.7863810062408447,0.0059417774900794,0.0009797482052817,0.0084628658369183,0.0089057367295026,0.0023012999445199,Film_noir
0.2951596975326538,0.6605802774429321,0.0073849377222359,0.0013704684097319,0.0267692934721708,0.0075466390699148,0.001188708236441,Film_noir
0.1329490393400192,0.4972526133060455,0.0363707058131694,0.0031725014559924,0.090151622891426,0.2369829714298248,0.0031205653212964,Film_noir
0.0161902029067277,0.0194807276129722,0.9220397472381592,0.0016318158013746,0.0255727898329496,0.0128229837864637,0.0022617694921791,Film_noir
0.0224023927003145,0.0152151361107826,0.8226597309112549,0.0020799280609935,0.1044980585575103,0.0259318239986896,0.007212808355689,Film_noir
0.0367201492190361,0.8155626058578491,0.0558773092925548,0.0009931735694408,0.0347429513931274,0.052803099155426,0.0033007501624524,Film_noir
0.1016760393977165,0.1634810268878936,0.0118669671937823,0.0039346423000097,0.3750100135803222,0.2882881164550781,0.0557431615889072,Film_noir
0.0046183750964701,0.0079259229823946,0.0253115948289632,0.2306698411703109,0.6195690035820007,0.0825237035751342,0.029381563887,Film_noir
0.0033440156839787,0.0104477116838097,0.8779668211936951,0.0028588711284101,0.0813521295785904,0.0170531496405601,0.00697727734223,Film_noir
0.3788763284683227,0.4886353313922882,0.0114143481478095,0.0017947906162589,0.0631869137287139,0.0518103577196598,0.0042819702066481,Film_noir
0.2274263352155685,0.0061458824202418,0.3357366025447845,0.0250961557030677,0.2779833078384399,0.0445732213556766,0.0830385461449623,Film_noir
0.1329460889101028,0.144614040851593,0.0416272766888141,0.0035139941610395,0.1026862263679504,0.5579807758331299,0.0166316702961921,Film_noir
0.0076810852624475,0.0049295490607619,0.0035062122624367,0.0056264228187501,0.939532458782196,0.0063141314312815,0.0324100516736507,Film_noir
0.1733067333698272,0.7045149207115173,0.0178929809480905,0.0010009226389229,0.0635512769222259,0.0368194095790386,0.0029137418605387,Film_noir
0.0349685363471508,0.0341917723417282,0.0019114926690235,0.0316067487001419,0.8824225664138794,0.0118827046826481,0.0030161887407302,Film_noir
0.009078923612833,0.0143775790929794,0.0015293742762878,0.5016591548919678,0.4165190458297729,0.0397480018436908,0.0170879662036895,Film_noir
0.0283056627959013,0.0708114877343177,0.0066481265239417,0.0130756897851824,0.8614522218704224,0.0147543391212821,0.0049524665810167,Film_noir
0.0050257905386388,0.0364309139549732,0.001929338555783,0.7792695164680481,0.1154605597257614,0.053365271538496,0.0085187079384922,Film_noir
0.0235408227890729,0.0644689425826072,0.0027412038762122,0.0050110588781535,0.8793302774429321,0.0173071082681417,0.0076005044393241,Film_noir
