anger,disgust,fear,joy,neutral,sadness,surprise,genre
0.0032712665852159,0.838487982749939,0.0061136386357247,0.0154961850494146,0.1240642517805099,0.0056843790225684,0.0068822652101516,Pornographic_movie
0.0045212912373244,0.0069846045225858,0.0021460398565977,0.0070506860502064,0.9045140743255616,0.0040556532330811,0.0707277134060859,Pornographic_movie
0.0132976453751325,0.1117511615157127,0.0031346622854471,0.0641324743628501,0.7828055024147034,0.0089774085208773,0.0159011557698249,Pornographic_movie
0.6917195320129395,0.23466457426548,0.0035145534202456,0.0013142862590029,0.0474475435912609,0.0193962100893259,0.0019432757981121,Pornographic_movie
0.017078660428524,0.2679596245288849,0.0126606645062565,0.1060976758599281,0.5754299163818359,0.0131810307502746,0.0075924228876829,Pornographic_movie
0.1366002261638641,0.7872735261917114,0.0194597858935594,0.0010447937529534,0.0481997206807136,0.0044332472607493,0.0029887033160775,Pornographic_movie
0.0404219068586826,0.2142893821001052,0.0092526469379663,0.0189830362796783,0.7070887088775635,0.0066650481894612,0.0032992556225508,Pornographic_movie
0.0372025445103645,0.8817649483680725,0.0179682057350873,0.0012985421344637,0.0401773005723953,0.0147775597870349,0.006810946855694,Pornographic_movie
0.0243862010538578,0.4450898170471191,0.0179232340306043,0.008257808163762,0.3134926855564117,0.0589670836925506,0.1318830847740173,Pornographic_movie
0.008427987806499,0.0414750054478645,0.0012112596305087,0.0154426926746964,0.9124032258987428,0.0047410167753696,0.0162987150251865,Pornographic_movie
0.0176904555410146,0.2886047661304474,0.0118349306285381,0.0125819901004433,0.6235005855560303,0.0371546596288681,0.0086325565353035,Pornographic_movie
0.007748095318675,0.9137436747550964,0.0052717123180627,0.005362045019865,0.0563242100179195,0.007512257900089,0.0040381401777267,Pornographic_movie
0.0598829500377178,0.3902887105941772,0.0963948667049408,0.0047701969742774,0.3620826005935669,0.0554226785898208,0.0311580002307891,Pornographic_movie
0.0087642418220639,0.1550983339548111,0.0027508379425853,0.2453763782978058,0.5625180006027222,0.0134673696011304,0.0120248049497604,Pornographic_movie
0.0196417570114135,0.3666533231735229,0.0074826898053288,0.0079779094085097,0.5352602005004883,0.0096633620560169,0.0533207729458808,Pornographic_movie
0.0062827407382428,0.0025398989673703,0.0099596139043569,0.485438197851181,0.0692378580570221,0.0083839409053325,0.4181577563285827,Pornographic_movie
0.0133406473323702,0.9571236968040466,0.00560815166682,0.0008255167631432,0.011049136519432,0.0077676400542259,0.0042851408943533,Pornographic_movie
0.0111755691468715,0.3690905570983886,0.01271110214293,0.0033776019699871,0.5764647126197815,0.00644490448758,0.0207356587052345,Pornographic_movie
0.0113874534144997,0.857487678527832,0.0111965211108326,0.0224299002438783,0.0798503309488296,0.0124933086335659,0.0051547945477068,Pornographic_movie
0.01819340698421,0.0598243698477745,0.0147473439574241,0.052757803350687,0.8052414655685425,0.0039692092686891,0.045266356319189,Pornographic_movie
