anger,disgust,fear,joy,neutral,sadness,surprise,genre
0.0113343987613916,0.0009767833398655,0.6697261333465576,0.0084485970437526,0.0065037687309086,0.2984989881515503,0.0045112967491149,Costume_drama
0.1106786727905273,0.0531784258782863,0.7535975575447083,0.0022522662766277,0.0606080703437328,0.0168425496667623,0.0028423825278878,Costume_drama
0.0461147800087928,0.786712110042572,0.0223808512091636,0.0075480425730347,0.1291293948888778,0.0029293773695826,0.0051854038611054,Costume_drama
0.0342425964772701,0.5004544258117676,0.0016875234432518,0.1879409998655319,0.2489191591739654,0.0099679417908191,0.0167874135076999,Costume_drama
0.2364649623632431,0.6743119359016418,0.0016640523681417,0.0028818752616643,0.0697777271270752,0.0121896639466285,0.0027098169084638,Costume_drama
0.3790811598300934,0.4098638594150543,0.0110627114772796,0.0071827326901257,0.0378632470965385,0.1521347761154174,0.002811566228047,Costume_drama
0.0116859339177608,0.0039459550753235,0.0079084625467658,0.5527569651603699,0.2214363068342209,0.170033648610115,0.0322327353060245,Costume_drama
0.0023283311165869,0.0116536589339375,0.1296911239624023,0.0036071497015655,0.0303144697099924,0.8182403445243835,0.0041649579070508,Costume_drama
0.5144463777542114,0.0604648441076278,0.1528832763433456,0.0227405652403831,0.217140644788742,0.0285124275833368,0.0038118783850222,Costume_drama
0.4524329006671905,0.0745293870568275,0.0028129513375461,0.0080593479797244,0.1619915217161178,0.296636551618576,0.0035373666323721,Costume_drama
0.0252159554511308,0.0439771972596645,0.2615036368370056,0.0096617201343178,0.6120758056640625,0.0289518292993307,0.0186138097196817,Costume_drama
