anger,disgust,fear,joy,neutral,sadness,surprise,genre
0.0284259188920259,0.8696820735931396,0.0351290665566921,0.0008850872400216,0.0470260716974735,0.0140184452757239,0.0048333476297557,Crime_Thriller
0.1436740607023239,0.7957906723022461,0.012978795915842,0.0021336751524358,0.0371479019522666,0.0068427701480686,0.0014321547932922,Crime_Thriller
0.0383426062762737,0.033022005110979,0.0664531216025352,0.0131983561441302,0.8359787464141846,0.0065143471583724,0.0064908289350569,Crime_Thriller
0.0063243773765861,0.0123397912830114,0.002877831691876,0.002875265199691,0.95624440908432,0.0063109239563345,0.0130275078117847,Crime_Thriller
0.0139144584536552,0.5165936946868896,0.0113022904843091,0.0075348168611526,0.4272753596305847,0.0164233278483152,0.0069560301490128,Crime_Thriller
0.0604741163551807,0.0256298705935478,0.4532653391361236,0.0049075195565819,0.309037297964096,0.1143527403473854,0.0323330238461494,Crime_Thriller
0.0204574055969715,0.222652718424797,0.0031551020219922,0.00410200888291,0.7178969383239746,0.0077144652605056,0.0240213572978973,Crime_Thriller
0.777035653591156,0.0542957074940204,0.0335772708058357,0.0044237175025045,0.0223949942737817,0.1059804707765579,0.0022920505143702,Crime_Thriller
0.0051521831192076,0.0093674212694168,0.0028978555928915,0.0571184642612934,0.710146427154541,0.1784957945346832,0.0368219204246997,Crime_Thriller
0.5254315733909607,0.3119134902954101,0.0119257485494017,0.0017633268143981,0.0415650382637977,0.102678433060646,0.0047224080190062,Crime_Thriller
0.0821301043033599,0.7139079570770264,0.0448853746056556,0.0026428315322846,0.1049862802028656,0.0483187437057495,0.0031286857556551,Crime_Thriller
0.084437720477581,0.1166907995939254,0.0044253659434616,0.0034841659944504,0.7457927465438843,0.0141747565940022,0.0309945419430732,Crime_Thriller
0.0040623298846185,0.0023060180246829,0.0035576580557972,0.005113638471812,0.9456196427345276,0.0046992450952529,0.0346414372324943,Crime_Thriller
0.3290969431400299,0.5689105987548828,0.0109468903392553,0.002424543024972,0.0724231079220771,0.0116471108049154,0.0045508765615522,Crime_Thriller
0.0658026039600372,0.0768229439854621,0.0054628616198897,0.0113479169085621,0.8230425715446472,0.0152892284095287,0.0022317816037684,Crime_Thriller
0.5543844103813171,0.014617508277297,0.396986186504364,0.0016007295344024,0.0193297229707241,0.0070300442166626,0.0060514872893691,Crime_Thriller
0.0203042421489954,0.0263434145599603,0.7465464472770691,0.0012807067250832,0.0943187475204467,0.0988470166921615,0.0123593062162399,Crime_Thriller
0.0098028210923075,0.3292663991451263,0.0066998684778809,0.0085146790370345,0.5975199937820435,0.0159656479954719,0.0322307012975215,Crime_Thriller
