anger,disgust,fear,joy,neutral,sadness,surprise,genre
0.0622152797877788,0.0513038747012615,0.0016518585616722,0.0350432693958282,0.6823903322219849,0.101568192243576,0.0658273100852966,Science_Fiction
0.5526508092880249,0.3453035056591034,0.047807939350605,0.0050241933204233,0.0180561020970344,0.0192293934524059,0.0119280507788062,Science_Fiction
0.121491752564907,0.6228821277618408,0.0040467903017997,0.0080686807632446,0.1313930600881576,0.1039444729685783,0.0081730931997299,Science_Fiction
0.0627961456775665,0.8696936964988708,0.0039646527729928,0.0021518976427614,0.0520776286721229,0.0081828041002154,0.0011331530986353,Science_Fiction
0.6623088121414185,0.0937180668115615,0.027181239798665,0.0056971115991473,0.1442005932331085,0.0257754847407341,0.0411187075078487,Science_Fiction
0.0421130768954753,0.2796787321567535,0.0196635015308856,0.0043222522363066,0.6286028623580933,0.0089731216430664,0.0166464168578386,Science_Fiction
0.0125019950792193,0.035980861634016,0.7698588967323303,0.0025115709286183,0.1396604627370834,0.0353557653725147,0.0041304714977741,Science_Fiction
0.364454060792923,0.2490279078483581,0.0197433251887559,0.0064895036630332,0.2239871025085449,0.022277632728219,0.1140205189585685,Science_Fiction
0.0133251696825027,0.2056453675031662,0.0474213659763336,0.013224309310317,0.6691787838935852,0.0109265446662902,0.0402784347534179,Science_Fiction
0.0718825608491897,0.1237900033593177,0.0043974923901259,0.0840576589107513,0.6867159008979797,0.0220868494361639,0.0070695299655199,Science_Fiction
0.0124210268259048,0.9752850532531738,0.0015593505231663,0.000266580900643,0.0032118984963744,0.006709411740303,0.0005466177826747,Science_Fiction
0.0147764775902032,0.0905793085694313,0.0136434445157647,0.0199578143656253,0.8411293029785156,0.0058054910041391,0.0141081577166914,Science_Fiction
0.010668221861124,0.0574387460947036,0.0157973375171422,0.0057621919550001,0.8298870921134949,0.0657428205013275,0.0147036258131265,Science_Fiction
0.0094050904735922,0.0111579075455665,0.0061643510125577,0.0090810609981417,0.9207527041435242,0.0080729899927973,0.0353658385574817,Science_Fiction
0.0070438161492347,0.0378034636378288,0.005288113374263,0.0034159908536821,0.9270336627960204,0.0099475542083382,0.0094673279672861,Science_Fiction
0.2322793006896972,0.4302685260772705,0.0461662150919437,0.0037460566964,0.2566929459571838,0.0248471945524215,0.0059998240321874,Science_Fiction
0.2421697676181793,0.4266514778137207,0.0041437135078012,0.0064902766607701,0.1897228211164474,0.1163041591644287,0.0145177459344267,Science_Fiction
0.0043666837736964,0.0062353550456464,0.0025684034917503,0.1186574399471283,0.8180243372917175,0.0050608403980731,0.0450869724154472,Science_Fiction
0.0096903042867779,0.0071793235838413,0.0039223679341375,0.0044350703246891,0.9586127400398254,0.0044881217181682,0.0116721242666244,Science_Fiction
0.1514809131622314,0.0238314513117074,0.0189737621694803,0.0152296125888824,0.7656448483467102,0.0203800033777952,0.0044593382626771,Science_Fiction
0.4343552887439728,0.5414451360702515,0.006172826513648,0.0024262517690658,0.0099815232679247,0.0046721175312995,0.000946816522628,Science_Fiction
0.8653301000595093,0.0640957653522491,0.0050940960645675,0.0010329050710424,0.0497900508344173,0.0107020586729049,0.0039549563080072,Science_Fiction
0.700900673866272,0.1509983241558075,0.0158937294036149,0.0035443373490124,0.0480409599840641,0.0774652287364006,0.0031567281112074,Science_Fiction
0.0031920596957206,0.0024911344517022,0.0112804630771279,0.0015000125858932,0.0173190999776124,0.959432065486908,0.0047851060517132,Science_Fiction
0.1113472059369087,0.0905621796846389,0.0304811503738164,0.0043724714778363,0.7295337915420532,0.02678501047194,0.0069181225262582,Science_Fiction
0.0211851932108402,0.0148744145408272,0.0036757600028067,0.0135271148756146,0.5714539289474487,0.3633500337600708,0.0119335539638996,Science_Fiction
0.290194422006607,0.0858079195022583,0.0296363122761249,0.0041536265052855,0.550338625907898,0.0290089547634124,0.0108601506799459,Science_Fiction
0.5284233689308167,0.3633496463298797,0.0812756046652793,0.0032805423252284,0.0123332617804408,0.0100382603704929,0.0012992990668863,Science_Fiction
0.0127797788009047,0.0054996022954583,0.9455490708351136,0.0014397337799891,0.0157998260110616,0.0054076826199889,0.0135242361575365,Science_Fiction
0.2442750483751297,0.2900595963001251,0.0121721224859356,0.0022893813438713,0.0737603977322578,0.3735387027263641,0.0039047040045261,Science_Fiction
0.0107109695672988,0.9649743437767028,0.0156604573130607,0.002337239915505,0.0031225313432514,0.0022510823328047,0.0009434259845875,Science_Fiction
0.0321258939802646,0.0119877969846129,0.0716132074594497,0.008898883126676,0.8369482755661011,0.02480442635715,0.0136215034872293,Science_Fiction
0.010668221861124,0.0574387460947036,0.0157973375171422,0.0057621919550001,0.8298870921134949,0.0657428205013275,0.0147036258131265,Science_Fiction
0.0150024304166436,0.0096388859674334,0.005576348863542,0.0044687008485198,0.9274927377700806,0.0129638286307454,0.0248570721596479,Science_Fiction
0.1279722601175308,0.2136937975883484,0.014094048179686,0.0056891054846346,0.5628733038902283,0.0721272379159927,0.0035502340178936,Science_Fiction
0.0543432123959064,0.2320105582475662,0.0035234070383012,0.0216966439038515,0.6304077506065369,0.054094698280096,0.0039236885495483,Science_Fiction
0.0472132936120033,0.2174329161643982,0.0521765500307083,0.0106427352875471,0.5494723916053772,0.1008963212370872,0.0221658423542976,Science_Fiction
0.6613237857818604,0.1803213059902191,0.0071393609978258,0.0043593766167759,0.1292970031499862,0.015497462823987,0.0020616250112652,Science_Fiction
0.3242895603179931,0.3573714196681976,0.0112652573734521,0.0046397582627832,0.2716706991195678,0.0184541791677474,0.0123092588037252,Science_Fiction
0.0685875937342643,0.193691074848175,0.2026393413543701,0.0057200388982892,0.3356026709079742,0.1330858021974563,0.0606734938919544,Science_Fiction
0.0177095495164394,0.1387827843427658,0.0159315913915634,0.0121315158903598,0.7669222354888916,0.0042974343523383,0.0442248918116092,Science_Fiction
0.1487022787332534,0.1845309883356094,0.0353244245052337,0.0036559419240802,0.2288548350334167,0.3677140772342682,0.0312174726277589,Science_Fiction
0.010668221861124,0.0574387460947036,0.0157973375171422,0.0057621919550001,0.8298870921134949,0.0657428205013275,0.0147036258131265,Science_Fiction
0.1811492294073104,0.2870877683162689,0.0121080661192536,0.0024543807376176,0.4092189967632293,0.0994360223412513,0.0085454285144805,Science_Fiction
0.1562104225158691,0.0197939127683639,0.0706111043691635,0.0076280902139842,0.1192850917577743,0.5856769680976868,0.0407944917678833,Science_Fiction
0.450808972120285,0.2361717373132705,0.1324956566095352,0.010564187541604,0.0900982171297073,0.0750276818871498,0.0048335045576095,Science_Fiction
0.0275274571031332,0.0204034335911273,0.0021834967192262,0.0473928786814212,0.8953595161437988,0.0038130369503051,0.003320240881294,Science_Fiction
0.2914460301399231,0.6567338109016418,0.0027593269478529,0.0049935020506381,0.0258075390011072,0.0170398689806461,0.0012200227938592,Science_Fiction
0.0037787111941725,0.015742152929306,0.8414331674575806,0.0030469978228211,0.1100864186882972,0.0208994690328836,0.0050130113959312,Science_Fiction
0.0060866684652864,0.0060945563018321,0.0033228266984224,0.0058549577370285,0.9448742866516112,0.0052178995683789,0.0285486914217472,Science_Fiction
