anger,disgust,fear,joy,neutral,sadness,surprise,genre
0.2435293197631836,0.0098423343151807,0.0441473349928855,0.0143365869298577,0.1546351611614227,0.0086561208590865,0.5248531103134155,Action
0.0226072147488594,0.0205609034746885,0.0169467218220233,0.0578596480190753,0.8249274492263794,0.0323333702981472,0.0247647520154714,Action
0.0137870060279965,0.508024275302887,0.0176243018358945,0.0035566235892474,0.3886192739009857,0.0101442420855164,0.0582443475723266,Action
0.0106830839067697,0.0188576914370059,0.0138873653486371,0.0042318855412304,0.5197795629501343,0.4205094277858734,0.0120509760454297,Action
0.0273978468030691,0.0066712577827274,0.0022222578991204,0.6617047190666199,0.2658568918704986,0.0052540898323059,0.0308929309248924,Action
0.0128646260127425,0.1268626898527145,0.1189173310995101,0.0037921525072306,0.3480969667434692,0.3742393553256988,0.0152269145473837,Action
0.0182608533650636,0.0498622991144657,0.0073044821619987,0.0116714993491768,0.8850637674331665,0.0089954175055027,0.0188416484743356,Action
0.0834903866052627,0.1492121815681457,0.0997323095798492,0.0019868314266204,0.0409564189612865,0.5982663035392761,0.0263555105775594,Action
0.1365367025136947,0.2012750059366226,0.2075704783201217,0.0069798729382455,0.3210135400295257,0.1209291964769363,0.0056950571015477,Action
0.0853295922279357,0.0473715811967849,0.0828770771622657,0.0049752639606595,0.7594881653785706,0.0156058259308338,0.0043524065986275,Action
0.2328013926744461,0.4054377377033233,0.0775917246937751,0.0035700474400073,0.1959196031093597,0.0762834399938583,0.0083960071206092,Action
0.0281178522855043,0.040894690901041,0.0066450899466872,0.0556566976010799,0.4372541606426239,0.4226179718971252,0.0088135749101638,Action
0.0387988425791263,0.0671581849455833,0.6226510405540466,0.0140856998041272,0.1449432224035263,0.0054008038714528,0.1069622337818145,Action
0.0680568367242813,0.07899671792984,0.1203117817640304,0.0160786006599664,0.5871665477752686,0.1247939765453338,0.0045955143868923,Action
0.1535999774932861,0.0394591093063354,0.007346271071583,0.2608067393302917,0.3394690454006195,0.0698788836598396,0.129440039396286,Action
0.0096882982179522,0.003537836484611,0.0034598363563418,0.0501883961260318,0.5941663384437561,0.0136892637237906,0.3252700269222259,Action
0.0545605532824993,0.0538486130535602,0.0172399245202541,0.0124463038519024,0.7472382187843323,0.0034048217348754,0.1112615838646888,Action
0.005714391823858,0.086064837872982,0.0081229032948613,0.0104279220104217,0.3293949365615845,0.5496777296066284,0.0105973109602928,Action
0.0018929543439298,0.0265444312244653,0.9174858331680298,0.0023379549384117,0.0090236226096749,0.0049754697829484,0.0377397201955318,Action
0.0300069227814674,0.0134804081171751,0.9347371459007264,0.0012917534913867,0.0113848159089684,0.0083479154855012,0.000750929408241,Action
0.0113862557336688,0.0679693892598152,0.0069648935459554,0.0051812031306326,0.6666000485420227,0.227696031332016,0.0142022287473082,Action
0.3072706162929535,0.3586322367191314,0.0892049074172973,0.0070595438592135,0.1708189249038696,0.0630656108260154,0.0039482121355831,Action
0.0081839440390467,0.0466974563896656,0.0383455008268356,0.003726657712832,0.1800767183303833,0.7083377838134766,0.0146319642663002,Action
0.3906576037406921,0.1472990810871124,0.2561870515346527,0.002112379297614,0.1084744930267334,0.070235975086689,0.0250332932919263,Action
0.0082863308489322,0.1261976063251495,0.0035289269872009,0.0062013347633183,0.8209760189056396,0.0101540703326463,0.0246556755155324,Action
0.0439073890447616,0.831466019153595,0.0092849293723702,0.0020231462549418,0.1054454371333122,0.0050665363669395,0.0028066188097,Action
0.1035968661308288,0.2137064188718795,0.0110081182792782,0.0059282467700541,0.6214835047721863,0.0353422537446022,0.0089345574378967,Action
0.3182388246059418,0.298351526260376,0.024044569581747,0.0040417839772999,0.2969630658626556,0.052003052085638,0.0063571040518581,Action
0.1932325512170791,0.1806084960699081,0.0104894088581204,0.0054323347285389,0.4479204714298248,0.0147566143423318,0.1475601345300674,Action
0.2496372610330581,0.1105253174901008,0.0165056698024272,0.1069473773241043,0.4859303534030914,0.0238895136862993,0.006564499810338,Action
0.104119636118412,0.2110285460948944,0.0038470881991088,0.011971334926784,0.6441938281059265,0.02090984582901,0.0039297160692512,Action
0.7175312042236328,0.0878646224737167,0.0337012372910976,0.0012780772522091,0.076813980937004,0.0785489305853843,0.0042618997395038,Action
0.00934324786067,0.0813203305006027,0.0063022533431649,0.0270242970436811,0.5601342916488647,0.3101341426372528,0.0057413983158767,Action
0.183812603354454,0.1650429964065551,0.040536880493164,0.0132526373490691,0.5461636185646057,0.0259584095329046,0.0252328943461179,Action
0.2211255878210067,0.1333847790956497,0.0513786971569061,0.0094826417043805,0.5542163848876953,0.0109844421967864,0.0194274168461561,Action
0.0222306903451681,0.0022549349814653,0.0071524223312735,0.0178026370704174,0.1972784399986267,0.0044664754532277,0.7488143444061279,Action
0.0074343802407383,0.0228533390909433,0.0054824477992951,0.1031956672668457,0.8219351768493652,0.0322723090648651,0.0068266680464148,Action
