anger,disgust,fear,joy,neutral,sadness,surprise,genre
0.0053071347065269,0.9646396636962892,0.0110279191285371,0.0064301332458853,0.0091537376865744,0.0015503871254622,0.0018911104416474,Period_piece
0.0051905247382819,0.0058285715058445,0.0079788407310843,0.0044213449582457,0.9097933769226074,0.008157504722476,0.0586298070847988,Period_piece
0.0065773348324,0.9682672023773192,0.0065748509950935,0.0016599049558863,0.0099082356318831,0.0063150175847113,0.0006975011201575,Period_piece
0.0120264813303947,0.0750451758503913,0.0389276333153247,0.0464514158666133,0.7446632385253906,0.0525129958987236,0.0303731020539999,Period_piece
0.0101744215935468,0.0185324270278215,0.0143550392240285,0.0851957872509956,0.3061094284057617,0.550107479095459,0.0155254444107413,Period_piece
0.0265516079962253,0.106586642563343,0.0095808319747447,0.1296166330575943,0.6784155368804932,0.029711352661252,0.0195374153554439,Period_piece
0.0270314086228609,0.220295563340187,0.02516152523458,0.0656718388199806,0.1830041408538818,0.4539110660552978,0.0249244533479213,Period_piece
0.0047656055539846,0.0050565456040203,0.0032192727085202,0.0068125752732157,0.906314730644226,0.0402978435158729,0.0335334353148937,Period_piece
0.0398237444460392,0.0455485396087169,0.0153705002740025,0.0086946701630949,0.6486499309539795,0.2242117971181869,0.0177009049803018,Period_piece
0.0170758180320262,0.262933999300003,0.1661731004714965,0.0016703730216249,0.0925815626978874,0.4487568736076355,0.0108082592487335,Period_piece
0.0144511563703417,0.0522074922919273,0.2331230044364929,0.0102261891588568,0.3494423031806946,0.3093800246715545,0.0311698596924543,Period_piece
0.0999991372227668,0.0572153367102146,0.0030704936943948,0.011093495413661,0.4060635268688202,0.4072894752025604,0.0152685930952429,Period_piece
0.015223822556436,0.0734570696949958,0.0059604938142001,0.0853209197521209,0.7719501852989197,0.0178610980510711,0.0302263926714658,Period_piece
0.0070063467137515,0.0154202384874224,0.0065113273449242,0.0105387214571237,0.7279152870178223,0.0283385496586561,0.2042694389820099,Period_piece
0.0103469137102365,0.0283194035291671,0.0059241615235805,0.6547959446907043,0.213878259062767,0.0126528311520814,0.074082426726818,Period_piece
0.92024165391922,0.0091625843197107,0.002140067750588,0.001411584788002,0.0443598516285419,0.0100701143965125,0.0126141458749771,Period_piece
0.0892752036452293,0.6320059299468994,0.0139888003468513,0.0020730651449412,0.0540600717067718,0.1949313133955001,0.013665591366589,Period_piece
0.0053225713782012,0.9140410423278807,0.0387742146849632,0.0016578116919845,0.0200841017067432,0.0154330050572752,0.0046872682869434,Period_piece
0.0052005820907652,0.0033335962798446,0.0167126078158617,0.0218487679958343,0.8743035793304443,0.0145518612116575,0.0640489012002945,Period_piece
0.0951479598879814,0.1532012671232223,0.0115023283287882,0.0044265887700021,0.3107433021068573,0.4162325263023376,0.0087460363283753,Period_piece
0.0115477787330746,0.0029296663124114,0.0016818817239254,0.0038402178324759,0.0419364720582962,0.0030207077506929,0.9350432753562928,Period_piece
0.0098749604076147,0.006595623679459,0.005583066958934,0.2427408397197723,0.5615764856338501,0.1478112190961837,0.0258177611976861,Period_piece
0.0049314559437334,0.0320263132452964,0.0037304665893316,0.0115274814888834,0.0885737314820289,0.8527592420578003,0.0064513478428125,Period_piece
0.0009310983004979,0.0022263177670538,0.0009636173490434,0.0015308532165363,0.005050481762737,0.9848798513412476,0.004417750518769,Period_piece
0.0519889555871486,0.6968972086906433,0.0025323969312012,0.004318053368479,0.2238517850637436,0.0167565196752548,0.0036550245713442,Period_piece
0.0110243540257215,0.020269026979804,0.0033041285350918,0.0027793766930699,0.3463368415832519,0.584941565990448,0.0313447080552578,Period_piece
0.0131621547043323,0.140933871269226,0.0120243420824408,0.0038972522597759,0.7998732924461365,0.0114892935380339,0.0186198111623525,Period_piece
0.2956849634647369,0.6072326302528381,0.0037802327424287,0.0022708775941282,0.0535948611795902,0.0326161794364452,0.0048202308826148,Period_piece
0.3127610683441162,0.4362531006336212,0.0040631010197103,0.0024520403239876,0.0639083683490753,0.1778141260147094,0.002748156664893,Period_piece
0.0302369799464941,0.0238172505050897,0.0139238657429814,0.0030701523646712,0.8861366510391235,0.0385296940803527,0.0042854277417063,Period_piece
0.0174898114055395,0.1716434210538864,0.0168560594320297,0.0026579848490655,0.7463430762290955,0.0383635275065898,0.0066461064852774,Period_piece
0.0063106510788202,0.0126997418701648,0.0013428985839709,0.1493064761161804,0.8113360404968262,0.007038231473416,0.011965911835432,Period_piece
0.0212122555822134,0.9199817776679992,0.0136293256655335,0.0036683762446045,0.0301105864346027,0.00665043015033,0.0047474186867475,Period_piece
0.0820587500929832,0.7247287034988403,0.0070368219166994,0.00285475095734,0.0726161897182464,0.1083170473575592,0.0023877175990492,Period_piece
0.1892096102237701,0.3271473050117492,0.005857297219336,0.0029221444856375,0.2545889019966125,0.2157072275876999,0.0045674508437514,Period_piece
0.1194582134485244,0.5621616840362549,0.0331153087317943,0.0012304170522838,0.1214481741189956,0.1553150117397308,0.007271243724972,Period_piece
0.0100313825532794,0.0250608772039413,0.0058944434858858,0.2961772084236145,0.612417459487915,0.0214895568788051,0.0289290603250265,Period_piece
0.0089198248460888,0.010092319920659,0.0037255631759762,0.0975493937730789,0.8338553309440613,0.0078884083777666,0.0379690937697887,Period_piece
0.2436249703168869,0.4104054570198059,0.0064257038757205,0.0017035783967003,0.2331905961036682,0.0987922251224517,0.0058575398288667,Period_piece
0.0532820932567119,0.065714918076992,0.0060729952529072,0.0041815200820565,0.345231831073761,0.5206560492515564,0.0048606158234179,Period_piece
0.0379002019762992,0.2342976033687591,0.0190715547651052,0.0064185424707829,0.1454356163740158,0.5517532229423523,0.0051231877878308,Period_piece
0.309731513261795,0.0535816587507724,0.0190922487527132,0.0075009609572589,0.562891960144043,0.0444126240909099,0.0027891146019101,Period_piece
0.0210268404334783,0.0400699898600578,0.1003213301301002,0.1437233388423919,0.4082379341125488,0.1079076901078224,0.1787129491567611,Period_piece
0.0697463080286979,0.1333980411291122,0.0053230770863592,0.0057636215351521,0.7384893894195557,0.0323734246194362,0.0149062685668468,Period_piece
0.0052134632132947,0.0058382167480885,0.0023469745647162,0.3284700512886047,0.5742202997207642,0.039094965904951,0.0448160432279109,Period_piece
0.0173436850309371,0.7946773767471313,0.0131740579381585,0.0044891736470162,0.1158822029829025,0.0449003838002681,0.009533098898828,Period_piece
0.0023215725086629,0.0042325211688876,0.0331882238388061,0.0028649338055402,0.0297141708433628,0.920017659664154,0.0076609011739492,Period_piece
0.0031629656441509,0.0107049737125635,0.0014154505915939,0.3564832508563995,0.5712611675262451,0.0408506691455841,0.0161215253174304,Period_piece
