anger,disgust,fear,joy,neutral,sadness,surprise,genre
0.007199284620583,0.0211194418370723,0.007650330197066,0.1045318767428398,0.8003116250038147,0.0306605007499456,0.0285270493477582,Comedy
0.0049426667392253,0.982596516609192,0.0013211786281317,0.0005792845040559,0.0064711100421845,0.0031511061824858,0.0009382145944982,Comedy
0.3302062451839447,0.5229829549789429,0.0071865045465528,0.0020707733929157,0.0898084416985511,0.0442087836563587,0.0035362490452826,Comedy
0.025174269452691,0.1005602702498436,0.0285676885396242,0.0139710484072566,0.5675835609436035,0.0038648236077278,0.2602783441543579,Comedy
0.3524986207485199,0.3296173810958862,0.0686191096901893,0.0030678608454763,0.2165370732545852,0.0080747315660119,0.0215852297842502,Comedy
0.0597285218536853,0.0893261134624481,0.1420168727636337,0.002457688562572,0.6387943625450134,0.0144700342789292,0.053206417709589,Comedy
0.0041621970012784,0.0039850254543125,0.0020540019031614,0.0039574238471686,0.9317471385002136,0.0149531252682209,0.0391410440206527,Comedy
0.0700976550579071,0.8564863204956055,0.0025444836355745,0.0021785637363791,0.0283281337469816,0.0386795699596405,0.0016852810513228,Comedy
0.3756176829338074,0.0320248119533062,0.5555130243301392,0.0020257895812392,0.0210769865661859,0.0097640445455908,0.0039776936173439,Comedy
0.0471190251410007,0.1325549930334091,0.057753000408411,0.0446794405579566,0.6769079566001892,0.0234018303453922,0.0175837911665439,Comedy
0.140541985630989,0.1458236277103424,0.0102540357038378,0.0057856477797031,0.547997236251831,0.105020985007286,0.0445764437317848,Comedy
0.0272874794900417,0.612409770488739,0.0135286292061209,0.0016463411739096,0.1027014106512069,0.2379113882780075,0.0045149610377848,Comedy
0.0069645089097321,0.0106054786592721,0.0025142242666333,0.0028972041327506,0.0733588188886642,0.8999294638633728,0.0037303080316632,Comedy
0.0106068337336182,0.1754889488220214,0.0072937626391649,0.0868369042873382,0.4485056400299072,0.2632818520069122,0.00798608828336,Comedy
0.0935226008296012,0.0360561907291412,0.1096727773547172,0.0030905762687325,0.2621210813522339,0.4773118495941162,0.0182249248027801,Comedy
0.0308129172772169,0.2824347913265228,0.0333820208907127,0.0097996583208441,0.537881076335907,0.0129045210778713,0.0927849858999252,Comedy
0.963844120502472,0.0186177883297204,0.0014220903394743,0.0005661774193868,0.0109108472242951,0.0031289851758629,0.0015099648153409,Comedy
0.0112165017053484,0.0046804365701973,0.0039443965069949,0.295619934797287,0.6229124069213867,0.0057410062290728,0.0558853410184383,Comedy
0.0310657434165477,0.0433569066226482,0.0028073256835341,0.6294678449630737,0.2705797851085663,0.0043230415321886,0.0183993149548769,Comedy
0.0168113615363836,0.013003391213715,0.0012643691152334,0.3394476473331451,0.590947151184082,0.0035200901329517,0.0350059755146503,Comedy
0.0278876721858978,0.8010275363922119,0.0088572278618812,0.0051174121908843,0.0941271409392356,0.0610736608505249,0.0019092832226306,Comedy
0.1765010356903076,0.478782594203949,0.0350197777152061,0.0033450303599238,0.2770357728004455,0.01817636936903,0.0111395567655563,Comedy
0.3276648223400116,0.2441525906324386,0.0536079257726669,0.001477550365962,0.0666190683841705,0.3042825162410736,0.0021954970434308,Comedy
0.0139969233423471,0.0112099098041653,0.083838440477848,0.0043684332631528,0.2822066247463226,0.597507655620575,0.0068719470873475,Comedy
0.0047019766643643,0.0059725819155573,0.0098270382732152,0.002559752902016,0.9549576640129088,0.0030061944853514,0.0189747903496027,Comedy
0.0103866094723343,0.0728396400809288,0.0095847314223647,0.0163396280258893,0.8491100072860718,0.0389877185225486,0.002751718275249,Comedy
0.2847594320774078,0.3689996898174286,0.0344684235751628,0.0185529869049787,0.2539069950580597,0.0333614125847816,0.0059510800056159,Comedy
0.0123144192621111,0.3116230368614197,0.0072722160257399,0.0263259802013635,0.566827118396759,0.0662760660052299,0.0093611786141991,Comedy
0.7676158547401428,0.1100173890590667,0.0048858169466257,0.0027498172130435,0.1016797646880149,0.0102038020268082,0.0028475201688706,Comedy
0.0125485323369503,0.02065353654325,0.0044928975403308,0.2390780299901962,0.6892731189727783,0.00542933633551,0.0285245310515165,Comedy
0.0184792391955852,0.0074921823106706,0.208958551287651,0.0492205321788787,0.411895602941513,0.0076637989841401,0.2962900400161743,Comedy
0.0296144988387823,0.0411389395594596,0.0020080793183296,0.2461363673210144,0.64484703540802,0.0167010258883237,0.0195541307330131,Comedy
0.0662936642765998,0.0050027007237076,0.8703349828720093,0.0048236176371574,0.0298462938517332,0.0095300413668155,0.0141686219722032,Comedy
