anger,disgust,fear,joy,neutral,sadness,surprise,genre
0.2898471355438232,0.1966823041439056,0.0432734303176403,0.0066534169018268,0.0740221440792083,0.3880282044410705,0.0014933114871382,Crime_Fiction
0.2511425614356994,0.08803042024374,0.3821867704391479,0.0011860900558531,0.0514377020299434,0.2147213816642761,0.0112951397895812,Crime_Fiction
0.0741758942604065,0.0111406287178397,0.1389714926481247,0.0061871102079749,0.5964516997337341,0.1532370299100875,0.0198361985385417,Crime_Fiction
0.0281074568629264,0.0107981581240892,0.0172931402921676,0.0042611532844603,0.8733268976211548,0.0189088582992553,0.0473043993115425,Crime_Fiction
0.126706376671791,0.2588386237621307,0.2145586013793945,0.0053574964404106,0.3533525764942169,0.0235338769853115,0.0176524445414543,Crime_Fiction
0.0520666018128395,0.0463427789509296,0.023288307711482,0.0669249668717384,0.7724905610084534,0.0239028986543416,0.0149838011711835,Crime_Fiction
0.3457701802253723,0.0266906078904867,0.1982564777135849,0.0163172148168087,0.3762103319168091,0.0173642300069332,0.0193909425288438,Crime_Fiction
0.0679826959967613,0.0479824617505073,0.0931362956762313,0.0063307508826255,0.7360287308692932,0.0105873057618737,0.0379517450928688,Crime_Fiction
0.7824407815933228,0.0633627548813819,0.0332739315927028,0.0013191441539674,0.0444002896547317,0.0666847229003906,0.0085183717310428,Crime_Fiction
0.0280125811696052,0.0054711056873202,0.9040127992630004,0.0018802372505888,0.0351924076676368,0.0033734678290784,0.022057531401515,Crime_Fiction
0.1925436854362487,0.119387149810791,0.0346769765019416,0.0127467429265379,0.5983738303184509,0.024787375703454,0.0174843482673168,Crime_Fiction
0.1604102551937103,0.322408378124237,0.0525110960006713,0.0045420294627547,0.4062637090682983,0.0467405766248703,0.007123963907361,Crime_Fiction
0.2911666333675384,0.0813603177666664,0.1032614856958389,0.0086426408961415,0.2128995805978775,0.2918131053447723,0.0108561962842941,Crime_Fiction
