anger,disgust,fear,joy,neutral,sadness,surprise,genre
0.0054006422869861,0.3202769458293915,0.0650637298822403,0.178920179605484,0.1507630348205566,0.2716338634490967,0.0079415487125515,Drama
0.0295692384243011,0.0743716955184936,0.1079707369208335,0.0095810238271951,0.4391385018825531,0.2601832151412964,0.0791855305433273,Drama
0.2272963672876358,0.1296940445899963,0.0919792130589485,0.003010433865711,0.3257194757461548,0.2058645635843277,0.0164359118789434,Drama
0.0066679003648459,0.0089498274028301,0.0023920892272144,0.0027495899703353,0.8506593704223633,0.0505697317421436,0.0780114829540252,Drama
0.0268123149871826,0.0498841851949691,0.0047889412380754,0.0038295863196253,0.8857435584068298,0.0122528057545423,0.0166885517537593,Drama
0.1691203266382217,0.0179388858377933,0.0292107574641704,0.002297984668985,0.2015896737575531,0.5369628667831421,0.042879544198513,Drama
0.1270263791084289,0.7807914018630981,0.0238704066723585,0.0026013809256255,0.0491210669279098,0.014191928319633,0.0023974552750587,Drama
0.1076478064060211,0.725745439529419,0.0349442958831787,0.0017553905490785,0.0950012356042862,0.0093371113762259,0.0255686938762664,Drama
0.4624043703079223,0.0974050015211105,0.0416656136512756,0.0037825452163815,0.3171604871749878,0.0743633359670639,0.0032185730524361,Drama
0.1031045615673065,0.0056391679681837,0.8702150583267212,0.0011701701441779,0.0131331579759716,0.0027167443186044,0.004021099768579,Drama
0.0883459076285362,0.3543034791946411,0.0026649190112948,0.0312137641012668,0.500552773475647,0.0197968054562807,0.0031222954858094,Drama
0.883377730846405,0.0241569057106971,0.0825435891747474,0.0013616838259622,0.00208370690234,0.0050679948180913,0.0014083650894463,Drama
0.8938674330711365,0.0272748842835426,0.0609180182218551,0.0013973999302834,0.0065832347609102,0.0078402059152722,0.0021189230028539,Drama
0.0554093047976493,0.2523790299892425,0.1560913622379303,0.0069311656989157,0.4871242046356201,0.0153144942596554,0.0267504602670669,Drama
0.0802764669060707,0.3113021850585937,0.1713103055953979,0.004722855053842,0.325780838727951,0.0137995481491088,0.0928078293800354,Drama
0.3422526121139526,0.5281695127487183,0.0364433862268924,0.0013493017759174,0.0494083687663078,0.0362326204776763,0.0061442400328814,Drama
0.5074268579483032,0.0677167251706123,0.0749171823263168,0.0042085819877684,0.2823264300823211,0.0596585609018802,0.0037456403952091,Drama
0.0472683794796466,0.5636439323425293,0.0741761326789856,0.0010689076734706,0.0355618298053741,0.254744291305542,0.0235365219414234,Drama
0.0380856618285179,0.024950798600912,0.4020160436630249,0.0153568359091877,0.4678776264190674,0.0145886959508061,0.037124328315258,Drama
0.0094144651666283,0.0342446006834507,0.876250147819519,0.0037019334267824,0.0608176402747631,0.012468047440052,0.0031032448168843,Drama
0.1208966895937919,0.5922149419784546,0.1980263888835907,0.0018338124500587,0.0312202740460634,0.0485154427587986,0.0072923889383673,Drama
0.0545837543904781,0.0100010363385081,0.158679261803627,0.0061055137775838,0.7311965823173523,0.0272488128393888,0.012185126543045,Drama
0.1767259240150451,0.2396355271339416,0.0816964581608772,0.0022074095904827,0.0451802238821983,0.3782601356506347,0.0762943774461746,Drama
0.4102293252944946,0.3455188870429992,0.0302281528711318,0.0021664435043931,0.1825730949640274,0.0169759150594472,0.0123081412166357,Drama
0.0036511740181595,0.0019312785007059,0.0021024364978075,0.8101449608802795,0.120825670659542,0.0507743880152702,0.0105700055137276,Drama
0.2482916712760925,0.6156497001647949,0.0123552531003952,0.0014869708102196,0.0487677082419395,0.0702654421329498,0.0031832412350922,Drama
