anger,disgust,fear,joy,neutral,sadness,surprise,genre
0.0694948136806488,0.0550697557628154,0.2290874868631363,0.0098537867888808,0.3723095655441284,0.0777821615338325,0.1864024847745895,Science_Fiction
0.1705338954925537,0.4437469244003296,0.2953040897846222,0.0033624626230448,0.0690887346863746,0.0099944872781634,0.0079693663865327,Science_Fiction
0.0513547509908676,0.1422294527292251,0.073244459927082,0.0033154911361634,0.2595976889133453,0.3881210684776306,0.0821370407938957,Science_Fiction
0.0162366945296525,0.0807158052921295,0.4725955426692962,0.0047255498357117,0.1726073771715164,0.0051688547246158,0.2479501217603683,Science_Fiction
0.0074817822314798,0.0067837298847734,0.0054774824529886,0.0143910851329565,0.9372383952140808,0.0080934343859553,0.0205340422689914,Science_Fiction
0.0155060729011893,0.0125639149919152,0.0366686135530471,0.0389283820986747,0.868120551109314,0.0165122468024492,0.011700284667313,Science_Fiction
0.0387828201055526,0.2887928187847137,0.2747072577476501,0.0062760571017861,0.3384939432144165,0.0319376587867736,0.0210094098001718,Science_Fiction
0.0200024601072073,0.0903493389487266,0.010072742588818,0.0773529484868049,0.7622384428977966,0.0122995823621749,0.0276844929903745,Science_Fiction
0.0280529428273439,0.0276166815310716,0.0113920783624053,0.0024863870348781,0.90687096118927,0.0141492392867803,0.009431772865355,Science_Fiction
0.0174748804420232,0.1452765017747879,0.0371717885136604,0.010172707028687,0.7670422792434692,0.0079533867537975,0.0149084785953164,Science_Fiction
0.0142420837655663,0.0414701625704765,0.0076356944628059,0.0067976382561028,0.4791419208049774,0.0039875442162156,0.4467249512672424,Science_Fiction
0.0390675514936447,0.4317354261875152,0.0739031061530113,0.0020076737273484,0.3769218921661377,0.0453687347471714,0.030995512381196,Science_Fiction
0.5957242250442505,0.2615855038166046,0.0955334678292274,0.001472829375416,0.0294560696929693,0.0107045881450176,0.0055232997983694,Science_Fiction
0.0029704456683248,0.0212663002312183,0.0020707289222627,0.0590497627854347,0.8646572232246399,0.0152020324021577,0.0347834378480911,Science_Fiction
0.0193914677947759,0.156897485256195,0.0146590303629636,0.0038692406378686,0.7690179944038391,0.0208579991012811,0.0153068536892533,Science_Fiction
0.0056678722612559,0.0054743257351219,0.0107309529557824,0.0050915107131004,0.9126117825508118,0.020130205899477,0.0402932837605476,Science_Fiction
0.2732445895671844,0.5433723330497742,0.0678786039352417,0.0011549065820872,0.0907524973154068,0.0175964385271072,0.0060006007552146,Science_Fiction
0.0125003810971975,0.1291949898004531,0.1591259092092514,0.0056891269050538,0.62690669298172,0.0298714563250541,0.0367113649845123,Science_Fiction
0.367197722196579,0.0819678232073783,0.4238861501216888,0.003553336020559,0.0849726796150207,0.0336505658924579,0.0047717690467834,Science_Fiction
0.1982084959745407,0.4624537825584411,0.1416924595832824,0.0061601484194397,0.1681975275278091,0.016625091433525,0.0066625736653804,Science_Fiction
0.1317277699708938,0.2188999205827713,0.0537712126970291,0.002798517467454,0.3949509561061859,0.1782120466232299,0.0196396484971046,Science_Fiction
0.0263765566051006,0.0678316578269004,0.0058476026169955,0.0059767048805952,0.7399792075157166,0.0077021834440529,0.1462860405445099,Science_Fiction
0.0512657053768634,0.0103445723652839,0.0859669521450996,0.0047996854409575,0.8098849058151245,0.0243153236806392,0.0134228626266121,Science_Fiction
0.0223873034119606,0.0292986836284399,0.0754323974251747,0.0036712165456265,0.5238428115844727,0.2803263962268829,0.0650411620736122,Science_Fiction
0.0064769070595502,0.0109088709577918,0.6277106404304504,0.0035586906597018,0.0122644938528537,0.0031585162505507,0.3359218537807464,Science_Fiction
0.1270541995763778,0.6175248026847839,0.0350730046629905,0.0024305088445544,0.1768483519554138,0.0254785623401403,0.0155905885621905,Science_Fiction
0.0263585150241851,0.0161802526563406,0.0222794581204652,0.0056141875684261,0.807426393032074,0.0055274036712944,0.1166137531399726,Science_Fiction
0.0142890214920043,0.021437868475914,0.0213283263146877,0.0026454713661223,0.9212976694107056,0.0084002548828721,0.0106014525517821,Science_Fiction
0.0200831647962331,0.1773073822259903,0.0051907957531511,0.0043089324608445,0.7414961457252502,0.0088213272392749,0.0427923277020454,Science_Fiction
0.0226280614733696,0.0460218153893947,0.0156853720545768,0.0029017981141805,0.8359598517417908,0.0360110811889171,0.0407920256257057,Science_Fiction
0.0110748652368783,0.0660338774323463,0.0028529157862067,0.0091968234628438,0.8857206702232361,0.004107117652893,0.0210137721151113,Science_Fiction
0.0037034503184258,0.0063306717202067,0.0010659556137397,0.0050839106552302,0.9589617252349854,0.0030337304342538,0.021820543333888,Science_Fiction
0.0102979876101017,0.0943558439612388,0.0052480804733932,0.0019354642136022,0.8663402199745178,0.005410757381469,0.0164117123931646,Science_Fiction
0.0193046182394027,0.2319946736097335,0.0139398928731679,0.0064872005023062,0.716886043548584,0.0046626483090221,0.0067248679697513,Science_Fiction
0.1064513474702835,0.1538782268762588,0.0675537958741188,0.0053905542008578,0.6205319166183472,0.0105242514982819,0.0356699600815773,Science_Fiction
0.050809271633625,0.0247485227882862,0.0155097665265202,0.0025746615137904,0.0818190351128578,0.7793891429901123,0.045149628072977,Science_Fiction
0.049899436533451,0.2875716686248779,0.0107334004715085,0.0058295307680964,0.6257323622703552,0.0081628868356347,0.0120707349851727,Science_Fiction
0.0437945611774921,0.1741947382688522,0.0518316626548767,0.0068211173638701,0.7095022201538086,0.0074437246657907,0.0064119361340999,Science_Fiction
0.0716500133275985,0.5327788591384888,0.0348393805325031,0.0028151210863143,0.3334280848503113,0.0163826886564493,0.008105956017971,Science_Fiction
0.3642385601997375,0.1507385969161987,0.02504956535995,0.0041234567761421,0.4293150901794433,0.0212789382785558,0.0052557606250047,Science_Fiction
0.1649258136749267,0.6389210820198059,0.0246002580970525,0.0012754522031173,0.1504857689142227,0.0096810376271605,0.0101104574277997,Science_Fiction
0.1775959432125091,0.1240629181265831,0.1323408037424087,0.0018352762563154,0.4189924597740173,0.0866229832172393,0.0585495680570602,Science_Fiction
0.1016606912016868,0.1522954851388931,0.0323886945843696,0.0034607246052473,0.6497318148612976,0.0400552973151207,0.020407335832715,Science_Fiction
0.0482225157320499,0.216943621635437,0.013175624422729,0.0058357962407171,0.656876266002655,0.037356961518526,0.0215892661362886,Science_Fiction
0.2552349865436554,0.1296474188566208,0.2493215203285217,0.0040405904874205,0.2275697886943817,0.0271997842937707,0.1069859266281127,Science_Fiction
0.043096799403429,0.0326568894088268,0.0060923448763787,0.0035784728825092,0.8857287764549255,0.0157576519995927,0.0130890738219022,Science_Fiction
0.1165476590394973,0.2524630427360534,0.0401664637029171,0.0029372165445238,0.0488213896751403,0.524246096611023,0.0148181496188044,Science_Fiction
0.0072727003134787,0.0162426475435495,0.0043492638505995,0.0207791272550821,0.9123637676239014,0.0095151253044605,0.0294773522764444,Science_Fiction
0.0134254228323698,0.1641944050788879,0.0053154816851019,0.0064676916226744,0.7769302129745483,0.0055741691030561,0.0280925426632165,Science_Fiction
0.0528959184885025,0.1890813708305359,0.0566224232316017,0.01001787930727,0.6119661331176758,0.0664347857236862,0.0129814241081476,Science_Fiction
0.019589427858591,0.0862598568201065,0.017500689253211,0.0031803385354578,0.8284621238708496,0.01058782171458,0.0344197824597358,Science_Fiction
