anger,disgust,fear,joy,neutral,sadness,surprise,genre
0.0033240981865674,0.0298762004822492,0.0107302898541092,0.0657964050769805,0.2633054852485657,0.6182647943496704,0.008702796883881,Short_Film
0.0302729103714227,0.8947110772132874,0.0228664651513099,0.0019889767281711,0.031711358577013,0.0165170300751924,0.0019321140134707,Short_Film
0.0074546141549944,0.0013888851972296,0.9815436601638794,0.0006023427122272,0.0010137461358681,0.0055795456282794,0.0024170440156012,Short_Film
0.1928845196962356,0.7445142865180969,0.0037482003681361,0.0030304635874927,0.0407224670052528,0.011734677478671,0.0033652926795184,Short_Film
0.35128253698349,0.5713297128677368,0.005462790839374,0.0009479855652898,0.0369606539607048,0.0309573728591203,0.0030589359812438,Short_Film
0.0120959263294935,0.977860689163208,0.0009171828860417,0.0004662005230784,0.0063027469441294,0.0014586533652618,0.0008987926412373,Short_Film
0.0351372733712196,0.0569172538816928,0.0017629964277148,0.0052913585677742,0.8837668299674988,0.0109450975432991,0.0061790458858013,Short_Film
0.0087691340595483,0.8843063712120056,0.0247438456863164,0.0007502165390178,0.0208299662917852,0.0572007074952125,0.0033997525461018,Short_Film
0.0069906115531921,0.0043069589883089,0.0045738886110484,0.0021675871685147,0.0071675833314657,0.0013438898604363,0.973449409008026,Short_Film
0.1525666713714599,0.6847673654556274,0.0502420924603939,0.0008267897646874,0.0614060945808887,0.0474552996456623,0.002735684858635,Short_Film
0.3395378589630127,0.2609930634498596,0.0223852638155221,0.0088069569319486,0.2630098462104797,0.0878016427159309,0.0174653436988592,Short_Film
0.0160828158259391,0.0329702384769916,0.054684042930603,0.0116647351533174,0.4986892342567444,0.3801345229148865,0.0057744565419852,Short_Film
0.1845710128545761,0.5393211841583252,0.0060582910664379,0.0023935392964631,0.1975084394216537,0.0501848198473453,0.0199626889079809,Short_Film
0.0107655487954616,0.0155113525688648,0.0172617062926292,0.0039384900592267,0.933506190776825,0.0149668902158737,0.00404988322407,Short_Film
0.1244552657008171,0.1835443526506424,0.0078323064371943,0.005172545555979,0.6477149128913879,0.0289128981530666,0.0023677775170654,Short_Film
0.0753938853740692,0.8946643471717834,0.0074280984699726,0.0004941220395267,0.0109210908412933,0.0056758634746074,0.0054226601496338,Short_Film
0.0248678736388683,0.8994522094726562,0.0256044939160347,0.0006602281355299,0.0313638523221015,0.0138008799403905,0.0042502712458372,Short_Film
0.0134446490556001,0.0278469789773225,0.0121240373700857,0.0746584981679916,0.8318778276443481,0.0380800664424896,0.001967990072444,Short_Film
0.5329422950744629,0.1276713013648986,0.0048488308675587,0.0029821910429745,0.0989528372883796,0.2272305786609649,0.0053718951530754,Short_Film
0.0352925471961498,0.237775519490242,0.0054693254642188,0.1056147515773773,0.5455677509307861,0.0447425357997417,0.0255375280976295,Short_Film
0.3025978803634643,0.3932668268680572,0.009153083898127,0.0069634555839002,0.2546218037605285,0.0280778110027313,0.0053191292099654,Short_Film
0.022461149841547,0.1728610545396804,0.0177760999649763,0.0030056945979595,0.7625122666358948,0.0096674682572484,0.0117162708193063,Short_Film
0.120953120291233,0.1876872330904007,0.0122963096946477,0.0082531608641147,0.4369757175445556,0.1684531569480896,0.0653812512755394,Short_Film
0.2207813858985901,0.3701717257499695,0.0066740200854837,0.0090708462521433,0.3700446486473083,0.0193713288754224,0.0038859739433974,Short_Film
0.0249364990741014,0.0147469956427812,0.004195858258754,0.6239326596260071,0.3000298142433166,0.0040450966916978,0.0281131044030189,Short_Film
0.0506597943603992,0.3264071643352508,0.0174617804586887,0.1423201113939285,0.1981175690889358,0.0208364967256784,0.2441971451044082,Short_Film
0.0065971263684332,0.9844390749931335,0.0013735652901232,0.0003986972151324,0.0047226217575371,0.0017862899694591,0.0006829396006651,Short_Film
0.0660663917660713,0.0983049571514129,0.006405936088413,0.010451067239046,0.196778267621994,0.5955038070678711,0.0264895670115947,Short_Film
0.011829363182187,0.2305574715137481,0.552267849445343,0.0093691255897283,0.1760279536247253,0.0152962673455476,0.0046519702300429,Short_Film
0.0430660843849182,0.1171396598219871,0.0079255914315581,0.0062957792542874,0.0896435305476188,0.7337646484375,0.0021646651439368,Short_Film
0.0375174954533577,0.2342134118080139,0.0398458801209926,0.0038195226807147,0.1992989331483841,0.4817401170730591,0.0035646487958729,Short_Film
0.0094442060217261,0.0269766524434089,0.0058213700540363,0.6429054737091064,0.2910910546779632,0.0176541581749916,0.0061071030795574,Short_Film
