anger,disgust,fear,joy,neutral,sadness,surprise,genre
0.7802247405052185,0.1121110841631889,0.0249721594154834,0.0013774962862953,0.0500589087605476,0.0247214417904615,0.0065341335721313,Crime_Thriller
0.0099788345396518,0.1030803695321083,0.0090579511597752,0.0104814199730753,0.3670947551727295,0.4902913868427276,0.0100153256207704,Crime_Thriller
0.1571008861064911,0.3454343974590301,0.0162491127848625,0.0028579018544405,0.1491918712854385,0.3159567415714264,0.0132090747356414,Crime_Thriller
0.1038120985031127,0.0138412918895483,0.042550753802061,0.1410413086414337,0.6744992733001709,0.0025076069869101,0.021747637540102,Crime_Thriller
0.0269723944365978,0.3148649334907532,0.0053863418288528,0.1307987719774246,0.4720155894756317,0.0409685634076595,0.008993380703032,Crime_Thriller
0.0337010584771633,0.0520540066063404,0.0103727104142308,0.0053661712445318,0.2200749963521957,0.6685441732406616,0.0098869688808918,Crime_Thriller
0.0283236429095268,0.6617563366889954,0.0549525618553161,0.0029130927287042,0.2186315655708313,0.0274712573736906,0.0059515880420804,Crime_Thriller
0.565019965171814,0.1597818732261657,0.0081618623808026,0.0048648132942616,0.2354530543088913,0.0245803408324718,0.0021380574908107,Crime_Thriller
0.0878275483846664,0.0081195225939154,0.871928870677948,0.0013897351454943,0.0222303513437509,0.0041826162487268,0.0043212459422647,Crime_Thriller
0.091863252222538,0.190797820687294,0.1778509467840194,0.006223180796951,0.2735549211502075,0.0117023698985576,0.2480074316263198,Crime_Thriller
0.3836906552314758,0.217573270201683,0.0182360745966434,0.0100678289309144,0.340178519487381,0.0199678242206573,0.0102859390899539,Crime_Thriller
0.6541287899017334,0.2241657376289367,0.0253685861825943,0.0027326508425176,0.0687213689088821,0.0186635069549083,0.0062192799523472,Crime_Thriller
0.154041975736618,0.0354658588767051,0.039970226585865,0.0126743493601679,0.708442747592926,0.0370530188083648,0.0123518779873847,Crime_Thriller
0.0527495481073856,0.0261540971696376,0.0132910078391432,0.0021987271029502,0.3202575445175171,0.0410784147679805,0.5442706346511841,Crime_Thriller
0.0165794417262077,0.1348530799150467,0.1160691305994987,0.0063407905399799,0.4842002093791961,0.0058877863921225,0.2360696345567703,Crime_Thriller
0.5472625494003296,0.418296068906784,0.0026972766499966,0.0011628469219431,0.0227919109165668,0.0055725462734699,0.0022167989518493,Crime_Thriller
0.0391844138503074,0.369702398777008,0.0572690702974796,0.00441539241001,0.4815321564674377,0.0331210941076278,0.0147754587233066,Crime_Thriller
0.0407311208546161,0.0192545745521783,0.6196199059486389,0.0032633009832352,0.2804960608482361,0.0174802206456661,0.0191547442227602,Crime_Thriller
0.0188663024455308,0.0077590714208781,0.1907191127538681,0.0169603731483221,0.7101197838783264,0.0340343862771987,0.0215410236269235,Crime_Thriller
0.0264604687690734,0.0077748266048729,0.8721043467521667,0.0019954254385083,0.063251107931137,0.0126959243789315,0.015717726200819,Crime_Thriller
0.0073812743648886,0.030192220583558,0.0010030650300905,0.0163596048951149,0.89825439453125,0.0068894797004759,0.0399201065301895,Crime_Thriller
0.1723741590976715,0.0571973994374275,0.4303809404373169,0.0017911437898874,0.2054099142551422,0.0772640854120254,0.0555822886526584,Crime_Thriller
0.0517076700925827,0.0420907735824584,0.6987490057945251,0.0025878946762531,0.1427145898342132,0.0152814155444502,0.0468686930835247,Crime_Thriller
0.0207475870847702,0.891503632068634,0.0089920852333307,0.0023264314513653,0.0637278407812118,0.0109938541427254,0.0017084886785596,Crime_Thriller
0.2307290583848953,0.0155281601473689,0.5328378677368164,0.0028542387299239,0.1568758934736251,0.0280388630926609,0.0331359095871448,Crime_Thriller
0.007240330800414,0.0130551485344767,0.0460776761174202,0.0425061658024787,0.8716282844543457,0.0067408862523734,0.0127514973282814,Crime_Thriller
0.2883900105953216,0.2472636103630066,0.0295312069356441,0.0042568710632622,0.410840094089508,0.0113776354119181,0.008340579457581,Crime_Thriller
0.0559402368962764,0.1196997687220573,0.4027217626571655,0.0054921177215874,0.3602568805217743,0.0137035148218274,0.0421856604516506,Crime_Thriller
0.4073563516139984,0.1981360912322998,0.1728742569684982,0.0110422270372509,0.1844100654125213,0.010288099758327,0.015892943367362,Crime_Thriller
0.1202512085437774,0.3148462474346161,0.00362005433999,0.1109509468078613,0.4379230439662933,0.0033784394618123,0.0090300571173429,Crime_Thriller
0.0623561330139637,0.1872413605451584,0.0182739589363336,0.0274348761886358,0.6734114289283752,0.0032380872871726,0.0280442181974649,Crime_Thriller
0.5257713198661804,0.0587922409176826,0.1398549675941467,0.0028424998745322,0.2522282600402832,0.00853524915874,0.0119754141196608,Crime_Thriller
0.0194294974207878,0.0115342233330011,0.0365479663014411,0.0366554483771324,0.8329347968101501,0.0064219692721962,0.0564761385321617,Crime_Thriller
0.0350638255476951,0.0380638353526592,0.0309774074703454,0.0013713812222704,0.0464069209992885,0.8216134309768677,0.0265032406896352,Crime_Thriller
0.0093903169035911,0.0486595369875431,0.0549349896609783,0.0560929104685783,0.7938665747642517,0.0251770745962858,0.0118786552920937,Crime_Thriller
