anger,disgust,fear,joy,neutral,sadness,surprise,genre
0.0940463840961456,0.0413574017584323,0.5440042018890381,0.0039645521901547,0.2827335298061371,0.0240375343710184,0.0098563926294446,Comedy
0.2633629739284515,0.6885972023010254,0.0058939969167113,0.0008058432140387,0.031048072502017,0.0088986977934837,0.0013932579895481,Comedy
0.0780970156192779,0.6727269291877747,0.0032627559266984,0.021579785272479,0.2126540541648864,0.0068919891491532,0.0047875894233584,Comedy
0.0287173241376876,0.5384464263916016,0.1260947287082672,0.0183944441378116,0.2175836414098739,0.0524125210940837,0.0183509550988674,Comedy
0.2277518808841705,0.6650848984718323,0.0047624763101339,0.00164154113736,0.0824676230549812,0.0156737640500068,0.0026178299449384,Comedy
0.5443442463874817,0.1124602705240249,0.0070791416801512,0.1657070219516754,0.1551798582077026,0.0138057665899395,0.0014236249262467,Comedy
0.0311061199754476,0.7434086203575134,0.1545952707529068,0.0042873141355812,0.0517602451145648,0.0129035990685224,0.0019387664506211,Comedy
0.0066458201035857,0.0054056495428085,0.0057612499222159,0.0023589243646711,0.8677605986595154,0.0108475033193826,0.1012203395366668,Comedy
0.1435866355895996,0.2659644186496734,0.0134204113855957,0.0048210681416094,0.4687106311321258,0.1007003486156463,0.0027965256012976,Comedy
0.0441801100969314,0.6626657843589783,0.0068231034092605,0.0080589558929204,0.2542884647846222,0.0205897036939859,0.0033939133863896,Comedy
0.3408991396427154,0.5201878547668457,0.0180005002766847,0.0031146761029958,0.0914039313793182,0.022616459056735,0.0037773456424474,Comedy
0.4678429365158081,0.1366256177425384,0.3129780888557434,0.0019764048047363,0.0636487677693367,0.0129833724349737,0.0039448202587664,Comedy
0.1229560822248458,0.0769723355770111,0.1056862324476242,0.0107280947268009,0.6705126762390137,0.0048332950100302,0.0083112362772226,Comedy
0.034671239554882,0.8200112581253052,0.0057159704156219,0.0008467704174108,0.0372248888015747,0.099565215408802,0.0019646813161671,Comedy
0.0114238178357481,0.9281588792800904,0.0026019723154604,0.0023457529023289,0.0473650954663753,0.0060336198657751,0.0020709915552288,Comedy
0.0735226199030876,0.1525208353996276,0.0903691053390502,0.0149245215579867,0.6295685768127441,0.0322919152677059,0.0068023465573787,Comedy
0.2913472056388855,0.3031898140907287,0.0080806631594896,0.0039249309338629,0.3601708710193634,0.0299036465585231,0.0033828625455498,Comedy
0.3710975348949432,0.1209563761949539,0.0126257855445146,0.0027035255916416,0.4620327353477478,0.0270113963633775,0.0035726383794099,Comedy
0.0347322672605514,0.9428249001502992,0.0089003173634409,0.0004218871472403,0.0069979983381927,0.0030047220643609,0.0031178803183138,Comedy
0.1171406134963035,0.4383400380611419,0.1173030436038971,0.0018676954787224,0.1060529947280883,0.1966634690761566,0.0226321704685688,Comedy
0.1022570356726646,0.25418221950531,0.5240980386734009,0.0026134906802326,0.079552337527275,0.0073891798965632,0.0299076307564973,Comedy
0.3988637924194336,0.2622374594211578,0.1110267788171768,0.0033541216980665,0.2071369886398315,0.0084107536822557,0.0089701311662793,Comedy
0.0203415025025606,0.0390391312539577,0.0020333814900368,0.8633233904838562,0.0512861050665378,0.0064389635808765,0.0175375454127788,Comedy
0.0179219860583543,0.0064193904399871,0.0036778904031962,0.1182436719536781,0.8340666890144348,0.0121603654697537,0.0075100581161677,Comedy
0.1727319061756134,0.3538925051689148,0.0057063116692006,0.0038503205869346,0.1942690759897232,0.2645952701568603,0.0049547371454536,Comedy
0.0521375574171543,0.619725227355957,0.0142929013818502,0.0032920797821134,0.2592598497867584,0.0359720736742019,0.0153203113004565,Comedy
0.4416766762733459,0.0418806411325931,0.1562104076147079,0.006457538343966,0.188947319984436,0.0966084823012352,0.0682189539074897,Comedy
0.0095001235604286,0.0268537960946559,0.7718517184257507,0.0025284797884523,0.1702656745910644,0.0143618276342749,0.0046383212320506,Comedy
0.0191310103982687,0.0347153730690479,0.0025459085591137,0.3326189517974853,0.5832505226135254,0.0249314829707145,0.0028067438397556,Comedy
0.1927995085716247,0.1372264474630355,0.0603153407573699,0.0220065396279096,0.392219603061676,0.1320749223232269,0.0633576288819313,Comedy
0.0094199813902378,0.9740368723869324,0.0037185042165219,0.0004306945193093,0.0049726259894669,0.0060681556351482,0.0013531727017834,Comedy
0.9460448622703552,0.0113873491063714,0.0192845482379198,0.0018862324068322,0.018112638965249,0.0014049200108274,0.0018795963842421,Comedy
0.0071122390218079,0.0115299299359321,0.0016838322626426,0.0042371950112283,0.964189887046814,0.0031769387423992,0.0080699678510427,Comedy
0.0029942283872514,0.0058808233588933,0.0018961800960823,0.0142447249963879,0.9366549849510192,0.0103434715420007,0.0279856026172637,Comedy
