anger,disgust,fear,joy,neutral,sadness,surprise,genre
0.0505444295704364,0.0970048531889915,0.1347769051790237,0.1218036636710167,0.5328839421272278,0.0143399154767394,0.0486462265253067,War_film
0.0090924883261322,0.003599100979045,0.079433374106884,0.0035230920184403,0.0211101565510034,0.8553006052970886,0.0279411189258098,War_film
0.0079213604331016,0.0181160736829042,0.1242041811347007,0.0621580556035041,0.7024660110473633,0.0222533885389566,0.0628809630870819,War_film
0.8613569736480713,0.1067817062139511,0.0053358091972768,0.0006585961673408,0.0197818633168935,0.0041402205824851,0.0019447767408564,War_film
0.0128222526982426,0.008194806985557,0.5201617479324341,0.0296375956386327,0.2665648162364959,0.1312423348426818,0.0313764698803424,War_film
0.0036217486485838,0.013128881342709,0.0015211115824058,0.7675809264183044,0.1407661736011505,0.0625108629465103,0.0108703663572669,War_film
0.0065447036176919,0.0802734866738319,0.0172436963766813,0.0329015552997589,0.8251742124557495,0.0199829526245594,0.0178793147206306,War_film
0.0096812732517719,0.0368305779993534,0.0057037184014916,0.7289378046989441,0.1773032993078231,0.0194543171674013,0.022089110687375,War_film
0.0012688137358054,0.0013754478422924,0.988889455795288,0.0008621788583695,0.003887529252097,0.0026098489761352,0.0011067445157095,War_film
0.1203804910182952,0.7612242102622986,0.0045508965849876,0.0021482678130269,0.0840988606214523,0.0220717675983905,0.0055255945771932,War_film
0.0240941699594259,0.1194660440087318,0.0281797666102647,0.0017092926427721,0.0363653749227523,0.7822068333625793,0.007978543639183,War_film
0.0041191126219928,0.0335607565939426,0.0123283565044403,0.002710786415264,0.4065710604190826,0.0173298232257366,0.5233801007270813,War_film
0.954511284828186,0.0141572393476963,0.0032163781579583,0.0006869570934213,0.0204482488334178,0.0041356422007083,0.0028441881295293,War_film
0.0153619972988963,0.0126121388748288,0.0008268699748441,0.8608655333518982,0.0968833342194557,0.0020986499730497,0.0113514997065067,War_film
0.0188122447580099,0.0273215100169181,0.0609253086149692,0.0157132521271705,0.7357069849967957,0.0076203569769859,0.1339003294706344,War_film
0.0574362613260746,0.0090262731537222,0.9124749898910522,0.0006571242120116,0.0065510221756994,0.0090534035116434,0.0048010577447712,War_film
0.1812381446361541,0.2873030602931976,0.014743173494935,0.0021561169996857,0.1538939625024795,0.3569052219390869,0.0037603257223963,War_film
0.1905583143234253,0.08331149071455,0.4533645212650299,0.0021457187831401,0.1153448522090911,0.1476710885763168,0.0076040127314627,War_film
0.0690412446856498,0.0232240725308656,0.7121739387512207,0.006501302588731,0.1414025872945785,0.0120493974536657,0.0356074571609497,War_film
0.1306065917015075,0.0135560408234596,0.0370810329914093,0.0030548188369721,0.0985929667949676,0.6443523168563843,0.0727561935782432,War_film
0.0213072132319211,0.0091147683560848,0.0405873730778694,0.0012923618778586,0.0330837368965148,0.8806485533714294,0.0139659903943538,War_film
0.1390554308891296,0.2102653831243515,0.5642547607421875,0.0014424414839595,0.0312428716570138,0.0396457687020301,0.0140932779759168,War_film
0.1983453333377838,0.2441232353448867,0.3082240521907806,0.0021190978586673,0.128083124756813,0.0967481061816215,0.0223570726811885,War_film
0.2082790434360504,0.4455548822879791,0.0421201288700103,0.0023599192500114,0.1554451286792755,0.133033275604248,0.0132075557485222,War_film
0.0028114409651607,0.0126874968409538,0.0025608143769204,0.4645542502403259,0.4939428567886352,0.0136041389778256,0.0098390718922019,War_film
