anger,disgust,fear,joy,neutral,sadness,surprise,genre
0.0066433264873921,0.0160623919218778,0.0024274580646306,0.4428001940250397,0.2044962048530578,0.2912583947181701,0.0363120250403881,Melodrama
0.0125772301107645,0.4009815156459808,0.0061530312523245,0.3661684095859527,0.1941815167665481,0.0097600882872939,0.0101782260462641,Melodrama
0.0555255487561225,0.7138020396232605,0.0456534065306186,0.0095321610569953,0.1464012116193771,0.0225940998643636,0.0064915604889392,Melodrama
0.0060203094035387,0.0082920892164111,0.0490600280463695,0.0139914099127054,0.203622281551361,0.5928251147270203,0.1261887848377227,Melodrama
0.1197650730609893,0.7882117033004761,0.0091166580095887,0.0019684294238686,0.0610219575464725,0.0182097926735878,0.0017063146224245,Melodrama
0.0178217720240354,0.0241423361003398,0.0020568640902638,0.0092041352763772,0.8965184092521667,0.0068634720519185,0.0433929301798343,Melodrama
0.1058719903230667,0.0321730338037014,0.2517405450344085,0.0022410217206925,0.2195592373609542,0.227287545800209,0.1611266732215881,Melodrama
0.0928101763129234,0.0657660588622093,0.0060020750388503,0.0029295885469764,0.1440432220697403,0.639674186706543,0.0487747639417648,Melodrama
0.059023842215538,0.0359097719192504,0.0094804028049111,0.0560312420129776,0.5431662797927856,0.2912134230136871,0.0051750778220593,Melodrama
0.0294409748166799,0.8459910750389099,0.0432121753692626,0.0009098200825974,0.0576976314187049,0.0167589802294969,0.0059893941506743,Melodrama
0.0530628189444541,0.1259827613830566,0.0331151112914085,0.0048587834462523,0.6990312933921814,0.0773799791932106,0.0065692057833075,Melodrama
0.3186250329017639,0.0313921011984348,0.0773572772741317,0.0021446265745908,0.5146414041519165,0.040200937539339,0.015638593584299,Melodrama
0.0077675227075815,0.098508208990097,0.0177495833486318,0.0049390476197004,0.3242518603801727,0.5351850390434265,0.0115987509489059,Melodrama
0.1279152780771255,0.3999008536338806,0.0056817587465047,0.0099843237549066,0.3720385730266571,0.0682661607861518,0.0162130501121282,Melodrama
0.5008402466773987,0.1421120315790176,0.1654765158891677,0.0035314240958541,0.0864744409918785,0.0942515060305595,0.0073138372972607,Melodrama
0.1535067111253738,0.1015788838267326,0.0768153369426727,0.0028343237936496,0.0437398999929428,0.6136033535003662,0.0079214433208107,Melodrama
0.0163107197731733,0.0571501329541206,0.4424469769001007,0.0052458033896982,0.3645498156547546,0.0449639745056629,0.069332517683506,Melodrama
0.0167301017791032,0.0031293956562876,0.945675492286682,0.0011094198562204,0.0224912464618682,0.0062046451494097,0.0046597584150731,Melodrama
0.0901398733258247,0.026465069502592,0.6521408557891846,0.0028367268387228,0.1423573344945907,0.0796725526452064,0.0063874954357743,Melodrama
0.3025285005569458,0.0375997945666313,0.4360282123088836,0.0021263756789267,0.1028776913881301,0.1009543612599372,0.0178851597011089,Melodrama
0.0546669065952301,0.0935061648488044,0.4746738374233246,0.0031552675645798,0.1931278109550476,0.1452464312314987,0.0356235280632972,Melodrama
0.0105059156194329,0.0231045074760913,0.0039776749908924,0.0196214020252227,0.930046796798706,0.0039070486091077,0.0088367071002721,Melodrama
