anger,disgust,fear,joy,neutral,sadness,surprise,genre
0.0041609685868024,0.0075842309743165,0.0022711737547069,0.4881812632083893,0.4335841834545135,0.0341498516499996,0.0300683733075857,Drama
0.0267397053539752,0.2768262028694153,0.0044931937009096,0.26707723736763,0.3585434556007385,0.0300580244511365,0.0362621694803237,Drama
0.3415932655334472,0.2803871035575866,0.0432557575404644,0.0068307877518236,0.1669861823320388,0.1524995267391204,0.0084473965689539,Drama
0.0205037631094455,0.0075918538495898,0.0165888611227273,0.0026977516245096,0.0356050133705139,0.0121759204193949,0.9048367738723756,Drama
0.0428651459515094,0.0053549157455563,0.003675629151985,0.0018098435830324,0.0048492350615561,0.9389373660087584,0.0025079012848436,Drama
0.0633171200752258,0.0378907322883605,0.0163695383816957,0.0234555378556251,0.1605759561061859,0.6951355338096619,0.0032555870711803,Drama
0.0298234969377517,0.0200827997177839,0.0492558181285858,0.2767548561096191,0.5583696961402893,0.0208161827176809,0.0448971167206764,Drama
0.0253120604902505,0.0238326024264097,0.0232822429388761,0.1775672137737274,0.5879629254341125,0.0425224676728248,0.1195205152034759,Drama
0.0205251239240169,0.0606701895594596,0.0100878160446882,0.3599706292152405,0.2913819253444671,0.2054040431976318,0.051960252225399,Drama
0.1699426472187042,0.0935936495661735,0.0279948692768812,0.2385876178741455,0.4169410169124603,0.0462181009352207,0.0067220670171082,Drama
0.0127094509080052,0.0125187644734978,0.0017667179927229,0.0668500810861587,0.6846074461936951,0.0070915715768933,0.2144560366868972,Drama
0.0234213676303625,0.0158703811466693,0.0446475446224212,0.0532989390194416,0.8020104169845581,0.0233185198158025,0.0374328792095184,Drama
0.0061281276866793,0.0105289043858647,0.0014885280979797,0.7441097497940063,0.1964103728532791,0.0171613525599241,0.0241729468107223,Drama
