anger,disgust,fear,joy,neutral,sadness,surprise,genre
0.0083460072055459,0.0071120257489383,0.0170095097273588,0.0079417899250984,0.4147582054138183,0.4946668446063995,0.0501655712723732,World_cinema
0.1069865673780441,0.3487769663333893,0.0681244358420372,0.2655467391014099,0.0919855758547782,0.1095296964049339,0.0090501215308904,World_cinema
0.0194352660328149,0.2967331707477569,0.0098790507763624,0.0218616537749767,0.6309143304824829,0.0149861229583621,0.0061903772875666,World_cinema
0.9514105916023254,0.0184550154954195,0.0162698645144701,0.0003438735147938,0.0075354161672294,0.0040043503977358,0.0019809647928923,World_cinema
0.0057360935024917,0.0038748795632272,0.8646301627159119,0.0039457012899219,0.0632179453969001,0.033121783286333,0.025473540648818,World_cinema
0.2781741619110107,0.0277713853865861,0.1115542650222778,0.0038406786043196,0.3129523992538452,0.0332065671682357,0.2325005084276199,World_cinema
0.1459610015153885,0.175506979227066,0.2148585468530655,0.0015162900090217,0.1527173817157745,0.297453910112381,0.0119859231635928,World_cinema
0.007802858017385,0.8378984928131104,0.0399702377617359,0.0032665079925209,0.0599965825676918,0.0484062358736991,0.0026591545902192,World_cinema
0.0800482854247093,0.1758675575256347,0.0074841771274805,0.0174195300787687,0.6862364411354065,0.028069594874978,0.0048743705265223,World_cinema
0.0111215412616729,0.9614543914794922,0.0069838478229939,0.0008800686337053,0.0121892429888248,0.0058518834412097,0.0015191105194389,World_cinema
0.1885633021593094,0.6214636564254761,0.003707930445671,0.0029794997535645,0.1582357734441757,0.0107992272824049,0.0142505811527371,World_cinema
0.0544921532273292,0.4183732867240906,0.1469727009534835,0.0145663702860474,0.2983641028404236,0.046053297817707,0.021178038790822,World_cinema
0.0086804833263158,0.0055717080831527,0.0025689317844808,0.0149161191657185,0.8828098773956299,0.0042776083573699,0.0811752080917358,World_cinema
0.0057177976705133,0.0044516897760331,0.013782138004899,0.2348771840333938,0.6311530470848083,0.0200374107807874,0.089980736374855,World_cinema
