anger,disgust,fear,joy,neutral,sadness,surprise,genre
0.0454641096293926,0.0076374285854399,0.0107204811647534,0.5302419662475586,0.20573690533638,0.1105762869119644,0.089622862637043,Comedy
0.0081069273874163,0.0263037085533142,0.0036523714661598,0.835476279258728,0.0954852104187011,0.0256109237670898,0.0053645898588001,Comedy
0.0181370712816715,0.0109663428738713,0.0026587569154798,0.0983086079359054,0.848865270614624,0.0071906936354935,0.0138732641935348,Comedy
0.0074339741840958,0.0077417697757482,0.0057989237830042,0.5457828640937805,0.2564888000488281,0.0077669909223914,0.1689866185188293,Comedy
0.0054322872310876,0.0017526015872135,0.0090264044702053,0.0244622230529785,0.0053836116567254,0.9477123022079468,0.0062306304462254,Comedy
0.0176519732922315,0.0653708800673484,0.0051855165511369,0.0062042889185249,0.7563909888267517,0.1417930722236633,0.0074033308774232,Comedy
0.0779934823513031,0.011226593516767,0.0017062394181266,0.4805393815040588,0.3278269171714782,0.076205164194107,0.0245021879673004,Comedy
0.185332641005516,0.2233328819274902,0.0080353068187832,0.0027989721857011,0.5214551687240601,0.0472702123224735,0.0117747727781534,Comedy
0.0162778049707412,0.021223722025752,0.0491783358156681,0.0022823375184088,0.1499553024768829,0.7290209531784058,0.0320615246891975,Comedy
0.9711947441101074,0.0054124966263771,0.0127943400293588,0.0004539137880783,0.0047786990180611,0.0045916060917079,0.0007740546716377,Comedy
0.023704819381237,0.0103502878919243,0.1942671835422516,0.0356159172952175,0.6151323318481445,0.0198967307806015,0.1010327488183975,Comedy
0.1782759428024292,0.1457836180925369,0.6323976516723633,0.0015100998571142,0.0282009541988372,0.0109261674806475,0.0029055755585432,Comedy
0.0127488896250724,0.0135810803622007,0.0011143347946926,0.9100136756896972,0.029339762404561,0.0098734516650438,0.0233287364244461,Comedy
