anger,disgust,fear,joy,neutral,sadness,surprise,genre
0.0144265778362751,0.897148609161377,0.0097580729052424,0.0131702879443764,0.0450758263468742,0.0095311030745506,0.0108894566074013,Crime_Fiction
0.0190175436437129,0.0875968188047409,0.0130871729925274,0.0115288384258747,0.8048645853996277,0.0500751286745071,0.0138299576938152,Crime_Fiction
0.0216411221772432,0.3555896878242492,0.0248666033148765,0.0108327288180589,0.5431026220321655,0.0065598106011748,0.037407461553812,Crime_Fiction
0.199966013431549,0.5320184826850891,0.0624502822756767,0.0034959099721163,0.1821206659078598,0.0072796498425304,0.01266894582659,Crime_Fiction
0.0170659087598323,0.2517139911651611,0.1038656085729599,0.0088434815406799,0.4999672770500183,0.0504874847829341,0.0680562108755111,Crime_Fiction
0.0050951936282217,0.0032526033464819,0.0031576706096529,0.1023616939783096,0.7987775206565857,0.0179332941770553,0.0694220289587974,Crime_Fiction
0.0552897565066814,0.7557423114776611,0.0302760265767574,0.0008625667542219,0.0310945082455873,0.1069539487361908,0.0197808891534805,Crime_Fiction
0.007369905244559,0.0035450989380478,0.0114271324127912,0.0200219843536615,0.8431771993637085,0.0324499979615211,0.0820087343454361,Crime_Fiction
0.098454363644123,0.066268041729927,0.0093476064503192,0.0016505894018337,0.1643425971269607,0.6531664729118347,0.006770312320441,Crime_Fiction
0.0172796435654163,0.0444737374782562,0.0187306683510541,0.0579011514782905,0.4917437136173248,0.3377085328102112,0.03216253221035,Crime_Fiction
0.0084670465439558,0.7231007814407349,0.0052143172360956,0.0032967065926641,0.1842611134052276,0.0598323568701744,0.0158277060836553,Crime_Fiction
0.2611855268478393,0.2815640866756439,0.0270082205533981,0.0022184713743627,0.0436591394245624,0.3805308043956756,0.0038336645811796,Crime_Fiction
0.0322856940329074,0.076584443449974,0.6269966959953308,0.0060973060317337,0.1533698290586471,0.0066473730839788,0.0980186983942985,Crime_Fiction
0.0159860048443079,0.0246123075485229,0.007728218100965,0.0015106942737475,0.0266555454581975,0.9108811616897584,0.0126260975375771,Crime_Fiction
0.0041142757982015,0.0021539342124015,0.9659797549247742,0.0040482110343873,0.0150804193690419,0.0069173593074083,0.0017059809761121,Crime_Fiction
0.020658204331994,0.0421813130378723,0.0088386656716465,0.0051773996092379,0.1981169879436493,0.7216407060623169,0.003386657917872,Crime_Fiction
0.0502641573548316,0.2062891274690628,0.0056472918950021,0.0133378254249691,0.0659666955471038,0.6518293023109436,0.0066655236296355,Crime_Fiction
0.001808013767004,0.0050867106765508,0.0012323523405939,0.0011606134939938,0.0090284859761595,0.9797502756118774,0.0019335196120664,Crime_Fiction
0.0058576292358338,0.7490779161453247,0.0878331288695335,0.0018349557649344,0.0300575196743011,0.120123915374279,0.0052149663679301,Crime_Fiction
0.0044387965463101,0.0137177100405097,0.0013975345063954,0.0050473632290959,0.9624853134155272,0.0033936279360204,0.009519693441689,Crime_Fiction
0.0085894353687763,0.907863974571228,0.0157460682094097,0.0038593576755374,0.0550181716680526,0.0062385001219809,0.0026844136882573,Crime_Fiction
0.0106953494250774,0.2013867646455764,0.0052634817548096,0.0069697089493274,0.7299026250839233,0.0159123372286558,0.029869720339775,Crime_Fiction
0.0268240123987197,0.1542126089334488,0.0118168964982032,0.1313480287790298,0.6201509833335876,0.0237991567701101,0.0318483002483844,Crime_Fiction
0.012712325900793,0.9026342630386353,0.0035404812078922,0.0239822529256343,0.0444937460124492,0.0112471412867307,0.0013898535398766,Crime_Fiction
0.1039987653493881,0.556403398513794,0.0195729993283748,0.025452334433794,0.2624938786029815,0.0125489179044961,0.0195295885205268,Crime_Fiction
0.7111448049545288,0.2568204402923584,0.0045709679834544,0.0007987784338183,0.0181341283023357,0.0072401585057377,0.0012906730407848,Crime_Fiction
0.0062341685406863,0.0063920877873897,0.002661949256435,0.0774298533797264,0.594864010810852,0.0667967423796653,0.2456212639808654,Crime_Fiction
0.0308959130197763,0.1316157579421997,0.0701722875237464,0.0062193521298468,0.7316358089447021,0.0091040609404444,0.0203568469732999,Crime_Fiction
0.0239277314394712,0.0331894196569919,0.0086201569065451,0.0193504635244607,0.8213555812835693,0.0176545921713113,0.0759020373225212,Crime_Fiction
0.1072525531053543,0.3491452634334564,0.0081993229687213,0.0019399531884118,0.3954886198043823,0.1154753491282463,0.0224988963454961,Crime_Fiction
0.0081731230020523,0.0416490659117698,0.0015680755022913,0.0106275845319032,0.912052571773529,0.012126506306231,0.013803026638925,Crime_Fiction
0.1150971427559852,0.5585827231407166,0.0176689904183149,0.0060168891213834,0.2841064631938934,0.0119117200374603,0.0066161453723907,Crime_Fiction
0.0097986999899148,0.0227777138352394,0.0067155128344893,0.0087973047047853,0.9104017019271852,0.0247279834002256,0.0167811214923858,Crime_Fiction
0.0487116239964962,0.0141306594014167,0.7221875786781311,0.0022170159500092,0.110716126859188,0.022947983816266,0.0790890008211135,Crime_Fiction
0.3392968475818634,0.5895214080810547,0.0299156308174133,0.0013928959378972,0.0225049145519733,0.0123448017984628,0.0050235204398632,Crime_Fiction
0.0102049699053168,0.020673893392086,0.0055090887472033,0.0021957529243081,0.9215444326400756,0.0035614476073533,0.0363104008138179,Crime_Fiction
0.1252115964889526,0.7858169674873352,0.0029843917582184,0.0122917694970965,0.0430059134960174,0.025808647274971,0.0048806741833686,Crime_Fiction
0.1930039674043655,0.4604067504405975,0.0097600175067782,0.0062081827782094,0.2491903901100158,0.0773077979683876,0.0041229068301618,Crime_Fiction
0.5075967907905579,0.115294724702835,0.2175560146570205,0.0029543659184128,0.1075973957777023,0.0466443039476871,0.0023564111907035,Crime_Fiction
0.0541634522378444,0.1243547201156616,0.0308830793946981,0.0040746782906353,0.7531818747520447,0.0090603651478886,0.0242818873375654,Crime_Fiction
0.1691747307777404,0.2649726867675781,0.4059504866600036,0.0034028638619929,0.1094206273555755,0.0412476882338523,0.0058310260064899,Crime_Fiction
0.0086116073653101,0.9704986810684204,0.0089645534753799,0.0007905164966359,0.0082547226920723,0.0020127606112509,0.0008670656825415,Crime_Fiction
0.0030138734728097,0.0039439685642719,0.0014751913258805,0.0080652544274926,0.9384894371032716,0.0034452355466783,0.0415670163929462,Crime_Fiction
0.0107891587540507,0.0192271098494529,0.0026526867877691,0.0033639203757047,0.9371635317802428,0.0119569329544901,0.0148467803373932,Crime_Fiction
0.1765093654394149,0.0790822654962539,0.0235848296433687,0.006744135171175,0.6656460762023926,0.0112369088456034,0.0371963344514369,Crime_Fiction
