anger,disgust,fear,joy,neutral,sadness,surprise,genre
0.2215410321950912,0.5786289572715759,0.064432606101036,0.0018098397413268,0.1111064478754997,0.0158840641379356,0.0065970923751592,Animated_cartoon
0.0905268117785453,0.4589940309524536,0.0151015389710664,0.0368768610060215,0.333867609500885,0.0086832167580723,0.0559498555958271,Animated_cartoon
0.041397538036108,0.2635103166103363,0.0047321757301688,0.0066175530664622,0.6345881223678589,0.0271130502223968,0.0220412872731685,Animated_cartoon
0.9678560495376588,0.011571574024856,0.0030435950029641,0.0005496963858604,0.0116271823644638,0.0023524321150034,0.0029995879158377,Animated_cartoon
0.2073393315076828,0.3401969969272613,0.0255252942442893,0.0039500179700553,0.3654214739799499,0.0355557017028331,0.0220112111419439,Animated_cartoon
0.1911709755659103,0.4186233878135681,0.0188938174396753,0.0039637638255953,0.3377235829830169,0.0276665575802326,0.0019579462241381,Animated_cartoon
0.0322267189621925,0.0460243448615074,0.0553440973162651,0.0112629970535635,0.8028571605682373,0.0330563113093376,0.0192284062504768,Animated_cartoon
0.3633309304714203,0.0119209354743361,0.2578520774841308,0.0128953959792852,0.2466317266225814,0.0190096478909254,0.0883592888712883,Animated_cartoon
0.1122278049588203,0.0329813808202743,0.0043039419688284,0.0041598677635192,0.816565990447998,0.0050648744218051,0.0246959999203681,Animated_cartoon
0.0365076437592506,0.0612791217863559,0.014183098450303,0.0115004125982522,0.8318451046943665,0.0315061211585998,0.0131785236299037,Animated_cartoon
0.9739363193511964,0.0133116347715258,0.0009880425641313,0.000772799598053,0.0069844461977481,0.002988371765241,0.0010184093844145,Animated_cartoon
0.030686954036355,0.0487345121800899,0.0065322960726916,0.0088899312540888,0.8567046523094177,0.0330716148018837,0.0153800593689084,Animated_cartoon
0.0485022217035293,0.1333845108747482,0.0328851081430912,0.0026723600458353,0.559134840965271,0.1895160526037216,0.0339049473404884,Animated_cartoon
0.036278910934925,0.0567309036850929,0.0141638210043311,0.0158905014395713,0.8351328372955322,0.0280447788536548,0.0137581815943121,Animated_cartoon
0.2853517830371856,0.1012317910790443,0.2253421694040298,0.0024483043234795,0.330111414194107,0.0392006710171699,0.0163138378411531,Animated_cartoon
0.073698915541172,0.0340239778161048,0.0141672166064381,0.0012829692568629,0.0339930616319179,0.0071321469731628,0.8357017040252686,Animated_cartoon
0.0353169031441211,0.0464240945875644,0.0147860273718833,0.0137149011716246,0.857699453830719,0.02170842140913,0.0103500830009579,Animated_cartoon
0.1926588714122772,0.185447409749031,0.1001842692494392,0.005316287279129,0.3474116623401642,0.1021851897239685,0.0667962506413459,Animated_cartoon
0.0210788249969482,0.0541849881410598,0.0037654705811291,0.0032565621659159,0.8918361067771912,0.0135253025218844,0.0123527329415082,Animated_cartoon
0.0567824430763721,0.1704121828079223,0.1250708699226379,0.0292435977607965,0.5301632285118103,0.0714730992913246,0.0168545339256525,Animated_cartoon
0.0213449988514184,0.0505856126546859,0.0056657255627214,0.0031626818235963,0.9021937847137452,0.003814301919192,0.0132329137995839,Animated_cartoon
0.0073095285333693,0.0288327205926179,0.0059209782630205,0.0163368508219718,0.8755447268486023,0.0054222652688622,0.0606328696012496,Animated_cartoon
0.1446863412857055,0.81668621301651,0.0168386362493038,0.0010611712932586,0.0088363718241453,0.003398822620511,0.0084924921393394,Animated_cartoon
0.066004104912281,0.1350585520267486,0.1082240268588066,0.0314388498663902,0.5600720643997192,0.068252108991146,0.0309502724558115,Animated_cartoon
0.1402561515569687,0.0354554466903209,0.3703278601169586,0.0044008833356201,0.2507086396217346,0.0455267056822776,0.1533243358135223,Animated_cartoon
0.0441960878670215,0.0293905362486839,0.0384353697299957,0.0011403684038668,0.0346427224576473,0.8413856029510498,0.0108091998845338,Animated_cartoon
0.0356213152408599,0.010871815495193,0.8759112358093262,0.0014061984838917,0.039222877472639,0.0126107204705476,0.0243557896465063,Animated_cartoon
0.0494888536632061,0.1064101085066795,0.0991852134466171,0.0159040261059999,0.6175790429115295,0.0775935724377632,0.0338392592966556,Animated_cartoon
0.0212026480585336,0.0122777968645095,0.0105786174535751,0.0197645146399736,0.9183459281921388,0.0041987318545579,0.01363171543926,Animated_cartoon
0.0494558699429035,0.0351717360317707,0.0180870573967695,0.0029315892606973,0.8396954536437988,0.0186614543199539,0.0359968990087509,Animated_cartoon
0.2591143846511841,0.0761971473693847,0.0257584117352962,0.0025219183880835,0.5612486600875854,0.0233682375401258,0.051791276782751,Animated_cartoon
0.0506967827677726,0.4527932107448578,0.0331035517156124,0.0049417125992476,0.3171629309654236,0.0547783374786376,0.0865233913064003,Animated_cartoon
0.0195787772536277,0.026584492996335,0.0235477425158023,0.0151716144755482,0.7972095608711243,0.0900866091251373,0.0278212334960699,Animated_cartoon
0.108387678861618,0.2309624999761581,0.2700046002864837,0.0023763487115502,0.1754892915487289,0.0204730629920959,0.1923063695430755,Animated_cartoon
0.0094377566128969,0.0275857150554656,0.0049489177763462,0.0039608483202755,0.914981722831726,0.0041294489055871,0.0349555909633636,Animated_cartoon
0.0841089636087417,0.3238145411014557,0.0676718577742576,0.0097080497071146,0.1496873944997787,0.345405101776123,0.0196041800081729,Animated_cartoon
0.1182855516672134,0.0115648685023188,0.0056470464915037,0.2331248223781585,0.2983230054378509,0.0369083546102047,0.2961463034152984,Animated_cartoon
