anger,disgust,fear,joy,neutral,sadness,surprise,genre
0.0768729373812675,0.1323692798614502,0.1120426654815673,0.0635792538523674,0.5631266236305237,0.0272411368787288,0.0247680898755788,Musical
0.0020677794236689,0.0009745353017933,0.0003190571733284,0.9758667349815368,0.0095413979142904,0.0066247922368347,0.0046056821011006,Musical
0.2209537774324417,0.7427168488502502,0.0096992496401071,0.0006002587033435,0.0129556637257337,0.0109956432133913,0.0020785664673894,Musical
0.0120601495727896,0.0033419269602745,0.0501382164657115,0.0039391326718032,0.0055860732682049,0.9109927415847778,0.0139418113976717,Musical
0.0043809027411043,0.0010497571201995,0.9898868203163148,0.0006309676682576,0.0014112268108874,0.0021944262553006,0.0004459695192053,Musical
0.0795299857854843,0.0772726610302925,0.5516124367713928,0.0565384440124034,0.0930316448211669,0.1319543868303299,0.0100604444742202,Musical
0.1448519676923751,0.0446298904716968,0.0047121006064116,0.009895852766931,0.7520819902420044,0.0076056164689362,0.0362226329743862,Musical
0.005008150357753,0.0117574147880077,0.0293787326663732,0.0033077048137784,0.0934367105364799,0.849871039390564,0.0072402004152536,Musical
0.1411316394805908,0.8144127726554871,0.0129406526684761,0.0009930873056873,0.0146073475480079,0.0123319625854492,0.0035825823433697,Musical
