anger,disgust,fear,joy,neutral,sadness,surprise,genre
0.0199614111334085,0.0078407283872365,0.0047568986192345,0.0689486265182495,0.8314654231071472,0.0057390592992305,0.0612878389656543,Science_Fiction
0.063661903142929,0.0502827763557434,0.4440006017684936,0.0030876097735017,0.1216967552900314,0.0585373900830745,0.2587329447269439,Science_Fiction
0.0184433665126562,0.0192380864173173,0.7859174609184265,0.0018405918963253,0.0316250249743461,0.0130237387493252,0.129911720752716,Science_Fiction
0.3386242091655731,0.1457673013210296,0.0537689626216888,0.0057251835241913,0.3636054098606109,0.0205035600811243,0.0720053762197494,Science_Fiction
0.0070546814240515,0.9733586311340332,0.0119120264425873,0.0003342784766573,0.0041952836327254,0.0015620798803865,0.001583059085533,Science_Fiction
0.0247079189866781,0.5882306098937988,0.022683423012495,0.0120518514886498,0.2954671680927276,0.0072704730555415,0.0495886206626892,Science_Fiction
0.1465965211391449,0.1726991385221481,0.0256147403270006,0.0050352937541902,0.2192064076662063,0.4179376661777496,0.0129101695492863,Science_Fiction
0.2609815299510956,0.1649182736873626,0.0824426040053367,0.0167553331702947,0.4430124759674072,0.0081872902810573,0.0237024556845426,Science_Fiction
0.1070440411567688,0.0342391952872276,0.7515069842338562,0.0021554976701736,0.0663180574774742,0.0263552218675613,0.0123809706419706,Science_Fiction
0.2264490872621536,0.1766351610422134,0.0277955289930105,0.0362430326640605,0.502906322479248,0.0203769393265247,0.0095938378944993,Science_Fiction
0.0818060114979744,0.0707400739192962,0.0127890929579734,0.0110172890126705,0.4344598352909088,0.2949348390102386,0.0942528173327446,Science_Fiction
0.0156766809523105,0.0683469548821449,0.0175536982715129,0.015237022191286,0.8251454830169678,0.0536802187561988,0.004359932616353,Science_Fiction
