anger,disgust,fear,joy,neutral,sadness,surprise,genre
0.016398886218667,0.1224041357636451,0.339134007692337,0.0142091801390051,0.4081093370914459,0.0156276896595954,0.0841167494654655,Experimental_film
0.0031301951967179,0.0187507830560207,0.9138346314430236,0.0008676266297698,0.0167078729718923,0.0329626873135566,0.0137462560087442,Experimental_film
0.0038930205628275,0.0239252354949712,0.0068920720368623,0.0049115493893623,0.9210026264190674,0.0028172547463327,0.0365582183003425,Experimental_film
0.0033115849364548,0.0388186648488044,0.008552617393434,0.0591505467891693,0.829342782497406,0.008540391921997,0.0522834248840808,Experimental_film
0.0383488424122333,0.1249238848686218,0.016561921685934,0.0149990366771817,0.7582994699478149,0.0178852882236242,0.0289816223084926,Experimental_film
0.0348422229290008,0.2498523294925689,0.5118213295936584,0.0200476236641407,0.1458148062229156,0.0128611251711845,0.0247605070471763,Experimental_film
0.0120764356106519,0.3617296516895294,0.2174547612667083,0.0113740749657154,0.3349508643150329,0.0176133085042238,0.0448008626699447,Experimental_film
0.0056168171577155,0.0113217504695057,0.0021737220231443,0.0023200248833745,0.943068265914917,0.007012128829956,0.0284873209893703,Experimental_film
0.0014782887883484,0.0035629731137305,0.0013914910377934,0.9532310962677002,0.0195702258497476,0.0159391388297081,0.004826839081943,Experimental_film
0.0040585515089333,0.0055709509178996,0.0149588538333773,0.8538174629211426,0.0586046688258647,0.0047059212811291,0.0582835972309112,Experimental_film
0.0312897525727748,0.1986217647790908,0.0817471072077751,0.0058534541167318,0.5684400200843811,0.0259820837527513,0.0880658626556396,Experimental_film
