anger,disgust,fear,joy,neutral,sadness,surprise,genre
0.0263261087238788,0.1559627801179886,0.3162633180618286,0.0471059456467628,0.426571249961853,0.0144970109686255,0.0132736358791589,World_cinema
0.2729357779026031,0.5018646717071533,0.0877198427915573,0.0026016710326075,0.0527090951800346,0.0757602602243423,0.0064086513593792,World_cinema
0.0595113933086395,0.0165441073477268,0.3903851211071014,0.0308143533766269,0.1795598715543747,0.0211498625576496,0.3020352721214294,World_cinema
0.3181110322475433,0.2807166576385498,0.1799689382314682,0.0021082004532217,0.0641325116157531,0.1517324596643448,0.0032301796600222,World_cinema
0.0176625046879053,0.0079854680225253,0.9031332731246948,0.0006315241917036,0.0085198516026139,0.0499460995197296,0.0121213225647807,World_cinema
0.0025558001361787,0.0201285239309072,0.0050609530881047,0.0230940021574497,0.9134031534194946,0.0164997335523366,0.0192578081041574,World_cinema
0.1880290657281875,0.1611569225788116,0.5837981700897217,0.0014401481021195,0.0250439904630184,0.0293985996395349,0.0111330496147274,World_cinema
0.1491265296936035,0.2111326307058334,0.0328955501317977,0.0015651044668629,0.0712064951658248,0.5216079950332642,0.0124657042324543,World_cinema
0.9067226648330688,0.0134593239054083,0.0080386605113744,0.0007668547914363,0.0069876643829047,0.0027955109253525,0.0612293034791946,World_cinema
0.4416315853595733,0.3117713332176208,0.0303934887051582,0.0094122402369976,0.1827521324157714,0.0224136486649513,0.0016256512608379,World_cinema
0.1020882427692413,0.8628684878349304,0.0081057511270046,0.0012892264639958,0.0177441854029893,0.0068454830907285,0.0010586123680695,World_cinema
0.0066206427291035,0.971563994884491,0.0079950727522373,0.0004934559110552,0.0087222252041101,0.0035661994479596,0.0010384301422163,World_cinema
0.2276217490434646,0.0218697525560855,0.5598470568656921,0.0024943468160927,0.0874285846948623,0.0319258011877536,0.0688126608729362,World_cinema
0.2022283375263214,0.3128006160259247,0.0281933769583702,0.0013563878601416,0.0790388211607933,0.3697255551815033,0.0066568688489496,World_cinema
0.793780505657196,0.1444546282291412,0.0055492599494755,0.0013521737419068,0.0428017079830169,0.0091206431388854,0.0029410915449261,World_cinema
0.3048188686370849,0.5840116739273071,0.0203607287257909,0.0020863530226051,0.0790880545973777,0.0079100681468844,0.0017241762252524,World_cinema
0.5641419291496277,0.3013352751731872,0.0062458454631268,0.0010337464045733,0.0690635368227958,0.0555985234677791,0.0025811763480305,World_cinema
0.3942476212978363,0.2109022587537765,0.309945285320282,0.0025971564464271,0.069632776081562,0.0090228272601962,0.0036519607529044,World_cinema
0.0359521247446537,0.1775620877742767,0.2280883342027664,0.0044984491541981,0.4666096866130829,0.0083800638094544,0.0789092853665351,World_cinema
0.2549136579036712,0.0511394925415515,0.1738610565662384,0.0225802585482597,0.4430981874465942,0.0384868308901786,0.0159204788506031,World_cinema
0.3422921597957611,0.1069814264774322,0.0573836602270603,0.0063054212369024,0.4303029477596283,0.0504771098494529,0.0062571666203439,World_cinema
0.1456658393144607,0.0743428319692611,0.4245438277721405,0.0032013012096285,0.3170450925827026,0.0286648385226726,0.0065362309105694,World_cinema
0.0040884329937398,0.0159387104213237,0.0033663774374872,0.1279197037220001,0.8220303058624268,0.0100024854764342,0.0166539307683706,World_cinema
0.0202268287539482,0.0106670334935188,0.0052586360834538,0.0066447472199797,0.9195483922958374,0.0118134915828704,0.0258408579975366,World_cinema
0.0360698588192462,0.0749636441469192,0.5212411880493164,0.0049527445808053,0.3246609270572662,0.0247649122029542,0.0133466497063636,World_cinema
0.0965521708130836,0.3776021301746368,0.0283692758530378,0.0090561676770448,0.4130263030529022,0.07261723279953,0.0027766479179263,World_cinema
0.0091310637071728,0.0854259058833122,0.0065523767843842,0.0031394455581903,0.0783791467547416,0.8102665543556213,0.0071054734289646,World_cinema
0.0419471859931945,0.4333051443099975,0.2354935407638549,0.0021118943113833,0.0939877852797508,0.175585463643074,0.0175689924508333,World_cinema
0.2506487667560577,0.0978192687034607,0.0595845989882946,0.0104811349883675,0.4972496032714844,0.0692013278603553,0.0150153655558824,World_cinema
0.2881656289100647,0.5322133898735046,0.0307167898863554,0.0026659627910703,0.0847764536738395,0.0592941343784332,0.0021676812320947,World_cinema
