anger,disgust,fear,joy,neutral,sadness,surprise,genre
0.0128410179167985,0.1825486272573471,0.0085834274068474,0.3729099631309509,0.3682147264480591,0.0190168991684913,0.0358851999044418,Social_issues
0.0244417432695627,0.0986915230751037,0.0127376588061451,0.0064181862398982,0.8371971845626831,0.00560267502442,0.0149111011996865,Social_issues
0.0050778719596564,0.0055656787008047,0.0020266354549676,0.0055516837164759,0.9652741551399232,0.002723708981648,0.0137803377583622,Social_issues
0.0068226922303438,0.0077004693448543,0.0047160699032247,0.0108384089544415,0.9518513679504396,0.0022334102541208,0.0158376134932041,Social_issues
0.0072412989102303,0.015767004340887,0.0016781827434897,0.2050531506538391,0.730155348777771,0.0081307860091328,0.0319742634892463,Social_issues
0.0027758027426898,0.0078707775101065,0.9055383205413818,0.0023747636005282,0.0618059448897838,0.0061567528173327,0.0134776514023542,Social_issues
0.0172832589596509,0.0434702113270759,0.0319979004561901,0.2634493708610534,0.5357771515846252,0.0986291170120239,0.009392968378961,Social_issues
0.0167415961623191,0.0152431856840848,0.0026855699252337,0.048689629882574,0.9064950346946716,0.0039938520640134,0.0061511727981269,Social_issues
0.0045981025323271,0.0132600711658597,0.0026861233636736,0.2050664722919464,0.730734646320343,0.0095809204503893,0.0340736247599124,Social_issues
0.0046456907875835,0.0220359936356544,0.0023174963425844,0.0120139354839921,0.9164626598358154,0.0172863285988569,0.0252379328012466,Social_issues
0.0271018221974372,0.0121852383017539,0.0045961611904203,0.0139537518844008,0.9102877974510192,0.0134313367307186,0.0184439178556203,Social_issues
0.084621712565422,0.1098025515675544,0.0189424566924572,0.026340028271079,0.7412971258163452,0.0069201937876641,0.012075905688107,Social_issues
0.2117089182138443,0.2903847396373749,0.0066038146615028,0.0024723538663238,0.4694604277610779,0.0167169347405433,0.0026528381276875,Social_issues
0.0129741858690977,0.0156112965196371,0.0305102821439504,0.136565700173378,0.7571797370910645,0.015225064009428,0.0319337211549282,Social_issues
0.6815927028656006,0.0520889312028884,0.0206215623766183,0.0024917549453675,0.0698027089238166,0.165484607219696,0.0079177496954798,Social_issues
0.8802961707115173,0.0467074327170848,0.0026505759451538,0.0010796156711876,0.0463243089616298,0.0186634175479412,0.0042786127887666,Social_issues
0.060412049293518,0.4718037843704223,0.0029759921599179,0.1560061573982238,0.274912416934967,0.016963792964816,0.0169257782399654,Social_issues
0.0054317493923008,0.0084629347547888,0.0069384407252073,0.0126630188897252,0.8886232376098633,0.005866527557373,0.0720140486955642,Social_issues
0.0262841191142797,0.0333682559430599,0.0091235898435115,0.0087969191372394,0.8828595876693726,0.0155063904821872,0.0240611787885427,Social_issues
0.021253801882267,0.051429234445095,0.0062805362977087,0.0065543898381292,0.8642740845680237,0.0051791872829198,0.0450286976993083,Social_issues
0.0566753447055816,0.0838992595672607,0.0069648986682295,0.0366556346416473,0.5024610161781311,0.3078069984912872,0.0055368049070239,Social_issues
0.0725168660283088,0.3098137974739074,0.0100443307310342,0.0859072729945182,0.4149739146232605,0.0989442020654678,0.0077995900064706,Social_issues
0.0296410582959651,0.618371307849884,0.2795690298080444,0.000970217923168,0.051982395350933,0.0078317122533917,0.0116343265399336,Social_issues
0.2055760622024536,0.3300172984600067,0.0088430605828762,0.0050549674779176,0.4394166171550751,0.0088249463587999,0.0022670300677418,Social_issues
0.0163288582116365,0.0404961518943309,0.0068051475100219,0.0109571106731891,0.8489683866500854,0.0338008403778076,0.042643591761589,Social_issues
0.0088451523333787,0.0039972197264432,0.96462482213974,0.0012410128256306,0.0113834785297513,0.0029064211994409,0.0070019611157476,Social_issues
0.0090030720457434,0.0199503116309642,0.0063305418007075,0.0778522416949272,0.7557693719863892,0.0655312463641166,0.0655632317066192,Social_issues
0.0342179574072361,0.0108349984511733,0.0391866937279701,0.0180779118090868,0.7508878111839294,0.0062733306549489,0.1405212730169296,Social_issues
0.0070980805903673,0.0121041191741824,0.002855661092326,0.7298030257225037,0.0978783816099166,0.0374690741300582,0.1127916127443313,Social_issues
0.017058178782463,0.2007703781127929,0.0090583469718694,0.2688475251197815,0.4237377047538757,0.0708779469132423,0.0096498411148786,Social_issues
0.0178182292729616,0.0638765543699264,0.5014903545379639,0.0041891536675393,0.2994361519813537,0.1026799976825714,0.0105095384642481,Social_issues
