anger,disgust,fear,joy,neutral,sadness,surprise,genre
0.0284004285931587,0.1611894369125366,0.3817159235477447,0.0657925829291343,0.2473955303430557,0.0623573660850524,0.0531487502157688,Thriller
0.0018111674580723,0.0038451687432825,0.0008794920286163,0.063692606985569,0.0244990736246109,0.8953118324279785,0.0099605908617377,Thriller
0.0212328527122735,0.3497009873390198,0.0279056224972009,0.0048414110206067,0.5106142163276672,0.036617636680603,0.0490872487425804,Thriller
0.0253796372562646,0.0247555337846279,0.0575194954872131,0.0097287837415933,0.1597146391868591,0.0342878811061382,0.688614010810852,Thriller
0.0312719494104385,0.039069764316082,0.0259045287966728,0.007101830560714,0.7942985892295837,0.0195849314332008,0.0827683359384536,Thriller
0.0097438702359795,0.0077959024347364,0.0008815650944598,0.6661028861999512,0.2598294019699096,0.0088704181835055,0.046775959432125,Thriller
0.0043185958638787,0.0089790411293506,0.9601558446884156,0.0004248067270964,0.0058283670805394,0.0057189622893929,0.0145743647590279,Thriller
0.0425161570310592,0.0527809560298919,0.0515348203480243,0.0080677848309278,0.6938515305519104,0.0044367667287588,0.1468120366334915,Thriller
0.0105046676471829,0.0087654097005724,0.0030655851587653,0.0024971875827759,0.9548700451850892,0.0054475436918437,0.0148495500907301,Thriller
0.0829790979623794,0.245018720626831,0.0053511466830968,0.0020099505782127,0.513617992401123,0.1049619168043136,0.0460611209273338,Thriller
0.0056924307718873,0.0171478986740112,0.0177350938320159,0.052428513765335,0.6974066495895386,0.1962047517299652,0.0133847091346979,Thriller
0.0130429463461041,0.0267533101141452,0.0110857905820012,0.0011451394530013,0.020658990368247,0.9194291830062866,0.0078846532851457,Thriller
0.0091669233515858,0.0027276936452835,0.0076464139856398,0.0183642301708459,0.9300694465637208,0.004728821106255,0.0272965170443058,Thriller
0.0088465185835957,0.0114261461421847,0.0017903679981827,0.0526895783841609,0.8726518154144287,0.0058806245215237,0.0467150062322616,Thriller
0.0077536967583,0.0074241980910301,0.007040528114885,0.0016820768360048,0.067974217236042,0.8942405581474304,0.013884712010622,Thriller
0.01496824901551,0.947676718235016,0.0141061283648014,0.0005260094767436,0.0136415008455514,0.005531960632652,0.0035494964104145,Thriller
0.0491266846656799,0.0433069989085197,0.0167511124163866,0.0283670928329229,0.8339297771453857,0.0160377118736505,0.012480710633099,Thriller
0.0103291664272546,0.0075025949627161,0.0079253017902374,0.0161253660917282,0.8583739399909973,0.0017657547723501,0.0979778841137886,Thriller
0.0346631668508052,0.0080931400880217,0.0124158486723899,0.0363787300884723,0.8754827976226807,0.0253854412585496,0.0075809396803379,Thriller
0.1333301067352295,0.1104498133063316,0.1397600322961807,0.003441515378654,0.5669107437133789,0.0255093201994895,0.0205983966588974,Thriller
0.3448939919471741,0.0899737104773521,0.0391844697296619,0.0046787005849182,0.1429153680801391,0.3756474256515503,0.0027063563466072,Thriller
0.0530258677899837,0.8588203191757202,0.0287042222917079,0.0046624676324427,0.0376463308930397,0.0020888336002826,0.0150520438328385,Thriller
0.0181164592504501,0.0112631861120462,0.0093981893733143,0.0246259421110153,0.8712053298950195,0.0033447341993451,0.062046118080616,Thriller
0.0080204997211694,0.0062227044254541,0.1086346060037612,0.0047477469779551,0.0704018399119377,0.7602660059928894,0.0417065136134624,Thriller
0.006001001689583,0.0553196147084236,0.2679173052310943,0.0020360911730676,0.020152335986495,0.6347833275794983,0.013790238648653,Thriller
0.0049442830495536,0.0168526861816644,0.0316354967653751,0.0025835074484348,0.097329631447792,0.8240084052085876,0.0226460210978984,Thriller
0.0058890101499855,0.0071208188310265,0.0021751502063125,0.0108964843675494,0.9224129915237428,0.0184896495193243,0.0330159328877925,Thriller
0.0130747240036726,0.0209839940071105,0.0140005564317107,0.0047791930846869,0.9169083833694458,0.0171119254082441,0.0131412157788872,Thriller
0.0058890101499855,0.0071208188310265,0.0021751502063125,0.0108964843675494,0.9224129915237428,0.0184896495193243,0.0330159328877925,Thriller
0.0812597647309303,0.0347246155142784,0.0150998942553997,0.0013504672097042,0.1160544976592063,0.7418678998947144,0.0096428617835044,Thriller
0.0143757732585072,0.0287670902907848,0.0081350179389119,0.0042117247357964,0.9164144992828368,0.0148792518302798,0.0132165309041738,Thriller
0.0058890101499855,0.0071208188310265,0.0021751502063125,0.0108964843675494,0.9224129915237428,0.0184896495193243,0.0330159328877925,Thriller
0.4016847312450409,0.1645478308200836,0.0227280668914318,0.0041226153261959,0.2260929197072982,0.1470556259155273,0.0337681584060192,Thriller
0.008695924654603,0.0354025997221469,0.0582055374979972,0.0078946081921458,0.3283104300498962,0.5239827632904053,0.037508126348257,Thriller
0.0040967990644276,0.0068411021493375,0.0030497827101498,0.0341776423156261,0.8740575313568115,0.0147154033184051,0.0630618035793304,Thriller
0.0797021314501762,0.0080937882885336,0.2607711255550384,0.0140557577833533,0.6136741638183594,0.0140569228678941,0.0096460925415158,Thriller
0.0040967990644276,0.0068411021493375,0.0030497827101498,0.0341776423156261,0.8740575313568115,0.0147154033184051,0.0630618035793304,Thriller
0.1030493229627609,0.0158353392034769,0.0041145575232803,0.0024215991143137,0.119000606238842,0.7317208051681519,0.0238578375428915,Thriller
0.0058890101499855,0.0071208188310265,0.0021751502063125,0.0108964843675494,0.9224129915237428,0.0184896495193243,0.0330159328877925,Thriller
0.0917973294854164,0.0326337441802024,0.0138233425095677,0.0011699739843606,0.0633337125182151,0.7851895093917847,0.0120523460209369,Thriller
0.2342568635940551,0.0457091145217418,0.040946926921606,0.0048022991977632,0.3229487836360931,0.3420948088169098,0.0092411590740084,Thriller
0.0040967990644276,0.0068411021493375,0.0030497827101498,0.0341776423156261,0.8740575313568115,0.0147154033184051,0.0630618035793304,Thriller
0.2794587910175323,0.0162351541221141,0.3354299664497375,0.0077010700479149,0.23157499730587,0.125461146235466,0.004138930235058,Thriller
0.0410133749246597,0.025248123332858,0.2366782128810882,0.0424920618534088,0.1096637472510337,0.5130265355110168,0.0318779498338699,Thriller
0.6662207245826721,0.2134754210710525,0.0341381467878818,0.001859629410319,0.0632912367582321,0.0150548098608851,0.0059601459652185,Thriller
0.6077359914779663,0.0692448318004608,0.0148317134007811,0.0018949921941384,0.1324507445096969,0.1688191145658493,0.0050225346349179,Thriller
0.0739138200879097,0.0604459680616855,0.0061867195181548,0.0627911239862442,0.360765278339386,0.4297787845134735,0.0061183338984847,Thriller
0.4751380681991577,0.0703858062624931,0.0143433362245559,0.0072998283430933,0.4027720093727112,0.0231678951531648,0.0068930885754525,Thriller
0.3315646648406982,0.3835348486900329,0.0254559591412544,0.0031351477373391,0.1563519388437271,0.0914601162075996,0.008497373200953,Thriller
0.00890932418406,0.0169323105365037,0.0057587032206356,0.0137536264955997,0.9084335565567015,0.0352726355195045,0.0109398085623979,Thriller
0.1021943837404251,0.093251496553421,0.0035088020376861,0.0232465490698814,0.7512233853340149,0.0192591864615678,0.0073162368498742,Thriller
0.013978405855596,0.0058421264402568,0.0031784528400748,0.0079146474599838,0.9291614294052124,0.0186990574002265,0.0212258845567703,Thriller
0.0034076948650181,0.00387844000943,0.0022464203648269,0.0227594822645187,0.7526900172233582,0.0223217234015464,0.1926961988210678,Thriller
0.0041994294151663,0.003491430543363,0.0038486253470182,0.031572587788105,0.9215180277824402,0.0042460630647838,0.031123774126172,Thriller
0.8416479825973511,0.0352613478899002,0.0529111661016941,0.0011750558624044,0.021448977291584,0.0407471843063831,0.0068083694204688,Thriller
0.4053458571434021,0.0222931280732154,0.4422737061977386,0.0019148613791912,0.0697097033262252,0.0272647887468338,0.0311978626996278,Thriller
0.0058890101499855,0.0071208188310265,0.0021751502063125,0.0108964843675494,0.9224129915237428,0.0184896495193243,0.0330159328877925,Thriller
0.0344761759042739,0.0470977574586868,0.0068211131729185,0.0021880683489143,0.7697423100471497,0.0984772443771362,0.0411973074078559,Thriller
0.5535175800323486,0.1567765027284622,0.0769833996891975,0.0046162684448063,0.1703079640865326,0.0203628372400999,0.0174353905022144,Thriller
0.5861453413963318,0.0752643421292305,0.0596280135214328,0.004898777231574,0.2357407361268997,0.035123523324728,0.0031992804724723,Thriller
0.0058890101499855,0.0071208188310265,0.0021751502063125,0.0108964843675494,0.9224129915237428,0.0184896495193243,0.0330159328877925,Thriller
0.0542397387325763,0.0050603803247213,0.1109917238354682,0.0099589480087161,0.2834762036800384,0.3664283752441406,0.1698445826768875,Thriller
0.026292860507965,0.023176385089755,0.05058054625988,0.0288558863103389,0.671489953994751,0.0098784547299146,0.1897258907556533,Thriller
0.0125884404405951,0.253277987241745,0.083584226667881,0.0408478341996669,0.360053151845932,0.2298780977725982,0.0197702012956142,Thriller
0.0046147522516548,0.0037159107159823,0.0045542665757238,0.0060674147680401,0.4084973335266113,0.0104080270975828,0.5621423125267029,Thriller
0.0320458374917507,0.0192613527178764,0.0786368623375892,0.0039246398955583,0.7649270296096802,0.0761971920728683,0.025007177144289,Thriller
