anger,disgust,fear,joy,neutral,sadness,surprise,genre
0.0093790171667933,0.0433620400726795,0.0014963947469368,0.3672873973846435,0.171971246600151,0.3928586542606354,0.0136451767757534,Action
0.022320557385683,0.0498553290963172,0.069068506360054,0.0111070135608315,0.6277151107788086,0.1878896951675415,0.0320437550544738,Action
0.0065878140740096,0.0103250099346041,0.0012466446496546,0.593908965587616,0.3705532848834991,0.0117081571370363,0.0056701460853219,Action
0.0430060923099517,0.0156590957194566,0.0077931876294314,0.0310648828744888,0.8675568103790283,0.0212366245687007,0.0136832855641841,Action
0.0042984769679605,0.0023713249247521,0.9564536213874816,0.0024876217357814,0.0231979265809059,0.0078923674300313,0.0032986807636916,Action
0.8078114986419678,0.0553975775837898,0.0103205386549234,0.0010386406211182,0.0781899392604827,0.0450046248733997,0.0022370778024196,Action
0.0310556273907423,0.0031520714983344,0.9550029039382936,0.0009799043182283,0.0062378495931625,0.0024290583096444,0.0011426421115174,Action
0.0256116893142461,0.023209560662508,0.8287718892097473,0.00987686868757,0.0952638238668441,0.0142162209376692,0.0030498451087623,Action
0.0602423436939716,0.1318799257278442,0.0085716601461172,0.0029270139057189,0.7564789056777954,0.0195502061396837,0.0203499980270862,Action
0.2097361832857132,0.6706732511520386,0.0185145083814859,0.0008542499854229,0.0309258699417114,0.0506631508469581,0.0186326969414949,Action
0.0152293210849165,0.0440577790141105,0.0014584462624043,0.3433059751987457,0.5747039914131165,0.0167082957923412,0.0045362431555986,Action
0.0832472890615463,0.106821559369564,0.3200006186962127,0.0041982419788837,0.3694557249546051,0.0919541269540786,0.0243223793804645,Action
0.6930539608001709,0.0885654613375663,0.0550011545419693,0.0125796431675553,0.1340656280517578,0.0153431873768568,0.0013909981353208,Action
0.2304965704679489,0.1205272376537323,0.0385706424713134,0.0273095183074474,0.3979088962078094,0.0736258402466774,0.1115613058209419,Action
0.007470307406038,0.0164249297231435,0.0017066916916519,0.2439236789941787,0.6934285759925842,0.008423063904047,0.0286227855831384,Action
