anger,disgust,fear,joy,neutral,sadness,surprise,genre
0.0122203165665268,0.0131262727081775,0.0023418921045958,0.0025385725311934,0.0147665506228804,0.9497390389442444,0.0052673807367682,Bollywood
0.3425062298774719,0.4959767758846283,0.0101294219493865,0.0026893876492977,0.1345973908901214,0.0081819416955113,0.0059188310988247,Bollywood
0.0087990118190646,0.0267979390919208,0.0041966931894421,0.4118547141551971,0.4162763655185699,0.1292688548564911,0.0028064132202416,Bollywood
0.0417736731469631,0.0821825638413429,0.0035418141633272,0.5384684205055237,0.3001292943954468,0.0061043123714625,0.0277999266982078,Bollywood
0.0438178367912769,0.0182863250374794,0.0016064341180026,0.0158021561801433,0.905799150466919,0.0028120623901486,0.0118759470060467,Bollywood
0.02385064214468,0.015010917559266,0.0121264364570379,0.0197311304509639,0.8320892453193665,0.003237979253754,0.0939536616206169,Bollywood
0.004597745835781,0.0118444180116057,0.0005352173466235,0.9055511951446532,0.0549666360020637,0.0149811534211039,0.0075235706754028,Bollywood
0.1358372569084167,0.037938330322504,0.0042607812210917,0.010056129656732,0.7493645548820496,0.0268530957400798,0.0356898680329322,Bollywood
0.0063764657825231,0.0093847829848527,0.0042452709749341,0.0036174228880554,0.942475438117981,0.0053759911097586,0.0285245701670646,Bollywood
0.0027973130345344,0.0042871441692113,0.0003006706538144,0.9420777559280396,0.0350891798734664,0.011392249725759,0.0040556085295975,Bollywood
