anger,disgust,fear,joy,neutral,sadness,surprise,genre
0.034726083278656,0.0848506689071655,0.0119518572464585,0.0030166944488883,0.2139078974723816,0.6455284953117371,0.0060183499008417,Comedy_drama
0.0127225890755653,0.0680793970823288,0.0083284424617886,0.0433629751205444,0.7845796346664429,0.0700132176280021,0.0129136396571993,Comedy_drama
0.0436905398964881,0.1598380804061889,0.0035390511620789,0.0437635518610477,0.6054623126983643,0.1379374414682388,0.0057689487002789,Comedy_drama
0.0537829436361789,0.0763134732842445,0.0163266938179731,0.0794186368584632,0.0402406156063079,0.7268273234367371,0.0070902789011597,Comedy_drama
0.0094420639798045,0.0091558350250124,0.005184166599065,0.2025013118982315,0.7371817231178284,0.0160538237541914,0.020481051877141,Comedy_drama
0.0131806405261158,0.0100505193695425,0.0137037485837936,0.0195368211716413,0.2636726498603821,0.5773941874504089,0.1024614721536636,Comedy_drama
0.083619125187397,0.0209796093404293,0.0037411691155284,0.2543524801731109,0.2005310803651809,0.3945166766643524,0.0422599352896213,Comedy_drama
0.1980830878019333,0.3937210738658905,0.0396159887313842,0.0450489595532417,0.2569285035133362,0.0182823278009891,0.0483200028538703,Comedy_drama
0.0045484467409551,0.0185010582208633,0.0134226353839039,0.0057444153353571,0.3962958753108978,0.5296522378921509,0.0318353250622749,Comedy_drama
0.0079931542277336,0.0374411642551422,0.001880994066596,0.4735698997974396,0.1664700508117675,0.3006831407546997,0.0119615271687507,Comedy_drama
0.0877274572849273,0.7784154415130615,0.0198754090815782,0.0033182469196617,0.0827404409646987,0.0262639243155717,0.001658980268985,Comedy_drama
0.3951971232891083,0.236378327012062,0.2423572093248367,0.0031833783723413,0.0754913017153739,0.0324595458805561,0.0149332266300916,Comedy_drama
0.0539337545633316,0.0786745026707649,0.8364788293838501,0.0011409514117985,0.0146248964592814,0.0048788096755743,0.0102682504802942,Comedy_drama
0.5823840498924255,0.2796259224414825,0.0050410558469593,0.0042834728956222,0.1092365384101867,0.0133772594854235,0.006051673553884,Comedy_drama
0.4688728451728821,0.2336541414260864,0.0036817097570747,0.0020692760590463,0.0288284439593553,0.260104238986969,0.0027893602382391,Comedy_drama
0.0076148468069732,0.0249399822205305,0.172367587685585,0.010557004250586,0.3775977194309234,0.386691153049469,0.0202316809445619,Comedy_drama
0.0421497784554958,0.0282426588237285,0.0098538752645254,0.0944074243307113,0.7535670399665833,0.0426087863743305,0.0291704572737216,Comedy_drama
0.0051786755211651,0.0268065426498651,0.0404921695590019,0.0403832420706748,0.7602612376213074,0.0147126326337456,0.1121654585003852,Comedy_drama
0.0646637976169586,0.1468316167593002,0.0062135658226907,0.0292595066130161,0.5614688992500305,0.165210023522377,0.026352597400546,Comedy_drama
0.0206370465457439,0.2851365506649017,0.0170446317642927,0.1246115341782569,0.5066244602203369,0.0379589311778545,0.0079868277534842,Comedy_drama
0.5326067805290222,0.2838570475578308,0.0061765578575432,0.001225812244229,0.0607506111264228,0.1126856058835983,0.0026976242661476,Comedy_drama
0.0086123961955308,0.0068306108005344,0.0073931738734245,0.1743502169847488,0.7315359115600586,0.037605058401823,0.0336725488305091,Comedy_drama
0.094229869544506,0.0653320401906967,0.0045313430018723,0.018367076292634,0.7479270100593567,0.0606394447386264,0.0089731719344854,Comedy_drama
0.1438182294368744,0.184437409043312,0.0030992261599749,0.3922331631183624,0.2377146631479263,0.0327875837683677,0.0059096883051097,Comedy_drama
0.1163332983851432,0.0749497264623642,0.4273420870304107,0.004348742775619,0.1839487254619598,0.1885560303926468,0.0045212744735181,Comedy_drama
0.0352909713983535,0.0783717259764671,0.0064173522405326,0.1811683177947998,0.274415910243988,0.4143190383911133,0.0100166760385036,Comedy_drama
0.0027834952343255,0.0212780926376581,0.0149868251755833,0.0031255860812962,0.0524698905646801,0.8927859663963318,0.0125701799988746,Comedy_drama
0.0194272194057703,0.0045336876064538,0.0024334203917533,0.7489768266677856,0.1296553462743759,0.0822061896324157,0.0127672394737601,Comedy_drama
0.0066541228443384,0.0225866176187992,0.0006580791086889,0.719278872013092,0.2338962256908416,0.0102600706741213,0.0066660861484706,Comedy_drama
0.0071088531985878,0.0243308097124099,0.003967369440943,0.0652329698204994,0.7975978255271912,0.0094431340694427,0.0923190340399742,Comedy_drama
