anger,disgust,fear,joy,neutral,sadness,surprise,genre
0.0428297966718673,0.0104917399585247,0.0954140201210975,0.0343067981302738,0.7859512567520142,0.0128913754597306,0.0181150250136852,Crime_Fiction
0.6665745973587036,0.1018884032964706,0.1581459790468216,0.003658641828224,0.0589457042515277,0.0071912035346031,0.0035954476334154,Crime_Fiction
0.0227894689887762,0.0118774659931659,0.0050466596148908,0.0026763486675918,0.9116898775100708,0.0218030363321304,0.0241171214729547,Crime_Fiction
0.5603333711624146,0.3038584589958191,0.0068577965721488,0.0036117271520197,0.0908641517162323,0.0310245994478464,0.0034499152097851,Crime_Fiction
0.0330293029546737,0.0056214588694274,0.0123218549415469,0.0129304714500904,0.9184760451316832,0.0031762151047587,0.014444694854319,Crime_Fiction
0.1196929886937141,0.6810963749885559,0.0092390226200222,0.0019429709063842,0.1539624780416488,0.0294440202414989,0.0046221693046391,Crime_Fiction
0.0090196914970874,0.0056347860954701,0.9327638149261476,0.0032527309376746,0.0322414226830005,0.0048054074868559,0.0122822131961584,Crime_Fiction
0.2774360179901123,0.2460767179727554,0.1697442382574081,0.0014742315979674,0.15013088285923,0.1215221211314201,0.0336157493293285,Crime_Fiction
0.0126041350886225,0.0388922952115535,0.0244732983410358,0.0026058689691126,0.8405666351318359,0.0645817443728447,0.0162760745733976,Crime_Fiction
0.4195785820484161,0.0818319618701934,0.0568251088261604,0.0020489192102104,0.3880391120910644,0.0440997220575809,0.0075765457004308,Crime_Fiction
0.1643593907356262,0.0456258282065391,0.4443413317203522,0.0033828876912593,0.1855974048376083,0.0981247648596763,0.0585683435201644,Crime_Fiction
0.0328416153788566,0.0275657009333372,0.1459295749664306,0.0057285204529762,0.5388028025627136,0.0170945301651954,0.2320372760295868,Crime_Fiction
0.0091797867789864,0.0062781553715467,0.9107705950737,0.0017113246722146,0.0559242330491542,0.0059214066714048,0.0102144349366426,Crime_Fiction
0.0200722478330135,0.0463239438831806,0.0093599194660782,0.0170032121241092,0.5555039048194885,0.346707671880722,0.0050291470251977,Crime_Fiction
0.0286261979490518,0.0120267644524574,0.2124482542276382,0.0116182453930377,0.717069685459137,0.0121301868930459,0.0060806893743574,Crime_Fiction
0.0344524309039115,0.0421578623354435,0.0167659018188714,0.0021845181472599,0.8275846242904663,0.06564961373806,0.0112050436437129,Crime_Fiction
0.0118370102718472,0.0286658909171819,0.0078200567513704,0.0014912075130268,0.8898487091064453,0.0213899184018373,0.0389472283422946,Crime_Fiction
0.1221130490303039,0.0927282124757766,0.0959340631961822,0.0041393488645553,0.3831548392772674,0.1734814494848251,0.1284490376710891,Crime_Fiction
0.0180713012814521,0.0075908810831606,0.0434490218758583,0.0031837972346693,0.8991750478744507,0.0111376531422138,0.0173922833055257,Crime_Fiction
0.0031710278708487,0.0098299467936158,0.0043763350695371,0.002953237388283,0.9694455862045288,0.0050420188345015,0.0051817786879837,Crime_Fiction
0.0698487907648086,0.0497866123914718,0.6678125262260437,0.0034040089230984,0.1650002002716064,0.0316573083400726,0.0124904979020357,Crime_Fiction
0.1990419328212738,0.0456061586737632,0.6661504507064819,0.001648076926358,0.0508931018412113,0.0270144436508417,0.0096457488834857,Crime_Fiction
0.6664837598800659,0.2391159534454345,0.0125941261649131,0.0009551841649226,0.0606970302760601,0.0182842686772346,0.001869756844826,Crime_Fiction
0.8429812788963318,0.1239118799567222,0.0151873361319303,0.0006095904973335,0.0099318558350205,0.00529316207394,0.0020848521962761,Crime_Fiction
0.0122646447271108,0.0077865975908935,0.8548411130905151,0.0016456643352285,0.0902318507432937,0.0176828149706125,0.0155472494661808,Crime_Fiction
0.4373101890087127,0.3860664367675781,0.0852849334478378,0.0036978998687118,0.0644727945327758,0.0201358534395694,0.0030319017823785,Crime_Fiction
0.0081152273342013,0.000817199004814,0.0099101150408387,0.0010818563168868,0.0030359963420778,0.9736586809158324,0.0033809815067797,Crime_Fiction
0.0072171706706285,0.0041636722162365,0.9546879529953004,0.0019151903688907,0.0167415905743837,0.0136896381154656,0.0015848440816625,Crime_Fiction
0.0170713551342487,0.043488010764122,0.0028280136175453,0.2970007956027984,0.6024906039237976,0.0269582569599151,0.0101628648117184,Crime_Fiction
0.7622690796852112,0.0700225755572319,0.0147086046636104,0.0013651789631694,0.1219202280044555,0.0275789387524127,0.00213542021811,Crime_Fiction
0.1571092456579208,0.0669426321983337,0.1381121724843979,0.0107388766482472,0.5871273875236511,0.0301250759512186,0.009844665415585,Crime_Fiction
0.001916330656968,0.0074831694364547,0.0025975597091019,0.0108591495081782,0.0473115295171737,0.9240750074386596,0.0057571697980165,Crime_Fiction
