anger,disgust,fear,joy,neutral,sadness,surprise,genre
0.0069758566096425,0.0093175712972879,0.0043900650925934,0.0127495834603905,0.2848909199237823,0.6538048386573792,0.0278711710125207,Crime_Fiction
0.2610135078430176,0.2444412857294082,0.0606226623058319,0.0066626006737351,0.1559612303972244,0.2613842785358429,0.0099144168198108,Crime_Fiction
0.0076631386764347,0.9124266505241394,0.0080773094668984,0.0024882603902369,0.0443629287183284,0.0226085372269153,0.0023731067776679,Crime_Fiction
0.0338555164635181,0.0022377909626811,0.9514689445495604,0.0012943585170432,0.0067096767015755,0.0019783782772719,0.002455259906128,Crime_Fiction
0.1091161370277404,0.489568829536438,0.0028392495587468,0.0547481290996074,0.264568954706192,0.0590754076838493,0.0200832281261682,Crime_Fiction
0.1540373563766479,0.3777750730514526,0.0032466608099639,0.0090660518035292,0.2471019774675369,0.2051799595355987,0.0035929584410041,Crime_Fiction
0.1450636982917785,0.0152704780921339,0.816585898399353,0.0015906631015241,0.0128106195479631,0.0047984672710299,0.003880075411871,Crime_Fiction
0.0952636823058128,0.1933500915765762,0.0143640032038092,0.0139604732394218,0.5671843886375427,0.1134752556681633,0.002402079058811,Crime_Fiction
0.0854533314704895,0.0864334031939506,0.010499270632863,0.0022484746295958,0.1607299596071243,0.6490621566772461,0.0055734007619321,Crime_Fiction
0.2300161570310592,0.0525344461202621,0.0104873133823275,0.0180207658559083,0.5985103845596313,0.0878677889704704,0.0025631228927522,Crime_Fiction
0.4565983712673187,0.0108863646164536,0.3539809286594391,0.0099771153181791,0.1293094903230667,0.0193799436092376,0.0198678132146596,Crime_Fiction
0.0117802247405052,0.0626535266637802,0.0165544692426919,0.0035812545102089,0.121033102273941,0.7776821851730347,0.0067151915282011,Crime_Fiction
0.1426246762275695,0.8277846574783325,0.004096888937056,0.0008792387670837,0.0139159904792904,0.008971944451332,0.0017265621572732,Crime_Fiction
0.0239173267036676,0.0887996256351471,0.0031365205068141,0.1044690310955047,0.7526734471321106,0.018602592870593,0.0084015680477023,Crime_Fiction
