anger,disgust,fear,joy,neutral,sadness,surprise,genre
0.0258022248744964,0.0080513358116149,0.0023558321408927,0.011846107430756,0.9365364909172058,0.007270494941622,0.0081374561414122,Science_Fiction
0.0701280012726783,0.844129204750061,0.0137783996760845,0.0010300008580088,0.041234727948904,0.0105080464854836,0.0191916245967149,Science_Fiction
0.8439158797264099,0.028318952769041,0.0368836224079132,0.0008490472100675,0.0604291521012783,0.0277146231383085,0.0018886903999373,Science_Fiction
0.0068551036529242,0.0026287937071174,0.0180352237075567,0.6535406112670898,0.2238777428865432,0.0095467958599329,0.0855157673358917,Science_Fiction
0.0045628501102328,0.0014745881780982,0.0015872687799856,0.933440625667572,0.038049578666687,0.0026015334296971,0.0182836633175611,Science_Fiction
0.2681375443935394,0.1967954933643341,0.3824664354324341,0.0030652894638478,0.0431864745914936,0.0763414651155471,0.0300072878599166,Science_Fiction
0.155997022986412,0.0305008981376886,0.4813865423202514,0.0069026756100356,0.2522006034851074,0.0597523339092731,0.0132598904892802,Science_Fiction
0.2805314362049103,0.4669621586799621,0.2057555764913559,0.0028571430593729,0.0309246554970741,0.0083147604018449,0.0046542179770767,Science_Fiction
0.0126048382371664,0.0180502515286207,0.003158883890137,0.041112333536148,0.8866975903511047,0.0056409118697047,0.0327351279556751,Science_Fiction
0.2289991378784179,0.5263783931732178,0.175066664814949,0.0022055020090192,0.0429669320583343,0.0202949624508619,0.0040883622132241,Science_Fiction
0.9240817427635192,0.0206313431262969,0.0091217206791043,0.0008651508833281,0.0292186513543128,0.0136197581887245,0.0024615882430225,Science_Fiction
0.0086698709055781,0.0117727080360054,0.0004091435403097,0.9203435182571412,0.0466370657086372,0.003993502818048,0.0081743225455284,Science_Fiction
0.0041879601776599,0.0187051538378,0.0134090268984436,0.0164925027638673,0.895821213722229,0.0344480648636817,0.0169360935688018,Science_Fiction
0.0142255006358027,0.0470937304198741,0.0132260108366608,0.0099374996498227,0.8315814733505249,0.0723698139190673,0.0115659674629569,Science_Fiction
0.9597761631011964,0.021601116284728,0.0027030913624912,0.0005589429638348,0.0115729980170726,0.0016825810307636,0.0021051920484751,Science_Fiction
0.4342696070671081,0.3798074722290039,0.011572889983654,0.00138910417445,0.159484401345253,0.0083711007609963,0.0051053990609943,Science_Fiction
0.1941634714603424,0.1881770640611648,0.0320133380591869,0.0029504583217203,0.2720644474029541,0.2887763381004333,0.0218548905104398,Science_Fiction
0.1097932010889053,0.0123962927609682,0.1369102150201797,0.0135644236579537,0.5384557843208313,0.012172027491033,0.1767079830169677,Science_Fiction
0.0113102421164512,0.0092254783958196,0.0119044287130236,0.006415621843189,0.9422569274902344,0.0029778718017041,0.0159094668924808,Science_Fiction
0.5199289321899414,0.2450561672449112,0.0100549831986427,0.0025530732236802,0.1103968247771263,0.1077294647693634,0.0042805038392543,Science_Fiction
0.0366137847304344,0.025542864575982,0.0289558228105306,0.0066029629670083,0.3770945370197296,0.0387802682816982,0.4864097535610199,Science_Fiction
0.4252021312713623,0.0692671239376068,0.2274170517921447,0.0038926377892494,0.2384220659732818,0.0169409457594156,0.0188580248504877,Science_Fiction
0.3647307455539703,0.0435589775443077,0.1264297664165496,0.0047946562990546,0.074055828154087,0.033815037459135,0.3526150584220886,Science_Fiction
0.0042599942535161,0.0063210045918822,0.0016927425749599,0.0315367691218853,0.931083917617798,0.0170316155999898,0.0080740740522742,Science_Fiction
0.0033651723060756,0.0242765750735998,0.0043662493117153,0.0143039263784885,0.2111863642930984,0.7351208329200745,0.0073808310553431,Science_Fiction
