anger,disgust,fear,joy,neutral,sadness,surprise,genre
0.0042066858150064,0.0036295575555413,0.001196660217829,0.2800531387329101,0.5622314214706421,0.0649589747190475,0.0837236046791076,Indie
0.307452380657196,0.0520625971257686,0.0048215417191386,0.0453111790120601,0.5521796941757202,0.0048393411561846,0.0333333164453506,Indie
0.1549898833036422,0.051239751279354,0.0516744442284107,0.0432597063481807,0.592714786529541,0.0176688954234123,0.0884525775909423,Indie
0.0158750712871551,0.0257178340107202,0.0011716600274667,0.1093684732913971,0.7906191945075989,0.0506424382328987,0.0066053979098796,Indie
0.0123131880536675,0.0412841029465198,0.0181886833161115,0.0199794005602598,0.892404317855835,0.0087574562057852,0.0070728347636759,Indie
0.0166411064565181,0.2782439887523651,0.0162457413971424,0.0223470591008663,0.4528863430023193,0.0188037920743227,0.1948319524526596,Indie
0.0253046844154596,0.0304228607565164,0.0066499751992523,0.1441058218479156,0.5812438130378723,0.1798707395792007,0.032402116805315,Indie
0.0064783692359924,0.9798830151557922,0.0028274585492908,0.0015629077097401,0.0054368441924452,0.0032290297094732,0.0005824416293762,Indie
0.0364110395312309,0.8086864948272705,0.0114643704146146,0.0102620413526892,0.1225118264555931,0.0036164608318358,0.0070478040724992,Indie
0.1262828111648559,0.102369338274002,0.0111073954030871,0.1174091473221778,0.6086286902427673,0.0124471420422196,0.0217555351555347,Indie
0.0066031422466039,0.0088669005781412,0.0026367946993559,0.6557120084762573,0.2956897914409637,0.0083851478993892,0.0221063066273927,Indie
