anger,disgust,fear,joy,neutral,sadness,surprise,genre
0.0458849631249904,0.0164914522320032,0.1073791235685348,0.0246715601533651,0.7483664155006409,0.0263359453529119,0.0308705698698759,Drama
0.1738224625587463,0.7514424324035645,0.014718891121447,0.0033371397294104,0.0423091538250446,0.0088931294158101,0.0054767043329775,Drama
0.0525300242006778,0.128800556063652,0.2553554177284241,0.0053124343976378,0.3564000427722931,0.1563834995031356,0.045218039304018,Drama
0.074606142938137,0.0123146176338195,0.0199165735393762,0.0050014546141028,0.0550944730639457,0.7220147848129272,0.1110520213842392,Drama
0.4265047609806061,0.358752578496933,0.0231364201754331,0.002152579370886,0.0741740241646766,0.1128636747598648,0.0024161064065992,Drama
0.0273590106517076,0.3400266766548157,0.0075501278042793,0.098602682352066,0.4997026324272156,0.0222666766494512,0.0044921860098838,Drama
0.0119334198534488,0.0082993041723966,0.0008987502078525,0.1491735875606537,0.8189432621002197,0.0046649407595396,0.0060867923311889,Drama
0.0225350521504879,0.0304865762591362,0.0020075771026313,0.0761893689632415,0.8496560454368591,0.0088443523272871,0.0102810431271791,Drama
0.0119918081909418,0.0074054221622645,0.0074485526420176,0.0024490512441843,0.9058169722557068,0.0365198440849781,0.0283683128654956,Drama
0.0091928299516439,0.0168660599738359,0.0030075209215283,0.127150610089302,0.8340274691581726,0.0044973785988986,0.0052582290954887,Drama
0.8392847180366516,0.0544186197221279,0.0092029199004173,0.0049123684875667,0.0460454635322093,0.0416134893894195,0.0045223622582852,Drama
0.0806854516267776,0.077965036034584,0.0419517755508422,0.0079570980742573,0.7383442521095276,0.0417906790971756,0.0113056767731904,Drama
0.1710768491029739,0.0725595876574516,0.0167783219367265,0.001405136892572,0.0577420555055141,0.6608901023864746,0.0195479784160852,Drama
0.0212543997913599,0.0164340138435363,0.0225740280002355,0.0066171144135296,0.3194205164909363,0.5260772705078125,0.087622620165348,Drama
0.0410921089351177,0.0232458002865314,0.0058486862108111,0.0857415720820427,0.8300777673721313,0.0097739826887846,0.0042201904579997,Drama
0.068174235522747,0.3298016190528869,0.0022136180195957,0.0064206179231405,0.5529294610023499,0.0368531458079814,0.0036072635557502,Drama
0.0032871689181774,0.0038780244067311,0.003346663666889,0.0707549899816513,0.8252055644989014,0.0437223725020885,0.0498052425682544,Drama
0.2157675176858902,0.0238410793244838,0.6749181747436523,0.0012903261231258,0.0130858700722455,0.0065153534524142,0.0645816549658775,Drama
0.1730254888534546,0.7642979025840759,0.011994550935924,0.0014348054537549,0.0297171585261821,0.0159769710153341,0.0035531676840037,Drama
0.0087302047759294,0.1197693645954132,0.0036024767905473,0.2011904269456863,0.6415603160858154,0.0178518947213888,0.007295458111912,Drama
0.0183195546269416,0.0071037672460079,0.0069394381716847,0.0263345465064048,0.9046068787574768,0.0079967100173234,0.0286991838365793,Drama
0.012663091532886,0.0056351078674197,0.9605757594108582,0.0009629415581002,0.0114269126206636,0.0071301935240626,0.0016060945345088,Drama
0.0102559998631477,0.0199064593762159,0.0022029452957212,0.0035488791763782,0.8971655368804932,0.013466746546328,0.0534534193575382,Drama
0.0844458043575286,0.1481164693832397,0.1557087898254394,0.0047877044416964,0.5163171887397766,0.0319942459464073,0.0586298070847988,Drama
0.0462339408695697,0.051319483667612,0.1284237056970596,0.0044587631709873,0.2951031327247619,0.2129415571689605,0.2615194022655487,Drama
0.0046220500953495,0.0007050926215015,0.0011758141918107,0.3453473150730133,0.0743014216423034,0.0899631828069686,0.4838850498199463,Drama
0.0064989547245204,0.0059457882307469,0.0029518837109208,0.0141663691028952,0.7601255774497986,0.0097504453733563,0.2005610316991806,Drama
0.0557508021593093,0.8624349236488342,0.0442167446017265,0.0015073117101565,0.023473585024476,0.0096446322277188,0.0029720256570726,Drama
0.0212784335017204,0.0338413640856742,0.0082112364470958,0.0092063229531049,0.905316948890686,0.0053116050548851,0.0168341677635908,Drama
0.1629703491926193,0.7733154892921448,0.0141622060909867,0.0009173532016575,0.0303205791860818,0.0059988810680806,0.012315209954977,Drama
0.0047203064896166,0.007772552780807,0.0011919010430574,0.0035682157613337,0.944304883480072,0.0057732015848159,0.032668936997652,Drama
0.0642805099487304,0.2030050158500671,0.4109894931316376,0.0109621565788984,0.2143266350030899,0.0238320212811231,0.0726041123270988,Drama
