anger,disgust,fear,joy,neutral,sadness,surprise,genre
0.0065773241221904,0.0074109630659222,0.002766297198832,0.7103127837181091,0.2354031503200531,0.0130520174279809,0.024477481842041,Romantic_drama
0.0064984923228621,0.0486375205218791,0.0017361668869853,0.0069220499135553,0.0530917048454284,0.875694990158081,0.0074190446175634,Romantic_drama
0.0162496883422136,0.0307372212409973,0.0079701822251081,0.0036522534210234,0.3489034175872803,0.0095046693459153,0.58298259973526,Romantic_drama
0.098398357629776,0.4333251416683197,0.0041877841576933,0.0058211837895214,0.0637797713279724,0.3916486203670501,0.0028390525840222,Romantic_drama
0.0625276267528534,0.645176112651825,0.0793940871953964,0.0050159846432507,0.0202464945614337,0.1856614798307418,0.0019781971350312,Romantic_drama
0.1572094857692718,0.1863476783037185,0.0197882633656263,0.0108532542362809,0.4046521484851837,0.2184807658195495,0.0026683949399739,Romantic_drama
0.3335205316543579,0.0195256043225526,0.6174764633178711,0.0015719608636572,0.0169829074293375,0.0077688614837825,0.0031536857131868,Romantic_drama
0.0090546691790223,0.1021952331066131,0.0114302542060613,0.0706410482525825,0.7443907856941223,0.0319321453571319,0.0303559228777885,Romantic_drama
0.1141704618930816,0.0279436409473419,0.0041567008011043,0.0369902029633522,0.4549704492092132,0.343301385641098,0.0184671524912118,Romantic_drama
0.0360959395766258,0.2195649743080139,0.0040014134719967,0.3703436851501465,0.3077114224433899,0.0184348616749048,0.043847732245922,Romantic_drama
0.0156699679791927,0.1321413815021515,0.0033660896588116,0.2019122540950775,0.6029653549194336,0.0300142243504524,0.013930669054389,Romantic_drama
0.0057923882268369,0.0235199686139822,0.804436981678009,0.0050175548531115,0.1473603695631027,0.0078208949416875,0.0060517499223351,Romantic_drama
0.2254789024591446,0.3084254860877991,0.0161336511373519,0.0031122812069952,0.103389099240303,0.3389298915863037,0.004530731588602,Romantic_drama
0.0034791459329426,0.0012184418737888,0.9757035970687866,0.0007721608271822,0.0019965984392911,0.0104721747338771,0.0063578975386917,Romantic_drama
0.2842215597629547,0.030135590583086,0.0371201746165752,0.0012186532840132,0.0277730226516723,0.5773133039474487,0.0422176793217659,Romantic_drama
0.0024897388648241,0.0054408553987741,0.0979589223861694,0.002198742236942,0.0182143040001392,0.8695896863937378,0.0041077644564211,Romantic_drama
0.0716267824172973,0.0709083005785942,0.0179453659802675,0.0269939415156841,0.7248359322547913,0.016993585973978,0.070696122944355,Romantic_drama
0.0083725890144705,0.0064776795916259,0.9358684420585632,0.0022215989883989,0.0388277880847454,0.0067243766970932,0.0015074253315106,Romantic_drama
0.0652241930365562,0.0267871785908937,0.6800215840339661,0.0049273963086307,0.1705894917249679,0.0495138503611087,0.0029363345820456,Romantic_drama
0.022040395066142,0.1009441614151001,0.0031626184936612,0.2672625482082367,0.5321979522705078,0.0626159980893135,0.0117763569578528,Romantic_drama
0.0081736221909523,0.0427711643278598,0.0080144247040152,0.0183243043720722,0.8900167346000671,0.0282705258578062,0.004429284017533,Romantic_drama
0.7010513544082642,0.19878651201725,0.0106473192572593,0.0007612246554344,0.0344405025243759,0.0520429648458957,0.0022701513953506,Romantic_drama
0.0126378610730171,0.0396640673279762,0.0104452110826969,0.0353684462606906,0.491067886352539,0.4063380658626556,0.0044785789214074,Romantic_drama
0.0052403626032173,0.030081208795309,0.1107933297753334,0.0023810076527297,0.0862162932753562,0.736136257648468,0.0291516408324241,Romantic_drama
0.0861975029110908,0.0591056793928146,0.0080691827461123,0.1224859580397605,0.1888979524374008,0.5295208692550659,0.0057228761725127,Romantic_drama
0.0026702240575104,0.0032117404043674,0.0010528049897402,0.9214563965797424,0.0375711470842361,0.0123669896274805,0.0216706171631813,Romantic_drama
0.0774659216403961,0.0879723280668258,0.0034660261590033,0.0619238279759883,0.7043886184692383,0.0615508072078228,0.0032324793282896,Romantic_drama
0.1019725501537323,0.2962184548377991,0.0080946637317538,0.0033219121396541,0.1563771814107895,0.4307693243026733,0.003245938103646,Romantic_drama
0.1839164793491363,0.3676530718803406,0.0167907234281301,0.0037657923530787,0.3658778071403503,0.0601065531373024,0.0018895148532465,Romantic_drama
0.0141816204413771,0.0461739897727966,0.0014789563138037,0.6607591509819031,0.2081352472305297,0.0629052370786666,0.0063658454455435,Romantic_drama
