anger,disgust,fear,joy,neutral,sadness,surprise,genre
0.0119769508019089,0.1333261132240295,0.0141404001042246,0.3471215367317199,0.4699915647506714,0.0167719069868326,0.0066715138964354,Action
0.0319943837821483,0.1991267502307891,0.7278643250465393,0.0028127981349825,0.0218227244913578,0.0134118134155869,0.0029672330711036,Action
0.263588547706604,0.0065268268808722,0.6458916068077087,0.0140689648687839,0.022883366793394,0.0412776432931423,0.0057629896327853,Action
0.4402947723865509,0.4116679728031158,0.0278027895838022,0.0019177420763298,0.0760474428534507,0.0412026308476924,0.001066694734618,Action
0.3930005729198456,0.3057552576065063,0.2572070956230163,0.0015421092975884,0.0173372272402048,0.0230229590088129,0.0021348728332668,Action
0.1241494044661521,0.5594664812088013,0.0050918846391141,0.0020165180321782,0.282947838306427,0.0231240540742874,0.0032037626951932,Action
0.0069109741598367,0.0576009824872016,0.013448835350573,0.0052361176349222,0.169825941324234,0.7251008152961731,0.0218763500452041,Action
0.0451333485543727,0.7848756313323975,0.1072462126612663,0.0010066393297165,0.0335676744580268,0.0256715323776006,0.002498916350305,Action
0.1392545849084854,0.2074130475521087,0.0027117040008306,0.0646358132362365,0.3457906246185303,0.2362090349197387,0.0039850957691669,Action
0.0541383475065231,0.09929870814085,0.0127629693597555,0.0657847672700882,0.7582992911338806,0.0037593422457575,0.0059565752744674,Action
0.0326696410775184,0.8449151515960693,0.0036318036727607,0.0158899612724781,0.0932393819093704,0.0085575440898537,0.0010965450201183,Action
0.0703094005584716,0.12831611931324,0.0013392237015068,0.1310919821262359,0.6512694954872131,0.0128735797479748,0.0048001315444707,Action
0.0178093239665031,0.0841806903481483,0.0320741049945354,0.0022954780142754,0.2428653538227081,0.6144914031028748,0.0062836743891239,Action
0.2055957317352295,0.1921551823616027,0.0146795585751533,0.0077129765413701,0.3107387125492096,0.266768217086792,0.0023496050853282,Action
0.0101163545623421,0.0105651961639523,0.0040470189414918,0.0015102786710485,0.0074606272391974,0.0018366868607699,0.9644637703895568,Action
0.0073060514405369,0.006299776956439,0.0918906852602958,0.0036485670134425,0.1606311798095703,0.7133363485336304,0.0168874021619558,Action
0.9563560485839844,0.011139877140522,0.0034166346304118,0.0037715202197432,0.0191282220184803,0.0041793310083448,0.0020082138944417,Action
0.1879494488239288,0.1242903023958206,0.0029271594248712,0.1889986544847488,0.4706047475337982,0.022039420902729,0.0031902161426842,Action
