anger,disgust,fear,joy,neutral,sadness,surprise,genre
0.0418967232108116,0.0736657232046127,0.0123789748176932,0.0032599170226603,0.5909115076065063,0.1363155990839004,0.1415715664625167,Horror
0.0667023360729217,0.0131135322153568,0.0054735075682401,0.0057514538057148,0.6939297914505005,0.1673153787851333,0.0477139689028263,Horror
0.0093650668859481,0.0102394903078675,0.013454120606184,0.0055219316855072,0.9297192096710204,0.0122430277988314,0.0194570571184158,Horror
0.3482605218887329,0.5828022360801697,0.0130389211699366,0.0013238342944532,0.0371397249400615,0.0142875025048851,0.0031472444534301,Horror
0.0062102228403091,0.040057897567749,0.237421452999115,0.0039018667303025,0.0270482935011386,0.6816596388816833,0.0037006272468715,Horror
0.0198388379067182,0.0035636245738714,0.8912146687507629,0.0025208969600498,0.0513113811612129,0.0132339522242546,0.0183167047798633,Horror
0.0847726315259933,0.3628518283367157,0.0580098889768123,0.0039200675673782,0.4503367841243744,0.0353028923273086,0.0048057683743536,Horror
0.0059300153516232,0.013639835640788,0.0058705084957182,0.0052383383736014,0.787371814250946,0.0294235832989215,0.1525258719921112,Horror
0.039597999304533,0.0508280470967292,0.084422655403614,0.0011050447355955,0.0095764622092247,0.8120577931404114,0.002412034664303,Horror
0.0070806690491735,0.0154994158074259,0.0098707247525453,0.0126959085464477,0.2415503114461898,0.7085046768188477,0.0047982865944504,Horror
0.0344478860497474,0.2231475710868835,0.5059458017349243,0.0055753914639353,0.1463902294635772,0.0260453484952449,0.0584477372467517,Horror
0.0056891003623604,0.0093297865241765,0.003429431002587,0.0030287934932857,0.0985366553068161,0.8623956441879272,0.0175905749201774,Horror
0.0463021285831928,0.697858989238739,0.1477911174297332,0.0010343310423195,0.0558382347226142,0.0281408112496137,0.0230343993753194,Horror
0.0199540443718433,0.1675615459680557,0.0046105240471661,0.0055072819814085,0.7127190828323364,0.0127495182678103,0.0768979787826538,Horror
0.0159765519201755,0.4813533425331116,0.1935592144727707,0.0018958651926368,0.0800845175981521,0.0110702393576502,0.2160602360963821,Horror
0.0315471962094306,0.2011428326368332,0.6294193863868713,0.0044042901135981,0.0813855230808258,0.0357189923524856,0.0163817759603261,Horror
0.609295129776001,0.1229894161224365,0.0055525698699057,0.0021231400314718,0.1616267710924148,0.0943914204835891,0.0040215454064309,Horror
0.4465614855289459,0.0401237457990646,0.4705587327480316,0.0016668981406837,0.0231787636876106,0.0108693027868866,0.0070410352200269,Horror
0.034745343029499,0.0562147311866283,0.0644660517573356,0.0024782905820757,0.4563184976577759,0.2755380272865295,0.1102390214800834,Horror
0.0060149142518639,0.0197574794292449,0.9313456416130066,0.0015011844225227,0.0213761609047651,0.0056858193129301,0.0143188089132308,Horror
0.425708919763565,0.0855993628501892,0.3769766986370086,0.0034341611899435,0.0738011077046394,0.0236917044967412,0.0107880439609289,Horror
0.0888944789767265,0.3301228880882263,0.3878078162670135,0.0017203171737492,0.0220308993011713,0.1609685868024826,0.0084550660103559,Horror
0.0026809682603925,0.0054976255632936,0.975691020488739,0.0008630764787085,0.0079323714599013,0.0049864486791193,0.0023485196288675,Horror
0.6949498057365417,0.1985413134098053,0.0063709686510264,0.0016189910238608,0.051918689161539,0.0432302094995975,0.0033698806073516,Horror
0.0046329172328114,0.0139253037050366,0.6123627424240112,0.0062470734119415,0.0306286476552486,0.0047887992113828,0.3274144828319549,Horror
0.055793423205614,0.0982638671994209,0.036037128418684,0.0020434649195522,0.7787430286407471,0.0233586840331554,0.0057604811154305,Horror
0.0057632680982351,0.0074523314833641,0.0018228307599201,0.0416821874678134,0.7914600372314453,0.012711982242763,0.1391074210405349,Horror
0.1016988605260849,0.6283143162727356,0.0803618505597114,0.0009767229203134,0.0193036086857318,0.1636425405740738,0.0057021616958081,Horror
0.4683874845504761,0.2502048313617706,0.064663253724575,0.006970060057938,0.1849583387374878,0.0073258900083601,0.0174900218844413,Horror
0.0102005247026681,0.0493737086653709,0.0083105592057108,0.0415307804942131,0.6848821043968201,0.1796555072069168,0.0260468199849128,Horror
0.0085354335606098,0.0203735455870628,0.0014315579319372,0.4773958623409271,0.3675325214862823,0.1123624891042709,0.0123685598373413,Horror
0.0115295490249991,0.0110563999041914,0.0301117617636919,0.0054687233641743,0.4382611513137817,0.4550464749336242,0.0485260337591171,Horror
