anger,disgust,fear,joy,neutral,sadness,surprise,genre
0.0159086734056472,0.3605929613113403,0.0742873176932334,0.0830132812261581,0.4413303136825561,0.0176477078348398,0.0072197299450635,Teen
0.0465667732059955,0.0280032884329557,0.0144200539216399,0.0025984605308622,0.0196719244122505,0.7551411390304565,0.1335983425378799,Teen
0.0082645332440733,0.0033907988108694,0.0023749796673655,0.7144020795822144,0.2415634840726852,0.0145843625068664,0.0154196843504905,Teen
0.009518708102405,0.033426646143198,0.0295171104371547,0.0491994880139827,0.3442992568016052,0.4391873180866241,0.0948515683412551,Teen
0.1083860844373703,0.7959264516830444,0.0797173306345939,0.0012555932626128,0.0079065486788749,0.0052286437712609,0.0015793775673955,Teen
0.0755554735660553,0.0139411697164177,0.8831697702407837,0.0010548486607149,0.0170442499220371,0.0066767870448529,0.0025577109772711,Teen
0.0412193015217781,0.5434973835945129,0.0068919979967176,0.0532575324177742,0.2566506564617157,0.0613472424447536,0.0371358506381511,Teen
0.0996797457337379,0.8365275859832764,0.0275855269283056,0.0012158171739429,0.0168408937752246,0.0171314273029565,0.0010189999593421,Teen
0.2667768597602844,0.6812768578529358,0.0061350069008767,0.0013229674659669,0.0241712182760238,0.0164951793849468,0.0038218495901674,Teen
0.4074066877365112,0.0541423298418521,0.0900998935103416,0.0102711720392107,0.4185721576213836,0.011563342064619,0.0079444125294685,Teen
0.0387169867753982,0.0491574294865131,0.0025422102771699,0.0569430477917194,0.8325441479682922,0.0093522546812891,0.0107439700514078,Teen
0.444760113954544,0.0833511352539062,0.0118217449635267,0.0082030883058905,0.437472254037857,0.0076691559515893,0.0067224721424281,Teen
0.0017237478168681,0.0025971359573304,0.9788966774940492,0.0010471699060872,0.0111887194216251,0.0023353199940174,0.0022111916914582,Teen
0.0772796720266342,0.314753770828247,0.0091854976490139,0.0462079122662544,0.4729578793048858,0.0739041045308113,0.0057112206704914,Teen
0.0169937070459127,0.0211452767252922,0.0033370221499353,0.1304899603128433,0.8071787357330322,0.0113159315660595,0.0095393797382712,Teen
0.0043377811089158,0.0043908953666687,0.0053724646568298,0.0027559651061892,0.0425767488777637,0.9307790398597716,0.0097870845347642,Teen
0.0363317467272281,0.0353917181491851,0.0017052456969395,0.1658084243535995,0.7386932969093323,0.0103341517969965,0.0117353657260537,Teen
0.2602457702159881,0.5000595450401306,0.0152163440361619,0.0030547042842954,0.052990436553955,0.0517693571746349,0.1166638955473899,Teen
0.0392377227544784,0.0492486469447612,0.0201234407722949,0.0027724707033485,0.0846941545605659,0.8008109331130981,0.0031126814428716,Teen
0.0225514769554138,0.0609421133995056,0.13363017141819,0.0053820069879293,0.449821412563324,0.3014805018901825,0.0261922851204872,Teen
0.028963753953576,0.0720014795660972,0.0012484606122598,0.0170642789453268,0.8639394044876099,0.0133735546842217,0.0034090841654688,Teen
0.0092600742354989,0.0568075366318225,0.0025170589797198,0.0673190876841545,0.790950357913971,0.0259282141923904,0.0472176596522331,Teen
0.0049031809903681,0.0019891923293471,0.0002967477485071,0.9367265105247498,0.0381865315139293,0.006076015997678,0.0118218678981065,Teen
