anger,disgust,fear,joy,neutral,sadness,surprise,genre
0.0260627083480358,0.0131526617333292,0.0017459915252402,0.7615864872932434,0.1420441716909408,0.0504587814211845,0.0049491301178932,Drama
0.027772044762969,0.0548209249973297,0.1124202981591224,0.0159742906689643,0.0880643725395202,0.6785041093826294,0.022444013506174,Drama
0.4069893360137939,0.2405330687761306,0.034758873283863,0.002122433623299,0.0204869508743286,0.2909471988677978,0.004162126686424,Drama
0.5333590507507324,0.1491218358278274,0.095817707479,0.0073386118747293,0.1478075534105301,0.0615299865603446,0.0050252261571586,Drama
0.1731968224048614,0.0358247980475425,0.0884348452091217,0.1045271530747413,0.5448698997497559,0.0454475209116935,0.0076989294029772,Drama
0.0074563790112733,0.0141056701540946,0.052938625216484,0.0158637315034866,0.8384968042373657,0.0070787575095891,0.0640600621700286,Drama
0.0169064365327358,0.9370187520980836,0.0310959462076425,0.0006391619099304,0.0076546529307961,0.0047287228517234,0.0019562316592782,Drama
0.0280453525483608,0.0084108570590615,0.869563639163971,0.0013745608739554,0.012633079662919,0.0772429183125495,0.0027297225315123,Drama
0.025574879720807,0.006004181690514,0.017659394070506,0.1083745285868644,0.7210742235183716,0.0708684176206588,0.050444345921278,Drama
0.0412502512335777,0.8108981847763062,0.0054698213934898,0.0034013795666396,0.1228545606136322,0.0143272280693054,0.0017985679442062,Drama
0.866630494594574,0.0177730824798345,0.0614292211830616,0.0074628037400543,0.0168278142809867,0.0146737275645136,0.0152028976008296,Drama
0.6404938697814941,0.0779527723789215,0.0300012249499559,0.0012330709723755,0.0274387896060943,0.2180198282003402,0.0048603722825646,Drama
0.0382605642080307,0.0893572345376014,0.0245566088706254,0.0079546207562088,0.0876820310950279,0.7431288361549377,0.0090600149706006,Drama
0.0288533139973878,0.0267596263438463,0.0140626309439539,0.0008946564048528,0.0473515428602695,0.8718240261077881,0.0102542052045464,Drama
0.7654898166656494,0.1047414690256118,0.0878988578915596,0.0018758525839075,0.0235972199589014,0.0137255098670721,0.0026712256949394,Drama
