anger,disgust,fear,joy,neutral,sadness,surprise,genre
0.0064998092129826,0.0043551451526582,0.0045826938003301,0.0114603843539953,0.7617325186729431,0.0511576384305954,0.1602118760347366,Biography
0.023755345493555,0.0105921356007456,0.0232945103198289,0.0290298704057931,0.3664257526397705,0.0591413974761962,0.4877610504627228,Biography
0.0307966135442256,0.0177464559674263,0.061935406178236,0.0227136295288801,0.2940510213375091,0.4317038655281067,0.1410530358552932,Biography
0.0246298648416996,0.0040695630013942,0.0476024486124515,0.3289532959461212,0.2489512711763382,0.0768139585852623,0.268979549407959,Biography
0.0116975232958793,0.9522985219955444,0.0221878550946712,0.00129234790802,0.0021582692861557,0.0072681433521211,0.0030973353423178,Biography
0.0176681522279977,0.0067907799966633,0.0307461321353912,0.0269577298313379,0.185988962650299,0.189529001712799,0.5423192977905273,Biography
0.0112807042896747,0.0425581745803356,0.0407189987599849,0.0085527505725622,0.8772034645080566,0.0117342490702867,0.0079518230631947,Biography
0.1145339086651802,0.0371625609695911,0.3282491862773895,0.0061701391823589,0.0213057752698659,0.4343500733375549,0.0582283586263656,Biography
0.0316750779747962,0.0298156812787055,0.6042870879173279,0.0551225468516349,0.0616231970489025,0.0538303814828395,0.1636460572481155,Biography
0.0055047501809895,0.0229792930185794,0.0008675778517499,0.0177620258182287,0.9010579586029052,0.0129044987261295,0.0389240011572837,Biography
0.1018880978226661,0.004564597737044,0.4906817674636841,0.0331963039934635,0.0590918958187103,0.0993862748146057,0.2111910581588745,Biography
0.017071908339858,0.0121803618967533,0.0567958950996398,0.0180199407041072,0.1812494993209839,0.0463214367628097,0.6683610081672668,Biography
0.0444593727588653,0.0017553770449012,0.917431652545929,0.005491015035659,0.0023779384791851,0.0074605583213269,0.021024065092206,Biography
0.0618274733424186,0.006912434939295,0.7422240376472473,0.0525866858661174,0.0310361050069332,0.0352496616542339,0.0701636150479316,Biography
0.0391269363462924,0.0127617828547954,0.1137555390596389,0.0184335503727197,0.1576219797134399,0.0685464590787887,0.5897537469863892,Biography
0.0099630812183022,0.0058878124691545,0.0088397990912199,0.0871671438217163,0.6038104891777039,0.0382017940282821,0.2461299002170562,Biography
