anger,disgust,fear,joy,neutral,sadness,surprise,genre
0.0365523919463157,0.1397964656352996,0.0444104261696338,0.0063331294804811,0.5110240578651428,0.2517756819725036,0.0101078506559133,Drama
0.8417651653289795,0.0353011414408683,0.0274049304425716,0.0021225831005722,0.0193315800279378,0.0728301852941513,0.0012444324092939,Drama
0.1222324892878532,0.1946724206209182,0.010380039922893,0.0057900487445294,0.0425241515040397,0.6197572946548462,0.0046435762196779,Drama
0.2621563971042633,0.2029873877763748,0.0134272258728742,0.0025885812938213,0.3598562479019165,0.154622197151184,0.004361982923001,Drama
0.0373944416642189,0.1461124569177627,0.0074729812331497,0.0043913945555686,0.7084800601005554,0.0923837348818779,0.0037649471778422,Drama
0.0606296323239803,0.0825375765562057,0.0836341455578804,0.0199631694704294,0.6329504251480103,0.0926910564303398,0.0275938920676708,Drama
0.0466560944914817,0.0591476969420909,0.0018230456626042,0.1744708865880966,0.6996541023254395,0.0098458500578999,0.00840231962502,Drama
0.9531484246253968,0.0139696625992655,0.0027996639255434,0.0009393008658662,0.0200464501976966,0.0052586998790502,0.00383767997846,Drama
0.0429022833704948,0.8913346529006958,0.0131694786250591,0.0005851000314578,0.0261520501226186,0.0233311038464307,0.0025251610204577,Drama
0.0744744092226028,0.0679624900221824,0.004320643376559,0.0257797408849,0.8027569055557251,0.0075136651284992,0.0171921700239181,Drama
