anger,disgust,fear,joy,neutral,sadness,surprise,genre
0.0026449982542544,0.0014569995691999,0.0018463099841028,0.9667909145355223,0.0131092341616749,0.0105837369337677,0.0035678253043442,Thriller
0.1457964479923248,0.1146201342344284,0.7007555961608887,0.0013775475090369,0.0183699410408735,0.0131370984017848,0.0059432294219732,Thriller
0.0512230768799781,0.3048755228519439,0.0046001756563782,0.0033996044658124,0.4923546314239502,0.0267077945172786,0.1168392077088356,Thriller
0.0098225092515349,0.014584757387638,0.0027310885488986,0.0061135133728384,0.4019947052001953,0.0083136046305298,0.5564398169517517,Thriller
0.0682899802923202,0.0591296516358852,0.0099591622129082,0.0089026940986514,0.5403054356575012,0.3005744516849518,0.0128386756405234,Thriller
0.0203294474631547,0.006486021913588,0.8514690399169922,0.0036456505768001,0.0871800035238266,0.0095536718145012,0.0213361270725727,Thriller
0.0095597580075263,0.0123379547148942,0.0028533129952847,0.0044532935135066,0.8486119508743286,0.0101432250812649,0.1120405495166778,Thriller
0.1062775403261184,0.0878542214632034,0.0065940106287598,0.0116966543719172,0.7596821784973145,0.0243818089365959,0.0035136202350258,Thriller
0.0747335627675056,0.6571125388145447,0.0699461922049522,0.0029811393469572,0.0688182488083839,0.1222659721970558,0.0041424753144383,Thriller
0.3566767573356628,0.4732827842235565,0.1123122945427894,0.0121005019173026,0.0196041017770767,0.0251556541770696,0.0008678758167661,Thriller
0.0478604510426521,0.1695052683353424,0.022427188232541,0.089697740972042,0.5466286540031433,0.0459056347608566,0.0779749974608421,Thriller
0.2588103115558624,0.0101834135130047,0.7087233066558838,0.0012404553126543,0.0131350103765726,0.0040357979014515,0.0038716904819011,Thriller
0.4768573939800262,0.0381384938955307,0.4032247364521026,0.0037368617486208,0.0532864965498447,0.0197699069976806,0.0049860421568155,Thriller
0.0958601087331771,0.0686134397983551,0.0432529486715793,0.0038378918543457,0.5423978567123413,0.1335183978080749,0.1125193610787391,Thriller
0.39520925283432,0.0381643436849117,0.204798936843872,0.0021323668770492,0.2785908877849579,0.0473694205284118,0.0337348617613315,Thriller
0.043579563498497,0.0422343388199806,0.005130679346621,0.0054350257851183,0.8830941915512085,0.0108660403639078,0.0096601909026503,Thriller
0.3373386561870575,0.3413458466529846,0.0873469710350036,0.002144721802324,0.0962259843945503,0.1236317977309227,0.0119659900665283,Thriller
0.0727607607841491,0.0192514862865209,0.3680400252342224,0.0049225809052586,0.0838409811258316,0.219737023115158,0.231447160243988,Thriller
