anger,disgust,fear,joy,neutral,sadness,surprise,genre
0.0371730290353298,0.2287718206644058,0.2624706625938415,0.3416307866573334,0.0762477964162826,0.0163491815328598,0.0373567380011081,Romance_Film
0.3566495478153229,0.2465441077947616,0.0443172417581081,0.008199568837881,0.2943471670150757,0.0301738157868385,0.019768526777625,Romance_Film
0.0521791912615299,0.1143011376261711,0.0232067741453647,0.0110989501699805,0.1052111461758613,0.6812558174133301,0.0127470036968588,Romance_Film
0.0977924019098281,0.5490983128547668,0.0030827538575977,0.0350300408899784,0.2292635291814804,0.0833277404308319,0.0024053039960563,Romance_Film
0.0517792627215385,0.0397343933582305,0.0030857375822961,0.024268627166748,0.0409710817039012,0.8385281562805176,0.0016327715711668,Romance_Film
0.2565661072731018,0.1189066022634506,0.075670413672924,0.0429291613399982,0.2127683162689209,0.2621744573116302,0.0309849120676517,Romance_Film
0.1386859565973281,0.0222273245453834,0.0199068710207939,0.0012645771494135,0.0163698215037584,0.7924461960792542,0.0090992087498307,Romance_Film
0.3070634007453918,0.2437588274478912,0.0407598912715911,0.0294536389410495,0.3233641982078552,0.050949290394783,0.0046506971120834,Romance_Film
0.0144339753314852,0.0498345829546451,0.0774818211793899,0.0888733342289924,0.3909484148025512,0.3447370529174804,0.0336907729506492,Romance_Film
0.0383825190365314,0.3640646040439605,0.0067786718718707,0.0509143285453319,0.4590852260589599,0.0755237266421318,0.0052509638480842,Romance_Film
0.015805734321475,0.4938608109951019,0.0279366504400968,0.0174237173050642,0.3900296986103058,0.0175503455102443,0.0373930409550666,Romance_Film
