anger,disgust,fear,joy,neutral,sadness,surprise,genre
0.0012019104324281,0.0023144131992012,0.9823567867279052,0.0011961519485339,0.0084439357742667,0.0029899005312472,0.0014968062750995,Drama
0.0389067120850086,0.1934353560209274,0.0358892641961574,0.0030353309120982,0.6402575969696045,0.0312860421836376,0.0571897327899932,Drama
0.0297526810318231,0.3641404211521148,0.0682858675718307,0.0035632427316159,0.4295538663864136,0.1004684045910835,0.0042356541380286,Drama
0.0033553321845829,0.0069040604867041,0.9736719131469728,0.0009303036495111,0.0095375180244445,0.0039672311395406,0.0016336675034835,Drama
0.0088917175307869,0.0204246845096349,0.0012992565752938,0.0054748002439737,0.94932758808136,0.0070777423679828,0.007504092529416,Drama
0.0216369498521089,0.0926423221826553,0.0049631623551249,0.0024958050344139,0.811479926109314,0.0307377558201551,0.0360441021621227,Drama
0.0031811543740332,0.0047838320024311,0.0053478237241506,0.0012343489797785,0.0110594211146235,0.0011206836206838,0.9732728004455566,Drama
0.6935212016105652,0.0802146345376968,0.0176082290709018,0.0060085775330662,0.1898114532232284,0.0110907675698399,0.001745160552673,Drama
0.0946046710014343,0.0792120471596717,0.3456818163394928,0.0057181450538337,0.2667545974254608,0.2017699629068374,0.0062587661668658,Drama
0.0092518161982297,0.2169635593891143,0.1074952855706214,0.0038442672230303,0.1587778776884079,0.4551888406276703,0.0484783090651035,Drama
0.0077637005597352,0.023214966058731,0.494636058807373,0.0553630068898201,0.3767842948436737,0.0346736200153827,0.0075643341988325,Drama
0.0174739491194486,0.3919401168823242,0.0167739037424325,0.0060204085893929,0.1865760236978531,0.3750508725643158,0.0061647831462323,Drama
0.2854959070682525,0.4265706241130829,0.0071787489578127,0.0025239270180463,0.2597333788871765,0.016501585021615,0.0019957148469984,Drama
0.0577180422842502,0.5167877674102783,0.1390285193920135,0.0027126241475343,0.1845043152570724,0.0851367712020874,0.0141119845211505,Drama
0.0082718124613165,0.0494395829737186,0.0025067005772143,0.1876377314329147,0.7288997173309326,0.0094268983229994,0.0138176148757338,Drama
0.0997357815504074,0.5191057324409485,0.0048437472432851,0.008974228054285,0.1196203157305717,0.2248695492744445,0.0228506512939929,Drama
0.0523954555392265,0.6606959700584412,0.1152040883898735,0.0015754128107801,0.0587207414209842,0.1086974591016769,0.0027109824586659,Drama
0.0584294497966766,0.9118920564651488,0.0057002543471753,0.0005315580638125,0.0169011745601892,0.0039368346333503,0.0026087800506502,Drama
0.3624782264232635,0.347137302160263,0.0445491336286067,0.0035246559418737,0.2176074534654617,0.0227406099438667,0.0019626712892204,Drama
0.4312357902526855,0.2713372707366943,0.0087932972237467,0.0016967887058854,0.0936196222901344,0.1722981482744217,0.0210190657526254,Drama
0.0019765209872275,0.0013416735455393,0.9783944487571716,0.0012164120562374,0.0091365789994597,0.0054277745075523,0.0025065187364816,Drama
0.0164630599319934,0.4127093851566314,0.0911851301789283,0.0020932771731168,0.1256436854600906,0.3454480767250061,0.0064574708230793,Drama
0.0399550758302211,0.1732278019189834,0.0165797546505928,0.0028650248423218,0.0617493651807308,0.7038017511367798,0.001821226789616,Drama
0.9494692087173462,0.0045211124233901,0.0238160863518714,0.0006672508316114,0.0140792271122336,0.0038896338082849,0.0035575360525399,Drama
0.0202843248844146,0.016104994341731,0.0020749622490257,0.1273485720157623,0.751265823841095,0.0645583048462867,0.0183630213141441,Drama
