anger,disgust,fear,joy,neutral,sadness,surprise,genre
0.2735701203346252,0.0673860609531402,0.0110478419810533,0.0038025232497602,0.0150084299966692,0.6211686730384827,0.0080164400860667,Action
0.9834665656089784,0.0040738466195762,0.0019023104105144,0.000806012249086,0.0018120538443326,0.0069850273430347,0.0009542320040054,Action
0.0126853268593549,0.0087721878662705,0.0089550539851188,0.0173181220889091,0.120889164507389,0.7924573421478271,0.0389228016138076,Action
0.1627783775329589,0.535214900970459,0.0271424558013677,0.0021453364752233,0.2253874689340591,0.0266341660171747,0.0206972453743219,Action
0.4577103555202484,0.0532524846494197,0.0018849173793569,0.0044381767511367,0.0471113361418247,0.4291116893291473,0.0064909518696367,Action
0.0179236102849245,0.0250044427812099,0.0139857567846775,0.0138427633792161,0.0407697632908821,0.8749785423278809,0.0134951137006282,Action
0.7126314043998718,0.0326156206429004,0.0696213766932487,0.0047730263322591,0.1602206528186798,0.0154167916625738,0.0047210869379341,Action
0.005437119398266,0.0066063054837286,0.0039362972602248,0.6556702256202698,0.2005966901779174,0.0889400765299797,0.0388133004307746,Action
0.0061158281750977,0.0064539117738604,0.0044137681834399,0.192933976650238,0.6391394138336182,0.1284237056970596,0.0225194208323955,Action
0.0040328176692128,0.1405557692050933,0.003759259590879,0.012816428206861,0.7663519382476807,0.0068145147524774,0.0656692162156105,Action
0.8320304751396179,0.104045532643795,0.0057247909717261,0.0008642943575978,0.0347153507173061,0.020975537598133,0.0016439722385257,Action
0.1936778277158737,0.0422530695796012,0.1859625577926635,0.0908499807119369,0.4228384792804718,0.0616376996040344,0.0027803191915154,Action
0.2598909437656402,0.0490892753005027,0.6700748205184937,0.001873338362202,0.0084437942132353,0.0061379168182611,0.0044899214990437,Action
0.2040603905916214,0.3511388897895813,0.0063006095588207,0.0207411237061023,0.375573068857193,0.0405055806040763,0.0016804173355922,Action
0.4440666735172272,0.0567826256155967,0.009375799447298,0.0136112943291664,0.258300632238388,0.2082999944686889,0.0095629189163446,Action
0.026600832119584,0.2519427239894867,0.0072299754247069,0.0042778332717716,0.1404094099998474,0.5652737617492676,0.004265465773642,Action
0.3449695110321045,0.3391703069210052,0.0475634783506393,0.0012391998898237,0.0163001399487257,0.2440022677183151,0.0067550572566688,Action
0.6267718076705933,0.2844840586185455,0.0307203494012355,0.0066110263578593,0.0321180894970893,0.0153570808470249,0.0039374837651848,Action
0.3908866941928863,0.3073212206363678,0.1171245723962783,0.0147374458611011,0.1167087033390998,0.0460595712065696,0.007161783054471,Action
0.0925516486167907,0.2078108787536621,0.0104458639398217,0.3331204056739807,0.1785164028406143,0.1743910759687423,0.0031638108193874,Action
0.1091176941990852,0.2628151774406433,0.0042171375826001,0.0128484824672341,0.2099633812904358,0.3971976935863495,0.0038404066581279,Action
0.0012171026319265,0.0035960527602583,0.0120763052254915,0.0016359923174604,0.0194468442350626,0.950000524520874,0.0120271136984229,Action
0.779240071773529,0.1469184011220932,0.0031402339227497,0.0030054971575737,0.027460727840662,0.0380487889051437,0.002186244353652,Action
0.0101184919476509,0.018617482855916,0.0014735411386936,0.7381441593170166,0.192067414522171,0.0363959185779094,0.0031829501967877,Action
