anger,disgust,fear,joy,neutral,sadness,surprise,genre
0.1640200465917587,0.1414550244808197,0.6549791097640991,0.0020462435204535,0.0148236630484461,0.0151715967804193,0.0075043565593659,Slasher
0.2276463657617569,0.0056403428316116,0.6631709337234497,0.0034059262834489,0.0086013991385698,0.0863497033715248,0.0051853656768798,Slasher
0.0080404989421367,0.0074848444201052,0.0475102290511131,0.0014138463884592,0.025595000013709,0.8944480419158936,0.0155075527727603,Slasher
0.4777283072471618,0.2069725543260574,0.1803952753543853,0.0027199699543416,0.0211182627826929,0.105118378996849,0.0059472019784152,Slasher
0.2650228440761566,0.0691288784146308,0.1165719404816627,0.0200339443981647,0.5023263096809387,0.0166729893535375,0.0102430516853928,Slasher
0.0707191601395607,0.0324691087007522,0.0014268322847783,0.0705944076180458,0.8052924275398254,0.0097718490287661,0.0097261667251586,Slasher
0.7370570302009583,0.0919081196188926,0.0959882289171218,0.0020274634007364,0.0461377277970314,0.019631864503026,0.0072494931519031,Slasher
0.5085166096687317,0.2854188978672027,0.0321807414293289,0.0056657777167856,0.123953066766262,0.0406320467591285,0.0036328372079879,Slasher
0.4608516693115234,0.0553463846445083,0.1686135679483413,0.0025329065974801,0.152507483959198,0.1240941733121872,0.0360538586974144,Slasher
0.0041130743920803,0.0434154905378818,0.0066321385093033,0.0171269364655017,0.8097236156463623,0.096278116106987,0.0227105524390935,Slasher
