anger,disgust,fear,joy,neutral,sadness,surprise,genre
0.0612489841878414,0.1264417022466659,0.77251136302948,0.0042014769278466,0.0269418321549892,0.0045655602589249,0.004089131951332,Screwball_comedy
0.0084551414474844,0.1823637783527374,0.0176704954355955,0.0680894255638122,0.5771586298942566,0.0178978703916072,0.128364697098732,Screwball_comedy
0.026142394170165,0.0055895764380693,0.8955019116401672,0.003622991964221,0.017159366980195,0.0038089421577751,0.0481749065220356,Screwball_comedy
0.2385792136192321,0.0043659172952175,0.4842678010463714,0.0052427542395889,0.0071167615242302,0.2481592446565628,0.0122684016823768,Screwball_comedy
0.003045393154025,0.0316605605185031,0.0635606572031974,0.0214021541178226,0.1369936466217041,0.7102454304695129,0.0330921597778797,Screwball_comedy
0.004811312071979,0.0072622634470462,0.0038903530221432,0.0023583269212394,0.964195728302002,0.0047187795862555,0.0127631174400448,Screwball_comedy
0.0378646850585937,0.0706595182418823,0.0347864143550396,0.0150769613683223,0.7331361770629883,0.0145636210218071,0.0939126834273338,Screwball_comedy
0.1423587501049041,0.8210376501083374,0.0056570470333099,0.0006643827655352,0.0133645376190543,0.0153450658544898,0.0015725017292425,Screwball_comedy
0.0049638077616691,0.0042893942445516,0.0021229546982795,0.006581949070096,0.9709751605987548,0.0071485466323792,0.003918164409697,Screwball_comedy
0.6175629496574402,0.0974773317575454,0.1512416899204254,0.0050849220715463,0.109249860048294,0.0132261514663696,0.0061571053229272,Screwball_comedy
0.0911527872085571,0.0803519263863563,0.250038743019104,0.0068767997436225,0.5272735953330994,0.0227349177002906,0.0215712301433086,Screwball_comedy
0.0959601998329162,0.0151832634583115,0.1169441789388656,0.0113501157611608,0.7238280177116394,0.0130732636898756,0.0236610639840364,Screwball_comedy
0.2677115499973297,0.3441534638404846,0.0595585592091083,0.0108024813234806,0.2529689371585846,0.0507956519722938,0.0140093844383955,Screwball_comedy
0.4252165853977203,0.4667578339576721,0.0506273880600929,0.0013661627890542,0.0214546006172895,0.0309260841459035,0.0036513423547148,Screwball_comedy
0.0960896015167236,0.505233883857727,0.0733073130249977,0.022609369829297,0.2515888810157776,0.0371001288294792,0.0140707464888691,Screwball_comedy
0.6341050267219543,0.0746281221508979,0.2612464129924774,0.0017765037482604,0.0212756246328353,0.0027436395175755,0.0042247045785188,Screwball_comedy
0.8810103535652161,0.0356961749494075,0.0042894263751804,0.000966957071796,0.0666581615805625,0.008711440488696,0.0026673979591578,Screwball_comedy
0.01268957182765,0.0162474084645509,0.0741445422172546,0.0037000903394073,0.8514145612716675,0.0217243395745754,0.0200794264674186,Screwball_comedy
0.0408776327967643,0.0077943224459886,0.1647002846002578,0.0070123649202287,0.7232154011726379,0.0165870077908039,0.0398129858076572,Screwball_comedy
0.1764917522668838,0.0997927486896514,0.0078775128349661,0.0137743894010782,0.3851744830608368,0.0276998970657587,0.2891892194747925,Screwball_comedy
0.0220487136393785,0.0089533301070332,0.9128304719924928,0.0013115250039845,0.0251309648156166,0.0052612307481467,0.0244638584554195,Screwball_comedy
0.1867825090885162,0.066004067659378,0.6684931516647339,0.0021314576733857,0.0455994345247745,0.0218929518014192,0.0090964222326874,Screwball_comedy
0.0243973117321729,0.0563073940575122,0.0022022523917257,0.569632887840271,0.3220598101615906,0.0182876251637935,0.0071127545088529,Screwball_comedy
0.93390691280365,0.0176045354455709,0.0079971998929977,0.0016316395485773,0.0215957593172788,0.002947726054117,0.0143161639571189,Screwball_comedy
0.0036146491765975,0.0039898855611681,0.0007283764425665,0.7679771184921265,0.182645633816719,0.0069400970824062,0.0341041758656501,Screwball_comedy
0.0218815542757511,0.0343415103852748,0.0528652556240558,0.0147179709747433,0.71996009349823,0.0277915317565202,0.128442034125328,Screwball_comedy
