anger,disgust,fear,joy,neutral,sadness,surprise,genre
0.0098466631025075,0.0031400052830576,0.0200324617326259,0.0178273674100637,0.8822426795959473,0.027984332293272,0.0389264449477195,Action
0.0068359994329512,0.0026976685039699,0.0041639879345893,0.0210347864776849,0.5364194512367249,0.0147388959303498,0.4141091704368591,Action
0.043106984347105,0.1212600171566009,0.0042594270780682,0.0077856485731899,0.8117657899856567,0.0087874867022037,0.0030347402207553,Action
0.0384807474911212,0.0536872223019599,0.00503805372864,0.0136815626174211,0.8545485734939575,0.0133709255605936,0.0211928114295005,Action
0.2097190171480178,0.3132350742816925,0.0132096810266375,0.0023884640540927,0.4440297782421112,0.0137061644345521,0.003711792640388,Action
0.0492038130760192,0.0570827387273311,0.0543729327619075,0.0018385779112577,0.0267274919897317,0.8036462068557739,0.0071282843127846,Action
0.002326141577214,0.0154920602217316,0.0092013971880078,0.0028471632394939,0.051594104617834,0.9086002111434937,0.0099388463422656,Action
0.0096451453864574,0.0106501281261444,0.0032161017879843,0.1404890865087509,0.7089902758598328,0.0134911853820085,0.1135180070996284,Action
0.0338922925293445,0.2553717494010925,0.0397340059280395,0.0071458211168646,0.6347659826278687,0.0084962835535407,0.0205938480794429,Action
0.0248963050544261,0.443204790353775,0.0244836322963237,0.1012465879321098,0.3487133085727691,0.0498733781278133,0.0075820400379598,Action
