anger,disgust,fear,joy,neutral,sadness,surprise,genre
0.0542844608426094,0.8791927099227905,0.0260632019490003,0.0005990191712044,0.0197734087705612,0.0174174737185239,0.002669820562005,Science_Fiction
0.040472112596035,0.0121541786938905,0.1939578354358673,0.0156054776161909,0.5511041879653931,0.1318688541650772,0.054837342351675,Science_Fiction
0.0131560815498232,0.0125706503167748,0.7310077548027039,0.0026847836561501,0.0415306873619556,0.0043688714504241,0.1946810632944107,Science_Fiction
0.0099499225616455,0.6191802620887756,0.0074890088289976,0.0013715375680476,0.3036447465419769,0.0345237292349338,0.0238407533615827,Science_Fiction
0.0495982691645622,0.216669276356697,0.0420943275094032,0.0036262806970626,0.2545227706432342,0.0036195192951709,0.4298695623874664,Science_Fiction
0.291875809431076,0.0097552770748734,0.4202097654342651,0.0064807957969605,0.2176445722579956,0.0336580201983451,0.0203756690025329,Science_Fiction
0.1827114820480346,0.2433925569057464,0.018689913675189,0.0017270169919356,0.5059295296669006,0.0416242405772209,0.0059252721257507,Science_Fiction
0.3249790966510772,0.0633784383535385,0.56122225522995,0.0008631626842543,0.0082402732223272,0.0371400825679302,0.0041766162030398,Science_Fiction
0.0906100496649742,0.0266526043415069,0.6197446584701538,0.0059009687975049,0.1982723325490951,0.0111093698069453,0.0477100014686584,Science_Fiction
0.0184003114700317,0.101840391755104,0.0492037124931812,0.003091211663559,0.2497739046812057,0.0975195169448852,0.4801709055900574,Science_Fiction
0.0157464016228914,0.0407558418810367,0.0072775366716086,0.0028996639885008,0.8320335745811462,0.023783303797245,0.0775036215782165,Science_Fiction
0.2052051723003387,0.0332436002790927,0.023279583081603,0.0036285361275076,0.0780431628227233,0.5671334862709045,0.0894664898514747,Science_Fiction
0.2553106844425201,0.0850587859749794,0.0309824887663126,0.0022041290067136,0.120389237999916,0.4949047565460205,0.0111499084159731,Science_Fiction
0.1243051812052726,0.1113191470503807,0.0923835933208465,0.0057014669291675,0.6181681752204895,0.0427446961402893,0.0053776674903929,Science_Fiction
0.2713415920734405,0.2024077475070953,0.0799970999360084,0.0051559847779572,0.2193324863910675,0.1497449427843094,0.0720201805233955,Science_Fiction
0.187291607260704,0.4893226623535156,0.2677337229251861,0.001825887709856,0.0375880151987075,0.0090265376493334,0.0072116232477128,Science_Fiction
0.0773897767066955,0.867443323135376,0.0327627211809158,0.0006097311270423,0.0130574004724621,0.0070674973540008,0.0016695031663402,Science_Fiction
0.6558083295822144,0.205906257033348,0.0056481775827705,0.0022682128474116,0.0917400047183036,0.036412414163351,0.0022167877759784,Science_Fiction
0.490934282541275,0.2970603108406067,0.0993478149175643,0.0021484403405338,0.0914111509919166,0.007699872367084,0.0113981207832694,Science_Fiction
0.396967202425003,0.3855973184108734,0.023210285231471,0.0027153976261615,0.1246484071016311,0.0485612899065017,0.0183000210672616,Science_Fiction
0.1408530175685882,0.3027631938457489,0.0047320229932665,0.0019779109861701,0.509852945804596,0.0318670347332954,0.0079539297148585,Science_Fiction
0.4646934568881988,0.0926774218678474,0.3070632517337799,0.0028953843284398,0.1141110137104988,0.0130271380767226,0.0055323769338428,Science_Fiction
0.1034296303987503,0.4001842141151428,0.0063792509026825,0.0017283625202253,0.4627974927425384,0.0081141572445631,0.0173669587820768,Science_Fiction
0.6400279402732849,0.1437112540006637,0.0445371605455875,0.0017313356511294,0.0910479426383972,0.0698956176638603,0.0090486966073513,Science_Fiction
0.0905888527631759,0.0310417152941226,0.0407805182039737,0.0029282602481544,0.7526931762695312,0.0166811514645814,0.0652863606810569,Science_Fiction
0.0259659588336944,0.7412135004997253,0.0031534812878817,0.0083568869158625,0.204651653766632,0.0133349606767296,0.0033236164599657,Science_Fiction
0.0171531662344932,0.0141072431579232,0.3869413733482361,0.0043251668103039,0.1098507046699523,0.021370543166995,0.446251779794693,Science_Fiction
