anger,disgust,fear,joy,neutral,sadness,surprise,genre
0.0021329361479729,0.0005517054232768,0.0005370985600166,0.9176037907600404,0.0443923622369766,0.0054481164552271,0.0293340068310499,Comedy
0.0288103446364402,0.0670173913240432,0.0078103570267558,0.0629901364445686,0.3798598647117615,0.4479921460151672,0.0055196746252477,Comedy
0.0229480098932981,0.0808735713362693,0.0506006889045238,0.0143930474296212,0.0424524545669555,0.7861253023147583,0.0026069413870573,Comedy
0.0177866853773593,0.0479712337255477,0.0054746312089264,0.1689625680446624,0.6807820796966553,0.0125192403793334,0.0665036439895629,Comedy
0.0083077531307935,0.0538456849753856,0.0122538739815354,0.4869215190410614,0.3897246718406677,0.0240287780761718,0.024917734786868,Comedy
0.0148032056167721,0.7261856198310852,0.0683415383100509,0.0147236343473196,0.133354365825653,0.0361269004642963,0.0064646792598068,Comedy
0.0033142454922199,0.0499792173504829,0.0881253629922866,0.0143780279904603,0.0302960556000471,0.8062943816184998,0.0076126921921968,Comedy
0.0311437863856554,0.0465666279196739,0.0039358087815344,0.0092170294374227,0.0653654187917709,0.8394586443901062,0.0043126242235302,Comedy
0.1867947578430175,0.4793416261672973,0.0069706253707408,0.0298433266580104,0.2122495770454406,0.0810118988156318,0.0037881741300225,Comedy
0.0176673922687768,0.0167275890707969,0.001517497585155,0.7311483025550842,0.1758276373147964,0.0275150034576654,0.029596509411931,Comedy
