anger,disgust,fear,joy,neutral,sadness,surprise,genre
0.0046325670555233,0.0032200950663536,0.0012226951075717,0.8859185576438904,0.0800865292549133,0.0223069190979003,0.0026126347947865,Family_Film
0.3199677169322967,0.4324739873409271,0.016490826383233,0.0038007218390703,0.0161622986197471,0.2101199179887771,0.0009844807209447,Family_Film
0.0051654549315571,0.0704004392027854,0.0022000805474817,0.8619653582572937,0.0407892689108848,0.0179117023944854,0.0015676969196647,Family_Film
0.965595841407776,0.0170356128364801,0.000865536276251,0.0012467470951378,0.0107399439439177,0.0037738236133009,0.0007425636285915,Family_Film
0.004606154281646,0.0054286755621433,0.002594371791929,0.138920858502388,0.7921338081359863,0.0172418933361768,0.0390742495656013,Family_Film
0.0163977667689323,0.1660575419664383,0.0828524827957153,0.0061624445952475,0.2051886618137359,0.5182031393051147,0.0051379157230257,Family_Film
0.0839865952730178,0.0295199993997812,0.0004440298944246,0.802573025226593,0.0597468875348567,0.019736535847187,0.0039929854683578,Family_Film
0.0376808606088161,0.0370208285748958,0.1340981423854828,0.3657543361186981,0.3963233530521393,0.0261125024408102,0.0030099207069724,Family_Film
0.0177816003561019,0.0107916397973895,0.8362555503845215,0.0053471270948648,0.0632190033793449,0.0608220882713794,0.0057828989811241,Family_Film
0.1472764760255813,0.0708516538143158,0.0211250856518745,0.0081431604921817,0.5217530727386475,0.2135657221078872,0.0172847993671894,Family_Film
0.0112910252064466,0.0290497634559869,0.0031155343167483,0.4037634134292602,0.5365020632743835,0.0076397452503442,0.0086384993046522,Family_Film
0.0037360941059887,0.0051485770381987,0.0012496404815465,0.5828068852424622,0.3117581903934479,0.0733269974589347,0.0219736192375421,Family_Film
0.027382519096136,0.0215655919164419,0.1090321838855743,0.2755067348480224,0.4855920076370239,0.026014432311058,0.0549064241349697,Family_Film
0.0075271697714924,0.0539526045322418,0.0176519583910703,0.0115269804373383,0.8866751194000244,0.0063608973287045,0.0163053218275308,Family_Film
