anger,disgust,fear,joy,neutral,sadness,surprise,genre
0.0120365573093295,0.0091205770149827,0.0041998149827122,0.0019049029797315,0.0126511650159955,0.9571191072463988,0.0029678710270673,Drama
0.0391443967819213,0.0687045603990554,0.0032991901971399,0.0083725582808256,0.8685322999954224,0.0061391503550112,0.0058079455047845,Drama
0.628661036491394,0.1033730655908584,0.0224486514925956,0.0014799396740272,0.0674540922045707,0.171231597661972,0.0053515513427555,Drama
0.0669660046696662,0.2498888373374939,0.1027790158987045,0.0024142684414982,0.1552534401416778,0.4168579280376434,0.0058405278250575,Drama
0.0976905822753906,0.0668357536196708,0.0371425300836563,0.0663857087492942,0.5896807312965393,0.126707836985588,0.0155567778274416,Drama
0.1658281832933426,0.1736134439706802,0.008123337291181,0.0673918947577476,0.1842601746320724,0.3988538980484009,0.0019290881464257,Drama
0.0201563015580177,0.1693465560674667,0.0101488791406154,0.0094565358012914,0.6988280415534973,0.0150307202711701,0.0770330503582954,Drama
0.0062456773594021,0.0037323797587305,0.001294974470511,0.0234072506427764,0.9389581680297852,0.0023632002994418,0.0239983536303043,Drama
0.0160805620253086,0.0172308683395385,0.8857108950614929,0.0038028596900403,0.0574160441756248,0.006336388643831,0.0134223699569702,Drama
0.0053781094029545,0.0110305240377783,0.3060254454612732,0.0046248007565736,0.0305241979658603,0.6381269097328186,0.0042899791151285,Drama
0.0103887729346752,0.0124775655567646,0.0285454802215099,0.0040239449590444,0.921566903591156,0.0058768377639353,0.0171204581856727,Drama
0.8547823429107666,0.0403311848640441,0.0138044552877545,0.0013784031616523,0.0815942734479904,0.0052678082138299,0.0028414819389581,Drama
0.3121035099029541,0.4813837110996246,0.0437995940446853,0.0050657913088798,0.116461805999279,0.0335567630827426,0.0076287938281893,Drama
0.16031114757061,0.0905516669154167,0.0227366015315055,0.0375106371939182,0.6582009792327881,0.0255899187177419,0.0050991065800189,Drama
0.0156963393092155,0.0062297317199409,0.0172524601221084,0.0590504482388496,0.7406164407730103,0.0053852247074246,0.1557693630456924,Drama
0.0784503296017646,0.0217762123793363,0.8302662968635559,0.0019490316044539,0.0324178971350193,0.0247093793004751,0.0104308240115642,Drama
0.0067976326681673,0.0066592032089829,0.0013822263572365,0.0855575278401374,0.8789582848548889,0.0097433486953377,0.0109017416834831,Drama
0.0216452591121196,0.0551290847361087,0.0784713551402092,0.0128312157467007,0.6630325317382812,0.1593850702047348,0.0095054572448134,Drama
0.0353902988135814,0.0406604334712028,0.0465523898601532,0.0046665156260132,0.1065768748521804,0.7628321647644043,0.0033213186543434,Drama
0.4394046366214752,0.2086935937404632,0.2617138028144836,0.0042064855806529,0.0555134080350399,0.0286090485751628,0.0018589873798191,Drama
0.079415276646614,0.0103903179988265,0.1803923547267913,0.0193080510944128,0.543901801109314,0.0035976704675704,0.1629945337772369,Drama
0.3105733394622803,0.2122921198606491,0.1327725946903228,0.0016902114730328,0.0754399001598358,0.240330085158348,0.0269016660749912,Drama
0.3754624128341675,0.2799068391323089,0.011499204672873,0.0015033476520329,0.0589734427630901,0.2704640328884125,0.002190644852817,Drama
0.015994019806385,0.5957213044166565,0.0310222245752811,0.0041330372914671,0.3045819103717804,0.0250759311020374,0.0234715156257152,Drama
0.0474647469818592,0.048077318817377,0.0030986571218818,0.0017900886014103,0.0188557356595993,0.8777326941490173,0.002980766352266,Drama
