anger,disgust,fear,joy,neutral,sadness,surprise,genre
0.0388020053505897,0.3632191717624664,0.0028264615684747,0.2815002799034118,0.2565891444683075,0.0170506704598665,0.0400123000144958,Drama
0.0250733457505702,0.7786664366722107,0.0143970251083374,0.0130056189373135,0.1561017781496048,0.0105855958536267,0.0021701988298445,Drama
0.0690954327583313,0.0686430111527443,0.0020533599890768,0.4609823226928711,0.3467070758342743,0.0418948754668235,0.010623849928379,Drama
0.5065940022468567,0.40531125664711,0.0098101831972599,0.0016600291710346,0.0432068295776844,0.0322699584066867,0.0011477404041215,Drama
0.9335494041442872,0.0370783023536205,0.0042288983240723,0.0010642106644809,0.0150936301797628,0.006969638634473,0.002015811856836,Drama
0.2052304446697235,0.599103569984436,0.0061513846740126,0.0017918030498549,0.1545283496379852,0.0088980207219719,0.0242965333163738,Drama
0.8025264143943787,0.1087775230407714,0.0542828068137168,0.0012452177470549,0.02227533608675,0.0058741527609527,0.0050185192376375,Drama
0.0527333281934261,0.6373240947723389,0.0098710348829627,0.0025990398135036,0.2777976095676422,0.011085539124906,0.0085894577205181,Drama
0.0054270923137664,0.0088287172839045,0.0042038667015731,0.0017434058245271,0.0283723007887601,0.9491461515426636,0.0022784201428294,Drama
0.0238889120519161,0.8479770421981812,0.0069564878940582,0.0057038194499909,0.0666087716817855,0.0076091294176876,0.0412557832896709,Drama
0.0059372559189796,0.003358953166753,0.0207746066153049,0.1578913331031799,0.3970834910869598,0.3580280840396881,0.0569263286888599,Drama
0.0555075034499168,0.8779556155204773,0.0249990057200193,0.0015808439347893,0.032363224774599,0.0037084927316755,0.0038853464648127,Drama
0.1772874444723129,0.3483986258506775,0.0157138537615537,0.0043163900263607,0.379833847284317,0.0698029100894928,0.0046469294466078,Drama
