anger,disgust,fear,joy,neutral,sadness,surprise,genre
0.0099652661010622,0.0505111888051033,0.0058444133028388,0.1218530163168907,0.7661536335945129,0.0163595620542764,0.029312826693058,Comedy
0.0183272082358598,0.0463469065725803,0.0024298366624861,0.0457895286381244,0.870835542678833,0.0081171449273824,0.0081539321690797,Comedy
0.028821974992752,0.1542230993509292,0.0101556675508618,0.0235679671168327,0.7717887759208679,0.0064400364644825,0.0050024408847093,Comedy
0.0036500359419733,0.0219183750450611,0.0194828528910875,0.0035023223608732,0.0625781193375587,0.8707115054130554,0.018156798556447,Comedy
0.0026916444767266,0.010284480638802,0.0163333658128976,0.0019206400029361,0.02951131016016,0.925199568271637,0.0140589540824294,Comedy
0.0036718074698001,0.037817683070898,0.0056006214581429,0.0414571948349475,0.7481691837310791,0.1525654643774032,0.0107181007042527,Comedy
0.0039405045099556,0.0142936399206519,0.0012600339250639,0.0033385234419256,0.0276063550263643,0.9455808401107788,0.0039801080711185,Comedy
0.0070693492889404,0.0183317493647336,0.0352818518877029,0.0096347648650407,0.7620029449462891,0.0753257200121879,0.0923535227775573,Comedy
0.0113871982321143,0.968483865261078,0.0089618377387523,0.0003449941577855,0.0077424040064215,0.0013860701583325,0.0016935463063418,Comedy
0.0330752842128276,0.0476390719413757,0.0217097215354442,0.0031161915976554,0.1868523806333542,0.6464323401451111,0.0611749403178691,Comedy
0.4080352485179901,0.168593555688858,0.3271589577198028,0.0017842320958152,0.026830393821001,0.061225414276123,0.0063721584156155,Comedy
0.0198556184768676,0.1174442768096923,0.0066886870190501,0.4366112351417541,0.3950096666812897,0.0051037766970694,0.0192867498844862,Comedy
0.1433760523796081,0.1300267428159713,0.0177386011928319,0.0027955255936831,0.6407895088195801,0.0520790256559848,0.0131945684552192,Comedy
0.1742443889379501,0.0238187201321125,0.3920085430145263,0.0121414121240377,0.3001309335231781,0.0191358309239149,0.0785201787948608,Comedy
0.0299456380307674,0.022532396018505,0.0045718937180936,0.0433259047567844,0.7182523012161255,0.0678153783082962,0.1135564744472503,Comedy
0.0318777300417423,0.0313019454479217,0.0019432769622653,0.0033562537282705,0.9102144241333008,0.0161415133625268,0.0051648435182869,Comedy
0.0329686477780342,0.0111326556652784,0.0031817846465855,0.0164882149547338,0.9027205109596252,0.0119374301284551,0.0215707477182149,Comedy
0.0029859880451112,0.0116738863289356,0.004885371774435,0.0125100631266832,0.9274733662605286,0.0257515404373407,0.0147197879850864,Comedy
0.2344834506511688,0.2821502983570099,0.1051492169499397,0.0022930782288312,0.2789388000965118,0.094542346894741,0.0024427517782896,Comedy
0.0943732187151908,0.0884844064712524,0.0350539200007915,0.0176731664687395,0.6408818960189819,0.1014676019549369,0.0220658238977193,Comedy
0.3618215024471283,0.1002077534794807,0.1190303564071655,0.0122694680467247,0.3602551221847534,0.0190301295369863,0.0273857153952121,Comedy
0.0187049135565757,0.0396167337894439,0.0126679576933383,0.0034965921659022,0.3160841166973114,0.5002722144126892,0.1091574653983116,Comedy
0.3206388354301452,0.535737156867981,0.0716610103845596,0.0016640207031741,0.0449650585651397,0.0194297507405281,0.0059041576460003,Comedy
0.07066410779953,0.0444973558187484,0.0379094555974006,0.0031228156294673,0.3782790303230285,0.4338344931602478,0.031692624092102,Comedy
0.6982834935188293,0.0149132497608661,0.0253346897661685,0.0028635177295655,0.2281363755464553,0.0230450257658958,0.0074236951768398,Comedy
0.0059770471416413,0.0036905910819768,0.003901295363903,0.0660752356052398,0.849757730960846,0.0165103543549776,0.0540877506136894,Comedy
0.6788525581359863,0.080017901957035,0.0635065510869026,0.002919454826042,0.0923195332288742,0.0684242770075798,0.0139597877860069,Comedy
0.5888611674308777,0.1224105060100555,0.1686984300613403,0.0039828363806009,0.0850874856114387,0.0192815903574228,0.0116779208183288,Comedy
0.0256341770291328,0.0074313385412096,0.7244541049003601,0.0100994380190968,0.2022727876901626,0.0070327278226614,0.0230753850191831,Comedy
0.0175261534750461,0.0185373276472091,0.0158706940710544,0.0065551633015275,0.8307135701179504,0.0110089294612407,0.099788099527359,Comedy
0.1553778350353241,0.5136737823486328,0.0086058713495731,0.0032014427706599,0.2943969964981079,0.0156465116888284,0.0090975500643253,Comedy
0.6339231729507446,0.0041334079578518,0.3403940498828888,0.0014073229394853,0.0089979581534862,0.0040497975423932,0.0070942076854407,Comedy
0.4555858373641968,0.3378793597221374,0.043345857411623,0.0135789168998599,0.0955835729837417,0.021344793960452,0.032681655138731,Comedy
0.0185172092169523,0.0085757225751876,0.0032659408170729,0.0221434906125068,0.8276490569114685,0.003032503882423,0.1168160289525985,Comedy
0.1158688887953758,0.0183456372469663,0.1795713603496551,0.0048464364372193,0.6001073122024536,0.0179115645587444,0.0633487924933433,Comedy
0.681501030921936,0.0325677804648876,0.1740844994783401,0.0012976906727999,0.0173957012593746,0.0835604071617126,0.0095929261296987,Comedy
0.6173945069313049,0.0374885648488998,0.1264017969369888,0.0037679893430322,0.1360638439655304,0.0566709041595459,0.0222124513238668,Comedy
0.0221803486347198,0.300454705953598,0.0101375561207532,0.0049604843370616,0.6064298152923584,0.0399629212915897,0.0158742424100637,Comedy
0.0030815105419605,0.0046489345841109,0.0055636297911405,0.002121771685779,0.0434490963816642,0.91924649477005,0.0218884591013193,Comedy
0.0204388760030269,0.0121645471081137,0.0038519338704645,0.0084352893754839,0.9367272257804872,0.0117584159597754,0.0066236853599548,Comedy
0.0099947154521942,0.0139651764184236,0.0146843260154128,0.0097299441695213,0.9196422696113586,0.0129890544340014,0.0189944580197334,Comedy
0.1249568909406662,0.2291554659605026,0.0322558619081974,0.0027677631005644,0.5343328714370728,0.0602708049118518,0.0162604581564664,Comedy
0.5126479864120483,0.2206557393074035,0.0173260029405355,0.0016832917463034,0.1877205073833465,0.0519816391170024,0.0079848458990454,Comedy
0.0437962189316749,0.2043894231319427,0.0248535629361867,0.0024162016343325,0.0450019501149654,0.6711057424545288,0.0084369434043765,Comedy
0.1314638257026672,0.1794821768999099,0.0084190899506211,0.009643449448049,0.6462831497192383,0.0198173020035028,0.0048909643664956,Comedy
0.2673425078392029,0.0242805499583482,0.1531999856233596,0.0063279997557401,0.5039935111999512,0.0183148570358753,0.0265405736863613,Comedy
0.1232222989201545,0.0725341141223907,0.0450460873544216,0.0066891615279018,0.2365068942308426,0.3923611044883728,0.1236403733491897,Comedy
0.0725634694099426,0.0401669405400753,0.795581042766571,0.0018039925489574,0.0429259240627288,0.0034650119487196,0.0434936322271823,Comedy
0.1825219839811325,0.0414703451097011,0.0527933053672313,0.0132920378819108,0.6539093255996704,0.0498786009848117,0.0061344564892351,Comedy
0.0009490668890066,0.0022710808552801,0.9803788661956788,0.0022384119220077,0.009277987293899,0.002138101728633,0.0027465054299682,Comedy
0.1027271598577499,0.0309267565608024,0.0209477748721838,0.0145414881408214,0.8036192059516907,0.0056539997458457,0.0215836931020021,Comedy
0.0087753366678953,0.0068586720153689,0.0105826891958713,0.0236782431602478,0.9011600613594056,0.0089110173285007,0.0400339476764202,Comedy
0.0177038237452507,0.0133650200441479,0.0280901025980711,0.0128122298046946,0.8931427001953125,0.0231823753565549,0.0117038069292902,Comedy
0.0068343095481395,0.0078959940001368,0.0048208502121269,0.0187539532780647,0.9234796166419984,0.0085712745785713,0.0296439696103334,Comedy
0.6063586473464966,0.0766747444868087,0.0973990932106971,0.0046451459638774,0.1907815635204315,0.0100807948037981,0.0140599990263581,Comedy
0.0164990536868572,0.007040879689157,0.0603732652962207,0.0083425259217619,0.8719885349273682,0.0225945860147476,0.0131612597033381,Comedy
0.007385694887489,0.0072272517718374,0.0028383373282849,0.011211154051125,0.9062615633010864,0.0075576221570372,0.057518508285284,Comedy
0.0096881622448563,0.0036513262894004,0.915950894355774,0.0029818937182426,0.0490110665559768,0.011171587742865,0.0075450981967151,Comedy
0.0035916951019316,0.0033903412986546,0.0037846313789486,0.010016637854278,0.9235260486602784,0.010797020047903,0.0448935776948928,Comedy
0.4253231287002563,0.1329840868711471,0.0117324851453304,0.0099916402250528,0.3751342892646789,0.0353466607630252,0.0094877798110246,Comedy
0.003529324196279,0.0064134649001061,0.9400950074195862,0.0034450066741555,0.0327987894415855,0.0093150651082396,0.004403343424201,Comedy
0.0047575095668435,0.0024332096800208,0.9742283821105956,0.0014228380750864,0.0125753777101635,0.0025876343715935,0.0019951497670263,Comedy
0.012711189687252,0.0047885435633361,0.0038617921527475,0.012527260929346,0.906233847141266,0.0146548449993133,0.0452224947512149,Comedy
0.0091512547805905,0.005126395728439,0.0231029111891984,0.0049429996870458,0.791110098361969,0.0193605776876211,0.1472056806087494,Comedy
0.0524067394435405,0.0084216622635722,0.0114371199160814,0.0118432790040969,0.9045384526252748,0.0034031521063297,0.0079495599493384,Comedy
0.015901057049632,0.0173071976751089,0.048939298838377,0.0071226158179342,0.8797555565834045,0.006499474402517,0.0244748312979936,Comedy
0.0579257905483245,0.2755182385444641,0.012569235637784,0.0132227530702948,0.6278797388076782,0.006359364837408,0.0065250066109001,Comedy
0.1501959264278412,0.4528194367885589,0.0541506372392177,0.0087012788280844,0.2849060893058777,0.031717661768198,0.0175089184194803,Comedy
0.0127658462151885,0.0241803266108036,0.0205316636711359,0.0060496591031551,0.862381100654602,0.0169437769800424,0.0571474991738796,Comedy
0.04527223482728,0.8492274284362793,0.0357012413442134,0.00203627650626,0.0479964762926101,0.0099760619923472,0.0097902659326791,Comedy
0.289159744977951,0.1075063422322273,0.1287447363138198,0.0062669604085385,0.4314804375171661,0.0224825218319892,0.0143591789528727,Comedy
0.1148733645677566,0.5993247032165527,0.0317135192453861,0.0020932746119797,0.2227604985237121,0.0165711473673582,0.0126635301858186,Comedy
0.0189747624099254,0.0242539998143911,0.8504467010498047,0.0029926742427051,0.0460582040250301,0.0053059123456478,0.0519678741693496,Comedy
0.2302259355783462,0.0071755168028175,0.3765850961208343,0.0172080155462026,0.2603344917297363,0.030950179323554,0.0775207355618476,Comedy
0.284428060054779,0.1241002455353736,0.223110944032669,0.0025128531269729,0.3167973756790161,0.0199039336293935,0.0291466079652309,Comedy
0.0589180700480937,0.0139505565166473,0.0341357514262199,0.0022256833035498,0.8606458902359009,0.0142578212544322,0.0158661697059869,Comedy
0.0139387818053364,0.041566152125597,0.0105845723301172,0.0063928323797881,0.5573703050613403,0.0084606064483523,0.3616867661476135,Comedy
0.6088943481445312,0.0522722825407981,0.0562609136104583,0.0028026346117258,0.1075540408492088,0.166275218129158,0.0059405406937003,Comedy
0.0207494888454675,0.0095213744789361,0.0311613827943801,0.0068766111508011,0.912439465522766,0.0053087226115167,0.0139429261907935,Comedy
0.0151221537962555,0.0179895460605621,0.1506146490573883,0.0137642864137887,0.7127547264099121,0.012363089248538,0.0773914828896522,Comedy
0.0049039958976209,0.0046900231391191,0.0021964197512716,0.0053462837822735,0.8373486399650574,0.0753319486975669,0.0701826214790344,Comedy
0.2165704667568206,0.125097781419754,0.1812473237514495,0.0031637330539524,0.4099441766738891,0.0502237901091575,0.0137526532635092,Comedy
0.0191476214677095,0.019247056916356,0.2283337712287902,0.007348914630711,0.7042273283004761,0.0129417506977915,0.0087536200881004,Comedy
0.0026639506686478,0.0031388695351779,0.9795544147491456,0.0008830875158309,0.0093266498297452,0.0022843168117105,0.0021486692130565,Comedy
0.0069785774685442,0.0194369368255138,0.0024356548674404,0.3506622314453125,0.5539706349372864,0.056168109178543,0.0103478552773594,Comedy
0.5570641756057739,0.0813110172748565,0.0701581612229347,0.0040691797621548,0.2615984082221985,0.0165858697146177,0.0092132231220602,Comedy
0.082596406340599,0.0407146625220775,0.7107081413269043,0.0049032592214643,0.0870844572782516,0.0650096982717514,0.0089833512902259,Comedy
0.2570418119430542,0.0135435862466692,0.0112087791785597,0.0237560961395502,0.6550711989402771,0.010416024364531,0.0289624519646167,Comedy
0.0783111304044723,0.0310624949634075,0.0226081293076276,0.0046053314581513,0.0909618139266967,0.1430573612451553,0.6293937563896179,Comedy
0.0146792232990264,0.0216128639876842,0.0173793714493513,0.0100208297371864,0.5516491532325745,0.0158520471304655,0.3688064515590668,Comedy
0.0261299237608909,0.0159832630306482,0.0661142691969871,0.0028411641251295,0.8637806177139282,0.017701169475913,0.0074496562592685,Comedy
0.2970357835292816,0.529496967792511,0.0146692860871553,0.0033794792834669,0.1410068869590759,0.0090693002566695,0.0053422502242028,Comedy
0.08424973487854,0.8489177823066711,0.0128083210438489,0.0029557421803474,0.044316679239273,0.0041250400245189,0.0026266849599778,Comedy
0.0128091657534241,0.0106955198571085,0.0074428846128284,0.0050266049802303,0.9417598247528076,0.0092836776748299,0.0129824038594961,Comedy
0.0055646733380854,0.007424228824675,0.0029799498151987,0.0181539468467235,0.9292742609977722,0.0193474311381578,0.0172555744647979,Comedy
0.0725736618041992,0.0106472810730338,0.8406583070755005,0.0016072222497314,0.0330729335546493,0.0311618987470865,0.0102786375209689,Comedy
0.013825112953782,0.0114475199952721,0.0028523979708552,0.0127445897087454,0.9351449012756348,0.0056497091427445,0.018335772678256,Comedy
0.3875150680541992,0.0203559380024671,0.4337719082832336,0.0056235194206237,0.1250458657741546,0.0160425286740064,0.0116452053189277,Comedy
0.0667659342288971,0.0170128811150789,0.8405784368515015,0.0026223543100059,0.0211744979023933,0.0199161749333143,0.0319297164678573,Comedy
0.4946806728839874,0.0380507484078407,0.1041345447301864,0.0033052670769393,0.0927003845572471,0.0887194648385047,0.1784089654684066,Comedy
0.1486381739377975,0.0142378276214003,0.6878633499145508,0.0046843742020428,0.1082309260964393,0.0140636060386896,0.0222816970199346,Comedy
0.1806229501962661,0.2586841285228729,0.171824038028717,0.0054478216916322,0.3005486130714416,0.0786970257759094,0.0041754487901926,Comedy
0.0896787345409393,0.7762983441352844,0.0447231270372867,0.0013421350158751,0.0382899269461631,0.0409604348242282,0.0087073054164648,Comedy
0.2082115858793258,0.4638355076313019,0.0252754595130682,0.0024290368892252,0.1837232410907745,0.111426755785942,0.0050984136760234,Comedy
0.1995063126087188,0.1321754306554794,0.0170113574713468,0.0125379925593733,0.5452682375907898,0.0464699976146221,0.0470306612551212,Comedy
0.0275178086012601,0.040008507668972,0.0111874118447303,0.0026500977110117,0.5851644277572632,0.2840397655963897,0.0494319461286067,Comedy
0.3327390849590301,0.1877137124538421,0.0081666344776749,0.0153458956629037,0.4222881495952606,0.0311762634664773,0.0025701471604406,Comedy
0.0225803349167108,0.0240862388163805,0.0049984417855739,0.0108224367722868,0.9251476526260376,0.0085313124582171,0.0038335607387125,Comedy
0.0128408446907997,0.0760988816618919,0.0091897146776318,0.0059305680915713,0.8191021084785461,0.0508870258927345,0.0259509477764368,Comedy
0.0117748696357011,0.0220070518553257,0.0468154214322567,0.0150016825646162,0.6831539869308472,0.0062752477824687,0.2149717211723327,Comedy
0.0657503902912139,0.2429269850254058,0.0202770065516233,0.4234926998615265,0.2323154062032699,0.0101288929581642,0.0051087299361824,Comedy
0.0035980602260679,0.010211638174951,0.001159333740361,0.0560288354754447,0.0628142654895782,0.862034022808075,0.004153816960752,Comedy
0.0034773687366396,0.0062741059809923,0.0017289286479353,0.8301699757575989,0.1196957901120185,0.0112270358949899,0.0274267438799142,Comedy
