anger,disgust,fear,joy,neutral,sadness,surprise,genre
0.0273359958082437,0.8146646618843079,0.0046387896873056,0.0040987553074955,0.1114373207092285,0.0350849516689777,0.0027394751086831,Indie
0.0052668014541268,0.0327096693217754,0.0080534508451819,0.3133727610111236,0.2173559516668319,0.4165491163730621,0.0066922139376401,Indie
0.0353561863303184,0.7121269106864929,0.0090838484466075,0.0432078503072261,0.1859335303306579,0.0076172137632966,0.0066744619980454,Indie
0.7465163469314575,0.0179396830499172,0.2103244811296463,0.0018447599140927,0.0020162283908575,0.0158170573413372,0.0055414987727999,Indie
0.0400552526116371,0.9235604405403136,0.0160436313599348,0.0014186656335368,0.0148073388263583,0.0028971941210329,0.0012173216091468,Indie
0.1473538726568222,0.7964112758636475,0.0207599438726902,0.0011212890967726,0.0226161517202854,0.0105958636850118,0.0011415926273912,Indie
0.1892783492803573,0.1177837997674942,0.1982542425394058,0.0103463428094983,0.4538206160068512,0.0258333459496498,0.0046833404339849,Indie
0.0012677474878728,0.0095745716243982,0.0021793297491967,0.0021094284020364,0.0334446243941783,0.9474353790283204,0.0039889537729322,Indie
0.0033668677788227,0.0112221762537956,0.0470492355525493,0.0016028938116505,0.0252749901264905,0.907473623752594,0.0040101809427142,Indie
0.0174688808619976,0.161740705370903,0.0205962266772985,0.0507102496922016,0.7253329157829285,0.018444100394845,0.005706975236535,Indie
0.0671391114592552,0.0103241205215454,0.9113441705703736,0.0010235862573608,0.0057346625253558,0.002417147392407,0.0020171431824564,Indie
0.0112344892695546,0.011175662279129,0.0068214060738682,0.0984565317630767,0.8300697207450867,0.0029721271712332,0.0392701141536235,Indie
0.0071451305411756,0.0263388529419899,0.0100276973098516,0.4957857131958008,0.4290295541286468,0.0188868790864944,0.0127861574292182,Indie
0.0162121579051017,0.02469302713871,0.0020933093037456,0.7885934710502625,0.1384676545858383,0.0079790195450186,0.0219614226371049,Indie
0.0547615252435207,0.0048213843256235,0.9270765781402588,0.001476319739595,0.0064774304628372,0.0027915758546441,0.0025952032301574,Indie
0.299719363451004,0.4872221946716308,0.1634886115789413,0.0021795982029289,0.031589176505804,0.0086373230442404,0.0071637276560068,Indie
0.457341730594635,0.0601133853197097,0.0844238847494125,0.0222890228033065,0.355344146490097,0.0126336561515927,0.0078542251139879,Indie
0.1933332085609436,0.4124029278755188,0.0572452321648597,0.0037062570918351,0.1275582015514373,0.2027841955423355,0.0029699506703764,Indie
0.3793031275272369,0.1994931250810623,0.0939647406339645,0.0033809931483119,0.2276203632354736,0.0240919981151819,0.0721457228064537,Indie
0.1481646299362182,0.21516814827919,0.0610046796500682,0.007229967508465,0.5370327830314636,0.0179506409913301,0.013449196703732,Indie
0.0372816808521747,0.0131448088213801,0.0100005771964788,0.0013183216797187,0.0207405090332031,0.9068434834480286,0.0106706246733665,Indie
0.025060610845685,0.0067370934411883,0.1294815838336944,0.0253255665302276,0.6436222791671753,0.0233344044536352,0.1464384943246841,Indie
0.011444829404354,0.0310541037470102,0.2545418739318847,0.0023041923996061,0.060043953359127,0.5872928500175476,0.0533181391656398,Indie
0.0267909429967403,0.0134862586855888,0.1982963979244232,0.0063865082338452,0.5877111554145813,0.0233571659773588,0.1439715325832367,Indie
0.0377444848418235,0.0314378701150417,0.0018282777164131,0.2345065623521804,0.6781675219535828,0.0133057134225964,0.0030095595866441,Indie
0.0139531176537275,0.0141285825520753,0.8494791984558105,0.0032069024164229,0.1008293852210044,0.0067312214523553,0.0116716092452406,Indie
0.017231062054634,0.005775187164545,0.0179187133908271,0.001764814951457,0.0239100307226181,0.003509079106152,0.9298911094665528,Indie
