anger,disgust,fear,joy,neutral,sadness,surprise,genre
0.0209451541304588,0.0476490966975688,0.001822511316277,0.5726017951965332,0.3108922839164734,0.0379590354859828,0.0081300819292664,Action
0.0703164041042327,0.449165791273117,0.0072074555791914,0.008994648233056,0.4398225843906402,0.0230442564934492,0.0014488223241642,Action
0.0023965185973793,0.0010259239934384,0.0006523678894154,0.9218196868896484,0.0169709715992212,0.0155819868668913,0.0415524952113628,Action
0.3051489889621734,0.0129927406087517,0.5826834440231323,0.0065117003396153,0.0493085123598575,0.0377446562051773,0.0056100338697433,Action
0.0821232870221138,0.0257082246243953,0.0128125119954347,0.0038208602927625,0.1237403452396392,0.7459043264389038,0.0058904350735247,Action
0.0147015620023012,0.253305971622467,0.0037064785137772,0.0744745582342147,0.6352747082710266,0.0078429412096738,0.0106937726959586,Action
0.0681765526533126,0.9074970483779908,0.0112193673849105,0.0005545791937038,0.0060748001560568,0.0056431875564157,0.0008345417445525,Action
0.0542526990175247,0.0131621127948164,0.019042944535613,0.0105188246816396,0.8791003823280334,0.0189121086150407,0.0050109978765249,Action
0.0359429307281971,0.2829130589962005,0.0068395715206861,0.052131313830614,0.4088422954082489,0.039798267185688,0.1735325306653976,Action
0.3549634218215942,0.4356946051120758,0.008306317962706,0.0032072502654045,0.0479172095656394,0.1463241875171661,0.0035869721323251,Action
0.2336404919624328,0.1685004830360412,0.2095231562852859,0.0016719719860702,0.2638696432113647,0.0895940363407135,0.033200167119503,Action
0.6020589470863342,0.1382838040590286,0.0896270051598548,0.0015742519171908,0.0666441544890403,0.0989517197012901,0.002860176609829,Action
0.147621214389801,0.0133080417290329,0.1126649379730224,0.0032863779924809,0.6308308839797974,0.042226068675518,0.0500625036656856,Action
0.0098943710327148,0.0105667542666196,0.0014000358060002,0.010518048889935,0.9528481960296632,0.0024283588863909,0.0123442383483052,Action
