anger,disgust,fear,joy,neutral,sadness,surprise,genre
0.0289661902934312,0.0254349987953901,0.0586685091257095,0.0522327646613121,0.0485215634107589,0.7634935975074768,0.0226823631674051,Drama
0.084234245121479,0.861152708530426,0.0125875025987625,0.0010265070013701,0.0223604254424572,0.0135185550898313,0.0051200101152062,Drama
0.7959153056144714,0.1662279814481735,0.0077810580842196,0.0009610477136448,0.0167352594435215,0.0114722019061446,0.0009072675020433,Drama
0.03914325684309,0.241905853152275,0.0088920416310429,0.0956492647528648,0.4133076965808868,0.1969616413116455,0.0041402569040656,Drama
0.1413681656122207,0.1498045921325683,0.012538731098175,0.0021955207921564,0.1324404180049896,0.5518523454666138,0.0098001873120665,Drama
0.3691378235816955,0.4626801311969757,0.0649508982896804,0.0009309906745329,0.0095136379823088,0.0896942242980003,0.0030923699960112,Drama
0.1284171044826507,0.3032078444957733,0.0095738153904676,0.0018762226682156,0.4202203154563904,0.1155693084001541,0.0211352948099374,Drama
0.060299951583147,0.132245123386383,0.0415545031428337,0.0102473301813006,0.6392835378646851,0.1087328046560287,0.0076367724686861,Drama
0.9160280227661132,0.0423575304448604,0.0056194672361016,0.0012395115336403,0.0240885186940431,0.0078400345519185,0.0028268152382224,Drama
0.1082586497068405,0.0363984033465385,0.0115648005157709,0.0471921414136886,0.7749991416931152,0.0181288812309503,0.0034579527564346,Drama
