anger,disgust,fear,joy,neutral,sadness,surprise,genre
0.0196256060153245,0.6567234396934509,0.0247634574770927,0.0355222970247268,0.2505790889263153,0.0084059424698352,0.0043802666477859,History
0.8816061019897461,0.0474358685314655,0.0592262186110019,0.0008808139245957,0.0060161920264363,0.0028925056103616,0.0019423172343522,History
0.3232685327529907,0.6443216800689697,0.0227769687771797,0.0005888146697543,0.0033629911486059,0.004059862345457,0.0016210923204198,History
0.0094663426280021,0.9673393368721008,0.0135947279632091,0.0003198794438503,0.001392105128616,0.0071071102283895,0.0007804018096067,History
0.9833865761756896,0.0050357691943645,0.0016049821861088,0.0004612764460034,0.0067308484576642,0.0017919733654707,0.0009886405896395,History
0.5932925939559937,0.0760888308286666,0.1147490814328193,0.0529566630721092,0.1431444138288498,0.0118377013131976,0.0079306485131382,History
0.080382153391838,0.2500413358211517,0.0750963687896728,0.0450013093650341,0.3826318085193634,0.1256674528121948,0.0411795675754547,History
0.0796881988644599,0.7524071335792542,0.0031779750715941,0.0437447763979435,0.0980451926589012,0.0194445755332708,0.0034921574406325,History
0.3421255648136139,0.068530760705471,0.5680024027824402,0.0010536417830735,0.0045831552706658,0.0132453544065356,0.0024590783286839,History
0.5515854954719543,0.378190815448761,0.0187101420015096,0.0017217511776834,0.015376741066575,0.0333786979317665,0.0010362669127061,History
0.0077981161884963,0.0112860491499304,0.0083944564685225,0.0013434409629553,0.0143038015812635,0.9488044381141664,0.0080697191879153,History
