anger,disgust,fear,joy,neutral,sadness,surprise,genre
0.0026720722671598,0.0168295335024595,0.0014648641226813,0.0361442118883132,0.9000412821769714,0.0170686431229114,0.0257793348282575,Family_Film
0.0059761679731309,0.8845160007476807,0.0069502699188888,0.0049128150567412,0.0594983883202075,0.0325567424297332,0.0055897557176649,Family_Film
0.018973458558321,0.1081974357366561,0.0057683978229761,0.0076754465699195,0.8436078429222107,0.0035114341881126,0.0122658731415867,Family_Film
0.0092491870746016,0.7843390107154846,0.0187988113611936,0.0086957123130559,0.1279188990592956,0.0050990674644708,0.0458992905914783,Family_Film
0.0011250661918893,0.0011144062737002,0.0003565222141332,0.9889716506004332,0.0028621247038245,0.0025044677313417,0.0030657122842967,Family_Film
0.401481419801712,0.1728557646274566,0.002118696924299,0.3526637852191925,0.0542798340320587,0.0032720302697271,0.0133284991607069,Family_Film
0.0081602269783616,0.0266870614141225,0.001085179275833,0.8122872114181519,0.1300634443759918,0.0115119498223066,0.010204866528511,Family_Film
0.8102372288703918,0.0172238275408744,0.0234055146574974,0.0086928755044937,0.0525475069880485,0.016579857096076,0.071313127875328,Family_Film
0.009030164219439,0.0379147455096244,0.0049574021250009,0.0153287490829825,0.8407604098320007,0.0681225061416626,0.0238859672099351,Family_Film
0.0175895784050226,0.0344831086695194,0.0185207780450582,0.0030173247214406,0.8480689525604248,0.0434862188994884,0.0348340235650539,Family_Film
0.0347945056855678,0.0121742580085992,0.0450213067233562,0.0036797218490391,0.2707336246967315,0.0183529499918222,0.6152436137199402,Family_Film
0.0258514117449522,0.0096932696178555,0.002908730879426,0.0033314626198261,0.0616907328367233,0.0067836279049515,0.8897407054901123,Family_Film
0.0042230766266584,0.0024409336037933,0.9539167881011964,0.0026195475365966,0.0274748317897319,0.0047672074288129,0.004557664040476,Family_Film
0.0525489673018455,0.0164714884012937,0.3053344488143921,0.0160350576043128,0.4584404826164245,0.0408951863646507,0.110274352133274,Family_Film
0.0023179096169769,0.0015149989631026,0.9800538420677184,0.0008579039713367,0.0096504399552941,0.0037323120050132,0.0018726447597146,Family_Film
