anger,disgust,fear,joy,neutral,sadness,surprise,genre
0.2812578082084656,0.1403934508562088,0.1982915252447128,0.0014584985328838,0.0196780003607273,0.3481993377208709,0.0107214441522955,Western
0.2478196620941162,0.0357486046850681,0.4951621294021606,0.0048784762620925,0.1637866050004959,0.0281790737062692,0.0244254823774099,Western
0.0095354579389095,0.0315717719495296,0.004203054588288,0.0119010806083679,0.9257149696350098,0.0089357076212763,0.0081379236653447,Western
0.1958890110254287,0.0460416115820407,0.4315187633037567,0.0068386439234018,0.2811525762081146,0.012983719818294,0.025575803592801,Western
0.00420080171898,0.0022564877290278,0.0187539476901292,0.0101661290973424,0.936629056930542,0.0162471868097782,0.0117462947964668,Western
0.0166926346719265,0.0614479929208755,0.0022445830982178,0.5976189374923706,0.2823700606822967,0.0333665125072002,0.0062593412585556,Western
0.0333767272531986,0.123065285384655,0.0033497898839414,0.0039145913906395,0.0269169472157955,0.8051439523696899,0.0042327186092734,Western
0.0312418080866336,0.2453718930482864,0.0095540601760149,0.3373558223247528,0.2283154428005218,0.1249085366725921,0.0232524685561656,Western
0.917071521282196,0.0433816686272621,0.0044075776822865,0.0010203189449384,0.025632644072175,0.0046945344656705,0.0037918251473456,Western
0.0046775410883128,0.0040661511011421,0.929525911808014,0.0011134701780974,0.0302115231752395,0.0260544344782829,0.0043510468676686,Western
0.1038903519511222,0.0568383447825908,0.7811871767044067,0.0019906645175069,0.0434887893497943,0.0092911701649427,0.0033136080019176,Western
0.0228062607347965,0.0386131890118122,0.0107813216745853,0.0010595043422654,0.045006264001131,0.8660814166069031,0.0156520754098892,Western
0.0053518526256084,0.0077173910103738,0.0076494002714753,0.0255070012062788,0.932320237159729,0.0036758868955075,0.0177782457321882,Western
0.0223656352609395,0.7380223870277405,0.1219430789351463,0.000956985168159,0.0407357439398765,0.0685493424534797,0.0074268612079322,Western
0.0836875438690185,0.0600802339613437,0.0593010559678077,0.2769960463047027,0.4621916711330414,0.0332510732114315,0.0244924165308475,Western
0.0042470344342291,0.0334604792296886,0.00718943355605,0.0024760246742516,0.0643196925520896,0.8761008977890015,0.0122064230963587,Western
