anger,disgust,fear,joy,neutral,sadness,surprise,genre
0.0087575428187847,0.0031265243887901,0.0134482318535447,0.0746311843395233,0.7734259963035583,0.0065161921083927,0.1200942695140838,Teen
0.0948417484760284,0.048715267330408,0.0032736505381762,0.0232413932681083,0.788316547870636,0.0284220110625028,0.0131894648075103,Teen
0.0681774392724037,0.097849540412426,0.0226611997932195,0.4311518967151642,0.263379842042923,0.0530176497995853,0.0637623593211174,Teen
0.0939420163631439,0.517921507358551,0.0070313978940248,0.0077422624453902,0.0209545493125915,0.3491657674312591,0.0032425471581518,Teen
0.7978394031524658,0.1081106662750244,0.0027032557409256,0.0033524623140692,0.0500841215252876,0.0159195158630609,0.0219907145947217,Teen
0.0051233158446848,0.0016105708200484,0.0040470911189913,0.047938697040081,0.0167671144008636,0.0043149227276444,0.9201983213424684,Teen
0.0139775052666664,0.0325665548443794,0.0376043990254402,0.012857268564403,0.8726948499679565,0.0050072604790329,0.0252921972423791,Teen
0.02217673137784,0.0210411120206117,0.0199477393180131,0.0210659950971603,0.4156444370746612,0.0030062517616897,0.4971177875995636,Teen
0.1090665981173515,0.4479138255119324,0.2198197990655899,0.0189510118216276,0.1834844648838043,0.0140426065772771,0.0067217415198683,Teen
0.0024533811956644,0.00070692243753,0.0007031129207462,0.0202607810497283,0.0126364342868328,0.0026499398518353,0.9605893492698668,Teen
0.0481572598218917,0.024792730808258,0.0720293298363685,0.0110212881118059,0.5035998225212097,0.0908760502934455,0.2495235651731491,Teen
0.9765833616256714,0.0054998230189085,0.0064111123792827,0.0005274918512441,0.0064893462695181,0.0012994291028007,0.0031894026324152,Teen
0.1036147028207779,0.3676118552684784,0.0599079728126525,0.0176506321877241,0.0992586836218833,0.3508841097354889,0.0010720905847847,Teen
0.0367254056036472,0.2011950314044952,0.0109577728435397,0.5194490551948547,0.1906182467937469,0.0383426658809185,0.0027118276339024,Teen
0.0501364432275295,0.4936189651489258,0.0131012164056301,0.0107663189992308,0.4001410007476806,0.0164361335337162,0.0157998688519001,Teen
0.3502801656723022,0.0128626441583037,0.5847235321998596,0.0020842717494815,0.0309467874467372,0.0093081099912524,0.0097945313900709,Teen
0.0853647217154502,0.0237910598516464,0.8313676714897156,0.0092495698481798,0.0216891337186098,0.0169402826577425,0.0115975998342037,Teen
0.0188812520354986,0.0478569343686103,0.0336875393986702,0.0015796328661963,0.0468896888196468,0.8480834364891052,0.0030214409343898,Teen
0.0068118972703814,0.0030344994738698,0.0467307157814502,0.1742646545171737,0.345414787530899,0.0386779010295867,0.3850655257701874,Teen
0.0084758633747696,0.0027955002151429,0.0008739692275412,0.805878758430481,0.1158263459801673,0.0041454248130321,0.0620040819048881,Teen
0.1008765399456024,0.0386457107961177,0.0309304483234882,0.1609167903661728,0.2653530836105346,0.0238219983875751,0.3794554471969604,Teen
0.0150137040764093,0.0166893899440765,0.0016825750935822,0.1048823520541191,0.8065999746322632,0.0109177511185407,0.0442143008112907,Teen
0.0145632131025195,0.0032512156758457,0.0065874685533344,0.6456042528152466,0.0681847631931305,0.0082119181752204,0.2535971999168396,Teen
0.0022676780354231,0.0032567917369306,0.0004159336676821,0.9545279145240784,0.0301646273583173,0.0037010128144174,0.0056659849360585,Teen
0.004313004668802,0.0060229334048926,0.0044680978171527,0.0085896430537104,0.9305479526519777,0.0025977760087698,0.0434605404734611,Teen
