anger,disgust,fear,joy,neutral,sadness,surprise,genre
0.0035880606155842,0.0015041744336485,0.0016203763661906,0.8964170217514038,0.0706265941262245,0.0135840559378266,0.0126596689224243,Black_and_white
0.0087715741246938,0.012035759165883,0.3148913085460663,0.0132175711914896,0.1035867631435394,0.4406697452068329,0.1068273112177848,Black_and_white
0.0203517507761716,0.0232512801885604,0.001870947657153,0.0129250362515449,0.8746122121810913,0.058495495468378,0.0084932688623666,Black_and_white
0.0248512383550405,0.0570949241518974,0.0028897046577185,0.0098154107108712,0.8341146111488342,0.05965032055974,0.0115837920457124,Black_and_white
0.1453520357608795,0.3826537430286407,0.0153360152617096,0.0022696428932249,0.4017573297023773,0.0497930645942688,0.0028381312731653,Black_and_white
0.0384985357522964,0.102303571999073,0.0092091290280222,0.0499161779880523,0.7632078528404236,0.0335713997483253,0.0032933871261775,Black_and_white
0.0215413812547922,0.0117003470659255,0.0188839249312877,0.1490989476442337,0.7274572253227234,0.0305391699075698,0.0407789275050163,Black_and_white
0.1520536094903946,0.6758847236633301,0.0038337716832756,0.00338951125741,0.084193579852581,0.0718768760561943,0.008767994120717,Black_and_white
0.1610440462827682,0.788632869720459,0.0027067265473306,0.0013653559144586,0.0221253260970115,0.0202107317745685,0.0039149955846369,Black_and_white
0.1011785641312599,0.046509101986885,0.1171657145023346,0.0049950205720961,0.6398735642433167,0.0233802888542413,0.0668976828455925,Black_and_white
0.86214679479599,0.0565201267600059,0.0048509859479963,0.00271193892695,0.0452055484056472,0.0268596522510051,0.0017048418521881,Black_and_white
0.0024370732717216,0.0012967276852577,0.0007001905469223,0.962804913520813,0.012283906340599,0.0018024472519755,0.0186747051775455,Black_and_white
0.0178443547338247,0.0314725302159786,0.0027131377719342,0.0063472781330347,0.8685461282730103,0.0245672240853309,0.0485092476010322,Black_and_white
0.0387653298676013,0.0368945114314556,0.0029351995326578,0.0150392204523086,0.3511572182178497,0.3014440834522247,0.2537644803524017,Black_and_white
0.0066355136223137,0.0014365452807396,0.0019344079773873,0.0942261591553688,0.763259768486023,0.0102980285882949,0.1222095191478729,Black_and_white
0.0084607461467385,0.0046599982306361,0.0016526887193322,0.437530517578125,0.4939596652984619,0.0264567751437425,0.0272795390337705,Black_and_white
