anger,disgust,fear,joy,neutral,sadness,surprise,genre
0.0050383452326059,0.0102553619071841,0.0163285117596387,0.440462589263916,0.4775362014770508,0.0138191105797886,0.0365599393844604,Thriller
0.0120662227272987,0.7690494060516357,0.0064059770666062,0.0751734972000122,0.1071554273366928,0.0173077788203954,0.0128417266532778,Thriller
0.0481115952134132,0.4296566545963287,0.0048658018931746,0.2713304758071899,0.2081083804368972,0.0303535610437393,0.0075735868886113,Thriller
0.3867256641387939,0.4228341579437256,0.0148659665137529,0.0050137862563133,0.1369597017765045,0.0262128207832574,0.0073878383263945,Thriller
0.2099539637565612,0.011863506399095,0.7482426762580872,0.0012044969480484,0.0065340884029865,0.0158003382384777,0.0064008650369942,Thriller
0.0026086647994816,0.0072630792856216,0.949083685874939,0.0007147404248826,0.0207696370780468,0.0147421769797801,0.0048180310986936,Thriller
0.0119020035490393,0.6147556304931641,0.0315860584378242,0.012603985145688,0.2404182106256485,0.0168075263500213,0.0719265565276146,Thriller
0.4157670736312866,0.1650736629962921,0.0181328654289245,0.0115898204967379,0.3194129168987274,0.0623060949146747,0.0077174669131636,Thriller
0.0088410340249538,0.0048142648302018,0.0015625576488673,0.5234464406967163,0.4318707585334778,0.0076527842320501,0.0218121614307165,Thriller
0.0337514504790306,0.0303060933947563,0.0217017363756895,0.0052467533387243,0.0613056980073452,0.0018233102746307,0.84586501121521,Thriller
0.2119533121585846,0.0045354794710874,0.2353636771440506,0.0075268438085913,0.3757021427154541,0.1024179682135582,0.0625005736947059,Thriller
0.0141634754836559,0.0137590738013386,0.0047162193804979,0.001231521833688,0.0126414280384778,0.9481614232063292,0.0053268149495124,Thriller
0.0143668642267584,0.0080833509564399,0.0031271281186491,0.0917098671197891,0.7449860572814941,0.0502551570534706,0.0874716117978096,Thriller
0.5048942565917969,0.1936030983924865,0.0110489949584007,0.0042198891751468,0.2303641736507415,0.0141616957262158,0.0417078919708728,Thriller
0.0023178155533969,0.0025785157922655,0.9696672558784484,0.0012240085052326,0.0163219589740037,0.0060038976371288,0.0018864582525566,Thriller
0.075689673423767,0.0491968989372253,0.0253756083548069,0.0082586398348212,0.80816251039505,0.0219488032162189,0.0113679226487874,Thriller
0.241191104054451,0.0668158084154129,0.0226988680660724,0.0080387312918901,0.126829981803894,0.5217239260673523,0.0127015504986047,Thriller
0.1533044129610061,0.0090302405878901,0.7282731533050537,0.0041133146733045,0.078467771410942,0.014128484763205,0.0126826092600822,Thriller
0.0771401226520538,0.0538609884679317,0.0078380648046731,0.151409238576889,0.6994073987007141,0.0065234629437327,0.0038206963799893,Thriller
0.0358712933957576,0.0224119834601879,0.1119515299797058,0.0144388964399695,0.5845338106155396,0.2035573869943618,0.0272351149469614,Thriller
0.1291057616472244,0.0571603737771511,0.0229020025581121,0.0025972053408622,0.0913509875535965,0.6542956233024597,0.0425880998373031,Thriller
0.0236975718289613,0.0166019033640623,0.0251151341944932,0.0320579260587692,0.8729960918426514,0.0129213696345686,0.0166100487112998,Thriller
0.0253208726644516,0.0068956697359681,0.0066597033292055,0.0027940953150391,0.0771185979247093,0.008703296072781,0.8725077509880066,Thriller
0.0104540521278977,0.0274476408958435,0.0121129266917705,0.0464661009609699,0.6473385691642761,0.2330385148525238,0.0231422074139118,Thriller
