anger,disgust,fear,joy,neutral,sadness,surprise,genre
0.0818481892347335,0.8449108600616455,0.02822339348495,0.0010493020527064,0.0299637746065855,0.007950622588396,0.006053861696273,Supernatural
0.0227888356894254,0.7247719764709473,0.0348154976963996,0.0019318766426295,0.0957652628421783,0.1014357432723045,0.0184907913208007,Supernatural
0.0095877228304743,0.5337033271789551,0.0107899028807878,0.0699729695916175,0.3501263558864593,0.0139724947512149,0.0118472669273614,Supernatural
0.1188741326332092,0.5521198511123657,0.0104305343702435,0.0027943591121584,0.28003591299057,0.0192389152944087,0.0165062211453914,Supernatural
0.6433100700378418,0.1566358655691146,0.0027381849940866,0.0031792260706424,0.1550828069448471,0.0363005548715591,0.0027533452957868,Supernatural
0.0221378579735755,0.4062625467777252,0.11505176872015,0.0024454542435705,0.1678715199232101,0.2289022803306579,0.0573286153376102,Supernatural
0.0104581909254193,0.0278214737772941,0.8106253147125244,0.0017037492943927,0.1099898144602775,0.016031052917242,0.0233704335987567,Supernatural
0.3185877203941345,0.5236365795135498,0.0167056154459714,0.0010959890205413,0.1168975159525871,0.0102713359519839,0.0128052700310945,Supernatural
0.2314563542604446,0.1271466761827469,0.102856621146202,0.0017893674084916,0.4249631762504577,0.0426601693034172,0.0691275745630264,Supernatural
0.0175257436931133,0.0175920631736516,0.003741807769984,0.0073197004385292,0.9323646426200868,0.006331845652312,0.0151243144646286,Supernatural
0.0364624708890914,0.0320484042167663,0.0019485661759972,0.017389178276062,0.8958721160888672,0.0035552810877561,0.0127239879220724,Supernatural
0.0745867490768432,0.2255597561597824,0.0169488564133644,0.0023963991552591,0.3482583463191986,0.3225237131118774,0.0097262281924486,Supernatural
0.3678179085254669,0.5447875261306763,0.0045819631777703,0.0039746174588799,0.0482396259903907,0.0235625803470611,0.0070357201620936,Supernatural
0.0035158502869307,0.9661046266555786,0.0146320220082998,0.001002125791274,0.0079713957384228,0.0019301663851365,0.004843836184591,Supernatural
0.0427692420780658,0.0350391492247581,0.0253464877605438,0.0387077815830707,0.7072394490242004,0.1451921910047531,0.0057056904770433,Supernatural
0.0969272553920745,0.6720827221870422,0.1068249642848968,0.0011783562367781,0.0679090619087219,0.0364269353449344,0.0186506435275077,Supernatural
0.3453396260738373,0.4492020905017853,0.0189021881669759,0.0032251176889985,0.1208101585507392,0.0597722232341766,0.0027486311737447,Supernatural
0.0136838378384709,0.0179537497460842,0.0050394567660987,0.0027882498688995,0.9484761953353882,0.0070894784294068,0.0049690450541675,Supernatural
0.0249741878360509,0.2512139081954956,0.1077826246619224,0.0014835788169875,0.4241943955421448,0.1373688578605651,0.0529824569821357,Supernatural
0.0270798467099666,0.5107319951057434,0.0706887394189834,0.0784594640135765,0.2827783524990082,0.0078138969838619,0.0224477127194404,Supernatural
0.2493231743574142,0.716855525970459,0.0113802887499332,0.0010985260596498,0.0142034366726875,0.0056232912465929,0.0015157512389123,Supernatural
0.0385479964315891,0.1520123332738876,0.0185872316360473,0.0204818956553936,0.7376977801322937,0.0098942192271351,0.0227785632014274,Supernatural
0.0049211052246391,0.9883188009262084,0.0011783539084717,0.0004251906066201,0.0035885774996131,0.0009959591552615,0.0005720168119296,Supernatural
0.1815481334924698,0.7920352220535278,0.011045386083424,0.000911145703867,0.0075216749683022,0.0057221283204853,0.0012162838829681,Supernatural
0.668412983417511,0.2734380066394806,0.0044681206345558,0.0012377821840345,0.0359487645328044,0.012823331169784,0.0036710912827402,Supernatural
0.2114537209272384,0.0447306409478187,0.1802546083927154,0.0257772635668516,0.4748348295688629,0.0463818050920963,0.0165670551359653,Supernatural
0.1113243624567985,0.6598519086837769,0.0311788152903318,0.0009226758265867,0.0530556291341781,0.1295308917760849,0.0141357015818357,Supernatural
0.0117242811247706,0.0250107496976852,0.0072103263810276,0.0287687331438064,0.381155788898468,0.5335440635681152,0.0125860273838043,Supernatural
0.0080540003255009,0.0196246318519115,0.3253582715988159,0.0367459319531917,0.4316149652004242,0.0783597454428672,0.1002425029873848,Supernatural
0.0216778982430696,0.0264491159468889,0.0050139753147959,0.0057856976054608,0.3657392859458923,0.0174342337995767,0.5578997731208801,Supernatural
0.0312223583459854,0.0596270337700843,0.0013189656892791,0.4698647558689117,0.405831515789032,0.0269742514938116,0.0051610646769404,Supernatural
