anger,disgust,fear,joy,neutral,sadness,surprise,genre
0.0182578731328248,0.03414998203516,0.1411595195531845,0.0476940497756004,0.6714656949043274,0.0057044131681323,0.0815684869885444,Science_Fiction
0.0465829744935035,0.0383190251886844,0.0677938982844352,0.0207347255200147,0.8003216981887817,0.0130689358338713,0.0131786558777093,Science_Fiction
0.0028263228014111,0.0133912432938814,0.0017651449888944,0.0054531758651137,0.9622294902801514,0.0042541166767477,0.0100805684924125,Science_Fiction
0.0242953393608331,0.2538073360919952,0.0071844444610178,0.0145545955747365,0.656967282295227,0.0357634723186492,0.0074275471270084,Science_Fiction
0.0112904189154505,0.2543653547763824,0.0198392588645219,0.0304076448082923,0.6377366185188293,0.0135172549635171,0.032843492925167,Science_Fiction
0.0062219467945396,0.0103973858058452,0.0103304870426654,0.2995541989803314,0.5241488814353943,0.0349411517381668,0.1144059300422668,Science_Fiction
0.0464106425642967,0.4327349662780761,0.0076615950092673,0.01093406137079,0.4444225132465362,0.0416403971612453,0.0161957591772079,Science_Fiction
0.0033279426861554,0.0312536470592021,0.0016881733899936,0.0080470303073525,0.9297971725463868,0.004414883442223,0.0214711707085371,Science_Fiction
0.0749256759881973,0.2641574144363403,0.0654788836836814,0.002236136002466,0.0514963008463382,0.5345178842544556,0.0071877045556902,Science_Fiction
0.0130244167521595,0.0721694231033325,0.0044797211885452,0.0473638921976089,0.6322585344314575,0.2227731794118881,0.0079308124259114,Science_Fiction
0.0111561371013522,0.0451911389827728,0.0719230994582176,0.3931140601634979,0.3974201679229736,0.034433227032423,0.0467621721327304,Science_Fiction
0.0056680981069803,0.0177030432969331,0.0013987525599077,0.3730505108833313,0.5440147519111633,0.0202604457736015,0.0379044190049171,Science_Fiction
0.0178086124360561,0.1773028820753097,0.0092345988377928,0.0040036956779658,0.4377367198467254,0.2272679060697555,0.1266455352306366,Science_Fiction
0.0187762342393398,0.0922122821211814,0.0056911930441856,0.0045609720982611,0.8223229050636292,0.0283436235040426,0.0280927866697311,Science_Fiction
0.0568841472268104,0.4821052253246307,0.0541792884469032,0.0042933993972837,0.3839006423950195,0.0068074697628617,0.0118297841399908,Science_Fiction
0.0074541312642395,0.1594387888908386,0.010702303610742,0.0160284433513879,0.6946477890014648,0.0887226536870002,0.0230058878660202,Science_Fiction
0.0210185907781124,0.0224715452641248,0.0294574946165084,0.0184537339955568,0.8859159350395203,0.0063198120333254,0.0163629483431577,Science_Fiction
0.4538858830928802,0.326702743768692,0.120271511375904,0.0029705022461712,0.06822120398283,0.0255789756774902,0.0023692192044109,Science_Fiction
0.0177644342184066,0.0207537654787302,0.0508942604064941,0.0069948798045516,0.8517681360244751,0.0192069932818412,0.0326175354421138,Science_Fiction
0.0126869808882474,0.0098089249804615,0.0117733804509043,0.0092349583283066,0.9170718789100648,0.0354755483567714,0.003948307596147,Science_Fiction
0.4025001227855682,0.3737860023975372,0.0430626533925533,0.0053317383863031,0.1441536992788314,0.0242045726627111,0.0069611971266567,Science_Fiction
0.0050022392533719,0.0135822379961609,0.0011888116132467,0.0053325151093304,0.9636269807815552,0.0055727702565491,0.0056944987736642,Science_Fiction
0.0209244918078184,0.0422048084437847,0.1846950352191925,0.0138277411460876,0.4223010241985321,0.3107762932777405,0.0052705584093928,Science_Fiction
0.0044615566730499,0.0024846761953085,0.003575534094125,0.0010983239626511,0.0100402738898992,0.001413301564753,0.9769263863563538,Science_Fiction
0.0109859770163893,0.0553362555801868,0.0039937407709658,0.0144523130729794,0.8964783549308777,0.0077889538370072,0.0109645249322056,Science_Fiction
0.0353256128728389,0.7677947878837585,0.0252492744475603,0.0039934031665325,0.1224851906299591,0.0366312190890312,0.0085205473005771,Science_Fiction
0.2508196234703064,0.189559206366539,0.3451018035411834,0.0059286491014063,0.1653111726045608,0.0307403318583965,0.0125392759218811,Science_Fiction
0.0120384423062205,0.0079943165183067,0.579058051109314,0.0032448123674839,0.019635634496808,0.3745927512645721,0.0034360869321972,Science_Fiction
0.0084991632029414,0.0407589301466941,0.0070150000974535,0.004728568252176,0.909211277961731,0.0058546210639178,0.0239325296133756,Science_Fiction
0.8991680145263672,0.0362923741340637,0.0054119131527841,0.000963736209087,0.0454140156507492,0.0086162751540541,0.0041337073780596,Science_Fiction
0.8081693053245544,0.0448668412864208,0.0592942126095294,0.0013307980261743,0.0656529292464256,0.018231064081192,0.0024549898225814,Science_Fiction
0.0190456733107566,0.0309562422335147,0.005323794670403,0.0040859240107238,0.916693389415741,0.012984680943191,0.0109103647992014,Science_Fiction
0.0063073527999222,0.0082453964278101,0.0026591587811708,0.0153133077546954,0.9534792304039,0.0020231453236192,0.0119725400581955,Science_Fiction
0.0468917302787303,0.5746790766716003,0.0216964036226272,0.0024418085813522,0.3358266651630401,0.009055221453309,0.0094091100618243,Science_Fiction
0.5428400039672852,0.0248784702271223,0.1657966822385788,0.0055068819783627,0.1006042510271072,0.1466482877731323,0.0137254055589437,Science_Fiction
0.0190456733107566,0.0309562422335147,0.005323794670403,0.0040859240107238,0.916693389415741,0.012984680943191,0.0109103647992014,Science_Fiction
0.9247761964797974,0.0258552525192499,0.0066824848763644,0.0007518709753639,0.0103449914604425,0.0304393023252487,0.0011498541571199,Science_Fiction
0.3181199133396148,0.2491771876811981,0.2346816211938858,0.0015561386244371,0.0994918644428253,0.0935109704732894,0.0034622601233422,Science_Fiction
0.0128555614501237,0.0026127360761165,0.9413483142852784,0.0021508482750505,0.027625797316432,0.0076884515583515,0.0057182353921234,Science_Fiction
0.7657343149185181,0.1020585820078849,0.0175644773989915,0.0014172212686389,0.044588778167963,0.0650007873773574,0.00363574991934,Science_Fiction
0.0595243126153945,0.5981293320655823,0.0242847390472888,0.0068067186512053,0.272803246974945,0.031888585537672,0.0065631037577986,Science_Fiction
0.1146382689476013,0.0317046903073787,0.8024411201477051,0.0017425067489966,0.0137002831324934,0.0330019295215606,0.002771113300696,Science_Fiction
0.023252110928297,0.1056778952479362,0.052922636270523,0.0181054808199405,0.1543126255273819,0.6407006978988647,0.0050285714678466,Science_Fiction
0.0026393141597509,0.0063853380270302,0.9498302340507508,0.0020643756724894,0.0160706378519535,0.019287109375,0.0037229545414447,Science_Fiction
0.0084522496908903,0.0325369238853454,0.005732106976211,0.0018875859677791,0.0525415875017643,0.8871121406555176,0.0117374397814273,Science_Fiction
0.0173974111676216,0.059245191514492,0.0211409628391265,0.0620820485055446,0.6993370652198792,0.1344397664070129,0.006357620935887,Science_Fiction
0.7958715558052063,0.1265194118022918,0.0037446240894496,0.0009333087946288,0.0239338465034961,0.0474279522895813,0.0015693639870733,Science_Fiction
0.0162329412996768,0.0184011291712522,0.0218905750662088,0.0399107858538627,0.860076367855072,0.0348813794553279,0.0086068026721477,Science_Fiction
0.010400959290564,0.0536819696426391,0.0055082496255636,0.0268446523696184,0.8815982937812805,0.0061987028457224,0.0157671477645635,Science_Fiction
0.5245231986045837,0.1102874428033828,0.2132275998592376,0.0032230189535766,0.1023752987384796,0.0364256352186203,0.0099378339946269,Science_Fiction
0.3452832400798797,0.1322881579399109,0.1134938597679138,0.0074167628772556,0.1155229359865188,0.2678589522838592,0.0181360989809036,Science_Fiction
0.4261581301689148,0.1757144033908844,0.0886551886796951,0.0021317568607628,0.2635041773319244,0.0409000776708126,0.0029362495988607,Science_Fiction
0.0758937001228332,0.0972438529133796,0.0064630578272044,0.0672742947936058,0.7248837351799011,0.0247506126761436,0.0034907003864645,Science_Fiction
0.013302800245583,0.0268698651343584,0.0062863244675099,0.0148821612820029,0.9251099824905396,0.0081886872649192,0.0053601996041834,Science_Fiction
0.0150867206975817,0.8598311543464661,0.0606993064284324,0.0015977123985067,0.037988856434822,0.0202386919409036,0.0045575965195894,Science_Fiction
0.0183498803526163,0.052609484642744,0.0041990065947175,0.0267783142626285,0.8905801773071289,0.0047342330217361,0.0027489319909363,Science_Fiction
0.1039515882730484,0.7623846530914307,0.0131842801347374,0.0013061945792287,0.0959546864032745,0.0206628143787384,0.0025557759217917,Science_Fiction
0.0129303215071558,0.7155352830886841,0.0090831518173217,0.0535539947450161,0.1891715675592422,0.0179208926856517,0.0018048654310405,Science_Fiction
0.0261520203202962,0.1561725735664367,0.0033256877213716,0.1903008371591568,0.596075713634491,0.0109080271795392,0.0170651879161596,Science_Fiction
0.0396651811897754,0.1455046385526657,0.0018927318742498,0.0402282439172267,0.7555189728736877,0.0136870360001921,0.0035031193401664,Science_Fiction
0.5310947895050049,0.2385025024414062,0.2034806311130523,0.0010095875477418,0.0096614630892872,0.0144563540816307,0.0017947137821465,Science_Fiction
0.0363981463015079,0.7059764862060547,0.0233082249760627,0.0055598099716007,0.2019383311271667,0.0225293468683958,0.0042896862141788,Science_Fiction
0.350150316953659,0.1269383579492569,0.0086266035214066,0.0021839840337634,0.4943850636482239,0.0103590851649641,0.007356637623161,Science_Fiction
0.0110570983961224,0.0090390099212527,0.0037813063245266,0.2868804633617401,0.4340294897556305,0.2243412882089615,0.0308712795376777,Science_Fiction
0.1649579852819442,0.0545634403824806,0.0619285926222801,0.0031166388653218,0.3262192010879516,0.0364789552986621,0.3527351915836334,Science_Fiction
0.0058309165760874,0.0222625751048326,0.0167898684740066,0.0034533927682787,0.9266089797019958,0.0063369022682309,0.0187172424048185,Science_Fiction
0.0255230516195297,0.033524002879858,0.0150780286639928,0.0106421113014221,0.6483733654022217,0.203976109623909,0.0628833100199699,Science_Fiction
0.0500452071428298,0.0358078107237815,0.0242085997015237,0.0133943790569901,0.7515361309051514,0.0248364694416522,0.1001714169979095,Science_Fiction
0.0050105368718504,0.0296540576964616,0.0073744161054492,0.003710268298164,0.8531383275985718,0.0406340584158897,0.0604784488677978,Science_Fiction
0.2950486242771148,0.1174802705645561,0.0352858826518058,0.0055106761865317,0.5212768316268921,0.016694264486432,0.008703438565135,Science_Fiction
0.0016047903336584,0.0012184436200186,0.9877610206604004,0.0009721730602905,0.0052171712741255,0.0016968847485259,0.0015295755583792,Science_Fiction
0.1231695562601089,0.084331102669239,0.0284741856157779,0.0050323540344834,0.6731886863708496,0.0663672685623169,0.0194368958473205,Science_Fiction
0.0371896885335445,0.1033206209540367,0.0220874417573213,0.0041542295366525,0.1477940827608108,0.6624950766563416,0.0229588262736797,Science_Fiction
0.0159842334687709,0.0556597039103508,0.1233702078461647,0.0108475228771567,0.5275796055793762,0.2130301892757415,0.0535285323858261,Science_Fiction
