anger,disgust,fear,joy,neutral,sadness,surprise,genre
0.0180947892367839,0.0463581457734108,0.1135293021798133,0.0389555618166923,0.6272389888763428,0.1044616550207138,0.051361508667469,Action
0.0127477198839187,0.020510384812951,0.0049580577760934,0.6658080220222473,0.2674199342727661,0.0248940549790859,0.003661782015115,Action
0.0475062131881713,0.7087894678115845,0.0049494355916976,0.0837619006633758,0.0760434418916702,0.0684817656874656,0.0104677136987447,Action
0.0188923347741365,0.0263982992619276,0.0008026968571357,0.7534662485122681,0.1834457367658615,0.011071159504354,0.0059235859662294,Action
0.0061312052421271,0.0030086617916822,0.0221344176679849,0.6784943342208862,0.2230584025382995,0.0200034789741039,0.047169454395771,Action
0.2069080173969268,0.6794301271438599,0.012723870575428,0.0134604601189494,0.0646236091852188,0.0208509061485528,0.0020029544830322,Action
0.3440695703029632,0.5820146799087524,0.0076810219325125,0.0183660648763179,0.0345781967043876,0.0120908105745911,0.0011996778193861,Action
0.0227621458470821,0.0898565575480461,0.0033034095540642,0.027097450569272,0.8409077525138855,0.0081085311248898,0.0079641891643404,Action
0.0137330116704106,0.0573629587888717,0.0134625444188714,0.3209902048110962,0.5426865220069885,0.0123542491346597,0.0394105017185211,Action
0.205361396074295,0.2566002011299133,0.0095178419724106,0.0447549037635326,0.4554186761379242,0.026587164029479,0.0017598571721464,Action
0.0110635571181774,0.0109063629060983,0.0036890502087771,0.5062078237533569,0.4364731311798095,0.0044040558859705,0.0272560305893421,Action
0.0249136351048946,0.0303705111145973,0.0135952495038509,0.0113326162099838,0.8560755252838135,0.0252572409808635,0.0384552888572216,Action
0.0943861380219459,0.0207770075649023,0.0044831600971519,0.0075039258226752,0.8354104161262512,0.0032821262720972,0.0341572239995002,Action
0.2478803098201751,0.2444554269313812,0.0984553471207618,0.0305619947612285,0.3497620820999145,0.0238111540675163,0.0050737215206027,Action
0.023024508729577,0.0284513365477323,0.0099596204236149,0.0048841321840882,0.8409908413887024,0.0886416509747505,0.0040479069575667,Action
0.0129707781597971,0.0130296871066093,0.008445899002254,0.0251972917467355,0.8475370407104492,0.0868679583072662,0.0059512793086469,Action
0.0574509985744953,0.0118319625034928,0.8628002405166626,0.0030448373872786,0.0527477003633976,0.0043608131818473,0.0077633582986891,Action
0.1658558696508407,0.0554415322840213,0.5613440871238708,0.0061126756481826,0.1852316260337829,0.0150110172107815,0.011003172956407,Action
0.6929850578308105,0.1914002448320388,0.0811610296368599,0.0016936992760747,0.0191867612302303,0.0109386621043086,0.0026345725636929,Action
0.6866817474365234,0.1270560324192047,0.0274484679102897,0.0014543632278218,0.0506229624152183,0.086552008986473,0.0201843827962875,Action
0.0029539945535361,0.0146242622286081,0.0397492013871669,0.0030843673739582,0.031162304803729,0.8758335113525391,0.0325923450291156,Action
0.2464552670717239,0.5539882183074951,0.1070951521396637,0.0011144093004986,0.0299730394035577,0.0566891096532344,0.004684736020863,Action
0.4329398572444916,0.47967329621315,0.0075319753959774,0.0026022365782409,0.0382385402917861,0.0359589233994483,0.0030551636591553,Action
0.4129587709903717,0.2719359993934631,0.0133087038993835,0.0043226825073361,0.1313370466232299,0.1614311635494232,0.0047056325711309,Action
0.4072389602661133,0.0962490960955619,0.0150198275223374,0.0096761314198374,0.1138132363557815,0.353882223367691,0.0041205645538866,Action
0.0062922090291976,0.0056654410436749,0.0059298556298017,0.0045549976639449,0.0208747144788503,0.0013135543558746,0.955369234085083,Action
0.020418394356966,0.0041876193135976,0.0043515306897461,0.2019008696079254,0.390755146741867,0.0043880366720259,0.3739983737468719,Action
0.0526801571249961,0.1175534129142761,0.0178823079913854,0.3976649940013885,0.3831893801689148,0.0121371680870652,0.0188925210386514,Action
0.0122162522748112,0.0115853287279605,0.0252503789961338,0.2101508229970932,0.67525315284729,0.004959559533745,0.0605844929814338,Action
0.0306610912084579,0.0211296193301677,0.1216228380799293,0.0113919479772448,0.6682084202766418,0.120055928826332,0.0269300825893878,Action
0.03810540959239,0.1532226353883743,0.0662256032228469,0.0023303218185901,0.0789551734924316,0.6486297845840454,0.0125310625880956,Action
0.0019617897924035,0.0165459644049406,0.0348609760403633,0.0027544698677957,0.056521076709032,0.8740975260734558,0.0132582113146781,Action
0.3500404357910156,0.2424924373626709,0.1086807772517204,0.012321276590228,0.2475532740354538,0.0321974791586399,0.0067143212072551,Action
0.0548069849610328,0.1914845108985901,0.0244051720947027,0.0028634744230657,0.038265187293291,0.6824560165405273,0.0057187103666365,Action
0.8680235147476196,0.0983520299196243,0.0157029740512371,0.0010365550406277,0.0093048540875315,0.0055559510365128,0.0020241953898221,Action
0.0333625897765159,0.1505280584096908,0.2117937207221985,0.0027933705132454,0.1833711862564087,0.2959550321102142,0.1221960857510566,Action
0.0161209311336278,0.0528342574834823,0.4229892194271087,0.0039014478679746,0.1671974062919616,0.3058132529258728,0.0311435014009475,Action
0.2027735114097595,0.1608121395111084,0.1919326484203338,0.0076613402925431,0.3610308468341827,0.0689322501420974,0.0068573094904422,Action
0.92328143119812,0.0250370558351278,0.0013809765223413,0.0011092787608504,0.0306430160999298,0.0164741724729537,0.0020740404725074,Action
0.0051498147659003,0.0193421002477407,0.014475948177278,0.0393400304019451,0.8986757397651672,0.012786011211574,0.0102303242310881,Action
