anger,disgust,fear,joy,neutral,sadness,surprise,genre
0.0030462227296084,0.0218566376715898,0.0219328347593545,0.0904026478528976,0.7031605243682861,0.0123391263186931,0.1472620815038681,Costume_drama
0.0451729260385036,0.0636356845498085,0.0026382531505078,0.005182284861803,0.054052822291851,0.8239468932151794,0.0053711356595158,Costume_drama
0.0227863173931837,0.2819716036319732,0.0102351699024438,0.0069228666834533,0.6606302857398987,0.0135945565998554,0.003859243588522,Costume_drama
0.1272443979978561,0.245925024151802,0.0183213092386722,0.2730912864208221,0.3219896852970123,0.0074740764684975,0.0059542008675634,Costume_drama
0.022619167342782,0.0551957339048385,0.0066183945164084,0.3696726262569427,0.49615478515625,0.0043301191180944,0.0454091429710388,Costume_drama
0.8536468148231506,0.0926986411213874,0.0205814968794584,0.0009424811578355,0.0237943232059478,0.0064902426674962,0.0018459294224157,Costume_drama
0.1665469706058502,0.3106097280979156,0.0048778313212096,0.0058341398835182,0.1699458658695221,0.3360278904438019,0.0061576003208756,Costume_drama
0.7568690776824951,0.0496161915361881,0.1002893224358558,0.002280481159687,0.0415924713015556,0.0459565855562686,0.0033958323765546,Costume_drama
0.0468230582773685,0.9148296117782592,0.0076061324216425,0.0028885514475405,0.01916329190135,0.0080338455736637,0.0006555363652296,Costume_drama
0.4018007516860962,0.4118590652942657,0.0073492219671607,0.0018159678438678,0.0745417326688766,0.1001613512635231,0.00247184606269,Costume_drama
0.950230062007904,0.0169375166296958,0.0017590727657079,0.0008354359888471,0.0223880745470523,0.0058567156083881,0.0019932403229177,Costume_drama
0.0171419959515333,0.365942507982254,0.1754823625087738,0.0070457621477544,0.3171572089195251,0.1071622297167778,0.010067893192172,Costume_drama
0.1834128499031067,0.5294046998023987,0.1730650514364242,0.001601162017323,0.0784865915775299,0.0296440962702035,0.0043855714611709,Costume_drama
0.3490720987319946,0.5424531698226929,0.0426224060356617,0.0006543551571667,0.0157264657318592,0.0475607849657535,0.0019107603002339,Costume_drama
0.2063677012920379,0.4556652307510376,0.0944804921746254,0.001871719607152,0.0263279024511575,0.2118183374404907,0.0034685123246163,Costume_drama
0.0223646908998489,0.6708143353462219,0.0379207395017147,0.0050292341038584,0.0656865239143371,0.1964329034090042,0.0017516033258289,Costume_drama
