anger,disgust,fear,joy,neutral,sadness,surprise,genre
0.198518306016922,0.2063850313425064,0.018334861844778,0.0019629667513072,0.0865135341882705,0.4843375384807586,0.0039477790705859,Drama
0.1692822426557541,0.6888631582260132,0.0247193463146686,0.0020623444579541,0.0800724104046821,0.0314316488802433,0.0035687750205397,Drama
0.0095528429374098,0.7607277631759644,0.0185719225555658,0.0143507001921534,0.1674789637327194,0.0086200339719653,0.0206978730857372,Drama
0.3175517618656158,0.5774098038673401,0.0149650229141116,0.004401312675327,0.0506950952112674,0.0341220088303089,0.000855051970575,Drama
0.4339841306209564,0.1974571943283081,0.0061095198616385,0.0025731166824698,0.1440721601247787,0.2032177597284317,0.0125860953703522,Drama
0.0632583051919937,0.8463903069496155,0.0036026739981025,0.0040990863926708,0.060428861528635,0.0104462830349802,0.0117744319140911,Drama
0.9376070499420166,0.0223325546830892,0.0050519313663244,0.000937228789553,0.0257895048707723,0.0038051400333642,0.0044765486381947,Drama
0.0160532034933567,0.0130390636622905,0.0014239442534744,0.8353715538978577,0.1143654584884643,0.0024407787714153,0.0173060595989227,Drama
0.0190750788897275,0.0365654416382312,0.0012487231288105,0.0554447174072265,0.806207537651062,0.0353624634444713,0.046095959842205,Drama
0.0220961663872003,0.0734804719686508,0.0210541002452373,0.0039580501616001,0.81361985206604,0.0120944678783416,0.0536968149244785,Drama
0.0571167655289173,0.0600818507373333,0.017167329788208,0.0154915517196059,0.3342092931270599,0.496955394744873,0.0189778488129377,Drama
0.1147733330726623,0.4953511357307434,0.0158234909176826,0.0082581164315342,0.3100079596042633,0.0325426012277603,0.0232434459030628,Drama
0.014303277246654,0.0257181841880083,0.0050780670717358,0.0010588117875158,0.0199376326054334,0.9306979775428772,0.0032061021775007,Drama
0.0013409535167738,0.018702819943428,0.0061450935900211,0.0042517283000051,0.0378864631056785,0.9225152134895324,0.0091577442362904,Drama
0.3895955085754394,0.4765242338180542,0.0103513961657881,0.0014072520425543,0.0443001091480255,0.0756764635443687,0.0021450696513056,Drama
0.0069940611720085,0.0438640750944614,0.0038597956299781,0.0089173428714275,0.8985598683357239,0.0255937948822975,0.0122110936790704,Drama
0.7737043499946594,0.06494951993227,0.0138495415449142,0.0018533421680331,0.0996945947408676,0.041943036019802,0.0040056118741631,Drama
0.0122606446966528,0.0042482796125113,0.2992948293685913,0.0043877242133021,0.0126621173694729,0.6650598049163818,0.0020866382401436,Drama
0.0126105304807424,0.4714736342430115,0.0187824685126543,0.0804132744669914,0.3543774783611297,0.0106167159974575,0.0517259091138839,Drama
0.6237059235572815,0.1173063442111015,0.0068116504698991,0.0033098026178777,0.1685701459646225,0.0782629698514938,0.0020331547129899,Drama
0.0319600030779838,0.0228314790874719,0.0014732870040461,0.0575868673622608,0.85096675157547,0.0221218187361955,0.0130598274990916,Drama
