anger,disgust,fear,joy,neutral,sadness,surprise,genre
0.0088215833529829,0.0534091293811798,0.6915126442909241,0.0129872215911746,0.1935783475637436,0.0309249255806207,0.0087661994621157,Comedy_film
0.0703190863132476,0.1872129291296005,0.0056711579672992,0.1779233366250991,0.5222856402397156,0.0092565864324569,0.0273312386125326,Comedy_film
0.2194907069206237,0.6093786358833313,0.0233771800994873,0.0087406318634748,0.0737657099962234,0.0507223568856716,0.0145247774198651,Comedy_film
0.010305049829185,0.0064647030085325,0.0073863826692104,0.0190308541059494,0.8370591998100281,0.0110480263829231,0.1087057963013649,Comedy_film
0.062890239059925,0.4053817987442016,0.0175377484411001,0.0045357588678598,0.2796937823295593,0.2275701612234115,0.0023905418347567,Comedy_film
0.0205234084278345,0.0215201955288648,0.8688117861747742,0.0042834249325096,0.0718716233968734,0.00678789941594,0.0062016369774937,Comedy_film
0.0119612896814942,0.0072080013342201,0.0075725810602307,0.1019891276955604,0.5344880223274231,0.2996870279312134,0.0370939746499061,Comedy_film
0.0162228662520647,0.0267820637673139,0.0018287972779944,0.0320313423871994,0.0455456301569938,0.8750986456871033,0.0024906590115278,Comedy_film
0.0144702848047018,0.0035321575123816,0.0018798722885549,0.3538813889026642,0.1501517742872238,0.009928879328072,0.4661556482315063,Comedy_film
0.0068938811309635,0.0250267721712589,0.0037824702449142,0.0613144189119339,0.8768086433410645,0.014922528527677,0.0112512316554784,Comedy_film
0.0611823499202728,0.032746247947216,0.0020244903862476,0.0047233663499355,0.091164544224739,0.7742339372634888,0.0339249931275844,Comedy_film
0.0179811976850032,0.0111155770719051,0.0042166355997323,0.0193672161549329,0.5108269453048706,0.0208606179803609,0.4156318008899688,Comedy_film
0.0121998889371752,0.0524171628057956,0.0043641948141157,0.0023405496031045,0.0310518108308315,0.8950212597846985,0.0026051183231174,Comedy_film
0.0846679657697677,0.1765983551740646,0.0151679627597332,0.0058504929766058,0.5952011942863464,0.0917262509465217,0.0307878125458955,Comedy_film
0.042165458202362,0.7332983016967773,0.0023573758080601,0.0133125064894557,0.1844403594732284,0.0200342573225498,0.0043917638249695,Comedy_film
