anger,disgust,fear,joy,neutral,sadness,surprise,genre
0.0396249145269393,0.0672401636838913,0.0088378954678773,0.2349350303411483,0.5872862339019775,0.0104620922356843,0.0516137592494487,Drama
0.0046973614953458,0.0218154583126306,0.0016062540234997,0.8480835556983948,0.0776890814304351,0.0168968457728624,0.0292114410549402,Drama
0.0050780437886714,0.0278929360210895,0.0009962662588804,0.0104323346167802,0.1723749488592147,0.7548044323921204,0.0284209847450256,Drama
0.1096663996577262,0.0789242163300514,0.0738972276449203,0.0068058692850172,0.0592584647238254,0.0063726096414029,0.6650751829147339,Drama
0.6858936548233032,0.0732731819152832,0.0089591732248663,0.001169930328615,0.0407218374311924,0.1866147667169571,0.003367512486875,Drama
0.9688124656677246,0.0063875522464513,0.0075216758996248,0.0005796883488073,0.0097936717793345,0.0047015878371894,0.0022033764980733,Drama
0.0337832197546958,0.9086930155754088,0.0032145818695425,0.0053772600367665,0.0354048460721969,0.0122700231149792,0.0012571507832035,Drama
0.0478601530194282,0.0665856301784515,0.0068529536947607,0.0272085666656494,0.8028428554534912,0.045434933155775,0.0032148354221135,Drama
0.0024964802432805,0.0076895244419574,0.0011235806159675,0.0043665925040841,0.0525942519307136,0.9220119714736938,0.0097175640985369,Drama
0.0245140716433525,0.027205005288124,0.8013655543327332,0.0039798589423298,0.0844625458121299,0.0304589886218309,0.0280139446258544,Drama
0.0680882334709167,0.1072199940681457,0.7740309834480286,0.0014280180912464,0.032622180879116,0.0119126876816153,0.0046979105100035,Drama
0.0029424263630062,0.0010306729236617,0.0007276930264197,0.0040651182644069,0.0101418113335967,0.0017787783872336,0.9793134331703186,Drama
0.0459575690329074,0.1472096741199493,0.0070662698708474,0.2807442247867584,0.4787008464336395,0.0195341408252716,0.020787252113223,Drama
0.0111719816923141,0.0624181479215621,0.0103703420609235,0.0140862567350268,0.8409278988838196,0.0060999975539743,0.0549253746867179,Drama
0.9570028781890868,0.0148896900936961,0.0012604717630892,0.0012054950930178,0.0187615007162094,0.0050752577371895,0.0018045215401798,Drama
0.016230434179306,0.9346991777420044,0.0024894482921808,0.0035353070124983,0.0358921103179454,0.0059024654328823,0.0012509343214333,Drama
0.0343736372888088,0.0620008744299411,0.0026256882119923,0.0036749551072716,0.2913728952407837,0.5448653101921082,0.0610866472125053,Drama
0.0045282682403922,0.9867236018180848,0.0012803092831745,0.0003578462055884,0.0051303394138813,0.0012884030584245,0.0006913075922057,Drama
0.0544255226850509,0.0195644088089466,0.8035449981689453,0.0028946271631866,0.072089210152626,0.0425699725747108,0.0049113580025732,Drama
0.957532286643982,0.0191921517252922,0.0041516222991049,0.0007205831352621,0.0126865180209279,0.0037341392599046,0.001982778776437,Drama
0.5400229096412659,0.378862202167511,0.0074679930694401,0.0013287272304296,0.0575235076248645,0.0123606324195861,0.0024340120144188,Drama
0.9596351981163024,0.011460087262094,0.0013067607069388,0.0008279521134682,0.0097072385251522,0.0143338069319725,0.0027288957498967,Drama
0.7764487862586975,0.1439869701862335,0.033298272639513,0.0008765230304561,0.0327241718769073,0.0071042366325855,0.0055610602721571,Drama
0.545931339263916,0.1141411662101745,0.0038460933137685,0.0273394025862216,0.2067456245422363,0.0999002456665039,0.0020960452966392,Drama
0.0085972333326935,0.0316098742187023,0.0028073478024452,0.0047681829892098,0.9222944378852844,0.0051522427238523,0.0247706566005945,Drama
0.7095592617988586,0.1573349684476852,0.006282624322921,0.0034177748020738,0.0884870216250419,0.0305795688182115,0.0043388488702476,Drama
0.0101062199100852,0.3502229154109955,0.0162650775164365,0.0028837574645876,0.222319945693016,0.3836726546287536,0.0145294331014156,Drama
0.2445214092731475,0.7047065496444702,0.0042941216379404,0.0008465139544568,0.0243649948388338,0.0200962182134389,0.0011702185729518,Drama
0.0196864400058984,0.0274251960217952,0.0018801182741299,0.3470790982246399,0.5355290174484253,0.0583943836390972,0.0100057702511549,Drama
