anger,disgust,fear,joy,neutral,sadness,surprise,genre
0.0503567084670066,0.1790244877338409,0.4099199771881103,0.0078958068042993,0.2225634902715683,0.0399595126509666,0.0902800261974334,Drama
0.0148045253008604,0.1035530939698219,0.0069085611030459,0.0036437704693526,0.7093782424926758,0.1349881887435913,0.0267236232757568,Drama
0.7370125651359558,0.143405869603157,0.0073024216108024,0.0062047825194895,0.0808044448494911,0.0218094531446695,0.0034604973625391,Drama
0.0048588486388325,0.7334184646606445,0.0062869936227798,0.0448925793170928,0.1949451267719268,0.0089852642267942,0.0066126831807196,Drama
0.4905018508434295,0.1363168805837631,0.0481096133589744,0.0180263053625822,0.2644848227500915,0.0284301172941923,0.0141303315758705,Drama
0.1012537106871604,0.0287753045558929,0.3403432369232178,0.0096838986501097,0.2782855033874511,0.1789563000202179,0.0627020522952079,Drama
0.1108288317918777,0.1140845045447349,0.0102481227368116,0.0156783107668161,0.74018394947052,0.0062981876544654,0.0026781531050801,Drama
0.0031559169292449,0.012339998036623,0.0057142623700201,0.0120471958070993,0.8968200087547302,0.0184449143707752,0.0514776483178138,Drama
0.0311729218810796,0.1113107055425643,0.0807826593518257,0.0042487857863307,0.7107208967208862,0.0052325660362839,0.0565314479172229,Drama
0.006639186758548,0.0037325967568904,0.0023488940205425,0.0061246580444276,0.9657671451568604,0.0049446136690676,0.0104428054764866,Drama
0.0427805669605731,0.4693994224071502,0.0654283240437507,0.0056878421455621,0.3772022426128387,0.0324851982295513,0.0070164208300411,Drama
0.0425253957509994,0.0427703857421875,0.1011211797595024,0.0177950430661439,0.7748916149139404,0.0133790653198957,0.0075173145160079,Drama
0.0629641041159629,0.4777484238147735,0.0536750517785549,0.0026278831064701,0.3866699635982513,0.0071521108038723,0.0091624874621629,Drama
0.1414938569068908,0.0661759674549102,0.4073840081691742,0.0085697211325168,0.2855255007743835,0.0669305473566055,0.0239203497767448,Drama
0.0352375470101833,0.0144096324220299,0.0019805755000561,0.1094615384936332,0.8213244676589966,0.0052173752337694,0.0123688038438558,Drama
0.0244309119880199,0.0527375377714633,0.2870194911956787,0.0191290844231843,0.5957205295562744,0.0121589237824082,0.0088034942746162,Drama
0.0407029502093791,0.01559838373214,0.0273278504610061,0.0054780077189207,0.8952676057815552,0.0103528751060366,0.0052724205888807,Drama
0.0524538829922676,0.0581673458218574,0.027745047584176,0.0352122858166694,0.5948242545127869,0.1128336489200592,0.1187636628746986,Drama
0.3952621817588806,0.0201588366180658,0.4202165901660919,0.0078080589883029,0.1330154985189438,0.0108820563182234,0.0126567734405398,Drama
0.0273978840559721,0.0672996118664741,0.0101259909570217,0.0101469000801444,0.8601381182670593,0.0087260948494076,0.016165342181921,Drama
0.0052937851287424,0.4898641407489776,0.044904064387083,0.004298529587686,0.1088252291083335,0.3068448901176452,0.039969366043806,Drama
0.0086125805974006,0.0120283821597695,0.0154978092759847,0.0083608571439981,0.7906817197799683,0.0117890341207385,0.1530295312404632,Drama
0.5676609873771667,0.1455399096012115,0.0227514542639255,0.0021037147380411,0.1866208612918853,0.067073568701744,0.0082494607195258,Drama
0.0321811400353908,0.0377923510968685,0.0103934863582253,0.0034243955742567,0.7973713874816895,0.0175854451954364,0.1012517362833023,Drama
0.0205116514116525,0.0660425797104835,0.066210426390171,0.0622518472373485,0.7007361054420471,0.0467588268220424,0.0374885872006416,Drama
0.0144999139010906,0.0103302113711833,0.0058405734598636,0.0306111015379428,0.894662618637085,0.0113566797226667,0.0326989889144897,Drama
0.0062162540853023,0.0047192727215588,0.009616570547223,0.0059966132976114,0.8825023770332336,0.0124542945995926,0.0784946382045745,Drama
0.0255002249032259,0.0138679146766662,0.0196095798164606,0.0420137830078601,0.8266676068305969,0.0250896345824003,0.0472512692213058,Drama
0.0870985686779022,0.0879017412662506,0.0644087567925453,0.0064842347055673,0.733168363571167,0.0139863789081573,0.0069520347751677,Drama
0.0651832446455955,0.2880876064300537,0.0192349087446928,0.0024267223197966,0.5488385558128357,0.0566284321248531,0.0196005720645189,Drama
0.0675272196531295,0.0564655102789402,0.009436409920454,0.0064973216503858,0.8344353437423706,0.0197433698922395,0.0058947452344,Drama
0.0659902319312095,0.2160683274269104,0.0304275713860988,0.0049829869531095,0.6177273988723755,0.0590236224234104,0.0057799355126917,Drama
0.0165801104158163,0.0451140478253364,0.013404943048954,0.0038757983129471,0.8194172382354736,0.0951819717884063,0.0064259469509124,Drama
0.0111858155578374,0.0242175254970788,0.0039698746986687,0.0017242030007764,0.948766827583313,0.0043295887298882,0.0058062002062797,Drama
0.0095968982204794,0.0043043093755841,0.0011815862962976,0.0168370958417654,0.9474987387657166,0.0050704563036561,0.0155109707266092,Drama
0.0176219251006841,0.0021932628005743,0.0044160983525216,0.5723140835762024,0.283927321434021,0.0211982931941747,0.098329022526741,Drama
0.038373377174139,0.0490447618067264,0.0086732180789113,0.0013665130827575,0.8822430968284607,0.005019670818001,0.0152794802561402,Drama
