anger,disgust,fear,joy,neutral,sadness,surprise,genre
0.0092904912307858,0.0086017400026321,0.0111284116283059,0.3652280569076538,0.5610144734382629,0.0170940160751342,0.0276428442448377,Action
0.0012844176962971,0.0067848558537662,0.0295491684228181,0.0216621607542037,0.1107350513339042,0.7814104557037354,0.0485738813877105,Action
0.0208232142031192,0.3204386234283447,0.0268257539719343,0.048520877957344,0.5538075566291809,0.0282578412443399,0.0013261664425954,Action
0.0082344599068164,0.0163425579667091,0.0023163715377449,0.0693844705820083,0.8871768712997437,0.005971161648631,0.0105740521103143,Action
0.0533265806734561,0.0270755495876073,0.0056494581513106,0.0022229417227208,0.8882808089256287,0.011306494474411,0.0121381115168333,Action
0.216418907046318,0.0385970249772071,0.1629785597324371,0.0082101598381996,0.5456376671791077,0.0176982395350933,0.0104594510048627,Action
0.0349089093506336,0.0291362293064594,0.1060827225446701,0.0073159700259566,0.7915902733802795,0.0105989277362823,0.0203669779002666,Action
0.0071918410249054,0.0057871295139193,0.0090688075870275,0.0181983411312103,0.946516215801239,0.0057954136282205,0.0074421325698494,Action
0.0064466744661331,0.0056685879826545,0.0168254077434539,0.0070280223153531,0.8370614647865295,0.0086975311860442,0.1182723119854927,Action
0.0087835844606161,0.0089184176176786,0.0017787112155929,0.0263959355652332,0.9376682639122008,0.0031482875347137,0.0133068105205893,Action
0.041387416422367,0.1092455759644508,0.0142724262550473,0.0117159057408571,0.7931674718856812,0.0213599391281604,0.0088513158261775,Action
0.0197290517389774,0.0055662943050265,0.0068542240187525,0.3582046329975128,0.4145859181880951,0.0040615471079945,0.1909983456134796,Action
0.0535200610756874,0.0085266521200537,0.0345294438302516,0.1713199168443679,0.5095078945159912,0.0109401298686862,0.2116558402776718,Action
0.0200905073434114,0.0109642120078206,0.0172563344240188,0.066704586148262,0.5580406785011292,0.0964619591832161,0.2304817289113998,Action
