anger,disgust,fear,joy,neutral,sadness,surprise,genre
0.0154782142490148,0.0108525035902857,0.0035691384691745,0.0110301878303289,0.9054834842681884,0.0063068107701838,0.0472797416150569,Action
0.0213034991174936,0.0409757383167743,0.0119789829477667,0.0029125879518687,0.8556361198425293,0.0070828287862241,0.0601102150976657,Action
0.2153761684894561,0.0867583081126213,0.1030532121658325,0.0026412855368107,0.2821879386901855,0.1355862766504287,0.174396812915802,Action
0.0355300232768058,0.0681461617350578,0.0077786687761545,0.0058431173674762,0.8338103294372559,0.0256931670010089,0.0231984388083219,Action
0.0308847557753324,0.3755256235599518,0.0162744279950857,0.0062156384810805,0.3030769526958465,0.2622923254966736,0.0057303099893033,Action
0.0050173951312899,0.0478569902479648,0.0016893113497644,0.1311113536357879,0.7731413841247559,0.0297208949923515,0.0114626428112387,Action
0.0273631196469068,0.1659731417894363,0.0136376330628991,0.0267686136066913,0.599831759929657,0.16056989133358,0.0058558024466037,Action
0.0345717258751392,0.0974323004484176,0.6191369295120239,0.0603001862764358,0.1517007648944854,0.0328641347587108,0.003993896767497,Action
0.1360325217247009,0.005317180417478,0.8402450084686279,0.000788735516835,0.0034841687884181,0.010289154946804,0.0038433775771409,Action
0.6807720065116882,0.0327540151774883,0.0032283926848322,0.0040531638078391,0.157445877790451,0.0974350720643997,0.0243114717304706,Action
0.1769836843013763,0.0888867080211639,0.1206905841827392,0.0041508353315293,0.2990461587905884,0.304289698600769,0.0059522739611566,Action
0.025144113227725,0.0258158277720212,0.140685498714447,0.0053343796171247,0.6664472818374634,0.0665018633008003,0.0700710639357566,Action
0.0400088913738727,0.011667632497847,0.1346548646688461,0.003446492832154,0.3001918494701385,0.4834026992321014,0.0266275517642498,Action
0.0294970944523811,0.0246729757636785,0.0216245893388986,0.0019217289518564,0.8155754804611206,0.0887576639652252,0.01795045286417,Action
0.0108425468206405,0.0273376051336526,0.0037184341344982,0.0096304416656494,0.8921958208084106,0.0071076578460633,0.0491674654185771,Action
0.2595596611499786,0.111977219581604,0.0848367065191268,0.0033529917709529,0.398182213306427,0.1168746873736381,0.0252164844423532,Action
0.008960491977632,0.0063036317005753,0.00074190471787,0.0821304470300674,0.8689066171646118,0.0169743932783603,0.0159825459122657,Action
0.0561689734458923,0.0199944488704204,0.0294594168663024,0.0023716350551694,0.0708663389086723,0.4449635148048401,0.3761756718158722,Action
0.0030604053754359,0.0009691320592537,0.9794675707817078,0.001200322760269,0.0092555871233344,0.0023576584644615,0.0036893398500978,Action
0.0083295507356524,0.014277652837336,0.0064285234548151,0.0051653254777193,0.8957344889640808,0.0370001345872879,0.0330642461776733,Action
0.1070575788617134,0.1422985643148422,0.1218695193529129,0.0042223464697599,0.4660759270191192,0.1524092257022857,0.0060667353682219,Action
0.8671020269393921,0.0398897342383861,0.004417928867042,0.001313388114795,0.0749256312847137,0.0104154851287603,0.0019358347635716,Action
0.0057799667119979,0.0059724291786551,0.0060274917632341,0.0085475826635956,0.8697867393493652,0.0668873637914657,0.0369984321296215,Action
0.0185272023081779,0.1185634806752204,0.0320972725749015,0.0538280457258224,0.634107232093811,0.0044439868070185,0.1384327113628387,Action
0.0703141391277313,0.2405126243829727,0.0035856773611158,0.2286233007907867,0.4163157343864441,0.020881338045001,0.0197671130299568,Action
0.1275582313537597,0.0104368813335895,0.7329068779945374,0.0056262016296386,0.0892518684267997,0.02600534632802,0.0082145808264613,Action
0.3164248168468475,0.0473024658858776,0.0874873623251915,0.0035380125045776,0.3923583924770355,0.1112346351146698,0.0416543036699295,Action
0.0215748716145753,0.0162898115813732,0.0349750407040119,0.0012275459012016,0.0215063206851482,0.873284637928009,0.0311417616903781,Action
0.0461836084723472,0.3435527384281158,0.0074450811371207,0.0057816333137452,0.4591875970363617,0.1308562606573104,0.0069930623285472,Action
0.1115465238690376,0.0622562542557716,0.3990130722522735,0.031955748796463,0.3141919374465942,0.074864462018013,0.0061721038073301,Action
0.0583839677274227,0.0039404276758432,0.0353616401553154,0.0042714197188615,0.8562273383140564,0.0135378548875451,0.028277363628149,Action
0.5938149094581604,0.2031882405281067,0.0045233252458274,0.0034984627272933,0.1288134753704071,0.0638707429170608,0.0022908539976924,Action
0.0375591665506362,0.0197714734822511,0.1145070865750312,0.0010302021401003,0.0269028414040803,0.7855173349380493,0.0147118028253316,Action
0.0135891390964388,0.0115760825574398,0.0089196441695094,0.0030423919670283,0.9184548258781432,0.0297975521534681,0.0146202938631176,Action
0.2107618153095245,0.0060382448136806,0.6310793161392212,0.006120759062469,0.1126026660203933,0.019379673525691,0.0140175344422459,Action
0.012394605204463,0.0301919933408498,0.0101530188694596,0.0077551729045808,0.2912809550762176,0.6449727416038513,0.0032515311613678,Action
0.4204322397708893,0.1516774147748947,0.0282722990959882,0.0042407312430441,0.3722634613513946,0.015433294698596,0.007680510636419,Action
0.0764369294047355,0.0126551976427435,0.0065510515123605,0.0199210532009601,0.857046365737915,0.0110639221966266,0.016325457021594,Action
0.1936907172203064,0.1832657158374786,0.0063160541467368,0.0057172095403075,0.3782180249691009,0.2285719662904739,0.0042203566990792,Action
0.0899304077029228,0.0605777651071548,0.0060504153370857,0.0133748371154069,0.7752456665039062,0.0341352969408035,0.0206855423748493,Action
0.3898477256298065,0.4000188112258911,0.0130585609003901,0.0034696080256253,0.089431993663311,0.0783912613987922,0.0257820449769496,Action
0.5076492428779602,0.0176181979477405,0.3804291486740112,0.0036515502724796,0.075856864452362,0.0079462081193923,0.0068488311953842,Action
0.0447977893054485,0.0728037431836128,0.0052392682991921,0.0060058422386646,0.2383023351430893,0.6089081168174744,0.023942906409502,Action
0.0043934043496847,0.0024108916986733,0.0036599657032638,0.0070733483880758,0.963591456413269,0.0052158464677631,0.0136551037430763,Action
0.0218821838498115,0.0080018751323223,0.0084613980725407,0.0052571594715118,0.9049534201622008,0.0184857957065105,0.0329581350088119,Action
0.0225435644388198,0.3301051259040832,0.1388413161039352,0.0031214165501296,0.2761977612972259,0.1781970262527465,0.0509938448667526,Action
0.1451992839574813,0.1277124583721161,0.0066907075233757,0.0043592643924057,0.6852940917015076,0.0230195764452219,0.0077245896682143,Action
0.0215570330619812,0.3252333998680115,0.0086691863834857,0.0045448136515915,0.2762061357498169,0.3405722081661224,0.0232172366231679,Action
0.0106729501858353,0.0972990319132804,0.0056361192837357,0.0100475074723362,0.8579487800598145,0.0092231798917055,0.0091723222285509,Action
0.1340605914592743,0.0810418054461479,0.5597686767578125,0.0062581854872405,0.1920376718044281,0.00945027731359,0.0173828229308128,Action
