anger,disgust,fear,joy,neutral,sadness,surprise,genre
0.0171517077833414,0.0149328028783202,0.0207206234335899,0.501259982585907,0.3906150460243225,0.0043790708296,0.0509408414363861,Short_Film
0.5629430413246155,0.0400157198309898,0.0767720863223075,0.0240964647382497,0.1768645197153091,0.0278077274560928,0.0915004536509513,Short_Film
0.3383850157260895,0.0284424051642417,0.035371758043766,0.0293945483863353,0.4961775541305542,0.0201317146420478,0.0520969443023204,Short_Film
0.0727520361542701,0.023566922172904,0.1174684464931488,0.0070738922804594,0.668024480342865,0.0237102247774601,0.0874039754271507,Short_Film
0.0053451722487807,0.0081789242103695,0.0031678669620305,0.0032655084505677,0.8879396319389343,0.0100753949955105,0.0820274725556373,Short_Film
0.07423797249794,0.0129901953041553,0.0038871155120432,0.578483521938324,0.2225335240364074,0.0119471698999404,0.095920480787754,Short_Film
0.024356672540307,0.0178974233567714,0.0045843669213354,0.1936197280883789,0.6645623445510864,0.0180172193795442,0.0769622474908828,Short_Film
0.1297299563884735,0.0408172011375427,0.7503013014793396,0.0020660653244704,0.0608383789658546,0.0112839611247181,0.004963110666722,Short_Film
0.4534991979598999,0.2219389677047729,0.0147671634331345,0.0212006717920303,0.2677436769008636,0.0137310279533267,0.0071192774921655,Short_Film
0.0045537264086306,0.0085497675463557,0.0034063030034303,0.1813826262950897,0.7320345044136047,0.0058870059438049,0.064186044037342,Short_Film
0.1038850471377372,0.2259318232536316,0.0603951923549175,0.0116262985393404,0.5333170294761658,0.0165986251085996,0.0482459627091884,Short_Film
0.0150300785899162,0.4018630683422088,0.2464605569839477,0.0087756952270865,0.3078541755676269,0.0118619045242667,0.0081546055153012,Short_Film
0.040780559182167,0.3886084854602813,0.00765070784837,0.1844338923692703,0.2856158912181854,0.0338803045451641,0.0590301491320133,Short_Film
0.0073226462118327,0.0610773600637912,0.0062423166818916,0.0072398921474814,0.81467205286026,0.0604425445199012,0.0430032163858413,Short_Film
0.0048860670067369,0.0070460326969623,0.0013959923526272,0.7829115986824036,0.1250494718551635,0.0531038865447044,0.0256068110466003,Short_Film
0.0361856631934642,0.0491658225655555,0.0041053253225982,0.1144756749272346,0.7581139802932739,0.0219704452902078,0.0159830059856176,Short_Film
0.0057119065895676,0.0122570265084505,0.003965575248003,0.0042545199394226,0.7645432353019714,0.0527673959732055,0.1565003544092178,Short_Film
0.0088317897170782,0.0431040152907371,0.0138885853812098,0.0036502690054476,0.8958076238632202,0.0112721025943756,0.0234456285834312,Short_Film
0.007020445074886,0.0015990982064977,0.0073849125765264,0.0024785725399851,0.0188893340528011,0.0032217267435044,0.9594059586524964,Short_Film
0.0135584138333797,0.0147222941741347,0.0018556959694251,0.1142572835087776,0.8149620294570923,0.010465876199305,0.0301783867180347,Short_Film
0.0095061995089054,0.0024247847031801,0.0059922891668975,0.6257369518280029,0.1892428994178772,0.0181154683232307,0.1489813923835754,Short_Film
0.0167626831680536,0.0204612780362367,0.0032291610259562,0.0199610386043787,0.7272278070449829,0.0050161825492978,0.2073418498039245,Short_Film
0.5801666975021362,0.0899484679102897,0.0457005389034748,0.0045655816793441,0.0517634488642215,0.0211512260138988,0.2067040055990219,Short_Film
0.539359986782074,0.1119863241910934,0.0062203956767916,0.1503520309925079,0.075981855392456,0.005708017386496,0.1103913560509681,Short_Film
0.0224411711096763,0.3757236897945404,0.0019424733472988,0.0061054858379065,0.5786117315292358,0.0070629226975142,0.008112502284348,Short_Film
0.0218984950333833,0.1731843501329422,0.0098375035449862,0.0035374648869037,0.2874335050582886,0.1769616156816482,0.3271470665931701,Short_Film
0.0496385358273983,0.1046685054898262,0.0373427346348762,0.005215008277446,0.4826612472534179,0.1796916276216507,0.1407823711633682,Short_Film
0.0705394744873046,0.2388427257537841,0.0087849320843815,0.0399086736142635,0.060800701379776,0.4104993045330047,0.1706242114305496,Short_Film
0.097970612347126,0.2773690223693847,0.0076783513650298,0.0069094621576368,0.5660455226898193,0.0309683177620172,0.0130588021129369,Short_Film
0.0090237520635128,0.0238419827073812,0.00882288813591,0.0041647744365036,0.940534234046936,0.0027091153897345,0.0109031479805707,Short_Film
0.0079830763861536,0.0216756984591484,0.0013444140786305,0.0065521486103534,0.889112651348114,0.0055884211324155,0.0677435770630836,Short_Film
0.7589182257652283,0.0903458371758461,0.0165562573820352,0.0058901021257042,0.10787895321846,0.0123855033889412,0.0080250138416886,Short_Film
0.0305302701890468,0.0447488613426685,0.0012169348774477,0.1756640672683715,0.6652535200119019,0.0297825988382101,0.0528037473559379,Short_Film
0.023118857294321,0.0596314929425716,0.0173725225031375,0.0054009924642741,0.6947785019874573,0.0984170287847518,0.10128054022789,Short_Film
0.0521766692399978,0.5833518505096436,0.0325906872749328,0.0082139810547232,0.2146305590867996,0.0268397498875856,0.0821964740753173,Short_Film
0.0093492614105343,0.8935130834579468,0.0063444362021982,0.0009787753224372,0.0679467618465423,0.0042956140823662,0.0175720509141683,Short_Film
0.0438187755644321,0.6784611940383911,0.0093576572835445,0.0016973754391074,0.2201918214559555,0.026323614642024,0.0201494600623846,Short_Film
0.0058670812286436,0.0611029341816902,0.0038034678436815,0.0026971059851348,0.8900201320648193,0.0039178011938929,0.0325915068387985,Short_Film
0.0314889624714851,0.0379719287157058,0.0025181360542774,0.0274918507784605,0.5355261564254761,0.0109599800780415,0.354043036699295,Short_Film
0.0206969603896141,0.0961867272853851,0.0086042117327451,0.3185921609401703,0.4208789765834808,0.0335945561528205,0.1014464795589447,Short_Film
0.0106277177110314,0.0331031084060668,0.0011593424715101,0.6023091077804565,0.3051179349422455,0.040551122277975,0.007131662685424,Short_Film
0.0057574859820306,0.0049284379929304,0.0008953863289207,0.0079988203942775,0.960963487625122,0.0041623231954872,0.0152941113337874,Short_Film
0.0190087482333183,0.2455386072397232,0.0057954625226557,0.2719049453735351,0.420121967792511,0.0161995384842157,0.0214306935667991,Short_Film
0.0296696983277797,0.3806294798851013,0.0121878394857048,0.0031053996644914,0.5423635840415955,0.0140152741223573,0.0180287417024374,Short_Film
0.0076260706409811,0.0095297927036881,0.0014185204636305,0.6673943996429443,0.2678209245204925,0.0117585472762584,0.0344517827033996,Short_Film
0.0129402885213494,0.0310783144086599,0.0008542192517779,0.4954391419887543,0.4266084432601928,0.0103936977684497,0.0226858463138341,Short_Film
0.0252482648938894,0.0157735459506511,0.0045599173754453,0.0562012270092964,0.865781307220459,0.0097285509109497,0.0227071810513734,Short_Film
0.0141298603266477,0.0539997555315494,0.0074964719824492,0.0286443326622247,0.8807374238967896,0.0068590943701565,0.0081329718232154,Short_Film
0.0070232762955129,0.0063711586408317,0.0047073531895875,0.15919990837574,0.1355147063732147,0.495906114578247,0.1912774443626403,Short_Film
0.0118382582440972,0.0250345356762409,0.0051813274621963,0.0055694873444736,0.3216669261455536,0.5943299531936646,0.0363795310258865,Short_Film
0.0151345366612076,0.2901355326175689,0.0230765603482723,0.0096412952989339,0.5498321652412415,0.1073802411556243,0.0047996426001191,Short_Film
