anger,disgust,fear,joy,neutral,sadness,surprise,genre
0.1250751465559005,0.0724331364035606,0.1390562802553177,0.0175582952797412,0.4322505295276642,0.1840070337057113,0.0296195782721042,Comedy
0.0039725727401673,0.0222827773541212,0.009195209480822,0.003247105050832,0.0363843776285648,0.9206955432891846,0.0042224046774208,Comedy
0.0215633641928434,0.1048758253455162,0.0037388980854302,0.003257870208472,0.7696365118026733,0.0705829560756683,0.0263445191085338,Comedy
0.0098666781559586,0.0024793213233351,0.0084969410672783,0.1574264913797378,0.5438019037246704,0.0657381266355514,0.2121905088424682,Comedy
0.0157983116805553,0.1356742680072784,0.1657218784093856,0.0091426419094204,0.3225989043712616,0.303233802318573,0.0478301420807838,Comedy
0.5073849558830261,0.121416836977005,0.0063598342239856,0.0016011517727747,0.3340323567390442,0.017720304429531,0.0114845586940646,Comedy
0.0327555201947689,0.8843455910682678,0.0175674669444561,0.0008772112196311,0.0434305556118488,0.0120560945942997,0.0089675104245543,Comedy
0.0310647636651992,0.0198993980884552,0.8147034049034119,0.0028374879620969,0.0201003290712833,0.0973035544157028,0.0140911564230918,Comedy
0.0241989511996507,0.0737776458263397,0.0017227458301931,0.5868258476257324,0.0748670920729637,0.2291394919157028,0.0094681214541196,Comedy
0.0108775338158011,0.0690470561385154,0.5628511905670166,0.0118327382951974,0.3166435062885284,0.0191360861063003,0.0096119074150919,Comedy
0.0292778108268976,0.0457110479474067,0.0042353239841759,0.0079567776992917,0.5353862047195435,0.3691540658473968,0.0082787675783038,Comedy
0.4231720864772796,0.1419553756713867,0.0872014760971069,0.0058216415345668,0.3170788586139679,0.0143599538132548,0.0104106720536947,Comedy
0.0068345149047672,0.0298975724726915,0.0028234736528247,0.1320426315069198,0.7455801963806152,0.020595759153366,0.0622258819639682,Comedy
0.0355156362056732,0.126493901014328,0.0069393469020724,0.5921544432640076,0.2222900241613388,0.00755550339818,0.0090511832386255,Comedy
0.4036024808883667,0.5225059390068054,0.0067227124236524,0.0019681395497173,0.0464266166090965,0.0177050475031137,0.001069052144885,Comedy
0.0128345377743244,0.0080306464806199,0.033513206988573,0.0013521461514756,0.0435325279831886,0.8875032663345337,0.0132337072864174,Comedy
0.845767617225647,0.0595887079834938,0.0081051951274275,0.0023296156432479,0.0660509914159774,0.0148339970037341,0.0033238695468753,Comedy
0.0078844046220183,0.0113945668563246,0.001440955675207,0.0356235727667808,0.9234424829483032,0.0056778891012072,0.0145361321046948,Comedy
0.0067961527965962,0.0215609464794397,0.0008478331728838,0.5665570497512817,0.3820282518863678,0.0098890224471688,0.0123206945136189,Comedy
0.095112957060337,0.0054236678406596,0.5020710825920105,0.0073988391086459,0.1247724443674087,0.1781955957412719,0.087025374174118,Comedy
0.3609492480754852,0.159164622426033,0.0060856067575514,0.0057009952142834,0.3416039645671844,0.0980649814009666,0.0284306053072214,Comedy
0.0078273611143231,0.0325071066617965,0.0124536594375967,0.0045965230092406,0.5961779952049255,0.3156639337539673,0.030773339793086,Comedy
0.003750649979338,0.0026556502562016,0.0028265621513128,0.0138112995773553,0.0092570008710026,0.0011057488154619,0.9665930867195128,Comedy
0.0137932738289237,0.0207116864621639,0.0092343855649232,0.0090584885329008,0.2743270695209503,0.4371872842311859,0.2356877923011779,Comedy
0.3788847923278808,0.1474855244159698,0.0841931700706482,0.0079741915687918,0.3225246667861938,0.0428429394960403,0.0160946808755397,Comedy
0.0101801278069615,0.0044891135767102,0.0016651796177029,0.3485419750213623,0.5698090195655823,0.004734945949167,0.0605796165764331,Comedy
0.0112286917865276,0.0028309295885264,0.008141515776515,0.4125118851661682,0.4048649072647095,0.0146849164739251,0.1457371562719345,Comedy
0.1192014291882515,0.5025354027748108,0.0149396983906626,0.0019161914242431,0.2930459380149841,0.0615998730063438,0.0067615783773362,Comedy
0.0166351851075887,0.2746069729328155,0.006890014745295,0.0077732629142701,0.653895914554596,0.0075561525300145,0.0326425731182098,Comedy
0.005908306222409,0.0023992210626602,0.0148501181975007,0.0032091795001178,0.0081246774643659,0.0017159982817247,0.9637925028800964,Comedy
0.0140502713620662,0.0183474924415349,0.0054843695834279,0.0135856429114937,0.6693830490112305,0.2668201327323913,0.0123290894553065,Comedy
