anger,disgust,fear,joy,neutral,sadness,surprise,genre
0.2043000012636184,0.1552515774965286,0.5961736440658569,0.002716323826462,0.0060008554719388,0.0330792665481567,0.0024782817345112,Crime_Thriller
0.1961861997842788,0.6093122363090515,0.0034653041511774,0.0035759611055254,0.162811741232872,0.0221129674464464,0.0025355331599712,Crime_Thriller
0.0137592088431119,0.0068527148105204,0.0155461858958005,0.0200131591409444,0.9174774289131165,0.0137624368071556,0.012588839046657,Crime_Thriller
0.0186362750828266,0.0491899289190769,0.063413567841053,0.0185316670686006,0.7791122198104858,0.0450534857809543,0.0260629095137119,Crime_Thriller
0.0192395783960819,0.040952693670988,0.0104402881115674,0.006686673965305,0.9000328183174133,0.0088488282635807,0.0137991979718208,Crime_Thriller
0.0067589995451271,0.016235077753663,0.0044055758044123,0.0018385833827778,0.9491908550262452,0.0095634255558252,0.0120075037702918,Crime_Thriller
0.0082493871450424,0.00855269189924,0.0025262513663619,0.0055348682217299,0.949497401714325,0.0035265961196273,0.0221128687262535,Crime_Thriller
0.0388318412005901,0.0193768683820962,0.5867984890937805,0.0015655009774491,0.221079871058464,0.0522547774016857,0.080092579126358,Crime_Thriller
0.1216182708740234,0.2328276634216308,0.0125482752919197,0.0041372273117303,0.519270658493042,0.1076823323965072,0.0019155967747792,Crime_Thriller
0.2807546854019165,0.2112687081098556,0.1370805501937866,0.0045893467031419,0.2896181046962738,0.0638903975486755,0.0127981361001729,Crime_Thriller
0.066725954413414,0.1363034546375274,0.0191607922315597,0.0015689396532252,0.0625028386712074,0.6977379322052002,0.0160000901669263,Crime_Thriller
0.0060884081758558,0.0023923623375594,0.9595481753349304,0.0010735023533925,0.0147360861301422,0.0030587357468903,0.0131026525050401,Crime_Thriller
0.0078682936728,0.0767275765538215,0.8658442497253418,0.005089659243822,0.0056222230195999,0.0363696292042732,0.0024784479755908,Crime_Thriller
0.0115746185183525,0.0166346188634634,0.0031999107450246,0.0079137245193123,0.9349267482757568,0.0150254601612687,0.0107247959822416,Crime_Thriller
0.012634708546102,0.0066154254600405,0.0053959190845489,0.0131632713600993,0.9143628478050232,0.0073966151103377,0.0404311493039131,Crime_Thriller
0.0277215633541345,0.6816453337669373,0.0064276503399014,0.0023778998292982,0.2316349744796753,0.0247478019446134,0.0254448931664228,Crime_Thriller
0.0085048982873559,0.0099640889093279,0.0103015815839171,0.0024590594694018,0.9425572752952576,0.0049195191822946,0.0212935172021389,Crime_Thriller
0.0711114108562469,0.8435081839561462,0.0083284741267561,0.0011753954458981,0.025412667542696,0.0486793965101242,0.0017843923997133,Crime_Thriller
0.0156770441681146,0.8114719986915588,0.1196478083729744,0.0043207323178648,0.0312977768480777,0.0075230584479868,0.0100615173578262,Crime_Thriller
0.0126996366307139,0.0074764820747077,0.0017759524052962,0.0141780041158199,0.9333032369613647,0.0060746087692677,0.0244920905679464,Crime_Thriller
0.7190266251564026,0.0868859365582466,0.0184131655842065,0.0024006245657801,0.1387284398078918,0.027917617931962,0.0066277170553803,Crime_Thriller
0.0046972539275884,0.0018344860291108,0.0015085316263139,0.0124852526932954,0.912816286087036,0.0068748141638934,0.059783361852169,Crime_Thriller
0.0151930041611194,0.0823683738708496,0.6835145950317383,0.0081432126462459,0.1357079297304153,0.0624070204794406,0.0126658761873841,Crime_Thriller
0.1476359814405441,0.1436954587697982,0.4921243488788605,0.0014908170560374,0.0535426139831543,0.0824097692966461,0.0791010558605194,Crime_Thriller
0.104413665831089,0.0506227649748325,0.1398737728595733,0.005716354586184,0.6493473649024963,0.0318596735596656,0.0181663893163204,Crime_Thriller
0.2320207953453064,0.0182052832096815,0.4423408210277557,0.0013595455093309,0.0440155677497386,0.2467539310455322,0.0153040504083037,Crime_Thriller
0.0904730036854744,0.0455597937107086,0.023188853636384,0.030114859342575,0.7590687870979309,0.0394510589540004,0.0121436631307005,Crime_Thriller
