anger,disgust,fear,joy,neutral,sadness,surprise,genre
0.0062353909015655,0.0036838008090853,0.0041976724751293,0.9018000364303588,0.0415286235511302,0.0047877542674541,0.0377667918801307,Documentary
0.0385904498398304,0.0453830659389495,0.022612327709794,0.0062274518422782,0.2339158356189727,0.6452362537384033,0.0080346753820776,Documentary
0.0357096418738365,0.8529499173164368,0.0114332800731062,0.0011198760475963,0.0631285607814788,0.0339859537780284,0.0016726931789889,Documentary
0.0256619844585657,0.0191300772130489,0.0401316843926906,0.735790491104126,0.1431533098220825,0.0078509161248803,0.0282814968377351,Documentary
0.0062160161323845,0.0066170506179332,0.0015975921414792,0.6840693950653076,0.2241611927747726,0.0097491173073649,0.0675896927714347,Documentary
0.0183241553604602,0.8536741137504578,0.0599346160888671,0.0006887778290547,0.0284287985414266,0.0354292653501033,0.0035202405415475,Documentary
0.0019013795536011,0.0109807644039392,0.0795870348811149,0.0516232997179031,0.0596256591379642,0.7933552861213684,0.0029266402125358,Documentary
0.0063835335895419,0.0009251273004338,0.0039969640783965,0.1787577122449875,0.0544700622558593,0.0039675119332969,0.7514991164207458,Documentary
0.0897537767887115,0.0851558297872543,0.0080586420372128,0.0275768171995878,0.7206088900566101,0.0217640157788991,0.0470820106565952,Documentary
0.0063678012229502,0.0065183024853467,0.0075419615022838,0.0536360926926136,0.0279683507978916,0.0019755142275243,0.8959919214248657,Documentary
0.0301179699599742,0.0443565510213375,0.0477490648627281,0.0037838493008166,0.8433739542961121,0.0181652959436178,0.0124533325433731,Documentary
0.0061886864714324,0.0138379111886024,0.0070356433279812,0.6565003395080566,0.2459855079650879,0.0135758575052022,0.0568761117756366,Documentary
0.0088872481137514,0.00984822306782,0.0202697571367025,0.7073595523834229,0.202857956290245,0.0056419316679239,0.0451353564858436,Documentary
0.0047229742631316,0.0022551105357706,0.0016590048326179,0.8266145586967468,0.1399292945861816,0.0057033160701394,0.0191157739609479,Documentary
0.0241562724113464,0.0198886599391698,0.0126738427206873,0.1794577687978744,0.7518609166145325,0.0054520908743143,0.0065103615634143,Documentary
0.0072539909742772,0.0052763745188713,0.0159213710576295,0.6398766040802002,0.2299709469079971,0.0075775547884404,0.0941231101751327,Documentary
0.0083150248974561,0.0034882961772382,0.0109127350151538,0.44503253698349,0.2747162282466888,0.0185165461152791,0.2390186637639999,Documentary
