anger,disgust,fear,joy,neutral,sadness,surprise,genre
0.0031359093263745,0.0349231399595737,0.0045107016339898,0.6862631440162659,0.2452034801244735,0.0212388709187507,0.0047246869653463,Indie
0.0046845665201544,0.0116295097395777,0.0026875969488173,0.5877741575241089,0.3580899238586426,0.0284724440425634,0.0066617666743695,Indie
0.0161429103463888,0.2917054295539856,0.0106687843799591,0.254861831665039,0.3197638094425201,0.0864305570721626,0.0204267501831054,Indie
0.0337785519659519,0.0320094227790832,0.0033752478193491,0.0027074790559709,0.0844141170382499,0.8252043128013611,0.0185108426958322,Indie
0.1577780693769455,0.1430553197860717,0.0112720672041177,0.0021532136015594,0.190346747636795,0.4857985973358154,0.0095959519967436,Indie
0.0058790366165339,0.0284693725407123,0.0055946535430848,0.1012961342930793,0.8431951403617859,0.0116349048912525,0.003930686507374,Indie
0.195416510105133,0.7526944875717163,0.0369914695620536,0.0008923358400352,0.0054349554702639,0.0064454968087375,0.0021248080302029,Indie
0.0089464737102389,0.0105118164792656,0.0065505569800734,0.0075382571667432,0.061670497059822,0.0053836721926927,0.899398684501648,Indie
0.0043242289684712,0.0049195298925042,0.0027359707746654,0.0982788205146789,0.8199569582939148,0.0103200012817978,0.0594645328819751,Indie
0.0088259382173419,0.1314302235841751,0.0033764506224542,0.0102793080732226,0.0344811528921127,0.8100696206092834,0.0015373276546597,Indie
0.0053863413631916,0.0151711869984865,0.0066862739622592,0.2404461055994033,0.636694610118866,0.0124395545572042,0.0831759423017501,Indie
0.9164921045303344,0.0665692165493965,0.0028222012333571,0.0005908274906687,0.0075910040177404,0.0043912669643759,0.00154348986689,Indie
0.7948163151741028,0.1194789707660675,0.005638547707349,0.0021796228829771,0.0628947466611862,0.0091898320242762,0.0058020153082907,Indie
0.0259832497686147,0.9621152877807616,0.0025314197409898,0.0003668892604764,0.0065003409981727,0.0016415220452472,0.0008613675017841,Indie
0.0173651110380888,0.112988457083702,0.0041038780473172,0.2729587852954864,0.5594607591629028,0.0108401905745267,0.0222828034311532,Indie
0.1421788930892944,0.6796929836273193,0.0055645327083766,0.0040715998038649,0.0317215174436569,0.1347718089818954,0.0019986880943179,Indie
0.0354555621743202,0.0244795009493827,0.0210883505642414,0.0026661464944481,0.8385935425758362,0.0633941441774368,0.0143227605149149,Indie
0.3607920706272125,0.5209515690803528,0.0479663163423538,0.0010809049708768,0.0293199084699153,0.0279254410415887,0.0119638349860906,Indie
0.0100237838923931,0.1042471602559089,0.0902737975120544,0.0064039202407002,0.6211043000221252,0.1291273236274719,0.0388196855783462,Indie
0.8203800320625305,0.1155625581741333,0.0027267613913863,0.0015715254703536,0.0407083258032798,0.015785189345479,0.0032656122930347,Indie
0.0118013778701424,0.0798803567886352,0.0213830042630434,0.5399048328399658,0.2974198162555694,0.0212000031024217,0.028410617262125,Indie
0.0072129666805267,0.007598943542689,0.00221812678501,0.2063747942447662,0.701189398765564,0.0457330048084259,0.029672797769308,Indie
0.9244975447654724,0.0173281393945217,0.0037943727802485,0.0012828203616663,0.0415872447192668,0.0069113108329474,0.0045985877513885,Indie
0.0190578810870647,0.0058846226893365,0.0082369232550263,0.005129151046276,0.9075157046318054,0.0024430425837635,0.0517326593399047,Indie
0.0238638147711753,0.0483107157051563,0.0037657525390386,0.1693817973136901,0.6308349967002869,0.0345519892871379,0.0892909541726112,Indie
0.7576169371604919,0.0926361382007598,0.021902784705162,0.0009626484243199,0.0462181307375431,0.0771745666861534,0.0034886870998889,Indie
0.0027986699715256,0.0026651869993656,0.8940699696540833,0.0128087550401687,0.0112899839878082,0.0341629013419151,0.0422045476734638,Indie
0.0619080774486064,0.7252550721168518,0.0310096144676208,0.0059258490800857,0.1427148133516311,0.0304056927561759,0.0027808961458504,Indie
0.8621349930763245,0.0903500616550445,0.0030125849880278,0.0014922453556209,0.0341620706021785,0.0062076258473098,0.0026404042728245,Indie
0.5241885185241699,0.2385180294513702,0.0967590883374214,0.0027142162434756,0.0440300218760967,0.0886966586112976,0.0050934557802975,Indie
0.0420594960451126,0.1424595713615417,0.0056286891922354,0.0284844394773244,0.7683032155036926,0.0055353920906782,0.0075292214751243,Indie
0.0916837826371193,0.2982618510723114,0.0025587566196918,0.0347375757992267,0.5104394555091858,0.0551472045481205,0.0071713658981025,Indie
0.0380207449197769,0.1823199689388275,0.0082463445141911,0.0138521157205104,0.2170307785272598,0.531337559223175,0.0091925263404846,Indie
0.0305371899157762,0.0412050001323223,0.0077400798909366,0.0300365276634693,0.4737111628055572,0.392826646566391,0.0239433608949184,Indie
0.0269812382757663,0.1690229624509811,0.001616850728169,0.0591597259044647,0.4485839605331421,0.2864180505275726,0.008217210881412,Indie
0.0420078337192535,0.6033085584640503,0.0121145052835345,0.0092267338186502,0.2977214753627777,0.0195379070937633,0.0160829499363899,Indie
