anger,disgust,fear,joy,neutral,sadness,surprise,genre
0.0031673493795096,0.0061275721527636,0.0721947252750396,0.0031696094665676,0.0356155671179294,0.8600450754165649,0.019680019468069,Parody
0.0130624268203973,0.0097562596201896,0.0084786927327513,0.0027477708645164,0.9380457997322084,0.004851771518588,0.0230571515858173,Parody
0.0614864416420459,0.1209238320589065,0.0274020414799451,0.2390746027231216,0.4730618894100189,0.0147900292649865,0.0632612258195877,Parody
0.1343392431735992,0.6472026109695435,0.0094035454094409,0.0014499485259875,0.1612885594367981,0.0294325742870569,0.0168835129588842,Parody
0.1267266869544983,0.588275671005249,0.0045821419917047,0.0197189971804618,0.2342888861894607,0.0161413811147212,0.0102661540731787,Parody
0.001717465929687,0.0075482679530978,0.0043192678131163,0.002942614024505,0.0220503602176904,0.9510358572006226,0.0103861270472407,Parody
0.0181133635342121,0.0252131931483745,0.1265726536512375,0.7586595416069031,0.0518130399286747,0.0155449993908405,0.0040832343511283,Parody
0.0195797495543956,0.0880784913897514,0.0083708241581916,0.0014368131523951,0.0413738824427127,0.8389357924461365,0.0022243591956794,Parody
0.0029213731177151,0.0123670939356088,0.002028813585639,0.0191268138587474,0.9071102142333984,0.0238667242228984,0.0325789637863636,Parody
0.0307800471782684,0.0629780441522598,0.003544736886397,0.0112349539995193,0.866370677947998,0.0115788066759705,0.0135128181427717,Parody
0.0136497085914015,0.0742038711905479,0.0120815895497798,0.4645301401615143,0.3797920346260071,0.0334866866469383,0.0222559347748756,Parody
0.0203224774450063,0.0153133869171142,0.0029722440522164,0.0009195061866194,0.0139788435772061,0.9379794597625732,0.0085141407325863,Parody
0.0099817747250199,0.027272118255496,0.0098674222826957,0.0018961027963086,0.1292418092489242,0.8061231970787048,0.0156175168231129,Parody
0.0211276803165674,0.0193245746195316,0.0163543578237295,0.0011761528439819,0.0729898363351821,0.8469076752662659,0.0221196562051773,Parody
0.0044788601808249,0.0035385400988161,0.0186374522745609,0.6594026684761047,0.0967938527464866,0.1126064956188201,0.1045421957969665,Parody
0.0094361193478107,0.0481094866991043,0.5966464877128601,0.0102603305131196,0.3090373575687408,0.0185622163116931,0.0079480363056063,Parody
0.0645505338907241,0.7576951384544373,0.0059004486538469,0.0024226328823715,0.1104720830917358,0.0550809353590011,0.0038782481569796,Parody
0.1341355890035629,0.0716518238186836,0.0268208440393209,0.0060902098193764,0.6145725846290588,0.134728267788887,0.0120007246732711,Parody
0.5574265718460083,0.0611674524843692,0.1016353219747543,0.0011670007370412,0.0372850075364112,0.2241046726703643,0.0172138959169387,Parody
0.0801167041063308,0.6067059636116028,0.0107647608965635,0.0047005130909383,0.2711744606494903,0.0199264623224735,0.0066110561601817,Parody
0.9628599286079408,0.0086138742044568,0.0030382361728698,0.0006530041573569,0.0173208676278591,0.0048965741880238,0.0026174029335379,Parody
0.0517177321016788,0.9010056853294371,0.0048046051524579,0.0005439931992441,0.0248524975031614,0.0137186562642455,0.0033568602520972,Parody
0.2663313448429107,0.535484790802002,0.0078346971422433,0.002046720823273,0.1471944749355316,0.0305852182209491,0.0105227148160338,Parody
0.9471287131309508,0.0111815221607685,0.0034991200082004,0.0007883489597588,0.0255448650568723,0.0078868204727768,0.0039706695824861,Parody
0.0029713886324316,0.0029920043889433,0.0151001513004302,0.0317512862384319,0.1756815314292907,0.5993250012397766,0.1721786111593246,Parody
0.0226635243743658,0.0670837610960006,0.0018726161215454,0.4319739937782287,0.435041069984436,0.0275958105921745,0.0137693164870142,Parody
0.0202650409191846,0.5241180658340454,0.0234725568443536,0.0034743824508041,0.1634630113840103,0.2310929596424102,0.0341140143573284,Parody
0.0090765329077839,0.0131151266396045,0.002779581118375,0.000876132515259,0.0220915339887142,0.9494710564613342,0.0025900057516992,Parody
0.0315842628479003,0.0154499737545847,0.0082509377971291,0.5745949745178223,0.3253650963306427,0.0095015577971935,0.0352530740201473,Parody
0.5206682682037354,0.277829110622406,0.0597557947039604,0.0026631874497979,0.1013936921954155,0.02777143381536,0.0099185341969132,Parody
0.0058049261569976,0.0044196308590471,0.0017800956266,0.0066961832344532,0.0321711562573909,0.9339455962181092,0.0151824643835425,Parody
0.055772416293621,0.6021848917007446,0.002389257075265,0.0285503026098012,0.2940921187400818,0.0139821218326687,0.0030288938432931,Parody
0.0341825745999813,0.1997410506010055,0.005397202912718,0.0139811262488365,0.71297287940979,0.0268040485680103,0.0069210608489811,Parody
0.0690126121044159,0.7809801697731018,0.0235659815371036,0.0013991977320984,0.0631727129220962,0.0557114444673061,0.0061579439789056,Parody
0.006452509202063,0.0040753604844212,0.8852896094322205,0.0223632231354713,0.0710524767637252,0.0052198329940438,0.0055469712242484,Parody
0.0122381495311856,0.0372155606746673,0.0426822379231452,0.0088293543085455,0.8499177098274231,0.0353591255843639,0.0137578519061207,Parody
0.0819390416145324,0.3814485073089599,0.006704956293106,0.0061582815833389,0.4995468854904175,0.0117558306083083,0.0124464770779013,Parody
0.5553460121154785,0.2273493409156799,0.0718424618244171,0.0026914260815829,0.0735413134098053,0.0651841014623642,0.0040453225374221,Parody
0.0115314098075032,0.0088394582271575,0.0060283080674707,0.0012295637279748,0.0281390137970447,0.9397461414337158,0.0044861109927296,Parody
0.0061044935137033,0.0109656387940049,0.0040262592956423,0.2773757576942444,0.6118265986442566,0.0764801129698753,0.0132212014868855,Parody
0.0345030203461647,0.0454456284642219,0.0062013026326894,0.6376045346260071,0.1840286403894424,0.0345563702285289,0.0576604641973972,Parody
0.0050477529875934,0.0161651074886322,0.0024376374203711,0.4344386160373688,0.3623964488506317,0.1697576493024826,0.0097567085176706,Parody
0.0156343914568424,0.2107459902763366,0.0096350777894258,0.004289589356631,0.7383738160133362,0.0145752737298607,0.0067458329722285,Parody
