anger,disgust,fear,joy,neutral,sadness,surprise,genre
0.0038455678150057,0.0029809018597006,0.9766403436660768,0.0006253212923184,0.0043775467202067,0.0090272137895226,0.0025030844844877,Chinese_Movies
0.0085667176172137,0.0421789474785327,0.7358595132827759,0.0062239319086074,0.1619885861873626,0.0158059317618608,0.0293763931840658,Chinese_Movies
0.1316175609827041,0.0414773151278495,0.7699683308601379,0.0019472488202154,0.0377858392894268,0.008725669234991,0.008478008210659,Chinese_Movies
0.7634612917900085,0.1587716341018676,0.0190821252763271,0.0017989759799093,0.0492808260023593,0.0040063918568193,0.003598821349442,Chinese_Movies
0.1604883074760437,0.1058520004153251,0.0053785149939358,0.0113205136731266,0.4608757197856903,0.2521395683288574,0.0039453506469726,Chinese_Movies
0.0884362906217575,0.1432398855686187,0.0805141031742096,0.0049759675748646,0.3007296323776245,0.3792970180511474,0.0028070707339793,Chinese_Movies
0.1821105182170868,0.1416982859373092,0.4358278512954712,0.006017533596605,0.1860167831182479,0.0327045023441314,0.0156245632097125,Chinese_Movies
0.1622167527675628,0.1102915927767753,0.1838598847389221,0.005444630049169,0.1837016195058822,0.3454284071922302,0.0090570524334907,Chinese_Movies
0.0492357797920703,0.0579917728900909,0.0247152168303728,0.0235210806131362,0.6632503867149353,0.1769545823335647,0.0043311123736202,Chinese_Movies
0.0901640504598617,0.7913176417350769,0.0102505972608923,0.0033090466167777,0.0925581976771354,0.0103600146248936,0.0020402898080646,Chinese_Movies
0.855434775352478,0.0580983757972717,0.0041214125230908,0.0017837855266407,0.0664708688855171,0.0098161697387695,0.0042746677063405,Chinese_Movies
0.0204076152294874,0.0119611974805593,0.0033608272206038,0.0650355219841003,0.8711812496185303,0.016085734590888,0.0119678257033228,Chinese_Movies
