anger,disgust,fear,joy,neutral,sadness,surprise,genre
0.0009835024829953,0.001450965879485,0.0014223154867067,0.0074557708576321,0.0135842226445674,0.9703912138938904,0.0047119576483964,Comedy
0.0838481336832046,0.2372396886348724,0.0022579680662602,0.0250893738120794,0.6142800450325012,0.0318533778190612,0.0054314010776579,Comedy
0.0036597559228539,0.002083639614284,0.002308705355972,0.0142748598009347,0.0224994663149118,0.945720911026001,0.0094526372849941,Comedy
0.084609106183052,0.7951750755310059,0.00623195245862,0.0015880782157182,0.0506482683122158,0.0591843500733375,0.0025632358156144,Comedy
0.0394603796303272,0.937753975391388,0.0050681275315582,0.0004735655966214,0.0034619239158928,0.0130816968157887,0.0007003549835644,Comedy
0.1342696547508239,0.0497841909527778,0.0211173817515373,0.0045222681947052,0.1106837168335914,0.6753384470939636,0.0042843073606491,Comedy
0.0203528068959712,0.0518570616841316,0.0221800357103347,0.0024615135043859,0.0426842756569385,0.8527630567550659,0.0077012390829622,Comedy
0.1148681715130806,0.0055148787796497,0.7992083430290222,0.0029358863830566,0.0517520867288112,0.0075631369836628,0.018157647922635,Comedy
0.501926064491272,0.24114590883255,0.200008824467659,0.0018945733318105,0.0266260933130979,0.0230996087193489,0.0052988631650805,Comedy
0.0115965148434042,0.0071998699568212,0.1296035200357437,0.0696740895509719,0.7314326167106628,0.0300764050334692,0.0204170811921358,Comedy
0.2635887563228607,0.1615725010633468,0.0903749093413353,0.0028758526314049,0.3235279023647308,0.1519643515348434,0.0060956603847444,Comedy
0.0203929301351308,0.0083147455006837,0.0008673524716868,0.7796151638031006,0.1502666622400283,0.0341490618884563,0.0063940845429897,Comedy
