anger,disgust,fear,joy,neutral,sadness,surprise,genre
0.0101727722212672,0.0253891590982675,0.0033621410839259,0.0314127951860427,0.8880507349967957,0.0193878803402185,0.022224573418498,Comedy
0.0290448851883411,0.2460311353206634,0.1911499202251434,0.0107765719294548,0.4633330106735229,0.0219585075974464,0.0377060249447822,Comedy
0.0353625603020191,0.0613680556416511,0.0712728500366211,0.0253581292927265,0.5964838862419128,0.1061306074261665,0.1040239185094833,Comedy
0.017872704192996,0.0312996245920658,0.453914076089859,0.0031847695354372,0.0425783656537532,0.4461578130722046,0.0049927071668207,Comedy
0.0059443973004817,0.0130872754380106,0.0048537021502852,0.0074445693753659,0.9484591484069824,0.0043308730237185,0.0158801358193159,Comedy
0.0135214766487479,0.0254232063889503,0.0156105645000934,0.0082025192677974,0.9094176292419434,0.0064302999526262,0.0213943570852279,Comedy
0.0134515017271041,0.0163429230451583,0.0121256243437528,0.2817211151123047,0.3073269128799438,0.0027481087017804,0.3662838637828827,Comedy
0.0021343559492379,0.002645741449669,0.0010403795167803,0.9030664563179016,0.0793773606419563,0.0023620063439011,0.0093735931441187,Comedy
0.2506004273891449,0.0624987222254276,0.1006817370653152,0.0066089602187275,0.4769138693809509,0.0699274092912674,0.0327689424157142,Comedy
0.0077128601260483,0.031183186918497,0.0866540372371673,0.0078495843335986,0.6586265563964844,0.0644222572445869,0.1435515433549881,Comedy
0.0297428611665964,0.0337322205305099,0.0059894635342061,0.4702623784542084,0.2683982849121094,0.0038907525595277,0.1879839599132537,Comedy
0.0055973976850509,0.0137270474806427,0.0021564378403127,0.3326005637645721,0.5977351665496826,0.023722032085061,0.0244613420218229,Comedy
0.1019386574625969,0.0103354165330529,0.3495949506759643,0.0131566971540451,0.3432027995586395,0.0090661942958831,0.172705203294754,Comedy
0.0200594998896121,0.5317952036857605,0.0242589768022298,0.0616106018424034,0.2780684530735016,0.0156271588057279,0.0685800686478614,Comedy
0.0059865899384021,0.0329327993094921,0.0057996278628706,0.0198570322245359,0.6966060400009155,0.0112682292237877,0.227549746632576,Comedy
0.0130618074908852,0.0193002112209796,0.0256331339478492,0.0419679954648017,0.7352688908576965,0.0034535911399871,0.1613143235445022,Comedy
0.0197313893586397,0.2791476249694824,0.0864972844719886,0.0801028236746788,0.4614690244197845,0.0380952954292297,0.0349565297365188,Comedy
0.2487058937549591,0.2197882384061813,0.0536121763288974,0.0046978089958429,0.4237615764141083,0.0421662889420986,0.0072680050507187,Comedy
0.0183483939617872,0.1422120034694671,0.0099703269079327,0.0028948409017175,0.7954404354095459,0.0231158602982759,0.0080181593075394,Comedy
0.0280493441969156,0.2882636487483978,0.0036935871466994,0.2845374345779419,0.3816810250282287,0.0090597532689571,0.0047151139006018,Comedy
0.9773312211036682,0.0037948370445519,0.0018179181497544,0.0006809898768551,0.0087435496971011,0.0048161232843995,0.0028152775485068,Comedy
