anger,disgust,fear,joy,neutral,sadness,surprise,genre
0.0263211205601692,0.0065046134404838,0.0480131842195987,0.0235466212034225,0.8299347758293152,0.0112993083894252,0.054380465298891,Television_movie
0.0124001279473304,0.0111457621678709,0.0012548323720693,0.8509895205497742,0.1134562492370605,0.0049299118109047,0.0058236047625541,Television_movie
0.0521140731871128,0.0090013956651091,0.0716110467910766,0.0262342561036348,0.4689548909664154,0.1239701807498931,0.2481141686439514,Television_movie
0.0194459650665521,0.0137593830004334,0.113246850669384,0.0280788801610469,0.2198188602924347,0.5908668041229248,0.0147833107039332,Television_movie
0.006682944484055,0.0027191729750484,0.009279272519052,0.3918874561786651,0.3528998494148254,0.0115647139027714,0.2249666452407837,Television_movie
0.0206543076783418,0.0188833549618721,0.075808972120285,0.003238154342398,0.1513007134199142,0.0041977833025157,0.7259167432785034,Television_movie
0.0091571630910038,0.0256681647151708,0.0769095867872238,0.0046111019328236,0.1238320395350456,0.7393121719360352,0.0205097142606973,Television_movie
0.1450948119163513,0.0239273775368928,0.010996981523931,0.0023867529816925,0.1490849703550338,0.6571810841560364,0.0113280499354004,Television_movie
0.0314179919660091,0.0179287660866975,0.0062207705341279,0.0085441470146179,0.8990119099617004,0.034811832010746,0.0020646916236728,Television_movie
0.5457648634910583,0.1233544200658798,0.0525677911937236,0.0026647809427231,0.1700782775878906,0.0901342257857322,0.0154357468709349,Television_movie
0.0752902925014495,0.0383982732892036,0.2294089943170547,0.0050121964886784,0.2700645625591278,0.095544122159481,0.2862815856933594,Television_movie
0.0122665660455822,0.0307288095355033,0.0070245177485048,0.1513931602239608,0.6673949956893921,0.036361638456583,0.0948302745819091,Television_movie
0.005380661226809,0.0050288657657802,0.0021675187163054,0.0043138517066836,0.9533482193946838,0.0044873477891087,0.0252735149115324,Television_movie
0.0044727581553161,0.0043119178153574,0.0046521434560418,0.4274245202541351,0.4138844907283783,0.091170996427536,0.0540832132101058,Television_movie
0.0099097425118088,0.00443896651268,0.0039722579531371,0.4077700078487396,0.502842128276825,0.0083332201465964,0.0627336949110031,Television_movie
0.0044648787006735,0.0035040355287492,0.0042659970931708,0.1365900188684463,0.7689414024353027,0.0129433190450072,0.069290392100811,Television_movie
0.0193100087344646,0.0204260051250457,0.0048455046489834,0.0374426245689392,0.7340389490127563,0.1448158472776413,0.0391210801899433,Television_movie
0.9909250736236572,0.0020705612841993,0.0012503531761467,0.0005322161596268,0.0016284841112792,0.0022372384555637,0.00135614129249,Television_movie
0.0194961167871952,0.00880903378129,0.675374448299408,0.0045166197232902,0.1887464821338653,0.0297524761408567,0.0733048766851425,Television_movie
0.139776200056076,0.023941209539771,0.5318947434425354,0.0027342648245394,0.02657475695014,0.226986363530159,0.0480924807488918,Television_movie
0.009394034743309,0.0073713213205337,0.0197552200406789,0.094776377081871,0.8381884098052979,0.0237359218299388,0.0067787119187414,Television_movie
0.0443750247359275,0.0287530161440372,0.6307448148727417,0.004231400322169,0.0947650149464607,0.0794093683362007,0.1177214086055755,Television_movie
0.2820148766040802,0.0127352168783545,0.1774599105119705,0.0018480075523257,0.0308579746633768,0.4774886667728424,0.0175953488796949,Television_movie
0.068404346704483,0.1147415190935134,0.0462806038558483,0.0060037532821297,0.6003624796867371,0.0414440520107746,0.1227632611989975,Television_movie
0.0772034302353859,0.0486398339271545,0.6929846405982971,0.0056680301204323,0.0581950731575489,0.0058099324814975,0.1114991083741188,Television_movie
0.0192291941493749,0.641089141368866,0.2875488102436065,0.0007996242493391,0.0195896662771701,0.0193312652409076,0.0124122556298971,Television_movie
0.9570229053497314,0.0071203503757715,0.0037809510249644,0.0010892385616898,0.016593862324953,0.0086000766605138,0.0057926974259316,Television_movie
0.0011171213118359,0.002408952685073,0.0033191354013979,0.0019369318615645,0.0132492706179618,0.975414216518402,0.0025544057134538,Television_movie
0.0268781650811433,0.0179602243006229,0.012134957127273,0.0019203815609216,0.1586640924215316,0.7654870748519897,0.0169550999999046,Television_movie
0.4063415229320526,0.1465696692466735,0.0626138970255851,0.0037886339705437,0.3423222601413727,0.020828291773796,0.0175357777625322,Television_movie
0.0809777155518531,0.0359074100852012,0.1567985415458679,0.0047568827867507,0.6457544565200806,0.060330580919981,0.0154744610190391,Television_movie
0.0843347534537315,0.0190300904214382,0.4349746108055115,0.0127194700762629,0.4115814864635467,0.018201133236289,0.019158449023962,Television_movie
0.1357847303152084,0.0272402893751859,0.2633118629455566,0.0024830896873027,0.0245598219335079,0.5095375180244446,0.0370826870203018,Television_movie
0.006764858495444,0.0045194593258202,0.0017651058733463,0.0196049474179744,0.8027526140213013,0.0089914351701736,0.1556015461683273,Television_movie
0.0797096714377403,0.0244638379663229,0.0020877851638942,0.0438470095396041,0.8069987297058105,0.0349607430398464,0.0079321851953864,Television_movie
0.3708572387695312,0.1989613175392151,0.0473530478775501,0.0067427037283778,0.2962552011013031,0.0752182975411415,0.0046122157946228,Television_movie
