anger,disgust,fear,joy,neutral,sadness,surprise,genre
0.0065142703242599,0.0161383431404829,0.7842611074447632,0.0027263546362519,0.0555484443902969,0.0063889436423778,0.1284225434064865,Mystery
0.0029988659080117,0.0186378620564937,0.033354178071022,0.0433330759406089,0.7191951274871826,0.1510652303695678,0.0314157269895076,Mystery
0.0293776858597993,0.2613993883132934,0.0230330042541027,0.03261673822999,0.0534176006913185,0.5971209406852722,0.0030346547719091,Mystery
0.0134313702583312,0.0157911349087953,0.9366763234138488,0.0010618884116411,0.0144908763468265,0.0048190080560743,0.0137294391170144,Mystery
0.0534961819648742,0.0748844146728515,0.0805015861988067,0.0193610694259405,0.636742889881134,0.009540987201035,0.1254729181528091,Mystery
0.0112367197871208,0.0137943672016263,0.0134294042363762,0.0880923941731453,0.7235700488090515,0.0463432259857654,0.1035338565707206,Mystery
0.0091806892305612,0.0398023203015327,0.015448672696948,0.024813637137413,0.3719249367713928,0.5332640409469604,0.0055656037293374,Mystery
0.0058294530026614,0.9806596636772156,0.0014778716722503,0.0046517332084476,0.0028814133256673,0.0038061684463173,0.0006936626159586,Mystery
0.0908129662275314,0.5859999656677246,0.0583815202116966,0.0031395137775689,0.1052421480417251,0.1538025438785553,0.0026213515084236,Mystery
0.0021810526959598,0.0014853670727461,0.9866527915000916,0.0008972568321041,0.0049487906508147,0.0022921557538211,0.0015425155870616,Mystery
0.0127602461725473,0.0084733180701732,0.9469677805900574,0.0016254879301413,0.0146518452093005,0.0077804746106266,0.0077409124933183,Mystery
0.1315796226263046,0.1751588881015777,0.0597846955060958,0.0017778177279978,0.0775870978832244,0.5428037643432617,0.0113080982118844,Mystery
0.1970262378454208,0.702605664730072,0.0226464439183473,0.0046908077783882,0.0599487833678722,0.0101510183885693,0.0029310951940715,Mystery
0.2498045861721038,0.5028505921363831,0.0961822122335434,0.0020644580945372,0.0296513941138982,0.1147760078310966,0.0046707289293408,Mystery
0.3052157759666443,0.070000521838665,0.0334955230355262,0.0931384488940239,0.3372863531112671,0.1550089865922927,0.0058544036000967,Mystery
0.2033859193325042,0.0944683328270912,0.0311510693281888,0.0042566014453768,0.1602774262428283,0.4679715037345886,0.0384890995919704,Mystery
