anger,disgust,fear,joy,neutral,sadness,surprise,genre
0.0114355124533176,0.0020778938196599,0.0301821287721395,0.0528252869844436,0.0292628780007362,0.864518940448761,0.0096973115578293,Drama
0.2440610826015472,0.0438314191997051,0.0071872621774673,0.0016373264370486,0.013642655685544,0.6837640404701233,0.0058761928230524,Drama
0.0037261222023516,0.0156966708600521,0.0022540453355759,0.7192208170890808,0.119073748588562,0.0219349954277277,0.118093617260456,Drama
0.9553850889205932,0.0240984633564949,0.0018861906137317,0.0008738291217014,0.0105697941035032,0.0052476748824119,0.0019390047527849,Drama
0.0331250913441181,0.7977390885353088,0.0035893602762371,0.0153229227289557,0.1286047250032425,0.0199704729020595,0.0016483640065416,Drama
0.0665150135755539,0.2005990892648697,0.0156630370765924,0.0023642117157578,0.0270141530781984,0.6869205832481384,0.000923941435758,Drama
0.0724633783102035,0.0209768991917371,0.5277585983276367,0.0025799782015383,0.1729010790586471,0.1896230280399322,0.0136969871819019,Drama
0.0038197808898985,0.0040471130050718,0.0025543353985995,0.0186786837875843,0.8552922606468201,0.0151306623592972,0.1004771068692207,Drama
0.1975940465927124,0.1181562915444374,0.6429755091667175,0.001228156266734,0.0200280621647834,0.0174697432667017,0.0025482110213488,Drama
