anger,disgust,fear,joy,neutral,sadness,surprise,genre
0.0062871053814888,0.0083317197859287,0.0034825766924768,0.4503992795944214,0.1169580891728401,0.403649628162384,0.0108915418386459,Adventure
0.156814306974411,0.5284922122955322,0.0150261614471673,0.1794772893190384,0.0616110190749168,0.0551942586898803,0.0033847792074084,Adventure
0.6206092834472656,0.0772428438067436,0.1360450685024261,0.0047008832916617,0.135329931974411,0.02396553568542,0.0021063818130642,Adventure
0.5822532773017883,0.0269929878413677,0.1640904396772384,0.0062667019665241,0.1928690820932388,0.022420423105359,0.0051071397028863,Adventure
0.0270561035722494,0.0024059750139713,0.0090465573593974,0.0084862206131219,0.0577467866241931,0.0028544166125357,0.8924039602279663,Adventure
0.3395276963710785,0.5492408275604248,0.0356716513633728,0.0010637551313266,0.0139039754867553,0.0558400973677635,0.0047519481740891,Adventure
0.6404595375061035,0.2929625213146209,0.0051295859739184,0.0011507372837513,0.0257545076310634,0.0335162095725536,0.0010269852355122,Adventure
0.2829021215438843,0.6592386960983276,0.0281170830130577,0.0013547813287004,0.0195480342954397,0.0073945657350122,0.0014447018038481,Adventure
0.5395983457565308,0.254092276096344,0.0098258033394813,0.0019151679007336,0.1603230834007263,0.0311382990330457,0.0031070783734321,Adventure
0.5792762637138367,0.2112749963998794,0.0143768796697258,0.0028981165960431,0.1802576780319214,0.0073787625879049,0.0045373374596238,Adventure
0.0838881954550743,0.2491976469755172,0.4413384795188904,0.0019010580144822,0.0677830874919891,0.0086289187893271,0.1472626030445099,Adventure
0.7121055722236633,0.0990606844425201,0.0084617706015706,0.001085230265744,0.0447070188820362,0.1322163343429565,0.0023633241653442,Adventure
0.3568477034568786,0.133894145488739,0.1312252134084701,0.0025211561005562,0.0364321134984493,0.3238773941993713,0.0152022568508982,Adventure
0.0025742400903254,0.0117538245394825,0.0044527747668325,0.0016218828968703,0.0147102186456322,0.9600908160209656,0.0047961683012545,Adventure
0.0181809030473232,0.0333867743611335,0.0013609194429591,0.4181477427482605,0.5089759230613708,0.0051725027151405,0.0147752705961465,Adventure
