anger,disgust,fear,joy,neutral,sadness,surprise,genre
0.0881720408797264,0.7551907896995544,0.1051892042160034,0.0077750226482748,0.0247192922979593,0.0162005256861448,0.0027531955856829,Action
0.1533644944429397,0.8122711181640625,0.0035484852269291,0.0012606737436726,0.0139332041144371,0.0149920703843235,0.0006300496170297,Action
0.3009392321109772,0.1202614828944206,0.0074113178998231,0.0041554500348865,0.5503602027893066,0.0085345115512609,0.0083378478884696,Action
0.0118345879018306,0.012527035549283,0.0671683698892593,0.4265007972717285,0.4464846849441528,0.0156289804726839,0.0198555327951908,Action
0.0093436827883124,0.0168583262711763,0.0034617537166923,0.0063262800686061,0.9170337915420532,0.0043825064785778,0.0425935983657836,Action
0.0060535352677106,0.0160267688333988,0.0025380821898579,0.0260305684059858,0.8284869194030762,0.0541517958045005,0.0667122900485992,Action
0.1330579668283462,0.7578657269477844,0.0205104053020477,0.000577145430725,0.0222545471042394,0.0612337291240692,0.0045005716383457,Action
0.0107087092474102,0.0129460152238607,0.0058675748296082,0.0026860588695853,0.9119454622268676,0.0179382767528295,0.0379078909754753,Action
0.0155994072556495,0.0920246243476867,0.1489405930042266,0.088842011988163,0.4676947295665741,0.0302545372396707,0.1566440463066101,Action
0.1872502565383911,0.4864978790283203,0.0340857282280921,0.0046483702026307,0.2694535255432129,0.0090880580246448,0.0089761959388852,Action
0.0248273517936468,0.0070101213641464,0.8655791282653809,0.0016230328474193,0.0259313099086284,0.0523112080991268,0.0227178558707237,Action
0.0069460528902709,0.004167029634118,0.0705279409885406,0.0677947327494621,0.7784443497657776,0.0148913664743304,0.0572286210954189,Action
0.01017786283046,0.0114510981366038,0.0064345244318246,0.015255588106811,0.53520268201828,0.007710387930274,0.4137678742408752,Action
0.0653727576136589,0.0305677186697721,0.0176381208002567,0.0057182935997843,0.7198476195335388,0.0528678223490715,0.1079877093434333,Action
0.1610983461141586,0.2372729480266571,0.1262044906616211,0.0201054047793149,0.3845659494400024,0.0460090823471546,0.0247437134385108,Action
0.4674777090549469,0.2113434821367263,0.0479777678847312,0.0035376697778701,0.1814261972904205,0.0713789835572242,0.0168581511825323,Action
0.1159600540995597,0.0457655526697635,0.0297626312822103,0.0099613163620233,0.6395670175552368,0.0286877267062664,0.1302957981824875,Action
0.0028001372702419,0.0033048049081116,0.0011438449146226,0.0090415282174944,0.9634101986885072,0.0077847866341471,0.0125147029757499,Action
0.0144981499761343,0.0303718969225883,0.0417541675269603,0.006036156322807,0.8631297945976257,0.0132665811106562,0.0309432689100503,Action
0.509713888168335,0.3417156040668487,0.0471028797328472,0.001032989937812,0.0270764864981174,0.0662901774048805,0.0070679616183042,Action
0.1225780993700027,0.2784852981567383,0.0050644427537918,0.0206224471330642,0.5411339998245239,0.0183919053524732,0.0137237878516316,Action
0.330769807100296,0.0409701541066169,0.4971912503242492,0.0041041010990738,0.090824544429779,0.0125917810946702,0.0235483795404434,Action
0.0033639895264059,0.0021660355851054,0.0014455809723585,0.1550076007843017,0.7505316734313965,0.0109438272193074,0.0765412226319313,Action
0.0126793654635548,0.0300480835139751,0.0063747279345989,0.0065356912091374,0.8154848217964172,0.003019236959517,0.1258580535650253,Action
0.0801394060254097,0.0433815792202949,0.0056613101623952,0.2282990962266922,0.6155438423156738,0.0088140834122896,0.018160656094551,Action
0.1033487096428871,0.7035548686981201,0.0431270711123943,0.0008067846647463,0.017410485073924,0.1202274113893508,0.0115246893838047,Action
0.0065269619226455,0.007145773153752,0.0022757307160645,0.0044771176762878,0.9663755893707277,0.0038685388863086,0.009330241009593,Action
0.0146635957062244,0.0045387675054371,0.0065271984785795,0.0093716438859701,0.4677714109420776,0.0156625043600797,0.4814649522304535,Action
0.0196724850684404,0.0102186594158411,0.0124582918360829,0.0120713366195559,0.9276052713394164,0.0159457549452781,0.0020282510668039,Action
0.7160975933074951,0.0533759966492652,0.0450291782617569,0.0008017682703211,0.0182989947497844,0.1498375385999679,0.0165589526295661,Action
0.1470087170600891,0.5752750635147095,0.0860933661460876,0.0019595308694988,0.1406051218509674,0.0446354039013385,0.0044227405451238,Action
0.011843392625451,0.018056696280837,0.0053182123228907,0.010428562760353,0.9415333271026612,0.003326803445816,0.0094929803162813,Action
0.0306034330278635,0.029746726155281,0.0232727397233247,0.0166309345513582,0.8575098514556885,0.0159193929284811,0.0263169854879379,Action
0.5104584097862244,0.2336798012256622,0.068603903055191,0.004929827991873,0.1533295810222625,0.0199715215712785,0.0090268766507506,Action
0.0084293857216835,0.0072825476527214,0.0143019119277596,0.1386936157941818,0.6210349798202515,0.0097017660737037,0.2005557864904403,Action
0.1279629170894622,0.1932767331600189,0.2676696181297302,0.0848054140806198,0.2957541942596435,0.0244462583214044,0.0060848537832498,Action
0.0186977740377187,0.0075047095306217,0.0058049717918038,0.0684034004807472,0.8427639007568359,0.0191728994250297,0.0376523695886135,Action
0.0543695576488971,0.018046099692583,0.0917270705103874,0.0064178016036748,0.6517676711082458,0.0702894777059555,0.1073822602629661,Action
0.0177563559263944,0.4673430025577545,0.0064510279335081,0.0031034525018185,0.3927676975727081,0.0317760147154331,0.0808023810386657,Action
0.0228728540241718,0.0216718837618827,0.0162130277603864,0.003137134714052,0.8657093048095703,0.0056658741086721,0.0647298619151115,Action
0.0873675718903541,0.2475407570600509,0.3912650942802429,0.0094711538404226,0.1746551394462585,0.0822798609733581,0.0074203298427164,Action
0.4933706820011139,0.0907963886857032,0.3386759757995605,0.0020964492578059,0.023180816322565,0.043771781027317,0.0081079667434096,Action
0.0537864826619625,0.0280553102493286,0.0760233998298645,0.0060034720227122,0.8141310811042786,0.0110520413145422,0.0109481075778603,Action
0.1002987101674079,0.0994188636541366,0.0086032385006546,0.0042321751825511,0.6531782746315002,0.042509738355875,0.091758944094181,Action
0.0239889025688171,0.0492485873401165,0.0095301372930407,0.0016515707829967,0.0486785545945167,0.8566591143608093,0.0102431513369083,Action
0.1062729135155677,0.334220290184021,0.3769970238208771,0.0046860123984515,0.1365068852901458,0.0127114774659276,0.0286054033786058,Action
0.8136416673660278,0.1324615329504013,0.0105883320793509,0.0009644253295846,0.0278338529169559,0.0101991537958383,0.0043110367842018,Action
0.0367063879966735,0.1469317376613617,0.0252563022077083,0.0022388831712305,0.7413084506988525,0.0241877045482397,0.0233704652637243,Action
0.5804601311683655,0.0371902845799922,0.3470240831375122,0.00151862076018,0.0229808129370212,0.0078984443098306,0.0029275824781507,Action
0.0029583903960883,0.0059363674372434,0.0011096958769485,0.007229852490127,0.0264968816190958,0.9514630436897278,0.0048057646490633,Action
0.0091075589880347,0.5347467660903931,0.0104102091863751,0.343304842710495,0.0769510567188263,0.0145383086055517,0.0109413303434848,Action
0.0112673724070191,0.1623086184263229,0.0024689917918294,0.5805972814559937,0.2062249183654785,0.0084979040548205,0.0286348145455122,Action
0.007753973826766,0.0077009946107864,0.0029191696085035,0.0512463375926017,0.7880687713623047,0.0353924371302127,0.1069183498620987,Action
