anger,disgust,fear,joy,neutral,sadness,surprise,genre
0.6200480461120605,0.2807137668132782,0.0738935768604278,0.0006698434008285,0.0102640194818377,0.0119877532124519,0.0024229129776358,Drama
0.0300786830484867,0.0069870320148766,0.8846240043640137,0.0023324980866163,0.0582766942679882,0.006095795892179,0.0116054294630885,Drama
0.0128878923133015,0.0583393611013889,0.1001080125570297,0.0077827870845794,0.6925060749053955,0.1001128777861595,0.0282630026340484,Drama
0.009908303618431,0.7467036247253418,0.0581423789262771,0.0014537668321281,0.0659089311957359,0.1077927723526954,0.0100902700796723,Drama
0.0976650342345237,0.0566726475954055,0.0130305532366037,0.0033365320414304,0.8158982992172241,0.0095283156260848,0.0038686054758727,Drama
0.4609099924564361,0.3411430120468139,0.0515520945191383,0.0017284685745835,0.0503764078021049,0.0892428681254386,0.0050471238791942,Drama
0.0594631843268871,0.8122290372848511,0.0498494766652584,0.0024818156380206,0.0560580156743526,0.0190470945090055,0.0008712952258065,Drama
0.0099296430125832,0.0086746588349342,0.0026371488347649,0.0055561196058988,0.9549932479858398,0.0093025881797075,0.0089066484943032,Drama
0.1874567419290542,0.0817421749234199,0.2858117222785949,0.0045600575394928,0.4001522362232208,0.0335456579923629,0.0067313923500478,Drama
0.0197309833019971,0.0349248237907886,0.0053758942522108,0.12590192258358,0.7967162728309631,0.0023574435617774,0.0149926738813519,Drama
