anger,disgust,fear,joy,neutral,sadness,surprise,genre
0.0050019896589219,0.0171759445220232,0.947982370853424,0.0022049292456358,0.0074211973696947,0.0062639131210744,0.0139497555792331,Action_Adventure
0.019063226878643,0.054681871086359,0.0560425259172916,0.0519669242203235,0.7537609338760376,0.0312552601099014,0.0332292467355728,Action_Adventure
0.2382201999425888,0.263857364654541,0.2078771889209747,0.0029837097972631,0.135852962732315,0.0872770845890045,0.0639314800500869,Action_Adventure
0.001876869238913,0.0026852879673242,0.0020670210942626,0.0015028110938146,0.007225218694657,0.9788291454315186,0.0058136405423283,Action_Adventure
0.1157814562320709,0.1191639155149459,0.0501379370689392,0.0034914333373308,0.6410937905311584,0.0580407194793224,0.0122907217592,Action_Adventure
0.1765784323215484,0.0832558497786521,0.2016994059085846,0.0022009692620486,0.4073355197906494,0.1219725906848907,0.006957187782973,Action_Adventure
0.068567931652069,0.0136093702167272,0.7904514670372009,0.007178699132055,0.0744014084339141,0.0166799034923315,0.0291113425046205,Action_Adventure
0.0999368280172348,0.0516876466572284,0.032057624310255,0.0194146446883678,0.7733268141746521,0.0127434153109788,0.010832997970283,Action_Adventure
0.0164296142756938,0.0097357649356126,0.0129658821970224,0.0154757853597402,0.903197169303894,0.0072775506414473,0.0349181555211544,Action_Adventure
0.0519677102565765,0.0387813970446586,0.0214088354259729,0.0093186143785715,0.2341596484184265,0.6277220249176025,0.0166417509317398,Action_Adventure
0.2627502381801605,0.1584867537021637,0.0115038435906171,0.001578559866175,0.0342534929513931,0.525221586227417,0.0062054428271949,Action_Adventure
0.2734836935997009,0.3732305765151977,0.0212074238806962,0.0158173963427543,0.2858501076698303,0.0273194033652544,0.0030913525260984,Action_Adventure
0.3541164696216583,0.0143022192642092,0.4451347589492798,0.0083147725090384,0.1125895977020263,0.0164269804954528,0.0491152741014957,Action_Adventure
0.1113981902599334,0.0118462573736906,0.85714191198349,0.0013328596251085,0.011002792045474,0.0050378777086734,0.0022401395253837,Action_Adventure
0.479295939207077,0.0272754356265068,0.3070996701717376,0.0097195878624916,0.100876048207283,0.0381413139402866,0.0375920534133911,Action_Adventure
0.0111500890925526,0.0235203206539154,0.3622089028358459,0.0097593236714601,0.2648181021213531,0.2025842815637588,0.1259590238332748,Action_Adventure
0.0090577211230993,0.0084976246580481,0.0123332412913441,0.0979064777493476,0.8246300220489502,0.0315191149711608,0.0160559453070163,Action_Adventure
