anger,disgust,fear,joy,neutral,sadness,surprise,genre
0.0732969567179679,0.1777753829956054,0.0224248357117176,0.0506176464259624,0.660538375377655,0.0112826954573392,0.0040641571395099,Musical
0.012067993171513,0.0457462854683399,0.0226191915571689,0.6023349165916443,0.128983199596405,0.0067573199048638,0.1814910769462585,Musical
0.0305245108902454,0.4567413628101349,0.4205504655838012,0.0054430062882602,0.0407598689198493,0.0231452453881502,0.022835498675704,Musical
0.011969655752182,0.0306394901126623,0.0063098212704062,0.0034772779326885,0.9267366528511048,0.0072515625506639,0.0136155346408486,Musical
0.0068579115904867,0.1556066870689392,0.0025603547692298,0.0380713418126106,0.7416974902153015,0.0353442691266536,0.0198619700968265,Musical
0.9122843742370604,0.028759891167283,0.008888341486454,0.0028197527863085,0.0276972539722919,0.0124136405065655,0.0071366312913596,Musical
0.0288542117923498,0.0237114038318395,0.0013749251374974,0.3997348248958587,0.5242063999176025,0.0045111626386642,0.0176070537418127,Musical
0.0092641403898596,0.0229991134256124,0.0027834938373416,0.343166321516037,0.6008959412574768,0.0054932464845478,0.0153976446017622,Musical
0.0091947466135025,0.0173120480030775,0.0012282428797334,0.8236445188522339,0.1393188089132309,0.0059447670355439,0.0033568916842341,Musical
0.1098256483674049,0.036008171737194,0.0207284521311521,0.0037061073817312,0.7437185049057007,0.0727914199233055,0.0132216867059469,Musical
0.0157031882554292,0.0185494627803564,0.7646930813789368,0.0038995544891804,0.0845187678933143,0.107167363166809,0.0054686376824975,Musical
0.0086059682071208,0.0141009967774152,0.0063858437351882,0.0096719544380903,0.5223503708839417,0.2530467808246612,0.1858381181955337,Musical
0.0241351407021284,0.0923653468489646,0.0100691877305507,0.0032430910505354,0.8546224236488342,0.0096126124262809,0.0059522790834307,Musical
0.0605397783219814,0.0069042528048157,0.2002966105937957,0.0188350528478622,0.626062273979187,0.0090272547677159,0.0783348232507705,Musical
0.3825899362564087,0.0275240503251552,0.0180010963231325,0.0025410787202417,0.5143474340438843,0.0489729009568691,0.0060235233977437,Musical
0.0687680169939994,0.0685636028647422,0.1375133842229843,0.0084348693490028,0.6816247701644897,0.0209062080830335,0.014189132489264,Musical
0.0037508020177483,0.0034730297047644,0.033971007913351,0.0535466335713863,0.3519835770130157,0.5080770254135132,0.0451979450881481,Musical
0.0242329649627208,0.6598588228225708,0.0404930934309959,0.0018483292078599,0.1864546686410904,0.0244966056197881,0.0626155138015747,Musical
0.0036960081197321,0.0038454516325145,0.0023517583031207,0.0265782717615365,0.9457780718803406,0.0061535029672086,0.0115969190374016,Musical
0.1302025765180587,0.0371484234929084,0.0053524579852819,0.0378455705940723,0.7590324878692627,0.0100355958566069,0.0203828550875186,Musical
0.0153143024072051,0.1663893610239029,0.0091466642916202,0.0054130628705024,0.1407134681940078,0.6543229222297668,0.0087002888321876,Musical
0.0205592140555381,0.0093837156891822,0.0013253088109195,0.386965811252594,0.5367424488067627,0.0073286723345518,0.0376948341727256,Musical
