anger,disgust,fear,joy,neutral,sadness,surprise,genre
0.5907754302024841,0.2128630429506302,0.104672260582447,0.0011424438562244,0.0164625663310289,0.0674153491854667,0.0066689443774521,Slasher
0.1067044585943222,0.1868925839662552,0.0066956444643437,0.3169117271900177,0.3451606333255768,0.0113138519227504,0.0263210739940404,Slasher
0.0107107646763324,0.007440737914294,0.9450626969337464,0.0020412749145179,0.0248800404369831,0.0032079447992146,0.0066565540619194,Slasher
0.0231742039322853,0.1563452333211898,0.0505425445735454,0.0018004486337304,0.1245503425598144,0.6170805096626282,0.0265066847205162,Slasher
0.1159050241112709,0.8083896040916443,0.0126471007242798,0.0009774497011676,0.0500196106731891,0.0069712661206722,0.0050900783389806,Slasher
0.3684307932853699,0.2110861092805862,0.1268260478973388,0.0013321809237822,0.05813804641366,0.2134036123752594,0.0207831636071205,Slasher
0.0535803660750389,0.1500484645366668,0.0320659130811691,0.0008208593935705,0.0250802729278802,0.72933429479599,0.0090698711574077,Slasher
0.7134144902229309,0.11252461373806,0.1195957213640213,0.0014071220066398,0.0420643351972103,0.0066475719213485,0.0043462007306516,Slasher
0.7303560376167297,0.1631513684988021,0.0538363084197044,0.0011818854836747,0.0407522842288017,0.00797576084733,0.002746338956058,Slasher
0.3093827366828918,0.6404018998146057,0.013488688506186,0.0010433471761643,0.0209816247224807,0.0123874805867671,0.0023142558056861,Slasher
0.1173853427171707,0.0266052186489105,0.1654292494058609,0.0015001073479652,0.0213844776153564,0.6433255672454834,0.0243700724095106,Slasher
0.0545215271413326,0.0809511318802833,0.0470498576760292,0.0060238488949835,0.7749438881874084,0.0061323097907006,0.0303774233907461,Slasher
0.0218022167682647,0.8453233242034912,0.05350923538208,0.001203273772262,0.0640991851687431,0.0082217194139957,0.0058410353958606,Slasher
0.3490305840969085,0.2019664645195007,0.1487757414579391,0.0010285836178809,0.0209045298397541,0.2562986016273498,0.0219954326748847,Slasher
0.005581961479038,0.9724407196044922,0.011605305597186,0.0002396033669356,0.0034491026308387,0.0047557344660162,0.0019275932572782,Slasher
0.0625433325767517,0.0014793180162087,0.8871140480041504,0.002507391385734,0.024355087429285,0.0073799123056232,0.0146209616214036,Slasher
0.4422878324985504,0.0095438230782747,0.2961159348487854,0.0057249995879828,0.1506354212760925,0.0124650374054908,0.0832269638776779,Slasher
0.1114104464650154,0.2855702936649322,0.451932281255722,0.0030379807576537,0.128388375043869,0.0142452949658036,0.005415370222181,Slasher
0.0037786648608744,0.9736884236335754,0.0092657897621393,0.000461762829218,0.0066372109577059,0.0039862496778368,0.00218205479905,Slasher
0.0312837213277816,0.0897592678666114,0.1128005608916282,0.003149845637381,0.6640225648880005,0.0648837462067604,0.0341002196073532,Slasher
0.7407776713371277,0.1189282014966011,0.0515359677374362,0.0018468258203938,0.0766292735934257,0.0061477930285036,0.0041341711767017,Slasher
