anger,disgust,fear,joy,neutral,sadness,surprise,genre
0.0894631370902061,0.8824115991592407,0.0105860102921724,0.0004056356847286,0.0043063373304903,0.0119825210422277,0.0008448077132925,World_cinema
0.0216150935739278,0.0254473071545362,0.0287005752325058,0.0088557079434394,0.8895410895347595,0.0175273679196834,0.0083127794787287,World_cinema
0.0593503005802631,0.6495410799980164,0.0181836895644664,0.0313815623521804,0.2314703166484832,0.0059324069879949,0.0041407411918044,World_cinema
0.0083867600187659,0.0066531454212963,0.0060516102239489,0.0065945265814661,0.9261724948883056,0.0100675048306584,0.0360740646719932,World_cinema
0.0057295490987598,0.0082650007680058,0.9537790417671204,0.001181800616905,0.0134890666231513,0.013655075803399,0.0039004855789244,World_cinema
0.0219315532594919,0.1709967702627182,0.0027218011673539,0.4148352146148681,0.2384305745363235,0.1090200468897819,0.0420641005039215,World_cinema
0.0130160702392458,0.0039578252471983,0.0372152738273143,0.1744211614131927,0.0842830389738082,0.6719345450401306,0.0151721760630607,World_cinema
0.3164661824703216,0.0401690825819969,0.0201007314026355,0.0011145597090944,0.0392076931893825,0.5674554109573364,0.0154863195493817,World_cinema
0.026651456952095,0.0148342614993453,0.0138791035860776,0.0052471761591732,0.9031400680541992,0.0158993210643529,0.0203486587852239,World_cinema
0.0128565598279237,0.0214121416211128,0.0031338119879364,0.0054390379227697,0.7643963098526001,0.0034985765814781,0.1892636120319366,World_cinema
0.6388850212097168,0.1467673480510711,0.0568161346018314,0.0025536601897329,0.0971413254737854,0.0065530589781701,0.0512834787368774,World_cinema
0.3059844970703125,0.0795197188854217,0.4975198209285736,0.0013295128010213,0.0317561291158199,0.0630508884787559,0.0208394080400466,World_cinema
0.1593294292688369,0.0479243472218513,0.7509727478027344,0.0025204129051417,0.0302564613521099,0.0040742703713476,0.0049223131500184,World_cinema
0.5725901126861572,0.0279093869030475,0.0384824313223362,0.001775455661118,0.3381538987159729,0.015430980361998,0.0056578079238533,World_cinema
0.1770264357328415,0.4067699015140533,0.0650933608412742,0.003593286499381,0.2718712389469147,0.0619095042347908,0.0137362349778413,World_cinema
0.0413844138383865,0.1952825337648391,0.0161733832210302,0.0025836175773292,0.6345221996307373,0.0259194131940603,0.084134392440319,World_cinema
0.3336052298545837,0.0892384573817253,0.2915191352367401,0.0026199098210781,0.0901233106851577,0.1485109031200409,0.0443829596042633,World_cinema
0.0008543347357772,0.0018318590009585,0.0010132070165127,0.0019292865181341,0.0073083005845546,0.9814918637275696,0.0055710687302052,World_cinema
0.0562263466417789,0.0177358165383338,0.0336098931729793,0.007101334631443,0.7666279077529907,0.0193169955164194,0.0993817001581192,World_cinema
0.5290797352790833,0.0257621072232723,0.256960391998291,0.0040839202702045,0.1595562100410461,0.0128932641819119,0.0116642853245139,World_cinema
0.1808656603097915,0.4241234958171844,0.0154072167351841,0.0010725269094109,0.0328295938670635,0.3385820090770721,0.0071195368655025,World_cinema
0.0205590482801198,0.0118249775841832,0.0194521993398666,0.0199290420860052,0.7271649837493896,0.1787138432264328,0.0223559606820344,World_cinema
0.0316682197153568,0.2305257022380828,0.044662844389677,0.0023321949411183,0.1196326166391372,0.5640963315963745,0.0070820259861648,World_cinema
0.2281008958816528,0.1370112299919128,0.2778296172618866,0.0074347797781229,0.2280352264642715,0.0483062416315078,0.0732820183038711,World_cinema
0.0162422284483909,0.0294902622699737,0.001784699386917,0.0099059958010911,0.9308639764785768,0.0064591807313263,0.0052536781877279,World_cinema
0.8277124762535095,0.0273668486624956,0.0950064063072204,0.0010501102078706,0.0089020412415266,0.0316508449614048,0.0083113675937056,World_cinema
0.2503237724304199,0.0513454228639602,0.2172793596982956,0.0058256168849766,0.1393026709556579,0.0067757349461317,0.3291473686695099,World_cinema
0.026750236749649,0.0104047916829586,0.011301239952445,0.0412638708949089,0.554564893245697,0.317526251077652,0.0381886810064315,World_cinema
0.3066028356552124,0.044227622449398,0.609973132610321,0.0035826952662318,0.0237602237612009,0.0054180962033569,0.0064353817142546,World_cinema
0.0913434922695159,0.0750966668128967,0.0676819086074829,0.00298423320055,0.6809170246124268,0.0341274254024028,0.04784931614995,World_cinema
0.3304638564586639,0.3793220818042755,0.0113722933456301,0.0149365970864892,0.2550093531608581,0.0061399331316351,0.0027557872235774,World_cinema
0.0090414760634303,0.0112726185470819,0.0031619321089237,0.0024979279842227,0.959456980228424,0.0055842534638941,0.0089847920462489,World_cinema
0.0967767015099525,0.5096042156219482,0.1078708320856094,0.0033937375992536,0.2660679817199707,0.0107616502791643,0.0055248686112463,World_cinema
0.2657168507575989,0.5348996520042419,0.0271490141749382,0.0008129162015393,0.0164825934916734,0.1500547230243683,0.0048841936513781,World_cinema
0.4260798096656799,0.2016599625349044,0.3325943648815155,0.0020953998900949,0.023737022653222,0.0071744145825505,0.0066589317284524,World_cinema
0.0077056097798049,0.0085391728207468,0.0197664611041545,0.0099195465445518,0.800818145275116,0.0141912400722503,0.1390598267316818,World_cinema
0.92536461353302,0.0211696326732635,0.0085161384195089,0.001171154086478,0.0357734560966491,0.0063941217958927,0.0016108452109619,World_cinema
0.3909070789813995,0.1092724427580833,0.0092434361577034,0.002925157546997,0.217971920967102,0.2253798544406891,0.0443001650273799,World_cinema
0.4510467052459717,0.0910265296697616,0.3767328858375549,0.0020743685308843,0.05074143409729,0.010928688570857,0.01744937710464,World_cinema
0.204370841383934,0.0233847666531801,0.2650293111801147,0.0012540548341348,0.0180189777165651,0.4660743772983551,0.0218677055090665,World_cinema
0.0062458612956106,0.046579536050558,0.0111320931464433,0.0425284951925277,0.6885232329368591,0.163356602191925,0.0416341908276081,World_cinema
