anger,disgust,fear,joy,neutral,sadness,surprise,genre
0.0308958888053894,0.0172923002392053,0.0300692617893219,0.0120599018409848,0.6863399744033813,0.0846302285790443,0.138712465763092,Adventure
0.582746684551239,0.0533269271254539,0.0495869703590869,0.0032799574546515,0.1763914078474044,0.048368901014328,0.0862991213798523,Adventure
0.2861271798610687,0.5989312529563904,0.0160758774727582,0.0028165623079985,0.061402641236782,0.0313864648342132,0.0032600190024822,Adventure
0.2849456667900085,0.1941476762294769,0.0164353009313344,0.0033029178157448,0.4740065634250641,0.0179558377712965,0.0092060435563325,Adventure
0.1041680574417114,0.0130051700398325,0.0256539732217788,0.008762820623815,0.8022499680519104,0.0151107553392648,0.0310492869466543,Adventure
0.050462320446968,0.1497837603092193,0.0193543676286935,0.1104148179292678,0.6028410792350769,0.064343936741352,0.0027996771968901,Adventure
0.06126094982028,0.6410112380981445,0.0283822659403085,0.0150507651269435,0.1793600469827652,0.0421142280101776,0.0328205153346061,Adventure
0.0732923150062561,0.5230290293693542,0.0242452770471572,0.0018203714862465,0.0839780643582344,0.0868513211607933,0.2067837119102478,Adventure
0.3733359277248382,0.1658371686935424,0.0411696694791317,0.005388731136918,0.3597545921802521,0.0388838462531566,0.0156301464885473,Adventure
0.0082354843616485,0.0232053380459547,0.0041274963878095,0.0276768896728754,0.9085733890533448,0.0019140233052894,0.0262672826647758,Adventure
0.0153077878057956,0.0274792052805423,0.0106687890365719,0.0055777300149202,0.354938268661499,0.0239686984568834,0.5620595216751099,Adventure
0.0038087374996393,0.0035549108870327,0.0017825183458626,0.0288164690136909,0.924735963344574,0.016499126330018,0.0208023414015769,Adventure
0.5696930885314941,0.112357310950756,0.1034795343875885,0.0054396092891693,0.1711889058351516,0.0346717834472656,0.0031697899103164,Adventure
0.0819298848509788,0.0446593686938285,0.7080576419830322,0.0033627457451075,0.086681455373764,0.0487883761525154,0.026520412415266,Adventure
0.0223597530275583,0.9170465469360352,0.0052794958464801,0.002054160926491,0.0140665769577026,0.0350416041910648,0.0041518509387969,Adventure
0.1087084785103797,0.0387872606515884,0.285902589559555,0.0032744673080742,0.418613463640213,0.0661904215812683,0.0785232335329055,Adventure
0.0088799241930246,0.0408927351236343,0.0060052718035876,0.009695965796709,0.8719560503959656,0.0187489781528711,0.043821033090353,Adventure
0.5862016081809998,0.1324455738067627,0.2247588187456131,0.0018400266999378,0.0250512696802616,0.0242605805397033,0.0054421629756689,Adventure
0.4667516946792602,0.110989399254322,0.1150443851947784,0.0043890355154871,0.1394150704145431,0.0978649109601974,0.0655455887317657,Adventure
0.0104298871010541,0.0077296732924878,0.0034648634027689,0.0049687568098306,0.9135806560516356,0.0079609211534261,0.0518652126193046,Adventure
0.0076542403548955,0.007550427224487,0.0025629804003983,0.0194471385329961,0.9446959495544434,0.0044338023290038,0.0136553794145584,Adventure
0.0100230425596237,0.0339549370110034,0.0055363476276397,0.0068458137102425,0.76722651720047,0.1430338025093078,0.0333794429898262,Adventure
0.0444191321730613,0.8012664914131165,0.0164917949587106,0.0012992008123546,0.1101780608296394,0.0186370834708213,0.0077081178314983,Adventure
0.0558528341352939,0.2698371112346649,0.0099893845617771,0.0065732710063457,0.6182205677032471,0.0181893613189458,0.0213375333696603,Adventure
0.1776594668626785,0.0359453819692134,0.0116561567410826,0.0030690205749124,0.6978686451911926,0.0623185634613037,0.0114827724173665,Adventure
0.0598888583481311,0.0888164639472961,0.0133887017145752,0.0027250885032117,0.7741278409957886,0.0505696572363376,0.0104834111407399,Adventure
0.4864268004894256,0.0609342455863952,0.1483861356973648,0.0082836635410785,0.2085599899291992,0.0462805293500423,0.0411286577582359,Adventure
0.0840518400073051,0.0348855890333652,0.0092303473502397,0.0044343811459839,0.6371211409568787,0.2172947824001312,0.0129819083958864,Adventure
0.0545576028525829,0.0495879463851451,0.004731482360512,0.0208311919122934,0.7967479825019836,0.0698520466685295,0.0036918078549206,Adventure
0.0090344594791531,0.0071668988093733,0.0069771683774888,0.0107646994292736,0.9143884778022766,0.01569539681077,0.0359729789197444,Adventure
0.90602445602417,0.0215843915939331,0.0008586698095314,0.0025517588946968,0.061908271163702,0.0040142182260751,0.0030582887120544,Adventure
