anger,disgust,fear,joy,neutral,sadness,surprise,genre
0.0088679082691669,0.0473109185695648,0.0067091463133692,0.0051227333024144,0.025472143664956,0.9010716080665588,0.0054455362260341,Romance_Film
0.1320613473653793,0.042083989828825,0.5628422498703003,0.0026960792019963,0.0403037630021572,0.211247906088829,0.0087646655738353,Romance_Film
0.0193559862673282,0.0146097522228956,0.0047787330113351,0.0325149931013584,0.9145117998123168,0.0110922334715724,0.0031364024616777,Romance_Film
0.0450896024703979,0.1846702992916107,0.2771147191524505,0.0087709827348589,0.300060898065567,0.1066267490386962,0.077666662633419,Romance_Film
0.0149598559364676,0.0111800385639071,0.0016569764120504,0.005452970508486,0.7879568338394165,0.0132725862786173,0.1655207276344299,Romance_Film
0.0260509196668863,0.1176402121782302,0.0046206125989556,0.0108351856470108,0.3646998107433319,0.4661602675914764,0.0099929636344313,Romance_Film
0.0326316878199577,0.0345088616013526,0.0033394014462828,0.0310636684298515,0.0723328441381454,0.8228276968002319,0.0032958635129034,Romance_Film
0.1179442256689071,0.0894035696983337,0.0075917290523648,0.0647385939955711,0.6860604286193848,0.030770219862461,0.0034913225099444,Romance_Film
0.0217386223375797,0.0045680329203605,0.0011431861203163,0.1335759311914444,0.6463010907173157,0.0286593940109014,0.1640137881040573,Romance_Film
0.1214015334844589,0.1045843139290809,0.007424839772284,0.031566597521305,0.5018247365951538,0.2172796726226806,0.0159182306379079,Romance_Film
0.0139250075444579,0.0294557772576808,0.0034606237895786,0.5499246120452881,0.3086051046848297,0.0325799360871315,0.0620489008724689,Romance_Film
0.1970244646072387,0.048719760030508,0.2833713889122009,0.0044195987284183,0.3526670336723327,0.0554009079933166,0.0583967864513397,Romance_Film
