anger,disgust,fear,joy,neutral,sadness,surprise,genre
0.0084970872849226,0.0043004276230931,0.4569374322891235,0.0150980930775403,0.0731160342693328,0.0221885237842798,0.4198624193668365,Romance_Film
0.0135114509612321,0.1270872056484222,0.0149175617843866,0.0287050157785415,0.7977848649024963,0.01105079613626,0.0069430777803063,Romance_Film
0.00558478012681,0.1186790838837623,0.0140699660405516,0.0142096132040023,0.8033467531204224,0.0354202687740325,0.0086895506829023,Romance_Film
0.0052099470049142,0.0216044671833515,0.0050311996601521,0.0024943733587861,0.9497601985931396,0.0050708125345408,0.0108289420604705,Romance_Film
0.0009593576542101,0.0026558528188616,0.0005252406117506,0.0027636992745101,0.0071825883351266,0.976482629776001,0.0094306422397494,Romance_Film
0.0063324524089694,0.0119848549365997,0.0031182314269244,0.4856056869029999,0.4514171183109283,0.0271267089992761,0.0144148301333189,Romance_Film
0.0046902825124561,0.0005662335315719,0.0009513247059658,0.0413439758121967,0.0161511488258838,0.0084274904802441,0.9278695583343506,Romance_Film
0.7204222679138184,0.0628659427165985,0.0176800470799207,0.0040093255229294,0.0701722651720047,0.094159610569477,0.0306904856115579,Romance_Film
0.0048146261833608,0.0061858324334025,0.0049305716529488,0.5759556889533997,0.1295979171991348,0.2639247477054596,0.0145906526595354,Romance_Film
0.0006310186581686,0.0008618700085207,0.0010534870671108,0.0032609219197183,0.0079646641388535,0.9783130884170532,0.0079149287194013,Romance_Film
0.4084357917308807,0.3346907794475555,0.0104410629719495,0.0030410520266741,0.1938596963882446,0.0431216470897197,0.0064100204035639,Romance_Film
0.0132320635020732,0.4175895154476166,0.0068947640247642,0.0027698443736881,0.5340415835380554,0.0089727425947785,0.0164995323866605,Romance_Film
0.0477872639894485,0.0304846502840518,0.0064647481776773,0.0063436399213969,0.1624294072389602,0.7403252124786377,0.0061650658026337,Romance_Film
0.0041621923446655,0.0023648301139473,0.0029244476463645,0.0053733913227915,0.9452765583992004,0.0076027098111808,0.0322959199547767,Romance_Film
0.0196651481091976,0.3717303276062011,0.003087164601311,0.0133835868909955,0.5781267285346985,0.0045053823851048,0.0095016565173864,Romance_Film
0.0154717341065406,0.0080317333340644,0.7981913685798645,0.0040565715171396,0.1262736171483993,0.0435637608170509,0.0044112689793109,Romance_Film
0.0371534973382949,0.0711873322725296,0.0020245981868356,0.2693092823028564,0.5865217447280884,0.0293096806854009,0.0044938242062926,Romance_Film
0.010161685757339,0.005869276355952,0.0067141712643206,0.3112335503101349,0.5587054491043091,0.0395513288676738,0.0677645653486251,Romance_Film
0.0040955618023872,0.0146089624613523,0.0058743646368384,0.0474062412977218,0.90983247756958,0.0037865855265408,0.0143958600237965,Romance_Film
0.073267325758934,0.0559524111449718,0.6156783103942871,0.0028486722148954,0.0558441057801246,0.0342296585440635,0.1621794700622558,Romance_Film
0.080342411994934,0.0162502825260162,0.5242815017700195,0.004670831374824,0.3236458897590637,0.0417100898921489,0.0090990280732512,Romance_Film
0.2035905420780182,0.0289649162441492,0.0035502114333212,0.0158454179763793,0.7318339347839355,0.0030153966508805,0.013199545443058,Romance_Film
0.0036422491539269,0.0141458930447697,0.0023763854987919,0.1317614316940307,0.8295426368713379,0.0107568362727761,0.0077745257876813,Romance_Film
0.0190379507839679,0.0064644580706954,0.0646924674510955,0.0121391778811812,0.7824718356132507,0.0086220605298876,0.106572039425373,Romance_Film
0.005638884846121,0.002100374083966,0.0016916354652494,0.3820561468601227,0.5568487644195557,0.0183631908148527,0.0333009399473667,Romance_Film
0.0345525555312633,0.0127137918025255,0.3725237548351288,0.0097854267805814,0.5150551795959473,0.0473130419850349,0.0080562448129057,Romance_Film
0.0210484750568866,0.0107624903321266,0.2783328294754028,0.0267858710139989,0.6077566742897034,0.0169150773435831,0.0383985042572021,Romance_Film
0.007639595773071,0.016132378950715,0.0059507768601179,0.2697289288043976,0.5915839076042175,0.0789516419172287,0.0300127752125263,Romance_Film
0.0234117060899734,0.0126490388065576,0.0011239619925618,0.0773450061678886,0.5006279945373535,0.0248050726950168,0.3600372076034546,Romance_Film
0.0038808339741081,0.0046673910692334,0.0005085402517579,0.8149380683898926,0.1193744391202926,0.019869515672326,0.0367612540721893,Romance_Film
0.0681521072983741,0.6401289105415344,0.0040543037466704,0.0031656646169722,0.2627953290939331,0.0160379819571971,0.0056656971573829,Romance_Film
0.0583296976983547,0.1324155032634735,0.3068912923336029,0.0025749953929334,0.3952609896659851,0.0408807769417762,0.0636467635631561,Romance_Film
0.0097618671134114,0.0599470324814319,0.0116923144087195,0.0016708350740373,0.6199709177017212,0.0269444473087787,0.2700125277042389,Romance_Film
0.0206562168896198,0.0739400684833526,0.0023578670807182,0.0210451427847147,0.8630470633506775,0.0129745844751596,0.0059790555387735,Romance_Film
0.0022336249239742,0.0024895167443901,0.0028426321223378,0.0026577962562441,0.0060848211869597,0.0008964846492744,0.9827950596809388,Romance_Film
0.00848706997931,0.0084218103438615,0.0011704245116561,0.3858518600463867,0.5560269355773926,0.0101091414690017,0.0299326404929161,Romance_Film
0.0096359197050333,0.0062620998360216,0.015896737575531,0.0155159272253513,0.917618453502655,0.0123430248349905,0.0227279346436262,Romance_Film
0.0187718905508518,0.1626364141702652,0.0033512441441416,0.0127930575981736,0.7790494561195374,0.0185817312449216,0.0048162597231566,Romance_Film
0.0428088717162609,0.0443346314132213,0.0026521948166191,0.0663719996809959,0.7587221264839172,0.0811936780810356,0.0039165657944977,Romance_Film
0.0505514554679393,0.051810260862112,0.0029613464139401,0.0057995468378067,0.8382043838500977,0.0197740793228149,0.0308988653123378,Romance_Film
0.1170802190899849,0.0462845787405967,0.043604914098978,0.0066360384225845,0.5466684699058533,0.2184199839830398,0.0213058199733495,Romance_Film
0.0254446677863597,0.0237095225602388,0.2860036790370941,0.0021190322004258,0.1247419342398643,0.4992662668228149,0.0387148633599281,Romance_Film
0.0542395301163196,0.5818382501602173,0.003899993840605,0.0200667195022106,0.3196156322956085,0.0153868617489933,0.0049529429525136,Romance_Film
0.1459677666425705,0.2396653145551681,0.0186250228434801,0.0046063377521932,0.3708570003509521,0.2156154364347458,0.0046631498262286,Romance_Film
0.0098034180700778,0.2873803079128265,0.0021191874984651,0.5455474257469177,0.1270260661840438,0.0253098104149103,0.0028137972112745,Romance_Film
0.049449898302555,0.0174994021654129,0.0023306948132812,0.0168479047715663,0.8729448318481445,0.0021684248931705,0.038758784532547,Romance_Film
0.0229570139199495,0.0027348960284143,0.0045311548747122,0.0465225949883461,0.1576099544763565,0.1302244365215301,0.6354199051856995,Romance_Film
0.7287806868553162,0.0260073784738779,0.0603736005723476,0.0027447226457297,0.0968666225671768,0.0152897182852029,0.0699372515082359,Romance_Film
0.0187680330127477,0.0053582503460347,0.0013254139339551,0.2634221911430359,0.6786277890205383,0.0058553586713969,0.0266429409384727,Romance_Film
0.0033909268677234,0.0163697656244039,0.0016285050660371,0.8034998178482056,0.1633602529764175,0.0089866397902369,0.0027641239576041,Romance_Film
0.0221858266741037,0.2779508531093597,0.0160524938255548,0.0086759887635707,0.6549217700958252,0.0057207546196877,0.0144922565668821,Romance_Film
