anger,disgust,fear,joy,neutral,sadness,surprise,genre
0.0170897971838712,0.0150676760822534,0.017924141138792,0.0065534282475709,0.8917751908302307,0.0307996626943349,0.0207902286201715,Crime_Fiction
0.0550931766629219,0.0296178385615348,0.0312396679073572,0.0357448421418666,0.7423704862594604,0.0983179062604904,0.0076160482130944,Crime_Fiction
0.9041165113449096,0.007006858009845,0.0561712272465229,0.0020810707937926,0.0098991654813289,0.0186452958732843,0.002079906174913,Crime_Fiction
0.0080067822709679,0.0043052309192717,0.0041633741930127,0.1288580149412155,0.8185441493988037,0.0172288101166486,0.0188937205821275,Crime_Fiction
0.1590281277894973,0.5132394433021545,0.0122926663607358,0.0148438680917024,0.2770448327064514,0.0217334274202585,0.0018175920704379,Crime_Fiction
0.5513045787811279,0.1700772792100906,0.0133651746436953,0.0058252969756722,0.1285758018493652,0.116003543138504,0.0148484194651246,Crime_Fiction
0.1175358816981315,0.7596786618232727,0.114531323313713,0.0007287195767275,0.0015642519574612,0.0046232808381319,0.0013378883013501,Crime_Fiction
0.1551248431205749,0.1830102950334549,0.0045079980045557,0.0185158289968967,0.515343427658081,0.1178552657365799,0.0056424052454531,Crime_Fiction
0.181766003370285,0.2051330953836441,0.5267841219902039,0.0019801179878413,0.0137826716527342,0.0668190494179725,0.00373490084894,Crime_Fiction
0.049039963632822,0.0125486347824335,0.4894997477531433,0.0193139221519231,0.1699963808059692,0.0259174052625894,0.2336840033531189,Crime_Fiction
0.0119241988286376,0.8839097023010254,0.0055803013965487,0.001494480879046,0.0725004076957702,0.0127501739189028,0.0118407029658555,Crime_Fiction
0.014823904260993,0.0082587199285626,0.9334579706192015,0.0019464871147647,0.0116163296625018,0.0285833626985549,0.0013132349122315,Crime_Fiction
0.0940379425883293,0.1136252582073211,0.1204705536365509,0.0102622527629137,0.6274745464324951,0.0068606059066951,0.0272689387202262,Crime_Fiction
0.3980780839920044,0.1259152591228485,0.1673134416341781,0.00357884215191,0.2736981213092804,0.0215809009969234,0.0098353372886776,Crime_Fiction
0.0186182539910078,0.0151506755501031,0.0107003487646579,0.1571927219629287,0.6753789782524109,0.1145584806799888,0.0084005258977413,Crime_Fiction
0.0439049340784549,0.8909358978271484,0.0120863271877169,0.0007820498431101,0.0435210615396499,0.0050028399564325,0.0037668356671929,Crime_Fiction
0.0237586256116628,0.005208421498537,0.0109503446146845,0.0018412871286273,0.0214302781969308,0.9106574654579164,0.0261536017060279,Crime_Fiction
0.0925837233662605,0.0130961118265986,0.0278898943215608,0.0029357981402426,0.0579309575259685,0.7997130155563354,0.0058505097404122,Crime_Fiction
0.0204113889485597,0.9574849605560304,0.0044448338449001,0.0007878050091676,0.0136408740654587,0.0021162275224924,0.001113872975111,Crime_Fiction
