anger,disgust,fear,joy,neutral,sadness,surprise,genre
0.0388245917856693,0.3465982377529144,0.2617013156414032,0.0047183674760162,0.0277336966246366,0.3150893747806549,0.0053344690240919,Adventure
0.0014425582485273,0.0063425605185329,0.0027140621095895,0.0008840110967867,0.0161445029079914,0.9708546996116638,0.0016176156932488,Adventure
0.0083026913926005,0.0143100190907716,0.1195273250341415,0.006685025524348,0.148199588060379,0.0145864877849817,0.6883888840675354,Adventure
0.0121117271482944,0.3322600424289703,0.0099988104775547,0.0048348577693104,0.2961591482162475,0.3321470320224762,0.0124884061515331,Adventure
0.0057102083228528,0.0058905542828142,0.0039175795391201,0.0058494671247899,0.9231287240982056,0.003834537230432,0.0516689717769622,Adventure
0.0053247739560902,0.0389205664396286,0.0128885973244905,0.0025402419269084,0.8918982148170471,0.0081299804151058,0.0402975901961326,Adventure
0.0039066248573362,0.0027966450434178,0.0213791970163583,0.0024980853777378,0.0217101331800222,0.0029715995769947,0.9447377324104308,Adventure
0.0691326931118965,0.1514786630868911,0.0562992803752422,0.0038704478647559,0.6690865159034729,0.035745870321989,0.0143865905702114,Adventure
0.0268559008836746,0.0227260757237672,0.0051601529121398,0.0064274007454514,0.8981701135635376,0.0151726733893156,0.0254876539111137,Adventure
0.0207857005298137,0.0894592404365539,0.2526033520698547,0.0689305439591407,0.1824609190225601,0.3471264839172363,0.0386337637901306,Adventure
0.0620838813483715,0.0676488578319549,0.4760605096817016,0.0017800951609387,0.0753915309906005,0.2663448452949524,0.0506902001798152,Adventure
0.0073023871518671,0.0629974380135536,0.0379078611731529,0.02306654676795,0.4291247427463531,0.0891219303011894,0.3504790365695953,Adventure
