anger,disgust,fear,joy,neutral,sadness,surprise,genre
0.0057323025539517,0.0520187057554721,0.0084130046889185,0.0186649616807699,0.8719304800033569,0.0150088472291827,0.0282316245138645,Romance_Film
0.0194423962384462,0.3284401297569275,0.0087446626275777,0.2456563413143158,0.3698251247406006,0.0199391935020685,0.0079522058367729,Romance_Film
0.0167136695235967,0.0184455346316099,0.0070239994674921,0.0831863954663276,0.6694515943527222,0.1533673554658889,0.0518114455044269,Romance_Film
0.0260795056819915,0.0474936254322528,0.5831422209739685,0.0017044382402673,0.0109154591336846,0.3229430019855499,0.007721699308604,Romance_Film
0.0118047101423144,0.0117420349270105,0.0059346002526581,0.0094901006668806,0.84419184923172,0.0110930996015667,0.1057436242699623,Romance_Film
0.9355098009109496,0.0249424241483211,0.0021327219437807,0.0014435233315452,0.0226258914917707,0.0112966112792491,0.0020489327143877,Romance_Film
0.0150866182520985,0.0111200008541345,0.0020661896560341,0.0055513749830424,0.937771201133728,0.0081163737922906,0.0202882494777441,Romance_Film
0.3626497387886047,0.2415696531534195,0.0077904271893203,0.0072703287005424,0.1165063306689262,0.2615872025489807,0.0026263331528753,Romance_Film
0.0222595501691102,0.0334399826824665,0.0025349322240799,0.5614138245582581,0.3642508387565613,0.0085693867877125,0.0075314552523195,Romance_Film
0.0895063355565071,0.6218315958976746,0.0366628021001815,0.0136672928929328,0.2279382348060608,0.0073468307964503,0.0030468553304672,Romance_Film
0.0398876033723354,0.0868920087814331,0.0069181690923869,0.0065779690630733,0.142023354768753,0.7123335599899292,0.0053673773072659,Romance_Film
