anger,disgust,fear,joy,neutral,sadness,surprise,genre
0.5256362557411194,0.1090933233499527,0.1052045971155166,0.1928369402885437,0.0368728078901767,0.0254462622106075,0.004909761250019,Drama
0.0489151887595653,0.92025887966156,0.0017712513217702,0.0015043700113892,0.0188086181879043,0.0080991089344024,0.0006425228784792,Drama
0.935557782649994,0.0320610031485557,0.0027395053766667,0.0017752554267644,0.0180062465369701,0.0091014942154288,0.0007584759150631,Drama
0.0373070538043975,0.8932417035102844,0.0074387239292263,0.0013252928620204,0.0201606154441833,0.0392877459526062,0.0012387826573103,Drama
0.2148238569498062,0.362093448638916,0.2127904146909713,0.0017422453965991,0.1348679661750793,0.01984135620296,0.0538406744599342,Drama
0.0110792499035596,0.0070535708218812,0.8920109272003174,0.0021085604093968,0.0549323223531246,0.002130719134584,0.0306846257299184,Drama
0.033668152987957,0.0597470328211784,0.0242839399725198,0.0039858436211943,0.8192526698112488,0.0095794908702373,0.0494828447699546,Drama
0.1851801574230194,0.0737183839082717,0.097449243068695,0.0024842238053679,0.1586413085460662,0.4772267043590545,0.0053000282496213,Drama
0.0075598084367811,0.0045787249691784,0.9453583359718324,0.0013849923852831,0.0344229191541671,0.0032882953528314,0.0034067935775965,Drama
0.928537130355835,0.0409307666122913,0.0078484639525413,0.000820042041596,0.016428330913186,0.0034365593455731,0.0019986366387456,Drama
0.002337961224839,0.0043451189994812,0.5308571457862854,0.0027299807406961,0.0137662775814533,0.4418046176433563,0.0041589201427996,Drama
0.006988416891545,0.9859675765037536,0.0011706559453159,0.000269095035037,0.0036692032590508,0.0013275236124172,0.000607575115282,Drama
0.0023910161107778,0.0044297166168689,0.0045780302025377,0.7596960067749023,0.0310088004916906,0.1955424547195434,0.0023540139663964,Drama
0.0902992337942123,0.0147788831964135,0.1378514915704727,0.0073843491263687,0.664755642414093,0.0434623956680297,0.0414679571986198,Drama
0.633301854133606,0.062857873737812,0.0821458771824836,0.0022130443248897,0.0692138448357582,0.1373049169778823,0.012962594628334,Drama
0.9261199235916138,0.0263287220150232,0.0105920284986495,0.0008858093642629,0.019179418683052,0.0128194307908415,0.0040747988969087,Drama
0.0563317909836769,0.0264560189098119,0.571539580821991,0.0071503412909805,0.3084504008293152,0.0090217543765902,0.0210501123219728,Drama
0.0041697239503264,0.0128244142979383,0.0084711462259292,0.2979289591312408,0.6171507239341736,0.0107437008991837,0.0487112514674663,Drama
0.0037560926284641,0.0036455658264458,0.0017825468676164,0.0081194192171096,0.0362167209386825,0.001347028883174,0.9451326727867126,Drama
0.5143844485282898,0.3207201957702636,0.085032507777214,0.0031764358282089,0.058502797037363,0.0126099940389394,0.0055736522190272,Drama
