anger,disgust,fear,joy,neutral,sadness,surprise,genre
0.0314691290259361,0.0436535105109214,0.014255846850574,0.3996612429618835,0.4313450455665588,0.022898880764842,0.0567163228988647,Drama
0.0048999856226146,0.0017090049805119,0.0013202432310208,0.923534095287323,0.0591467209160327,0.0044670859351754,0.0049229101277887,Drama
0.0065392032265663,0.0033085825853049,0.0043465285561978,0.6689811944961548,0.2457295060157776,0.0656903609633445,0.0054046530276536,Drama
0.1154820770025253,0.392875999212265,0.1125733256340026,0.0337184257805347,0.2496617138385772,0.0848854705691337,0.0108029609546065,Drama
0.0321437232196331,0.5426610708236694,0.0313374884426593,0.0622888654470443,0.2691610753536224,0.0261461995542049,0.0362615697085857,Drama
0.1127683892846107,0.6429041624069214,0.1901044100522995,0.0045003788545727,0.0317123085260391,0.0133258253335952,0.0046845385804772,Drama
0.0416720137000083,0.1994886994361877,0.0603831186890602,0.5380789041519165,0.1251726150512695,0.0277194716036319,0.0074852122925221,Drama
0.4284261167049408,0.5111411809921265,0.0027534854598343,0.0020881979726254,0.0392569303512573,0.011946297250688,0.0043877689167857,Drama
0.1083793863654136,0.8528903126716614,0.0097957029938697,0.000903048668988,0.0181374624371528,0.0077159907668828,0.0021780405659228,Drama
0.0086744111031293,0.0724319517612457,0.01155068539083,0.0015015627723187,0.0304599069058895,0.8706298470497131,0.0047517321072518,Drama
0.1114952936768531,0.2086070775985717,0.0100364666432142,0.004599779844284,0.6124430298805237,0.0502469353377819,0.0025713881477713,Drama
0.0234128981828689,0.0127803068608045,0.0630019083619117,0.0013936669565737,0.0165475830435752,0.0036884630098938,0.8791751861572266,Drama
0.136185735464096,0.2257324457168579,0.0061240196228027,0.1193261966109275,0.3738090991973877,0.117751620709896,0.0210708286613225,Drama
0.0168611854314804,0.0316777192056179,0.726205050945282,0.0084139155223965,0.1868849247694015,0.0134033253416419,0.0165537968277931,Drama
0.2125245928764343,0.7038270831108093,0.010941200889647,0.0017435633344575,0.0601634085178375,0.0079191420227289,0.0028810172807425,Drama
0.0026409425772726,0.0073758186772465,0.0009582851198501,0.9393426775932312,0.0183635726571083,0.0274770986288785,0.003841625759378,Drama
0.0909734070301055,0.0727855265140533,0.02537009306252,0.0090243490412831,0.7193158268928528,0.0704318881034851,0.0120988702401518,Drama
0.0039967647753655,0.0023862256202846,0.9590352177619934,0.0014156855177134,0.0126773919910192,0.0188434123992919,0.0016453050775453,Drama
0.1699474602937698,0.2826614677906036,0.0578121952712535,0.0023203454911708,0.1073213890194892,0.3703510761260986,0.0095860138535499,Drama
0.9080133438110352,0.0632966756820678,0.0024837614037096,0.000903521082364,0.0160380136221647,0.006835316773504,0.0024292592424899,Drama
0.0067748636938631,0.0532629750669002,0.0116729959845542,0.0036225141957402,0.1642137467861175,0.7374975085258484,0.0229553766548633,Drama
0.3353367447853088,0.132240280508995,0.0033679862972348,0.0327047891914844,0.4581363201141357,0.0073801414109766,0.0308338329195976,Drama
0.0483928695321083,0.5726163387298584,0.0504311025142669,0.0030265050008893,0.2903558015823364,0.0136822145432233,0.0214952286332845,Drama
0.4486753940582275,0.5257039070129395,0.0018696041079238,0.0016475449083372,0.0099465297535061,0.009987948462367,0.0021690465509891,Drama
0.3634379804134369,0.0902525186538696,0.0119410706683993,0.0025416044518351,0.5079025030136108,0.0205325912684202,0.0033916977699846,Drama
0.3226961195468902,0.060664240270853,0.0735568776726722,0.0083726411685347,0.4723258018493652,0.0414205342531204,0.0209638029336929,Drama
0.0031369323842227,0.0051508918404579,0.0017775541637092,0.907079815864563,0.0487373322248458,0.0138218598440289,0.0202956050634384,Drama
0.017415564507246,0.0983922258019447,0.0029202452860772,0.4313240647315979,0.4192212522029876,0.0152777237817645,0.0154489902779459,Drama
0.0312011465430259,0.2048777490854263,0.0213759131729602,0.0051717036403715,0.7169234752655029,0.0163799505680799,0.004070081282407,Drama
0.0952906683087349,0.210800364613533,0.0177485458552837,0.0684395357966423,0.5096901059150696,0.0867970585823059,0.0112337190657854,Drama
0.0209794845432043,0.003537330077961,0.0076119629666209,0.140151098370552,0.8026137948036194,0.0047780536115169,0.0203283857554197,Drama
0.272992879152298,0.6451097130775452,0.0032191365025937,0.0017882128013297,0.0653025954961776,0.0094226319342851,0.0021647471003234,Drama
0.0440191403031349,0.0234906021505594,0.0141280749812722,0.0105915265157818,0.888400137424469,0.0144342314451932,0.004936337005347,Drama
0.0174259282648563,0.0462896525859832,0.0057933335192501,0.0061364318244159,0.0532017461955547,0.8698590993881226,0.001293810782954,Drama
0.7014920711517334,0.2146516442298889,0.0095281973481178,0.0014651510864496,0.0325590260326862,0.0387523956596851,0.0015514733968302,Drama
0.0222515054047107,0.0845712944865226,0.0046887877397239,0.0184517856687307,0.8481388688087463,0.0053889830596745,0.016508799046278,Drama
