anger,disgust,fear,joy,neutral,sadness,surprise,genre
0.0541341789066791,0.0861589238047599,0.0066587030887603,0.0193250644952058,0.7625749111175537,0.0581347942352294,0.0130133563652634,Crime_Fiction
0.2829196453094482,0.1988799721002578,0.0194195117801427,0.0026163926813751,0.1456122696399688,0.3367394506931305,0.0138127421960234,Crime_Fiction
0.3625945746898651,0.0089518669992685,0.0478045716881752,0.0031427082139998,0.0556069761514663,0.1891201287508011,0.3327791392803192,Crime_Fiction
0.0369160249829292,0.1044914275407791,0.0082760164514184,0.0060178213752806,0.7600151300430298,0.0707898512482643,0.013493763282895,Crime_Fiction
0.1149805337190628,0.3844527304172516,0.0068684988655149,0.0024886911269277,0.2342618554830551,0.2488686144351959,0.0080790575593709,Crime_Fiction
0.0584748163819313,0.1641421914100647,0.0321645960211753,0.0968594849109649,0.6181682348251343,0.0277932211756706,0.0023975030053406,Crime_Fiction
0.1241238489747047,0.0271605886518955,0.0224485658109188,0.0862880051136016,0.6883988380432129,0.019492095336318,0.0320880413055419,Crime_Fiction
0.7428848147392273,0.0692133158445358,0.0029821353964507,0.0026629969943314,0.1660232245922088,0.0124488174915313,0.0037847289349883,Crime_Fiction
0.2128772139549255,0.0678550526499748,0.0326331630349159,0.0068329898640513,0.3909166157245636,0.2374676913022995,0.0514173246920108,Crime_Fiction
0.3101049661636352,0.4248929023742676,0.0196259301155805,0.0046856706030666,0.178920492529869,0.058988019824028,0.0027819753158837,Crime_Fiction
0.2848578691482544,0.0945224910974502,0.0072084055282175,0.0046621859073638,0.5541089177131653,0.0515175424516201,0.003122542053461,Crime_Fiction
0.0352165102958679,0.0234892759472131,0.0013968489365652,0.0207310058176517,0.8977965712547302,0.0160610750317573,0.0053088078275322,Crime_Fiction
0.0642973333597183,0.1961751282215118,0.0138372583314776,0.0106985736638307,0.1008129119873046,0.5852687954902649,0.0289100538939237,Crime_Fiction
0.1708003729581833,0.0494409352540969,0.017406940460205,0.0348340719938278,0.6965688467025757,0.0183715466409921,0.0125772673636674,Crime_Fiction
0.0052207265980541,0.0025248590391129,0.0018299465300515,0.1272580772638321,0.7381735444068909,0.0165510512888431,0.1084417626261711,Crime_Fiction
0.1924791634082794,0.0208641048520803,0.0409245565533638,0.0036241724155843,0.0647245347499847,0.6438324451446533,0.0335510931909084,Crime_Fiction
