anger,disgust,fear,joy,neutral,sadness,surprise,genre
0.0047460803762078,0.003982750698924,0.0066968072205781,0.1318959295749664,0.3833630979061126,0.4265893399715423,0.0427260510623455,Comedy
0.0720736160874366,0.0780396312475204,0.0484661683440208,0.0027659668121486,0.0983288511633873,0.5326735973358154,0.1676521301269531,Comedy
0.0798182189464569,0.0353315509855747,0.3583475947380066,0.0064093633554875,0.455710232257843,0.0281816646456718,0.0362013839185237,Comedy
0.0675272345542907,0.0129260839894413,0.8931348919868469,0.0010054918238893,0.0132746705785393,0.0057910331524908,0.0063406410627067,Comedy
0.0044613624922931,0.0332587584853172,0.0057650385424494,0.0388201624155044,0.8751868009567261,0.0058612753637135,0.0366466045379638,Comedy
0.0213412176817655,0.0404948331415653,0.0086686881259083,0.0028360038995742,0.7795754671096802,0.1027186587452888,0.04436507076025,Comedy
0.029302816838026,0.0518121644854545,0.0065698963589966,0.002881716703996,0.8696016669273376,0.0257007740437984,0.0141310021281242,Comedy
0.005183913744986,0.9826399087905884,0.0022521440405398,0.0004168811719864,0.0051726796664297,0.003726830240339,0.0006076922290958,Comedy
0.0054854708723723,0.8913105726242065,0.00487143965438,0.0027833804488182,0.084294281899929,0.0077530839480459,0.0035017549525946,Comedy
0.0109257567673921,0.0290906317532062,0.0162944346666336,0.0033736089244484,0.7951481938362122,0.0073628509417176,0.1378046423196792,Comedy
0.0331334322690963,0.2581805288791656,0.0762000009417533,0.0039396733045578,0.3756150305271148,0.0733949989080429,0.1795363575220108,Comedy
0.0134706739336252,0.7487002015113831,0.0238076597452163,0.0344560071825981,0.1592472791671753,0.0111389309167861,0.0091793043538928,Comedy
0.0522996857762336,0.7261478304862976,0.0049011749215424,0.0030446168966591,0.2000562995672226,0.0052466648630797,0.0083036944270133,Comedy
0.0488362535834312,0.1033148542046547,0.0137552423402667,0.0295797642320394,0.742859423160553,0.0589768886566162,0.0026776047889143,Comedy
0.0125559009611606,0.1491516530513763,0.017836719751358,0.0167268346995115,0.7662031650543213,0.0035876382607966,0.0339381881058216,Comedy
0.0053991880267858,0.0131569653749465,0.0033394990023225,0.0167183615267276,0.9384517669677734,0.0059707164764404,0.0169634688645601,Comedy
