anger,disgust,fear,joy,neutral,sadness,surprise,genre
0.0078342286869883,0.0024149541277438,0.0142771629616618,0.7626630663871765,0.0918433517217636,0.088125966489315,0.0328413322567939,Fantasy_Comedy
0.0804062783718109,0.2629333734512329,0.0028735261876136,0.0103535922244191,0.6165808439254761,0.020287487655878,0.0065649338066577,Fantasy_Comedy
0.0030808136798441,0.0026944428682327,0.0013759086141362,0.9308310747146606,0.0427372902631759,0.0051944400183856,0.0140859186649322,Fantasy_Comedy
0.0536666326224803,0.6656442284584045,0.0033931345678865,0.0154067194089293,0.1964492946863174,0.0577201135456562,0.0077198441140353,Fantasy_Comedy
0.062509000301361,0.006397336255759,0.0778321847319603,0.0051283435896039,0.0557686164975166,0.1906976252794265,0.6016668677330017,Fantasy_Comedy
0.068489484488964,0.0285422522574663,0.0354659967124462,0.0020724206697195,0.0367133952677249,0.8217653036117554,0.0069512161426246,Fantasy_Comedy
0.2049917131662368,0.3445967137813568,0.0469645038247108,0.0058046830818057,0.343859314918518,0.0327856093645095,0.020997492596507,Fantasy_Comedy
0.0094454456120729,0.0563993044197559,0.0031032538972795,0.00402212748304,0.8624421954154968,0.0289602577686309,0.0356274247169494,Fantasy_Comedy
0.925908088684082,0.0313839167356491,0.0133526660501956,0.0008939420804381,0.0210854597389698,0.0039512678049504,0.0034246577415615,Fantasy_Comedy
0.9445331692695618,0.0216825976967811,0.005629972089082,0.0013805968919768,0.0125092845410108,0.0129937678575515,0.0012705216649919,Fantasy_Comedy
0.6535313129425049,0.1211902871727943,0.0416644662618637,0.0026406224351376,0.1075344756245613,0.0669947937130928,0.0064440104179084,Fantasy_Comedy
0.2191243916749954,0.2485279142856598,0.0798864811658859,0.011839048936963,0.3965128362178802,0.0331012532114982,0.0110081164166331,Fantasy_Comedy
0.3124937415122986,0.067768283188343,0.1354606598615646,0.0037449744995683,0.1481810957193374,0.3263143599033355,0.0060368068516254,Fantasy_Comedy
0.0162684749811887,0.0082459133118391,0.00097751931753,0.6761606335639954,0.2855271100997925,0.0057249879464507,0.0070952856913208,Fantasy_Comedy
0.0046087894588708,0.0029366533271968,0.0010234509827569,0.7774059176445007,0.1751357465982437,0.0088423751294612,0.0300470516085624,Fantasy_Comedy
0.0099987713620066,0.0104807056486606,0.0121108768507838,0.829308807849884,0.0448294840753078,0.0487311258912086,0.0445403344929218,Fantasy_Comedy
0.0624536089599132,0.4962187111377716,0.1151981130242347,0.0038661141879856,0.3030006289482116,0.0172512605786323,0.0020115703810006,Fantasy_Comedy
0.0120597649365663,0.0757099390029907,0.0080050323158502,0.2457561045885086,0.4856976866722107,0.1659639030694961,0.0068076229654252,Fantasy_Comedy
