anger,disgust,fear,joy,neutral,sadness,surprise,genre
0.0068536242470145,0.0008337042527273,0.0022628037258982,0.7351344227790833,0.1236765682697296,0.0190411824733018,0.1121976524591445,Musical_comedy
0.0209351237863302,0.0861405357718467,0.0025734328664839,0.2097302973270416,0.5865890979766846,0.0385045409202575,0.0555269718170166,Musical_comedy
0.0912380367517471,0.3247260749340057,0.0034474197309464,0.0072915917262434,0.5480300188064575,0.0168118793517351,0.0084549710154533,Musical_comedy
0.1342619955539703,0.2222746908664703,0.0059034307487308,0.004918678663671,0.5644159913063049,0.0645589157938957,0.0036662523634731,Musical_comedy
0.9882495403289796,0.0014601340517401,0.0032487255521118,0.0006238900241442,0.0023386175744235,0.0029268579091876,0.0011522826971486,Musical_comedy
0.0115391686558723,0.017164321616292,0.0024681852664798,0.024745687842369,0.8477258682250977,0.0760100185871124,0.0203467290848493,Musical_comedy
0.0437744297087192,0.014285285025835,0.0102852620184421,0.0429262481629848,0.831019401550293,0.0507357977330684,0.0069735744036734,Musical_comedy
0.0333196148276329,0.0063830171711742,0.8707634806632996,0.0054599307477474,0.0645665675401687,0.0058205057866871,0.0136868339031934,Musical_comedy
0.00851178355515,0.0055743386037647,0.0006940889870747,0.0830715000629425,0.8382278680801392,0.0156962368637323,0.0482242181897163,Musical_comedy
0.0011030482128262,0.0012000054121017,0.0008166598272509,0.0013327004853636,0.0049492362886667,0.9859699606895448,0.0046283416450023,Musical_comedy
0.0112477699294686,0.0189464539289474,0.0085764024406671,0.0341665334999561,0.6937921643257141,0.0032154151704162,0.2300552278757095,Musical_comedy
0.0326746366918087,0.0150358583778142,0.0111965062096714,0.015336962416768,0.9056094884872437,0.0152613464742898,0.0048851398751139,Musical_comedy
0.0086052557453513,0.0106177516281604,0.0061702877283096,0.1643361002206802,0.6783657073974609,0.0149100683629512,0.1169948130846023,Musical_comedy
