anger,disgust,fear,joy,neutral,sadness,surprise,genre
0.8909112215042114,0.0327027775347232,0.0078006139956414,0.0097862668335437,0.0448584370315074,0.0106249274685978,0.0033157463185489,Drama
0.0094124730676412,0.0093514742329716,0.0026751370169222,0.0869050323963165,0.3774817883968353,0.0022215310018509,0.5119525790214539,Drama
0.0361224040389061,0.0232073739171028,0.7196433544158936,0.0042554382234811,0.189993143081665,0.0123072024434804,0.0144711248576641,Drama
0.0191347394138574,0.1262336522340774,0.003065318102017,0.4525548815727234,0.3781003057956695,0.0084679666906595,0.0124430637806653,Drama
0.0199348013848066,0.038033839315176,0.6568655371665955,0.0033111236989498,0.0979216396808624,0.0052336459048092,0.1786994040012359,Drama
0.0071274251677095,0.0037805899046361,0.0024969442747533,0.5967068672180176,0.1162464544177055,0.2183490991592407,0.0552926212549209,Drama
0.8869516849517822,0.0171620715409517,0.0049405428580939,0.0023009732831269,0.074013851583004,0.0065411999821662,0.0080896886065602,Drama
0.9382801055908204,0.0140752270817756,0.0045401412062346,0.0011999896960332,0.0306197199970483,0.0062785176560282,0.0050062150694429,Drama
0.0039656665176153,0.0065987249836325,0.0033456964883953,0.0058775525540113,0.9553534388542176,0.0105421328917145,0.014316689223051,Drama
0.0076300427317619,0.1595716327428817,0.0048164706677198,0.018799040466547,0.7529634833335876,0.0402761287987232,0.0159432291984558,Drama
0.0035240345168858,0.0037966889794915,0.0028478766325861,0.8989570736885071,0.038382951170206,0.0397590100765228,0.012732389383018,Drama
0.0468348562717437,0.486711323261261,0.0103861475363373,0.0286684930324554,0.2301836013793945,0.1910308748483657,0.0061846394091844,Drama
0.1276654005050659,0.1620179116725921,0.0028554548043757,0.0884093567728996,0.559282124042511,0.0550354905426502,0.0047343135811388,Drama
0.0040337312966585,0.0365785062313079,0.0112085966393351,0.0011957120150327,0.0126141412183642,0.930805504322052,0.0035637924447655,Drama
0.0092761879786849,0.0650473535060882,0.5673823356628418,0.003570984583348,0.1023660153150558,0.2469999194145202,0.0053572920151054,Drama
0.0607760623097419,0.0636133775115013,0.0116827050223946,0.0236170850694179,0.7394172549247742,0.0784401521086692,0.0224533509463071,Drama
0.0206030383706092,0.1292388588190078,0.0049934228882193,0.2864178419113159,0.3658997118473053,0.1318476796150207,0.0609994977712631,Drama
0.0028523921500891,0.006184761878103,0.0002916528319474,0.942977786064148,0.0327344499528408,0.0120763089507818,0.002882698085159,Drama
