anger,disgust,fear,joy,neutral,sadness,surprise,genre
0.0161221791058778,0.0703152790665626,0.1070472300052642,0.0083613209426403,0.7696370482444763,0.0172762405127286,0.0112407905980944,Comedy
0.0207865722477436,0.0200889091938734,0.015292340889573,0.0030799070373177,0.7007700800895691,0.1172278225421905,0.1227544620633125,Comedy
0.0199626199901103,0.0093909772112965,0.0153411282226443,0.0048311478458344,0.7534091472625732,0.0065798228606581,0.190485194325447,Comedy
0.1353391855955124,0.10932307690382,0.628123939037323,0.0019772017840296,0.1035365611314773,0.0172654092311859,0.0044344924390316,Comedy
0.0288482476025819,0.0638824626803398,0.0288560949265956,0.0024406402371823,0.1533113718032837,0.0049174446612596,0.7177437543869019,Comedy
0.0101210540160536,0.1211279481649398,0.0064253932796418,0.0157517623156309,0.6213520169258118,0.0039746356196701,0.2212471663951873,Comedy
0.0533315502107143,0.5891757011413574,0.0165340639650821,0.0026183989830315,0.1781420260667801,0.0375357680022716,0.1226625069975853,Comedy
0.4524744749069214,0.0245172288268804,0.2107215076684951,0.0063027241267263,0.0528388284146785,0.1044462770223617,0.1486989259719848,Comedy
0.1051071137189865,0.2117691040039062,0.0819902047514915,0.0096793537959456,0.511039137840271,0.0055715753696858,0.0748434960842132,Comedy
0.0062016299925744,0.0153417903929948,0.003245644737035,0.136211410164833,0.810917317867279,0.0061130099929869,0.0219691339880228,Comedy
0.1040027290582656,0.5479056239128113,0.0744566991925239,0.001684766029939,0.250343918800354,0.0141603033989667,0.0074459607712924,Comedy
0.0923894345760345,0.0094178020954132,0.3243795335292816,0.0029868595302104,0.0428861193358898,0.1045246943831443,0.4234155416488647,Comedy
