anger,disgust,fear,joy,neutral,sadness,surprise,genre
0.0378391072154045,0.060454748570919,0.0021897903643548,0.1974261403083801,0.0628978163003921,0.6336438655853271,0.0055485507473349,Romance_Film
0.0088928267359733,0.1051214858889579,0.0038770749233663,0.7466305494308472,0.0572924651205539,0.0756245926022529,0.0025609654840081,Romance_Film
0.8844387531280518,0.083377793431282,0.0066559794358909,0.0008720027399249,0.0182639975100755,0.0053955586627125,0.0009958393638953,Romance_Film
0.1934096962213516,0.3456063270568847,0.0079883448779582,0.0020832989830523,0.0548227466642856,0.3926260471343994,0.0034635479096323,Romance_Film
0.0023998755495995,0.0044821086339652,0.0084274057298898,0.0080753825604915,0.0950165092945098,0.8516128659248352,0.0299859158694744,Romance_Film
0.0395707376301288,0.0322661511600017,0.0057407934218645,0.0038457449991256,0.0695086121559143,0.8430399894714355,0.0060279611498117,Romance_Film
0.0336601547896862,0.1365762650966644,0.0050618443638086,0.3446237742900848,0.4208228886127472,0.0482769235968589,0.0109781716018915,Romance_Film
0.0020490253809839,0.0087881535291671,0.0055270711891353,0.0013324376195669,0.0126942247152328,0.9644390344619752,0.0051699262112379,Romance_Film
0.1789789199829101,0.1563083529472351,0.6037139892578125,0.0035927186254411,0.0323593020439147,0.0213062725961208,0.0037404210306704,Romance_Film
0.090994082391262,0.5862259268760681,0.0389660187065601,0.0062095136381685,0.252194881439209,0.011942584067583,0.0134669635444879,Romance_Film
0.004328473471105,0.0201301928609609,0.3716453611850738,0.0722907334566116,0.0478296242654323,0.0076162139885127,0.4761593639850616,Romance_Film
0.8122994303703308,0.1313910335302353,0.0225133430212736,0.0005722293863072,0.0128601798787713,0.0119031621143221,0.00846060924232,Romance_Film
0.2428906559944152,0.4716118574142456,0.005465889815241,0.0023035984486341,0.2492316365242004,0.0257780011743307,0.0027183797210454,Romance_Film
0.0054542636498808,0.0179152432829141,0.0737310796976089,0.0079617109149694,0.8378448486328125,0.0207402668893337,0.0363526120781898,Romance_Film
0.1058077365159988,0.2934438586235046,0.0103909270837903,0.0053170854225754,0.5640112161636353,0.0183051954954862,0.0027240682393312,Romance_Film
0.0153245972469449,0.0297382920980453,0.0706053972244262,0.0042728846892714,0.8319140672683716,0.0311773102730512,0.01696746237576,Romance_Film
0.0008036253275349,0.0016704007284715,0.0011081951670348,0.001691048615612,0.0077915894798934,0.9799418449401855,0.0069932835176587,Romance_Film
0.0128599600866436,0.6083691716194153,0.0278395917266607,0.0024070600047707,0.0917830392718315,0.2392807155847549,0.0174604579806327,Romance_Film
0.0116305453702807,0.0038244351744651,0.90388423204422,0.0014931785408407,0.0348258875310421,0.0075135393999516,0.0368281602859497,Romance_Film
0.0229058545082807,0.1511061489582061,0.2147488445043563,0.0036280264612287,0.5594211220741272,0.029928607866168,0.0182613860815763,Romance_Film
0.0218576341867446,0.0136138014495372,0.0040600067004561,0.0073275878094136,0.9272056221961976,0.0201480537652969,0.0057872999459505,Romance_Film
0.0067413970828056,0.0233230274170637,0.0365670844912529,0.0030288691632449,0.1213228777050972,0.7966362833976746,0.0123805282637476,Romance_Film
0.2957027554512024,0.2817886173725128,0.0073452349752187,0.0029846662655472,0.3853585422039032,0.0157155767083168,0.011104661040008,Romance_Film
0.7072879076004028,0.2160724401473999,0.0036565475165843,0.001477193669416,0.0530364513397216,0.0164071656763553,0.0020622350275516,Romance_Film
0.0421022251248359,0.2759041488170624,0.0680872648954391,0.0026625217869877,0.4379777610301971,0.155542567372322,0.0177234057337045,Romance_Film
0.0638944283127784,0.0624968335032463,0.0276902467012405,0.0798468142747879,0.6779813766479492,0.0417698174715042,0.046320479363203,Romance_Film
0.0052097290754318,0.0064221592620015,0.0020549490582197,0.8039491772651672,0.1037583574652671,0.0320770666003227,0.0465285591781139,Romance_Film
0.5065279603004456,0.4217204749584198,0.0038107906002551,0.0019055214943364,0.0504155382513999,0.01375622022897,0.0018634608713909,Romance_Film
0.3883515298366546,0.143844872713089,0.0121196815744042,0.0046152109280228,0.079582542181015,0.3692810535430908,0.0022051047999411,Romance_Film
0.0377736575901508,0.0482500456273555,0.0178377162665128,0.0027616512961685,0.2221158742904663,0.662443995475769,0.0088170496746897,Romance_Film
0.0046933838166296,0.0086255371570587,0.0980853512883186,0.0044929427094757,0.022906033322215,0.8564352989196777,0.0047614821232855,Romance_Film
0.0044954740442335,0.0106344101950526,0.0029622630681842,0.0139828212559223,0.9291523098945618,0.0320117138326168,0.0067610894329845,Romance_Film
0.785669207572937,0.1130458042025566,0.0109614999964833,0.0011990865459665,0.0123372385278344,0.0750856325030326,0.0017014775658026,Romance_Film
0.0821617096662521,0.3848173916339874,0.1958779245615005,0.0023152292706072,0.0831226706504821,0.1928972005844116,0.0588078014552593,Romance_Film
0.6628900766372681,0.0324384868144989,0.1699025630950927,0.0037993129808455,0.1054199934005737,0.0154157811775803,0.0101337376981973,Romance_Film
0.0638060867786407,0.0166525151580572,0.8388100266456604,0.0013444420183077,0.0078366035595536,0.0579957738518714,0.0135545209050178,Romance_Film
0.8081498742103577,0.0517644733190536,0.0758938416838646,0.0008461018442176,0.0071364417672157,0.0507518760859966,0.0054573789238929,Romance_Film
0.0028042627964168,0.0040828580968081,0.0003811531933024,0.9698309302330016,0.0179517269134521,0.0033536506816744,0.0015955015551298,Romance_Film
0.0058375257067382,0.0155030069872736,0.0020690504461526,0.597174346446991,0.3520446717739105,0.0080969920381903,0.01927450299263,Romance_Film
