anger,disgust,fear,joy,neutral,sadness,surprise,genre
0.0195827633142471,0.1170061379671096,0.0023368538822978,0.0170679129660129,0.8261947631835938,0.0133953811600804,0.0044163162820041,Drama
0.0987263470888137,0.747123122215271,0.0304837469011545,0.0027991330716758,0.1027864068746566,0.0140650616958737,0.0040161609649658,Drama
0.0419533252716064,0.5714871883392334,0.0177793744951486,0.0058130109682679,0.3433588743209839,0.0143118165433406,0.0052964370697736,Drama
0.1253356039524078,0.0641674324870109,0.0081171914935112,0.0040409453213214,0.7797678112983704,0.0118058659136295,0.0067651979625225,Drama
0.1363092809915542,0.1209458708763122,0.0157229453325271,0.0027667642571032,0.6785399913787842,0.0272789653390645,0.0184361282736063,Drama
0.650924563407898,0.0661442950367927,0.0122032631188631,0.0038376867305487,0.2255438268184662,0.0372300297021865,0.0041163279674947,Drama
0.458771675825119,0.2359186708927154,0.018360499292612,0.0111143039539456,0.2399795651435852,0.0304550658911466,0.0054003335535526,Drama
0.1206478402018547,0.0392658896744251,0.0066133760847151,0.5039157271385193,0.1605921536684036,0.096650019288063,0.0723149627447128,Drama
0.0195593982934951,0.0135285155847668,0.0169142857193946,0.168083906173706,0.5822897553443909,0.1345139443874359,0.0651101469993591,Drama
0.1401094943284988,0.1994058638811111,0.0204682238399982,0.0052646892145276,0.1638219505548477,0.4637595117092132,0.0071703195571899,Drama
0.5996556282043457,0.0749536976218223,0.0255497992038726,0.0016269538318738,0.0393989570438861,0.2483830153942108,0.010431945323944,Drama
0.1223017200827598,0.0899917408823967,0.0085662826895713,0.0370115004479885,0.7267130017280579,0.0088220126926898,0.006593829486519,Drama
0.1174975335597992,0.589243471622467,0.052655205130577,0.0016342331655323,0.1904135793447494,0.0210478156805038,0.0275081861764192,Drama
0.1136507615447044,0.028915723785758,0.0090168761089444,0.0208182502537965,0.7390227913856506,0.012179609388113,0.0763959214091301,Drama
0.1213616505265235,0.0399518832564353,0.0063510271720588,0.0082045681774616,0.8048275113105774,0.0134336138144135,0.0058697224594652,Drama
0.249457910656929,0.0359912887215614,0.6111511588096619,0.0023650517687201,0.0313968360424041,0.0653534308075904,0.004284344613552,Drama
