anger,disgust,fear,joy,neutral,sadness,surprise,genre
0.0087548112496733,0.061342179775238,0.0231184549629688,0.0799114778637886,0.8103582262992859,0.0096091320738196,0.0069057242944836,Bollywood
0.0297889690846204,0.0164790973067283,0.0089615881443023,0.1067342981696128,0.7973285913467407,0.0273526180535554,0.0133548416197299,Bollywood
0.0067403218708932,0.0062876124866306,0.00664052227512,0.748216450214386,0.1315909475088119,0.0443367660045623,0.0561874322593212,Bollywood
0.069648377597332,0.1521060019731521,0.0102421296760439,0.0026748429518193,0.0549749955534935,0.7070497870445251,0.0033038018736988,Bollywood
0.0199579391628503,0.1013752147555351,0.0014254559064283,0.4145141243934631,0.4454365372657776,0.0125038819387555,0.0047868643887341,Bollywood
0.0965406075119972,0.645577609539032,0.0014924206770956,0.0113520100712776,0.2332616597414016,0.0082412855699658,0.0035344348289072,Bollywood
0.0057341703213751,0.0013895061565563,0.0017600376158952,0.8392670750617981,0.0443107672035694,0.0243564061820507,0.0831820294260978,Bollywood
0.038382850587368,0.2794154286384582,0.0029086915310472,0.0183031670749187,0.620246946811676,0.0066099660471081,0.0341330245137214,Bollywood
0.0473537743091583,0.122112825512886,0.0150753874331712,0.5757800340652466,0.1624395251274109,0.0507441274821758,0.0264943446964025,Bollywood
0.0831900984048843,0.2268745452165603,0.0049810735508799,0.0091739520430564,0.6497412919998169,0.0100620659068226,0.0159770268946886,Bollywood
0.1076219975948333,0.6791788339614868,0.0546240992844104,0.0080419378355145,0.089639127254486,0.0563137866556644,0.0045802746899425,Bollywood
0.0042918254621326,0.0337979160249233,0.0022371329832822,0.0125812171027064,0.0805803835391998,0.8630352020263672,0.0034762558061629,Bollywood
0.6418192386627197,0.0318635515868663,0.121361032128334,0.0017390002030879,0.0280320476740598,0.1694336831569671,0.0057514696381986,Bollywood
0.0360994115471839,0.0119755752384662,0.032332818955183,0.4903544187545776,0.2273450195789337,0.1749321073293686,0.0269606672227382,Bollywood
0.4489325881004333,0.3662693500518799,0.0032676754053682,0.0072280992753803,0.0626619383692741,0.1098754107952117,0.0017648292705416,Bollywood
0.5906884074211121,0.3711832463741302,0.0090638352558016,0.0018183873035013,0.0174763854593038,0.0077255857177078,0.0020441433880478,Bollywood
0.0203890316188335,0.0346942655742168,0.0038540386594831,0.0039779134094715,0.8834826946258545,0.0166682600975036,0.036933783441782,Bollywood
