anger,disgust,fear,joy,neutral,sadness,surprise,genre
0.685829222202301,0.1425831317901611,0.0085882814601063,0.0538072101771831,0.0401629768311977,0.0373358391225338,0.0316933952271938,Slapstick
0.0291199814528226,0.0086280945688486,0.0095468740910291,0.1396411657333374,0.6671307682991028,0.0860585719347,0.0598745606839656,Slapstick
0.513939619064331,0.1578094065189361,0.0070044510066509,0.002015849109739,0.1095494106411933,0.1996658444404602,0.0100153982639312,Slapstick
0.0025586320552974,0.0019514870364218,0.0025108123663812,0.0037458867300301,0.0104198036715388,0.973867118358612,0.0049462779425084,Slapstick
0.0072691291570663,0.0056046526879072,0.0056819184683263,0.7008609771728516,0.2538344264030456,0.0047105122357606,0.0220383983105421,Slapstick
0.3682070076465606,0.3933380842208862,0.0069080335088074,0.002189646475017,0.1014314815402031,0.1244706884026527,0.0034551366697996,Slapstick
0.0787857696413993,0.0250038020312786,0.0063246074132621,0.0026946596335619,0.0507940538227558,0.8285675048828125,0.0078296028077602,Slapstick
0.0276878979057073,0.0418214611709117,0.0257566180080175,0.0065511176362633,0.5720927715301514,0.2994535565376282,0.0266365054994821,Slapstick
0.1113015711307525,0.2919441759586334,0.0121162319555878,0.0029282551258802,0.5587964653968811,0.01700652949512,0.0059067485854029,Slapstick
0.4735969603061676,0.2392873167991638,0.0083798076957464,0.0038833483122289,0.2150011211633682,0.0568643249571323,0.0029871605802327,Slapstick
0.0641804262995719,0.0434489995241165,0.0110105257481336,0.0112350117415189,0.579372763633728,0.273017942905426,0.0177342798560857,Slapstick
0.0100796157494187,0.0173491574823856,0.0123727321624755,0.0028596736956387,0.0555682070553302,0.8960850834846497,0.005685540381819,Slapstick
0.0084895733743906,0.0098507860675454,0.0162817910313606,0.0902149602770805,0.8579272627830505,0.007794467266649,0.0094410851597785,Slapstick
0.0150172114372253,0.156051754951477,0.0428886525332927,0.0035476903431117,0.2897402048110962,0.392951488494873,0.0998029932379722,Slapstick
0.0477687679231166,0.0281613618135452,0.0257766172289848,0.0057290168479084,0.1779266893863678,0.7119070291519165,0.0027305062394589,Slapstick
0.0100153656676411,0.0058314795605838,0.0048399167135357,0.2959830164909363,0.6236948370933533,0.03141950070858,0.0282159019261598,Slapstick
0.0242542810738086,0.0156276505440473,0.003706076182425,0.4553273022174835,0.3898061513900757,0.0621435903012752,0.0491350181400775,Slapstick
0.0428601466119289,0.1613478660583496,0.0027691875584423,0.0288542341440916,0.7288163900375366,0.0285255741328001,0.0068265376612544,Slapstick
0.0166833512485027,0.0097903795540332,0.0010350840166211,0.0208271481096744,0.8545611500740051,0.0045916424132883,0.0925112888216972,Slapstick
