anger,disgust,fear,joy,neutral,sadness,surprise,genre
0.0061615956947207,0.0613304898142814,0.0026125379372388,0.416890025138855,0.4091313779354095,0.0959378778934478,0.0079360250383615,Fantasy
0.0008192054228857,0.006343025714159,0.0015360791003331,0.0057278480380773,0.0188778527081012,0.9595900774002076,0.0071059525944292,Fantasy
0.0013096467591822,0.0066925813443958,0.0011559010017663,0.0053365644998848,0.0223346389830112,0.9602959752082824,0.0028746717143803,Fantasy
0.4630782604217529,0.4088354408740997,0.0066131465137004,0.0032505863346159,0.0495470948517322,0.0633245557546615,0.0053509757854044,Fantasy
0.0288326274603605,0.023693399503827,0.0927000865340232,0.0209691133350133,0.7430064082145691,0.0654106140136718,0.0253876950591802,Fantasy
0.0766801908612251,0.0380230285227298,0.0356909334659576,0.0058175348676741,0.3888333141803741,0.4412076473236084,0.0137473652139306,Fantasy
0.166380226612091,0.0906388536095619,0.1040254086256027,0.001913892570883,0.0312528982758522,0.5792880654335022,0.0265006236732006,Fantasy
0.0050149825401604,0.0224688667804002,0.003534029237926,0.0087453350424766,0.901914358139038,0.011167349293828,0.0471551194787025,Fantasy
0.1264655590057373,0.5829972624778748,0.0358238443732261,0.0041024354286491,0.2239649444818496,0.018535491079092,0.0081104030832648,Fantasy
0.0462136752903461,0.0216127019375562,0.2556181848049164,0.0076703708618879,0.2179495841264724,0.1259138286113739,0.3250215947628021,Fantasy
0.17887744307518,0.674925684928894,0.0105544254183769,0.0008693977142684,0.0478591211140155,0.0840232521295547,0.0028906527440994,Fantasy
0.0272316820919513,0.1513609588146209,0.0069213923998177,0.0052503640763461,0.7775543928146362,0.0252715684473514,0.0064097326248884,Fantasy
0.0013271307107061,0.0037437656428664,0.0016493303701281,0.0108252614736557,0.0904775410890579,0.879410982131958,0.01256606541574,Fantasy
0.1060865968465805,0.1225748211145401,0.0076542627066373,0.0041213082149624,0.2892426550388336,0.4592353999614715,0.0110848844051361,Fantasy
0.0549995116889476,0.0296204164624214,0.0080769956111907,0.0085157742723822,0.8216679096221924,0.0529762469232082,0.0241431891918182,Fantasy
0.0844574123620987,0.0536710247397422,0.0389355979859828,0.0057378960773348,0.1882578879594802,0.6254838705062866,0.0034563140943646,Fantasy
0.0172742791473865,0.1211510002613067,0.0139471562579274,0.0052822483703494,0.8097057342529297,0.0232795942574739,0.0093599371612071,Fantasy
0.0024407019373029,0.0014796358300372,0.0005041561089456,0.9179850816726683,0.053583413362503,0.0107014961540699,0.0133055197075009,Fantasy
