anger,disgust,fear,joy,neutral,sadness,surprise,genre
0.0307359620928764,0.0193318743258714,0.1449373364448547,0.0050227474421262,0.2238106876611709,0.0327558517456054,0.5434055328369141,World_cinema
0.0541273169219493,0.7925379276275635,0.0419677123427391,0.0008185770129784,0.0816601365804672,0.0125625496730208,0.0163257885724306,World_cinema
0.3719730675220489,0.566169261932373,0.0328061953186988,0.0016626003198325,0.016835069283843,0.0023715586867183,0.0081821698695421,World_cinema
0.0051534320227801,0.0080149415880441,0.9441050887107848,0.0012079791631549,0.0350159257650375,0.0035534068010747,0.0029493055772036,World_cinema
0.0118411630392074,0.0146247437223792,0.029041402041912,0.0030058047268539,0.0090850060805678,0.9301534295082092,0.0022485081572085,World_cinema
0.0440347641706466,0.0585960745811462,0.0155520159751176,0.0367715135216712,0.8287087082862854,0.0099836867302656,0.0063532264903187,World_cinema
0.5973608493804932,0.2881672978401184,0.0081095295026898,0.0030318654607981,0.0643173158168792,0.0380959548056125,0.0009172172285616,World_cinema
0.0256812795996665,0.0378117188811302,0.00797282718122,0.0023538810200989,0.8895111680030823,0.0265964474529027,0.0100726345553994,World_cinema
0.1504087895154953,0.1478733718395233,0.185754656791687,0.0066928551532328,0.4870307445526123,0.0145528344437479,0.0076867514289915,World_cinema
0.0431037209928035,0.8982593417167664,0.0121101643890142,0.0008923397399485,0.0338445603847503,0.0105324769392609,0.0012574259890243,World_cinema
0.977137804031372,0.0105337528511881,0.0053715575486421,0.0003393588413018,0.0028820906300097,0.0031476374715566,0.0005879186792299,World_cinema
0.2032271325588226,0.0417967438697814,0.515588641166687,0.0071249548345804,0.2145246714353561,0.0140647133812308,0.0036730868741869,World_cinema
0.6584270596504211,0.1728760153055191,0.0933857634663581,0.0015415683155879,0.0540960244834423,0.0158422440290451,0.0038312773685902,World_cinema
0.0128025608137249,0.0322514027357101,0.0045008235611021,0.0058085890486836,0.0081690577790141,0.9356738328933716,0.0007937079644761,World_cinema
0.025643503293395,0.020420454442501,0.0308427140116691,0.0028811143711209,0.8558518290519714,0.0156780555844306,0.0486822314560413,World_cinema
0.0219955723732709,0.0361355654895305,0.0073194657452404,0.0214724875986576,0.86445552110672,0.0461433194577693,0.0024780672974884,World_cinema
0.01666578091681,0.0089451102539896,0.0487423092126846,0.0053353537805378,0.8687291741371155,0.0058261784724891,0.0457560457289218,World_cinema
