anger,disgust,fear,joy,neutral,sadness,surprise,genre
0.0071822097525,0.0109692467376589,0.0010995918419212,0.0105647128075361,0.953744888305664,0.0103190662339329,0.0061202701181173,Family_Film
0.0120939053595066,0.1019774079322815,0.015981400385499,0.0041741975583136,0.7488144636154175,0.0751537084579467,0.0418049246072769,Family_Film
0.0686007663607597,0.2709174454212188,0.0177527740597724,0.1629984080791473,0.2419676780700683,0.0421740189194679,0.1955888420343399,Family_Film
0.0019914396107196,0.0067626819945871,0.00385527103208,0.0073332688771188,0.046569600701332,0.9221725463867188,0.0113151269033551,Family_Film
0.7071751356124878,0.0604109279811382,0.0324723161756992,0.0018546301871538,0.1023752614855766,0.0886916294693946,0.0070201647467911,Family_Film
0.0086888708174228,0.036835853010416,0.0046903556212782,0.0049520446918904,0.7816908955574036,0.1258627474308014,0.0372792072594165,Family_Film
0.8135645389556885,0.115972600877285,0.0027168579399585,0.0011498591629788,0.0427490919828414,0.0164996460080146,0.0073473430238664,Family_Film
0.0389293730258941,0.0496820323169231,0.0084466356784105,0.0059872199781239,0.7724459171295166,0.062129259109497,0.0623796358704566,Family_Film
0.0182163901627063,0.0272751376032829,0.0053398995660245,0.0021766936406493,0.0179182086139917,0.0080490177497267,0.9210246801376344,Family_Film
0.0602641738951206,0.0116383647546172,0.1972775310277938,0.0133017469197511,0.2049722969532013,0.1648464649915695,0.3476994335651397,Family_Film
0.0054124752059578,0.0052378722466528,0.0036384747363626,0.0076711107976734,0.8707969188690186,0.0436269231140613,0.0636161565780639,Family_Film
0.0041768313385546,0.0140822883695364,0.0072741317562758,0.2320801019668579,0.2709574401378631,0.0047032688744366,0.4667259752750397,Family_Film
0.0270345415920019,0.0540706180036067,0.0049247862771153,0.256168007850647,0.6079388856887817,0.0077181705273687,0.0421449542045593,Family_Film
0.0034075430594384,0.0008435081690549,0.0006518930313177,0.0518267452716827,0.0204166937619447,0.0038169336039572,0.919036626815796,Family_Film
0.0239414293318986,0.0134772174060344,0.0015424152370542,0.6203722357749939,0.3287883400917053,0.0045122080482542,0.0073662237264215,Family_Film
0.0222670808434486,0.0123910391703248,0.0088148182258009,0.0097194071859121,0.8396683931350708,0.0154436537995934,0.0916956216096878,Family_Film
0.0301455799490213,0.0114633068442344,0.0317040085792541,0.0389233902096748,0.383561909198761,0.0219467021524906,0.4822551310062408,Family_Film
0.0310624241828918,0.0126946251839399,0.0160417854785919,0.207733929157257,0.4087603986263275,0.0693909153342247,0.2543159127235412,Family_Film
0.0247504152357578,0.0110379559919238,0.6756924390792847,0.0161909479647874,0.1768348664045334,0.026432367041707,0.0690610259771347,Family_Film
0.0024339822120964,0.0018018411938101,0.00039793580072,0.9587455987930298,0.0046748723834753,0.0265898257493972,0.005356048233807,Family_Film
0.0152975488454103,0.0118205333128571,0.071962833404541,0.0106579177081584,0.8271954655647278,0.0213406234979629,0.0417251102626323,Family_Film
0.0182996932417154,0.0147064831107854,0.0096001336351037,0.0228441730141639,0.813348114490509,0.0539194978773593,0.0672818943858146,Family_Film
0.0322084426879882,0.0581351742148399,0.0142351724207401,0.0061071184463799,0.631141722202301,0.0578535795211792,0.2003188580274582,Family_Film
0.0200509168207645,0.0167534481734037,0.0083068301901221,0.0666411966085434,0.6535869240760803,0.011984147131443,0.2226765006780624,Family_Film
0.0042573073878884,0.0030710734426975,0.004806341137737,0.0970204845070838,0.3655314147472381,0.4533758163452148,0.0719375535845756,Family_Film
0.1331774294376373,0.777702271938324,0.0018994415877386,0.0055958339944481,0.0730347111821174,0.0073130065575242,0.0012772512855008,Family_Film
0.0366419814527034,0.0202261395752429,0.0747511088848114,0.0968843623995781,0.5610954761505127,0.0618238151073455,0.1485771685838699,Family_Film
0.0169123299419879,0.0318358354270458,0.0023941057734191,0.2907660603523254,0.5926626920700073,0.0398562364280223,0.0255727637559175,Family_Film
0.0055697252973914,0.0320952050387859,0.0175445321947336,0.0068332678638398,0.9115748405456544,0.0042336992919445,0.0221487693488597,Family_Film
0.0117508936673402,0.2116304039955139,0.0067391330376267,0.0130843250080943,0.3896779119968414,0.1808758229017257,0.18624147772789,Family_Film
0.1616667509078979,0.385730892419815,0.046425599604845,0.0049818963743746,0.2352283149957656,0.0775088965892791,0.0884576439857482,Family_Film
0.0569028407335281,0.8861302733421326,0.0174754969775676,0.0020145028829574,0.0280455462634563,0.0082107447087764,0.0012205950915813,Family_Film
0.0586573854088783,0.074473425745964,0.0462116114795208,0.0036198776215314,0.7122434377670288,0.0847126841545105,0.0200815591961145,Family_Film
0.0473419688642025,0.0341610088944435,0.0125024020671844,0.017537010833621,0.6683690547943115,0.030769133940339,0.1893193870782852,Family_Film
0.0157466568052768,0.0036394950002431,0.0025573803577572,0.8023273944854736,0.0763671472668647,0.0065468531101942,0.0928150713443756,Family_Film
0.042408749461174,0.0939642414450645,0.0038140367250889,0.0031844484619796,0.2015064805746078,0.6284707188606262,0.0266513302922248,Family_Film
0.0070886272005736,0.0180100779980421,0.002772252773866,0.0024764637928456,0.9404703378677368,0.0129651362076401,0.0162171181291341,Family_Film
0.125108540058136,0.05492440238595,0.0829280987381935,0.0053080897778272,0.596504807472229,0.126708984375,0.00851711910218,Family_Film
0.0473238341510295,0.0101402895525097,0.0045394166372716,0.1531397402286529,0.4980161488056183,0.2087216675281524,0.0781188830733299,Family_Film
0.0195023417472839,0.0529545880854129,0.0188088901340961,0.0171286948025226,0.7983733415603638,0.0886903405189514,0.0045417333021759,Family_Film
0.2312003821134567,0.0708051919937133,0.0512508042156696,0.0030336254276335,0.1780703514814376,0.3585999310016632,0.1070397570729255,Family_Film
0.0025071778800338,0.006452907808125,0.0010788694489747,0.8809004426002502,0.0687906742095947,0.0112872617319226,0.0289826374500989,Family_Film
0.0078015616163611,0.0038602063432335,0.0044241365976631,0.0012505528284236,0.1013250574469566,0.0042396979406476,0.877098798751831,Family_Film
0.0157299749553203,0.0084778107702732,0.0018384795403108,0.126070886850357,0.8021966218948364,0.0094939060509204,0.0361923165619373,Family_Film
0.0180352590978145,0.0829727724194526,0.0072851860895752,0.0027208046521991,0.8355554342269897,0.0228601600974798,0.0305703226476907,Family_Film
0.0089851645752787,0.0035220019053667,0.0048296265304088,0.0013237952953204,0.0954670086503028,0.0032713699620217,0.8826010227203369,Family_Film
0.0158374495804309,0.0247901771217584,0.0038483426906168,0.0031827529892325,0.9354636073112488,0.0044565326534211,0.01242121681571,Family_Film
0.1746252924203872,0.7542780041694641,0.0050713992677628,0.0007355403504334,0.0368841812014579,0.020146096125245,0.0082595329731702,Family_Film
0.0134965199977159,0.0062103383243083,0.01145248580724,0.0718441754579544,0.8622974157333374,0.0120913684368133,0.02260765992105,Family_Film
0.0355757176876068,0.0296102371066808,0.0166278202086687,0.0091203851625323,0.8252463936805725,0.0079023335129022,0.0759171918034553,Family_Film
0.123394638299942,0.2007905840873718,0.0071992338635027,0.0056371185928583,0.5886043310165405,0.064124472439289,0.0102496240288019,Family_Film
0.1220193281769752,0.0692144334316253,0.0061426726169884,0.0045017232187092,0.2994110584259033,0.1966407746076584,0.3020700514316559,Family_Film
0.0130702648311853,0.1833066493272781,0.0268721655011177,0.0017329155234619,0.6847803592681885,0.0289458520710468,0.0612917505204677,Family_Film
0.0150259910151362,0.0055835465900599,0.0025995599571615,0.0032338660676032,0.214791789650917,0.0028158666100353,0.7559493780136108,Family_Film
0.0026224674656987,0.0067137884907424,0.0027706820983439,0.0696641281247139,0.8268207907676697,0.0558522418141365,0.035555861890316,Family_Film
0.0550620146095752,0.28868168592453,0.035999808460474,0.0132080381736159,0.5794569253921509,0.0080275768414139,0.0195638537406921,Family_Film
0.2045908272266388,0.1162668317556381,0.0108630321919918,0.0029579682741314,0.6313339471817017,0.0280026160180568,0.0059847957454621,Family_Film
0.0058794771321117,0.00994139816612,0.0016028163954615,0.0423749573528766,0.8826317191123962,0.0028897726442664,0.0546797402203083,Family_Film
0.0058962339535355,0.4078037142753601,0.0240952931344509,0.003439764259383,0.2031981498003006,0.3345485627651214,0.0210182983428239,Family_Film
0.0638794675469398,0.2357379347085952,0.0698673725128173,0.0106739206239581,0.5443443655967712,0.0450851619243621,0.0304117780178785,Family_Film
0.017487796023488,0.0068228766322135,0.0371506288647651,0.0057691577821969,0.8189249038696289,0.0718790590763092,0.0419655740261077,Family_Film
0.0867015644907951,0.4712756872177124,0.0029303713236004,0.0335416719317436,0.3810065388679504,0.0206364057958126,0.003907645586878,Family_Film
0.0631172060966491,0.0723380595445633,0.1148643344640731,0.0159479212015867,0.5931313633918762,0.0476045198738575,0.0929966121912002,Family_Film
0.0836741477251052,0.1335939615964889,0.0309851486235857,0.0017732018604874,0.6605848073959351,0.0198072362691164,0.0695814862847328,Family_Film
0.0116583323106169,0.0925575345754623,0.0021782563999295,0.0640757083892822,0.807604968547821,0.0188845302909612,0.0030405877623707,Family_Film
0.0228919703513383,0.092223547399044,0.0030102508608251,0.0163970701396465,0.8073439002037048,0.0104454141110181,0.0476878769695758,Family_Film
0.083311878144741,0.018218670040369,0.0202519427984952,0.0211583897471427,0.8143768310546875,0.0307413600385189,0.01194086112082,Family_Film
0.0548939928412437,0.0067444271408021,0.0186946410685777,0.0134483454748988,0.3414310812950134,0.0211762282997369,0.5436112880706787,Family_Film
0.2879079282283783,0.317726194858551,0.2384380549192428,0.0039585083723068,0.0914188995957374,0.0485852621495723,0.0119652096182107,Family_Film
0.0027307665441185,0.0022934603039175,0.9632629156112672,0.0023534493520855,0.0206109713762998,0.0054734605364501,0.0032749371603131,Family_Film
0.0129690868780016,0.0268274750560522,0.0012754346244037,0.0216666981577873,0.9106298089027404,0.0111161125823855,0.0155154382809996,Family_Film
0.0214541293680667,0.1070744469761848,0.114968866109848,0.0032220166176557,0.5897988080978394,0.009255239740014,0.1542264968156814,Family_Film
0.0090107573196291,0.0089426897466182,0.0046748756431043,0.0033493360970169,0.939297616481781,0.0118953678756952,0.0228293947875499,Family_Film
0.0082599492743611,0.004839027300477,0.0029231801163405,0.017910087481141,0.7907398343086243,0.0254005119204521,0.149927407503128,Family_Film
0.0092123094946146,0.0042866193689405,0.007881261408329,0.0059823938645422,0.1335111707448959,0.0048734648153185,0.8342527151107788,Family_Film
0.0142790637910366,0.0028060115873813,0.0338023863732814,0.0215040557086467,0.2414694428443908,0.2147431522607803,0.4713959097862243,Family_Film
0.0347971655428409,0.0473081432282924,0.0064380750991404,0.0089845061302185,0.5209566950798035,0.0117967501282691,0.3697186112403869,Family_Film
0.068337582051754,0.8993015885353088,0.00359503692016,0.0006371920462697,0.0102313291281461,0.0031047568190842,0.0147925075143575,Family_Film
0.0563146583735942,0.1179694160819053,0.0333236157894134,0.0037561461795121,0.1399166882038116,0.0121079105883836,0.6366115808486938,Family_Film
0.0502744615077972,0.1273217350244522,0.0016123187961056,0.3872055113315582,0.4061498939990997,0.0190027989447116,0.0084332646802067,Family_Film
0.0163827277719974,0.0181786771863698,0.0037237335927784,0.2974289059638977,0.6162646412849426,0.0196694489568471,0.0283518750220537,Family_Film
0.1856283694505691,0.4367418885231018,0.0391119085252285,0.0018502658931538,0.1732931733131408,0.1514001488685608,0.0119742359966039,Family_Film
0.0915236249566078,0.576561689376831,0.0291912034153938,0.0070768208242952,0.278216153383255,0.0094377994537353,0.0079927137121558,Family_Film
0.0187799651175737,0.1484795957803726,0.0024362469557672,0.0039326716214418,0.7750740051269531,0.0106607479974627,0.0406367816030979,Family_Film
0.0981333926320076,0.3789990842342376,0.0037269822787493,0.0414613485336303,0.3034507632255554,0.1638401448726654,0.0103882635012269,Family_Film
0.0155440242961049,0.0080216061323881,0.0050564408302307,0.0104748252779245,0.8880108594894409,0.0048437598161399,0.0680484697222709,Family_Film
0.0088560469448566,0.013774249702692,0.0088340435177087,0.0012146647786721,0.924033522605896,0.0120689952746033,0.0312185268849134,Family_Film
0.010360425338149,0.008822962641716,0.0010690415510907,0.0061417859978973,0.9612130522727966,0.0043856231495738,0.0080070914700627,Family_Film
0.0361217446625232,0.0275681931525468,0.001563747646287,0.0080889789387583,0.9168305397033693,0.0032567281741648,0.0065700281411409,Family_Film
0.0558282509446144,0.1951395720243454,0.024122254922986,0.0037358496338129,0.6861241459846497,0.0086590657010674,0.026390865445137,Family_Film
0.0713716074824333,0.7171991467475891,0.0200736746191978,0.0049056224524974,0.1658915877342224,0.0156658869236707,0.0048923916183412,Family_Film
0.0722382590174675,0.036263108253479,0.0143450470641255,0.156418040394783,0.4741311371326446,0.0458284951746463,0.2007758468389511,Family_Film
0.0249135922640562,0.0071837962605059,0.0089023476466536,0.0090907085686922,0.7654655575752258,0.0069479611702263,0.1774959117174148,Family_Film
0.0595743395388126,0.0277207884937524,0.0211082715541124,0.0038269557990133,0.729057788848877,0.0181930363178253,0.1405188292264938,Family_Film
0.009738658554852,0.0102022318169474,0.0062727057375013,0.0033004984725266,0.3325514197349548,0.003965426236391,0.6339690089225769,Family_Film
0.0243251211941242,0.0207260176539421,0.0052910414524376,0.0035759962629526,0.8796619772911072,0.0182824842631816,0.0481372997164726,Family_Film
0.0218990370631217,0.003614499932155,0.0172823648899793,0.0170184765011072,0.1016130521893501,0.0097378930076956,0.8288347125053406,Family_Film
0.012252040207386,0.0044325753115117,0.0044082538224756,0.0046991668641567,0.7341189384460449,0.0138407396152615,0.2262483239173889,Family_Film
0.0062869051471352,0.0029032230377197,0.002825197763741,0.1080823168158531,0.6959112882614136,0.0345779061317443,0.1494131237268448,Family_Film
0.0162995774298906,0.0122383208945393,0.007045850623399,0.0048486511223018,0.5270942449569702,0.0113998241722583,0.4210735857486725,Family_Film
0.0052147191017866,0.004248667974025,0.0018164840294048,0.0174093544483184,0.9304208159446716,0.0145220486447215,0.0263678729534149,Family_Film
0.020405825227499,0.0204593129456043,0.0229595825076103,0.0322957374155521,0.847711443901062,0.0427171364426612,0.0134510230273008,Family_Film
0.0077856439165771,0.0128450766205787,0.0014185413019731,0.0165021289139986,0.9485408663749696,0.0066360305063426,0.0062717264518141,Family_Film
0.0043195048347115,0.0115847280248999,0.0049585630185902,0.0987432673573494,0.8061367273330688,0.0209002830088138,0.0533569753170013,Family_Film
0.0529414266347885,0.0324450209736824,0.0188287682831287,0.0544223338365554,0.5947995781898499,0.0122147481888532,0.2343480885028839,Family_Film
0.0052730729803442,0.0238409824669361,0.0135176312178373,0.0019692541100084,0.0469427891075611,0.8976184725761414,0.0108378669247031,Family_Film
0.0189347155392169,0.0275600887835025,0.0035437282640486,0.0077847936190664,0.8623862862586975,0.007913920097053,0.0718765780329704,Family_Film
0.0169079788029193,0.0107291778549551,0.0024868592154234,0.0346006788313388,0.7990654110908508,0.0239713117480278,0.1122386455535888,Family_Film
0.5126326680183411,0.0723349228501319,0.1555975526571273,0.0065419399179518,0.0964969098567962,0.0133719341829419,0.143024131655693,Family_Film
0.0108714550733566,0.0049389768391847,0.0034789005294442,0.0139190582558512,0.8807122707366943,0.014149872586131,0.0719294920563697,Family_Film
0.032128307968378,0.0088299233466386,0.0104294111952185,0.0018518510041758,0.0243963450193405,0.0115784248337149,0.9107857346534728,Family_Film
0.0867786929011344,0.1306734383106231,0.0108092464506626,0.0621090978384017,0.4994403421878814,0.0190589539706707,0.1911301910877227,Family_Film
0.0231205876916646,0.0173012949526309,0.0085077155381441,0.0080206478014588,0.771425724029541,0.0077395290136337,0.1638844907283783,Family_Film
0.0028615072369575,0.0041040866635739,0.0021938576828688,0.6822519898414612,0.2132037580013275,0.0124626634642481,0.0829221978783607,Family_Film
0.0060005201958119,0.009571804665029,0.0015723842661827,0.0092349182814359,0.9614924192428588,0.0039534652605652,0.0081745162606239,Family_Film
0.0034791205544024,0.0038588880561292,0.0003564292856026,0.9399729371070862,0.0289964005351066,0.0113639198243618,0.0119722662493586,Family_Film
0.513306200504303,0.2012432515621185,0.0037598859053105,0.0030483291484415,0.2369734793901443,0.0234505459666252,0.0182183738797903,Family_Film
0.1385811120271682,0.2955734729766845,0.0745909810066223,0.0033714764285832,0.4380452632904053,0.0390789955854415,0.0107587659731507,Family_Film
0.0039692753925919,0.0046308049932122,0.0004213270440232,0.956018567085266,0.0286466181278228,0.0017713571432977,0.0045420597307384,Family_Film
0.0535922683775424,0.0621482953429222,0.0018726283451542,0.2591677904129028,0.5942173004150391,0.011212003417313,0.0177897233515977,Family_Film
0.0062523642554879,0.0041912724263966,0.0021510620135813,0.0013856005389243,0.0067528430372476,0.0013331992086023,0.9779336452484132,Family_Film
0.0566669031977653,0.0111758559942245,0.0175096746534109,0.0012756979558616,0.0113466074690222,0.8810098171234131,0.0210153814405202,Family_Film
0.0197968836873769,0.0529092438519001,0.0087076555937528,0.0017830155557021,0.6833241581916809,0.0431759729981422,0.1903030425310135,Family_Film
0.005550077650696,0.0075283139012753,0.0037758904509246,0.0250389967113733,0.9343311190605164,0.0152119491249322,0.0085636116564273,Family_Film
0.0212378799915313,0.0152105623856186,0.0071356794796884,0.0331749729812145,0.914314329624176,0.0052064890041947,0.0037200953811407,Family_Film
0.0009674035245552,0.0010044336086139,0.0017936001531779,0.0007597936200909,0.0052512320689857,0.984531044960022,0.005692517850548,Family_Film
0.0452825650572776,0.0059143244288861,0.1382908970117569,0.0123009514063596,0.0879299640655517,0.6661103963851929,0.044170930981636,Family_Film
0.0278985407203435,0.0314910151064395,0.0041638859547674,0.0071976138278841,0.9086856842041016,0.0086856316775083,0.0118776597082614,Family_Film
0.0032536596991121,0.0044053406454622,0.0050879498012363,0.011481293477118,0.4759919643402099,0.3469130098819732,0.1528667360544204,Family_Film
0.0098077887669205,0.0099629610776901,0.0041267094202339,0.0006969476235099,0.0106944721192121,0.9564730525016784,0.0082381404936313,Family_Film
0.0103972200304269,0.011921607889235,0.0108772255480289,0.0030108904466032,0.0326654426753521,0.6935838460922241,0.2375437468290329,Family_Film
0.0014401969965547,0.0057924920693039,0.0012772872578352,0.0011515978258103,0.0136956302449107,0.972412645816803,0.0042301355861127,Family_Film
0.0195697546005249,0.1360755264759063,0.0055444897152483,0.0022815717384219,0.0497178435325622,0.7851848006248474,0.0016260339180007,Family_Film
0.0039108395576477,0.0012190473498776,0.9280283451080322,0.0023697793949395,0.0079149305820465,0.00217369152233,0.0543834082782268,Family_Film
0.0468191802501678,0.0116621814668178,0.0129844956099987,0.0032036902848631,0.0487384721636772,0.8622965812683105,0.014295469969511,Family_Film
0.0083878990262746,0.0556829459965229,0.0164935961365699,0.0042024636641144,0.3570002913475036,0.4676661789417267,0.0905666425824165,Family_Film
0.0291171353310346,0.0479505732655525,0.0649217814207077,0.0020579386036843,0.8228307962417603,0.0266646333038806,0.0064571336843073,Family_Film
0.0348605401813983,0.0051023163832724,0.1319813281297683,0.1747808009386062,0.5849785208702087,0.025816248729825,0.0424802415072917,Family_Film
0.0932756289839744,0.0303096957504749,0.3297822773456573,0.0018143784254789,0.4600067138671875,0.0522162057459354,0.0325951986014843,Family_Film
0.0954029783606529,0.1575300842523574,0.0570943169295787,0.0017090839101001,0.3359260261058807,0.2537359893321991,0.0986015722155571,Family_Film
0.3210568130016327,0.0890094935894012,0.1140335649251937,0.0013790550874546,0.3770280182361603,0.0433533415198326,0.0541397146880626,Family_Film
0.090450182557106,0.026160467416048,0.1555413454771042,0.00554393325001,0.414004385471344,0.1908187717199325,0.1174808591604232,Family_Film
0.0137489577755332,0.0132906027138233,0.0367042869329452,0.0026730583049356,0.2451282441616058,0.2769696414470672,0.4114852845668793,Family_Film
