anger,disgust,fear,joy,neutral,sadness,surprise,genre
0.1019003018736839,0.4677479267120361,0.399762362241745,0.0027987456414848,0.0180726628750562,0.0054881945252418,0.0042298343032598,Crime_Fiction
0.1544131636619568,0.3372769057750702,0.0402319841086864,0.0138675309717655,0.4359135925769806,0.0129870064556598,0.0053098485805094,Crime_Fiction
0.0026329606771469,0.0038479156792163,0.0038653824012726,0.0055145057849586,0.9142212271690368,0.0124040823429822,0.0575139075517654,Crime_Fiction
0.0138510232791304,0.0130137437954545,0.0092193568125367,0.0052997982129454,0.9091684222221376,0.0210880450904369,0.0283596199005842,Crime_Fiction
0.0148195503279566,0.0126748969778418,0.004565805196762,0.0076885791495442,0.8312860131263733,0.0660882368683815,0.0628769770264625,Crime_Fiction
0.2733045220375061,0.4900526702404022,0.0118850097060203,0.0452976822853088,0.138471707701683,0.0385413281619548,0.002447017468512,Crime_Fiction
0.1005696281790733,0.0548415333032608,0.0138930706307291,0.0026430382858961,0.0163987576961517,0.7868195176124573,0.0248344577848911,Crime_Fiction
0.1365867853164672,0.0728664249181747,0.2722340524196625,0.0143135441467165,0.3913030624389648,0.0097889378666877,0.1029072403907775,Crime_Fiction
0.0331368036568164,0.0293533615767955,0.330806016921997,0.006858792155981,0.5252663493156433,0.0172644909471273,0.0573141947388649,Crime_Fiction
0.1261467039585113,0.0026889259461313,0.1459515392780304,0.1433699876070022,0.2686661183834076,0.116197757422924,0.1969789713621139,Crime_Fiction
0.0276872757822275,0.467159628868103,0.301259309053421,0.0019072837894782,0.0253651067614555,0.1733615100383758,0.0032599095720797,Crime_Fiction
0.0179578103125095,0.8611070513725281,0.1043947264552116,0.0005645842174999,0.0077974656596779,0.0061147529631853,0.0020636513363569,Crime_Fiction
0.4755384624004364,0.3201914727687835,0.0349414050579071,0.0018046667100861,0.0501539036631584,0.11238494515419,0.0049851522780954,Crime_Fiction
0.0171124562621116,0.0124380495399236,0.0276886261999607,0.0298386421054601,0.8527047038078308,0.0208130609244108,0.0394044369459152,Crime_Fiction
0.0151327429339289,0.0141898216679692,0.0042357570491731,0.0083631183952093,0.8277139067649841,0.066998079419136,0.0633665397763252,Crime_Fiction
