anger,disgust,fear,joy,neutral,sadness,surprise,genre
0.0534584261476993,0.1180151179432869,0.3972402513027191,0.012505579739809,0.3466315567493438,0.0370839200913906,0.0350651666522026,Drama
0.0103333760052919,0.9564273357391356,0.0065327347256243,0.0007145776762627,0.0082325665280222,0.016407411545515,0.0013520335778594,Drama
0.0159835629165172,0.1573851555585861,0.007129494100809,0.0038682953454554,0.7592909336090088,0.0248254984617233,0.0315170921385288,Drama
0.0085675539448857,0.0421808846294879,0.0017687237123027,0.0310549195855855,0.9050905108451844,0.0078868744894862,0.0034504691138863,Drama
0.0132417576387524,0.4359914362430572,0.0037037064321339,0.0383229255676269,0.4352146089076996,0.0700252652168273,0.0035002389922738,Drama
0.0248460229486227,0.1420348882675171,0.0015217283507809,0.2556767761707306,0.5594222545623779,0.0122293150052428,0.0042690318077802,Drama
0.0020752560812979,0.0043000308796763,0.9731100797653198,0.002174888504669,0.0131291076540946,0.002566022099927,0.0026447041891515,Drama
0.2327703684568405,0.4436007738113403,0.0182519890367984,0.0103511800989508,0.2428228110074997,0.0504667274653911,0.0017360822530463,Drama
0.029741246253252,0.7987767457962036,0.0314242281019687,0.0105743343010544,0.0289529729634523,0.0981763750314712,0.0023540742695331,Drama
0.2873618900775909,0.1282293945550918,0.1370947360992431,0.0078244321048259,0.2994031608104706,0.1359385102987289,0.0041478751227259,Drama
0.1910749226808548,0.579714298248291,0.0092373238876461,0.0058313519693911,0.1534996777772903,0.0422199629247188,0.0184224713593721,Drama
0.0106288865208625,0.0189674813300371,0.0088022174313664,0.0319648124277591,0.858340322971344,0.0645011514425277,0.0067951926030218,Drama
0.0036802382674068,0.0130743812769651,0.0122395139187574,0.0026568511966615,0.9385399222373962,0.0070802425034344,0.0227288901805877,Drama
0.0221736039966344,0.1760118007659912,0.0044469442218542,0.0268899351358413,0.7499809265136719,0.0114955846220254,0.0090012894943356,Drama
0.0135776968672871,0.2727982699871063,0.0093706408515572,0.0092074507847428,0.2913679182529449,0.360556960105896,0.0431210957467556,Drama
0.0078634312376379,0.0488981455564498,0.0194577816873788,0.6635770797729492,0.1193995475769043,0.1140652075409889,0.026738753542304,Drama
0.0199956204742193,0.9331386089324952,0.0056049535050988,0.0008345161331817,0.0207475293427705,0.0171210635453462,0.0025577459018677,Drama
0.0084419306367635,0.93740576505661,0.0023920722305774,0.0242246445268392,0.0194378364831209,0.0065285875461995,0.0015691943699494,Drama
0.0341843552887439,0.0646834149956703,0.086828701198101,0.1163378953933715,0.1004015207290649,0.5644473433494568,0.0331167504191398,Drama
0.0065849893726408,0.005210081115365,0.0236135367304086,0.044631116092205,0.0856173187494278,0.005970241036266,0.8283727169036865,Drama
0.0016742721199989,0.0018260119250044,0.9802474975585938,0.0011718847090378,0.0092995958402752,0.0015816853847354,0.0041990084573626,Drama
0.0082023637369275,0.059530172497034,0.0041554295457899,0.005968923214823,0.8422927856445312,0.0087552098557353,0.0710951164364814,Drama
0.0035714912228286,0.005081508308649,0.8849247694015503,0.0044528860598802,0.0890508145093917,0.0036543847527354,0.009263995103538,Drama
0.0312275923788547,0.0044104326516389,0.8175008296966553,0.0044135674834251,0.0444690063595771,0.0047292383387684,0.0932493135333061,Drama
0.0037136645987629,0.0080987783148884,0.9431545734405518,0.003478733357042,0.0342576242983341,0.0055275694467127,0.001769085181877,Drama
0.0064539327286183,0.0059788743965327,0.9182674288749696,0.0019181922543793,0.0564191341400146,0.0085821449756622,0.0023803317453712,Drama
0.0190071687102317,0.0829996466636657,0.2827301025390625,0.0060842977836728,0.5864320993423462,0.0163394603878259,0.006407172884792,Drama
0.0041352976113557,0.0613773614168167,0.0029686803463846,0.7443047165870667,0.1510259509086609,0.0320590436458587,0.0041289315558969,Drama
0.0123610096052289,0.0146613931283354,0.9556704759597778,0.0007575434283353,0.0046318522654473,0.0025031855329871,0.009414555504918,Drama
0.0205669160932302,0.0666861161589622,0.0033075474202632,0.2021701037883758,0.6803080439567566,0.0098614646121859,0.0170996990054845,Drama
0.0051880087703466,0.0063072070479393,0.0017263249028474,0.0064057097770273,0.9527201056480408,0.0022471856791526,0.0254055373370647,Drama
0.0109611451625823,0.1499347537755966,0.0033792685717344,0.4710917770862579,0.3416347205638885,0.0189967975020408,0.0040015634149312,Drama
0.0151977278292179,0.0115702170878648,0.1236043125391006,0.1030767187476158,0.6356374621391296,0.015558079816401,0.0953555107116699,Drama
0.008565061725676,0.0370420105755329,0.003313401248306,0.1058090403676033,0.8152867555618286,0.0052940933965146,0.0246895998716354,Drama
0.0217650402337312,0.0175873897969722,0.0209231078624725,0.0204914845526218,0.8941956758499146,0.0124355452135205,0.0126017406582832,Drama
0.8321098685264587,0.0354421287775039,0.01106490008533,0.0019592025782912,0.0493802204728126,0.01828452385962,0.0517591014504432,Drama
0.0072413687594234,0.3430498540401459,0.3281186819076538,0.0113697396591305,0.2560470700263977,0.0331450402736663,0.0210282932966947,Drama
0.1502265632152557,0.0469083189964294,0.0139586618170142,0.0029307603836059,0.6378341317176819,0.077903464436531,0.0702380985021591,Drama
0.0045912768691778,0.0048046195879578,0.0005470312316901,0.0045352652668952,0.0121132470667362,0.964634358882904,0.0087742591276764,Drama
0.0050438363105058,0.0082156201824545,0.0020595332607626,0.0076739485375583,0.0800048559904098,0.8903321623802185,0.0066700503230094,Drama
0.0165937189012765,0.0669152662158012,0.0055315545760095,0.0471464954316616,0.8289617300033569,0.0077636227943003,0.0270876232534647,Drama
0.9568643569946288,0.0094487676396965,0.0113430246710777,0.0005268945824354,0.0155053418129682,0.0024274820461869,0.0038840470369905,Drama
0.0048433891497552,0.0098514696583151,0.9675999879837036,0.0008409199654124,0.0087966937571764,0.005833251401782,0.0022343785967677,Drama
0.027919054031372,0.0104635916650295,0.1345468759536743,0.0122197326272726,0.6964879035949707,0.0068574538454413,0.1115054637193679,Drama
0.0101861068978905,0.0086272880434989,0.0063449223525822,0.0032952188048511,0.4897927045822143,0.0087143909186124,0.4730393588542938,Drama
0.1157318875193595,0.1139458641409874,0.0851768031716346,0.0091624790802598,0.5514587759971619,0.0464722886681556,0.07805185765028,Drama
0.0247990749776363,0.1262674182653427,0.0756734162569046,0.0028164852410554,0.0778573229908943,0.6746752262115479,0.0179110895842313,Drama
0.004963809158653,0.0004791968967765,0.9887420535087584,0.0008039994863793,0.0020194230601191,0.0012350543402135,0.0017565970774739,Drama
0.0105131575837731,0.0141278533264994,0.8413048982620239,0.002431749831885,0.0540656149387359,0.0077698151580989,0.0697870254516601,Drama
0.0079352976754307,0.0144357765093445,0.0080384509637951,0.0036482461728155,0.9447848796844482,0.0057941158302128,0.0153632443398237,Drama
0.0236827582120895,0.0866038277745246,0.7338578104972839,0.0079953055828809,0.1180068850517273,0.0053243301808834,0.0245290752500295,Drama
0.0120901707559823,0.2321063578128814,0.4687218070030212,0.0065047000534832,0.0610668435692787,0.195837140083313,0.0236729625612497,Drama
0.0115970820188522,0.2076853513717651,0.1222706586122512,0.0021799416281282,0.0691180378198623,0.5736287236213684,0.013520186766982,Drama
0.0522930361330509,0.6823772192001343,0.016101399436593,0.0012940557207912,0.1204796507954597,0.1187662929296493,0.0086883399635553,Drama
0.0074582742527127,0.0271527804434299,0.810900092124939,0.0025090691633522,0.0896323025226593,0.0564542524516582,0.0058932434767484,Drama
0.0064899935387074,0.0011533491779118,0.9818425178527832,0.0008778804913163,0.0053767417557537,0.0018031036015599,0.0024564957711845,Drama
0.0321149453520774,0.0325252227485179,0.0139925722032785,0.0084896842017769,0.883624792098999,0.0246661268174648,0.0045866575092077,Drama
0.0716862976551055,0.3759036958217621,0.0087070045992732,0.0009616474853828,0.445532351732254,0.0655907094478607,0.0316182784736156,Drama
0.0307660289108753,0.592555582523346,0.1242901906371116,0.002668481785804,0.1780809760093689,0.0613547451794147,0.0102839851751923,Drama
0.1299768835306167,0.7422337532043457,0.0124454852193593,0.0019043069332838,0.0918499231338501,0.0195477716624736,0.0020419214852154,Drama
0.2653458714485168,0.1002124175429344,0.044733315706253,0.0067752934992313,0.2605255246162414,0.3197456896305084,0.0026618752162903,Drama
0.019086230546236,0.5602477192878723,0.0472180135548114,0.0024776153732091,0.2651288211345672,0.0972079932689666,0.0086336033418774,Drama
0.0481562092900276,0.5390341281890869,0.0152479857206344,0.0273504815995693,0.3092182278633117,0.0254158787429332,0.0355771258473396,Drama
0.0075613060034811,0.0082954782992601,0.0553239360451698,0.0014842734672129,0.0638314485549926,0.8406921625137329,0.0228113736957311,Drama
0.0071753407828509,0.018409002572298,0.0200342293828725,0.0190795361995697,0.910494029521942,0.0181549023836851,0.0066528785973787,Drama
0.016527434810996,0.0760869085788726,0.0135199902579188,0.0066673569381237,0.8657462000846863,0.017204862087965,0.0042471657507121,Drama
0.015963764861226,0.0762457400560379,0.0103502739220857,0.0061454973183572,0.8778589963912964,0.0086071165278553,0.0048286109231412,Drama
0.0520668216049671,0.1317701786756515,0.0899558290839195,0.0099422689527273,0.6192370653152466,0.0945078432559967,0.002520001726225,Drama
0.0206951461732387,0.0736145228147506,0.0131031600758433,0.0447124205529689,0.5672763586044312,0.2759994864463806,0.0045989057980477,Drama
0.0068377251736819,0.0292187873274087,0.0022822618484497,0.0885393321514129,0.8644940257072449,0.0055805277079343,0.0030474055092781,Drama
0.012766876257956,0.0323798470199108,0.1285351663827896,0.0046382234431803,0.5895141363143921,0.1631560772657394,0.0690097063779831,Drama
0.0032766656950116,0.0244601517915725,0.0055077695287764,0.0140808206051588,0.9267684817314148,0.0055053797550499,0.0204006731510162,Drama
0.0407423563301563,0.911471962928772,0.0130227738991379,0.001136879902333,0.0278822164982557,0.0030857597012072,0.0026581701822578,Drama
0.0167293343693017,0.7728877663612366,0.0338615551590919,0.0008099044207483,0.025112921372056,0.1472085267305374,0.0033901189453899,Drama
0.0336614996194839,0.7343201041221619,0.0324892029166221,0.0051192766986787,0.137749046087265,0.0301374197006225,0.0265234541147947,Drama
0.016909297555685,0.8881456255912781,0.0654888227581977,0.0006387765752151,0.0099164629355072,0.0156933646649122,0.003207649802789,Drama
0.0105003789067268,0.0027094995602965,0.0075169447809457,0.3126241564750671,0.4874374866485595,0.0181137155741453,0.1610978543758392,Drama
0.0109626175835728,0.0405296869575977,0.0105250058695673,0.012335161678493,0.6957254409790039,0.2060644030570984,0.0238576680421829,Drama
