anger,disgust,fear,joy,neutral,sadness,surprise,genre
0.3073911070823669,0.1146766021847724,0.0098274108022451,0.0020692343823611,0.0187061801552772,0.5361118912696838,0.0112175615504384,Romantic_drama
0.0108968401327729,0.0024151222314685,0.0029595745727419,0.7379498481750488,0.1168333068490028,0.0339709036052227,0.0949743315577507,Romantic_drama
0.0361757017672061,0.9359190464019777,0.0084570739418268,0.0018795548239722,0.0109911561012268,0.0052688140422105,0.0013087863335385,Romantic_drama
0.3554798662662506,0.0940144658088684,0.0138036236166954,0.0029269056394696,0.1061759069561958,0.380099207162857,0.047500055283308,Romantic_drama
0.0055387704633176,0.0044475002214312,0.0031078192405402,0.0058927554637193,0.969063401222229,0.00895238481462,0.0029974493663758,Romantic_drama
0.7235986590385437,0.205679714679718,0.0021793355699628,0.0011708599049597,0.0246324967592954,0.0378620587289333,0.0048768944106996,Romantic_drama
0.0309567041695117,0.0616187527775764,0.0112172467634081,0.2271746546030044,0.6116962432861328,0.0199912153184413,0.0373451635241508,Romantic_drama
0.0145962107926607,0.0091644693166017,0.0092577068135142,0.0008096425444819,0.0175835657864809,0.94162917137146,0.0069592031650245,Romantic_drama
0.0172310769557952,0.2370883971452713,0.2971746623516083,0.0013427800731733,0.0360754914581775,0.3966267108917236,0.0144608933478593,Romantic_drama
0.1226720437407493,0.1410154849290847,0.0245335269719362,0.0864825770258903,0.5516305565834045,0.0506954304873943,0.0229704789817333,Romantic_drama
0.0104820607230067,0.0052581843920052,0.0087786931544542,0.1058758124709129,0.8143064975738525,0.0087073082104325,0.0465914458036422,Romantic_drama
0.0175271816551685,0.0077971052378416,0.0113837644457817,0.2502037584781647,0.4702935814857483,0.0044763488695025,0.2383182793855667,Romantic_drama
0.5550594329833984,0.0511602014303207,0.0069525800645351,0.001323448261246,0.0351160317659378,0.3452550172805786,0.005133306607604,Romantic_drama
0.5818319320678711,0.3280792236328125,0.0148462727665901,0.0038005693349987,0.047818474471569,0.0172626264393329,0.0063609881326556,Romantic_drama
0.0099075818434357,0.0577033683657646,0.0035109741147607,0.035295270383358,0.86219722032547,0.0043370416387915,0.0270485281944274,Romantic_drama
0.0076780398376286,0.0051791043952107,0.0011305070947855,0.0089664757251739,0.955010950565338,0.0135878240689635,0.0084471609443426,Romantic_drama
0.0345859229564666,0.3575833439826965,0.0684811472892761,0.005844269413501,0.2953230738639831,0.2289219051599502,0.0092602418735623,Romantic_drama
0.0022859361488372,0.0002230335812782,0.9907624125480652,0.0013623697450384,0.0006640061619691,0.0017109835753217,0.002991157118231,Romantic_drama
0.0196518059819936,0.0536126382648944,0.0018529030494391,0.4898991584777832,0.3818785846233368,0.0473326817154884,0.0057721687480807,Romantic_drama
0.0316612608730793,0.9516172409057616,0.0080626104027032,0.0005365478573367,0.0041946456767618,0.0030383868142962,0.0008892174810171,Romantic_drama
0.0155399423092603,0.0649078786373138,0.0919173285365104,0.0137635869905352,0.7219442129135132,0.0682647004723548,0.0236623678356409,Romantic_drama
0.004793700762093,0.0378893129527568,0.0464940890669822,0.0568151362240314,0.2449015080928802,0.0105429897084832,0.5985632538795471,Romantic_drama
0.0081061078235507,0.901932418346405,0.0099073853343725,0.0037082356866449,0.0553350076079368,0.0163497366011142,0.004661014303565,Romantic_drama
0.3868621289730072,0.3646790981292724,0.1133422181010246,0.0026558104436844,0.1022955998778343,0.0255306866019964,0.0046344581060111,Romantic_drama
0.0318830460309982,0.1515592634677887,0.0045809703879058,0.5377399921417236,0.2193108946084976,0.0351854935288429,0.0197403505444526,Romantic_drama
0.0093874707818031,0.0111747793853282,0.1437067687511444,0.0196848288178443,0.7157720327377319,0.0635361075401306,0.0367379710078239,Romantic_drama
0.97130686044693,0.0067106187343597,0.0038971591275185,0.0005876921932213,0.0088361939415335,0.0062345662154257,0.0024269148707389,Romantic_drama
0.0185397565364837,0.0335365459322929,0.0056991102173924,0.0119375903159379,0.0593245327472686,0.8643991947174072,0.0065631926991045,Romantic_drama
0.012236283160746,0.0023184958845376,0.0024410483893007,0.1604092568159103,0.3133363723754883,0.0263340976089239,0.4829244315624237,Romantic_drama
0.0285072233527898,0.3030551075935364,0.0455561950802803,0.0067607932724058,0.5261827707290649,0.0293060988187789,0.0606318600475788,Romantic_drama
0.2511933147907257,0.2262966483831405,0.0045975227840244,0.051698513329029,0.3901614248752594,0.0699749588966369,0.0060776467435061,Romantic_drama
0.014586660079658,0.0425912141799926,0.0171507373452186,0.0094842026010155,0.1886279284954071,0.7161858677864075,0.0113733662292361,Romantic_drama
0.0127509599551558,0.0187588557600975,0.011852640658617,0.0143920565024018,0.1621245294809341,0.7760279178619385,0.0040930747054517,Romantic_drama
