anger,disgust,fear,joy,neutral,sadness,surprise,genre
0.1398252695798874,0.0368827730417251,0.192374050617218,0.0023008058778941,0.3537128269672394,0.0372854657471179,0.2376187294721603,Bollywood
0.3638441860675812,0.086209513247013,0.0558230876922607,0.0208709966391325,0.3985902667045593,0.0683513879776001,0.0063105900771915,Bollywood
0.1639343649148941,0.7240272760391235,0.0122296810150146,0.0020034317858517,0.0850943699479103,0.0085830837488174,0.0041277087293565,Bollywood
0.852197527885437,0.0471659824252128,0.01768041215837,0.002139831893146,0.0185571126639843,0.0581141300499439,0.0041450248099863,Bollywood
0.5435168147087097,0.344100683927536,0.0122626833617687,0.0015364191494882,0.087017647922039,0.008157530799508,0.0034082611091434,Bollywood
0.1452007740736007,0.2116011679172516,0.0590085871517658,0.0021302597597241,0.0819998383522033,0.4862203598022461,0.0138389803469181,Bollywood
0.0631095916032791,0.0328481420874595,0.7663527727127075,0.0029614574741572,0.0540309064090251,0.0780848264694213,0.0026122846174985,Bollywood
0.0066048060543835,0.0168310366570949,0.1123143061995506,0.6900757551193237,0.1316084563732147,0.0385873466730117,0.0039783478714525,Bollywood
0.004111232701689,0.0025759057607501,0.0054799737408757,0.0715115889906883,0.8900781869888306,0.0101428320631384,0.0161002427339553,Bollywood
0.0031618867069482,0.0077503221109509,0.0263502653688192,0.0012246713740751,0.0197935719043016,0.9347434043884276,0.0069758482277393,Bollywood
0.0042262426577508,0.0045688254758715,0.0017259396845474,0.7976176142692566,0.1573093235492706,0.0064898314885795,0.0280622709542512,Bollywood
