anger,disgust,fear,joy,neutral,sadness,surprise,genre
0.0044679692946374,0.0020591367501765,0.0048081688582897,0.0239093415439128,0.8970729112625122,0.0086738253012299,0.0590085759758949,Coming_of_age
0.0054484140127897,0.0049340147525072,0.0094429701566696,0.064784474670887,0.8014148473739624,0.0276645831763744,0.0863106101751327,Coming_of_age
0.2000460177659988,0.1111023798584938,0.6341713666915894,0.0020347461104393,0.0251130890101194,0.0124543895944952,0.0150779373943805,Coming_of_age
0.0075516584329307,0.0206656511873006,0.0100558558478951,0.0009780501713976,0.0321744568645954,0.9222533702850342,0.0063209943473339,Coming_of_age
0.0792912095785141,0.0224059075117111,0.009370737709105,0.0066630379296839,0.8663053512573242,0.0117304865270853,0.0042332513257861,Coming_of_age
0.0087034190073609,0.933283507823944,0.0220487806946039,0.0013796841958537,0.0253562778234481,0.0062259496189653,0.0030023471917957,Coming_of_age
0.0169424600899219,0.9410526156425476,0.0034484127536416,0.0022532532457262,0.0257885493338108,0.0082914922386407,0.0022231959737837,Coming_of_age
0.0133646065369248,0.0761645063757896,0.004874428268522,0.4852040708065033,0.3980734646320343,0.0110167488455772,0.0113022606819868,Coming_of_age
0.0400412529706954,0.311326652765274,0.0028289244510233,0.007106979843229,0.5508607625961304,0.0715903416275978,0.0162450857460498,Coming_of_age
0.0413957424461841,0.0171598084270954,0.0081597287207841,0.0129988761618733,0.8833631277084351,0.0327989049255847,0.0041237184777855,Coming_of_age
0.0105611821636557,0.1812412440776825,0.0109416656196117,0.029160663485527,0.7439754009246826,0.0038684743922203,0.0202513746917247,Coming_of_age
0.0332638807594776,0.2886384427547455,0.0103875566273927,0.1007161363959312,0.361894816160202,0.1941496133804321,0.0109495250508189,Coming_of_age
0.381946861743927,0.491157591342926,0.0030433211941272,0.0018982040928676,0.1032438650727272,0.0147268958389759,0.0039832410402596,Coming_of_age
0.3901126086711883,0.0189673211425542,0.0715613067150116,0.0011089479085057,0.0221104137599468,0.4699805676937103,0.0261589512228965,Coming_of_age
0.0078242309391498,0.0144661962985992,0.0054573635570704,0.0032447562552988,0.0134923523291945,0.0018335304921492,0.9536815881729126,Coming_of_age
0.8678882122039795,0.0543312318623065,0.0221471451222896,0.001485681743361,0.0340198390185833,0.0103806518018245,0.0097472043707966,Coming_of_age
0.0554797835648059,0.4817868769168854,0.0516570657491683,0.0059153507463634,0.2422738224267959,0.0167281609028577,0.1461588889360427,Coming_of_age
0.0065961931832134,0.0124584659934043,0.0009258040809072,0.0092940991744399,0.9496136903762816,0.0031837690621614,0.0179280173033475,Coming_of_age
0.0045811501331627,0.0090202176943421,0.0186389964073896,0.0053818174637854,0.1218078956007957,0.761906623840332,0.0786633193492889,Coming_of_age
0.0382041856646537,0.0560704134404659,0.0120579237118363,0.016905078664422,0.8199470043182373,0.0072451382875442,0.0495702847838401,Coming_of_age
0.0642703995108604,0.7078759074211121,0.009559073485434,0.00642761727795,0.1968092173337936,0.0059844660572707,0.0090732406824827,Coming_of_age
0.0383757390081882,0.0139573207125067,0.0164797641336917,0.0016069570556282,0.0417801439762115,0.873395562171936,0.0144045958295464,Coming_of_age
0.2414849996566772,0.3148901760578155,0.0090067666023969,0.002451041014865,0.2365867793560028,0.1326128095388412,0.0629674345254898,Coming_of_age
0.3359072208404541,0.1665902733802795,0.0013448229292407,0.0762534365057945,0.3719331622123718,0.0085502052679657,0.0394208282232284,Coming_of_age
0.0189250167459249,0.091126948595047,0.0029343932401388,0.0192410461604595,0.8119051456451416,0.0062228217720985,0.0496447160840034,Coming_of_age
0.0584481917321682,0.4550085663795471,0.1343224197626114,0.0205723289400339,0.3067535758018493,0.0082164239138364,0.0166783817112445,Coming_of_age
0.2567936480045318,0.6659101247787476,0.0057279779575765,0.0011650878004729,0.0261861123144626,0.041352953761816,0.0028640844393521,Coming_of_age
0.0022429632954299,0.0087296860292553,0.0087895616888999,0.0013545270776376,0.0298303067684173,0.942793071269989,0.0062599135562777,Coming_of_age
0.0025681538973003,0.9751006960868835,0.0033613264095038,0.0009423338342458,0.0129057522863149,0.0024426118470728,0.0026791288983076,Coming_of_age
0.0145351542159914,0.0166547857224941,0.0044400081969797,0.0148276472464203,0.7705889940261841,0.139492854475975,0.0394605286419391,Coming_of_age
0.0047485129907727,0.9871828556060792,0.0011657970026135,0.0005205238703638,0.0046063535846769,0.0012043805327266,0.0005715313018299,Coming_of_age
0.0155404303222894,0.0883351042866706,0.0159835275262594,0.0018683288944885,0.065986767411232,0.8016666173934937,0.0106192026287317,Coming_of_age
0.0025650896131992,0.0010983194224536,0.9810916185379028,0.0010840627364814,0.0087851006537675,0.0022586353588849,0.0031171846203505,Coming_of_age
0.0294183325022459,0.0153701528906822,0.0044858194887638,0.2580308616161346,0.5715502500534058,0.017916390672326,0.10322817414999,Coming_of_age
0.0123120108619332,0.0317872203886508,0.0021211388520896,0.1301617175340652,0.7923083305358887,0.0282393954694271,0.0030702031217515,Coming_of_age
0.1148705556988716,0.0155576132237911,0.0181267615407705,0.6376655697822571,0.0893663838505745,0.0154885593801736,0.1089245676994323,Coming_of_age
0.0102027123793959,0.0088931694626808,0.0126033425331115,0.0068429606035351,0.8501612544059753,0.0174974165856838,0.0937992259860038,Coming_of_age
0.2708910405635834,0.516048789024353,0.0306802690029144,0.0019564738031476,0.1553363353013992,0.0192520264536142,0.0058350609615445,Coming_of_age
0.1597715318202972,0.7921051383018494,0.0012491409434005,0.0009943118784576,0.0312153305858373,0.0061707058921456,0.0084938174113631,Coming_of_age
0.4140456616878509,0.2564214766025543,0.0103193297982215,0.0024103277828544,0.0973218828439712,0.2071505188941955,0.0123308692127466,Coming_of_age
0.1078182533383369,0.7890661358833313,0.0336295031011104,0.0008161228033713,0.0220346041023731,0.0431242585182189,0.0035112472251057,Coming_of_age
0.8363104462623596,0.1349580883979797,0.0048755002208054,0.0014466252177953,0.0140426829457283,0.0046589453704655,0.0037076715379953,Coming_of_age
0.1959913223981857,0.768444299697876,0.004052918870002,0.0018156026490032,0.0215946175158023,0.0051109567284584,0.0029902909882366,Coming_of_age
0.2199144959449768,0.5013776421546936,0.0334937684237957,0.0025166145060211,0.0853791907429695,0.0113816782832145,0.1459366232156753,Coming_of_age
0.0359859690070152,0.2633427381515503,0.0136537905782461,0.0105958888307213,0.6143611669540405,0.0148312654346227,0.0472292341291904,Coming_of_age
0.0841150432825088,0.0108764953911304,0.0040326076559722,0.0096748983487486,0.8724191784858704,0.0128601780161261,0.0060215950943529,Coming_of_age
0.0119129605591297,0.0111370831727981,0.0015348353190347,0.0642044916749,0.8804463744163513,0.0072387903928756,0.0235255062580108,Coming_of_age
0.010678356513381,0.0048649343661963,0.0110819479450583,0.2960390448570251,0.6363147497177124,0.0074187866412103,0.0336021594703197,Coming_of_age
0.0386964306235313,0.823790967464447,0.0169301535934209,0.0015427161706611,0.1001836881041526,0.0103517724201083,0.0085043460130691,Coming_of_age
0.0418342649936676,0.1568377912044525,0.0281058643013238,0.0088515318930149,0.5233434438705444,0.2299021184444427,0.011124943383038,Coming_of_age
0.0567690506577491,0.6626730561256409,0.002719905693084,0.0105659691616892,0.1419750899076461,0.1207900568842887,0.0045068101026117,Coming_of_age
0.0038546603173017,0.0145979728549718,0.0037026728969067,0.044057011604309,0.9105626940727234,0.0200807470828294,0.0031441473402082,Coming_of_age
0.1364433020353317,0.4187703430652618,0.0226673372089862,0.0035097682848572,0.2743610143661499,0.1112932413816452,0.0329549685120582,Coming_of_age
0.0252433437854051,0.037752915173769,0.0026535298675298,0.3493943810462951,0.539291501045227,0.0305526424199342,0.015111656859517,Coming_of_age
0.0157662462443113,0.3658023178577423,0.0113802514970302,0.005196972284466,0.2947015166282654,0.2921669781208038,0.0149857699871063,Coming_of_age
0.0120529169216752,0.076483130455017,0.0049684033729135,0.0438430197536945,0.83238685131073,0.0199077129364013,0.0103580392897129,Coming_of_age
0.0065175029449164,0.0132872695103287,0.0012074722908437,0.0150640401989221,0.9411780834197998,0.0060485880821943,0.0166970584541559,Coming_of_age
0.0161568745970726,0.938889503479004,0.0021642504725605,0.0015087341889739,0.0318856611847877,0.0036348705179989,0.0057600401341915,Coming_of_age
0.0057767475955188,0.0107022579759359,0.2960342466831207,0.0069587877951562,0.0392321534454822,0.0044530075974762,0.6368427872657776,Coming_of_age
0.0512433871626853,0.1028590351343154,0.0071297660470008,0.3195074498653412,0.4746143221855163,0.0156028000637888,0.0290432497859001,Coming_of_age
