anger,disgust,fear,joy,neutral,sadness,surprise,genre
0.0025393099058419,0.9736756086349488,0.0028061848133802,0.0011610611109063,0.013926544226706,0.0048738270998001,0.0010175220668315,Drama
0.5161072611808777,0.2257717996835708,0.2190466970205307,0.0009772931225597,0.0137007432058453,0.019502593204379,0.0048934845253825,Drama
0.0080633042380213,0.0231666136533021,0.0111242141574621,0.005262725520879,0.347114086151123,0.5908718705177307,0.0143972188234329,Drama
0.0125523824244737,0.0413966067135334,0.0207994766533374,0.0061538070440292,0.8310453295707703,0.0455840602517128,0.0424683950841426,Drama
0.0123133994638919,0.0277353674173355,0.0107023576274514,0.4216080904006958,0.4342782497406006,0.0172200556844472,0.0761424601078033,Drama
0.2191715687513351,0.2904813587665558,0.0064996378496289,0.0067538050934672,0.2959060370922088,0.1769855469465255,0.0042020343244075,Drama
0.0084233321249485,0.0040451623499393,0.0046295248903334,0.1235451698303222,0.5397607684135437,0.099133625626564,0.2204623818397522,Drama
0.2507572472095489,0.6165648102760315,0.0086044706404209,0.002964237704873,0.047749388962984,0.0715265870094299,0.0018333126790821,Drama
0.0080115040764212,0.0193355213850736,0.0052363299764692,0.5279954075813293,0.3981840908527374,0.0172489769756793,0.0239881239831447,Drama
0.0471534505486488,0.1760751754045486,0.0023888293653726,0.0317232012748718,0.7301012277603149,0.0075725084170699,0.0049857087433338,Drama
0.022228455170989,0.0383833572268486,0.0015915784751996,0.7693835496902466,0.130593404173851,0.0239287093281745,0.0138910459354519,Drama
0.0069799846969544,0.006092538125813,0.0024498770944774,0.853864312171936,0.0483240522444248,0.0050905742682516,0.077198714017868,Drama
0.0148890567943453,0.0325981527566909,0.0014743515057489,0.2371995002031326,0.6412848234176636,0.0127237485721707,0.0598303377628326,Drama
0.0059879063628613,0.00545195909217,0.0011576615506783,0.8006799817085266,0.1564644873142242,0.0026804539375007,0.0275775715708732,Drama
0.7255252599716187,0.1715665906667709,0.0081493994221091,0.0013151610037311,0.0420914851129055,0.0492161177098751,0.0021360286045819,Drama
0.0075382678769528,0.0215977057814598,0.0146457040682435,0.0108111361041665,0.930377960205078,0.0076479436829686,0.0073813092894852,Drama
0.033346377313137,0.1255749017000198,0.002491963095963,0.0122385472059249,0.7760058641433716,0.0344338491559028,0.015908520668745,Drama
0.0223607365041971,0.0037841021548956,0.0225250199437141,0.0153522277250885,0.3217495083808899,0.3961724936962127,0.2180559039115905,Drama
0.0378711819648742,0.239451065659523,0.0200412403792142,0.0040944735519587,0.0948093831539154,0.6024214625358582,0.00131121953018,Drama
0.0028066779486835,0.0077249081805348,0.0976046025753021,0.0028209257870912,0.0297717582434415,0.8443478941917419,0.0149232540279626,Drama
0.5852584838867188,0.3083152770996094,0.0040668500587344,0.0058544767089188,0.0649557337164878,0.0290784332901239,0.002470841165632,Drama
0.0334312245249748,0.029826508834958,0.0108612952753901,0.0059007620438933,0.7800922989845276,0.1173757389187812,0.0225121434777975,Drama
0.2261670380830764,0.1145112439990043,0.2851214110851288,0.0034374061506241,0.016868844628334,0.0056526158004999,0.3482414484024048,Drama
0.0692813545465469,0.0246491897851228,0.0031142106745392,0.0086062243208289,0.8628801107406616,0.029269179329276,0.0021996810100972,Drama
0.080382153391838,0.2500413358211517,0.0750963687896728,0.0450013093650341,0.3826318085193634,0.1256674528121948,0.0411795675754547,Drama
0.0103172650560736,0.2416566759347915,0.1538977921009063,0.0019606582354754,0.068025141954422,0.496907114982605,0.027235385030508,Drama
0.0074485871009528,0.0422431267797946,0.6946972608566284,0.0026621033903211,0.0565238967537879,0.0169051401317119,0.1795199364423751,Drama
0.1513993144035339,0.321548193693161,0.0028634150512516,0.0219632778316736,0.3528508841991424,0.1438988745212555,0.0054760067723691,Drama
0.0468204952776432,0.8187655210494995,0.0125160720199346,0.0120451897382736,0.0697900578379631,0.0311750341206789,0.0088876746594905,Drama
0.0179393738508224,0.7511878609657288,0.0036606586072593,0.0709292590618133,0.145796999335289,0.0069275200366973,0.0035584007855504,Drama
