anger,disgust,fear,joy,neutral,sadness,surprise,genre
0.016360642388463,0.1182833835482597,0.0070123774930834,0.0065129525028169,0.8282726407051086,0.0092318477109074,0.0143260285258293,Action
0.0066241663880646,0.109408251941204,0.0411788932979106,0.016636611893773,0.3756792545318603,0.379355251789093,0.0711176246404647,Action
0.009146075695753,0.970122456550598,0.0061095752753317,0.00086216366617,0.0098475227132439,0.0032999701797962,0.0006122643826529,Action
0.063023641705513,0.0142126437276601,0.9021201729774476,0.001374470652081,0.0081219812855124,0.0034199366346001,0.0077272704802453,Action
0.0327420122921466,0.9455038905143738,0.0014420737279579,0.0010115556651726,0.0144677190110087,0.0037068098317831,0.0011260322062298,Action
0.6972098350524902,0.2465816140174865,0.038846455514431,0.0013049559202045,0.0108978999778628,0.0033696303144097,0.0017896310891956,Action
0.4505548179149627,0.0917114615440368,0.0205598007887601,0.001828993554227,0.3584840893745422,0.0653131455183029,0.011547727510333,Action
0.1377972960472107,0.5742954015731812,0.0213352963328361,0.0035689226351678,0.2150430828332901,0.0278392061591148,0.0201208908110857,Action
0.1188126876950264,0.0274653881788253,0.0185513403266668,0.0285373479127883,0.7679837346076965,0.0250587593764066,0.0135907130315899,Action
0.0249899607151746,0.034413143992424,0.1040533334016799,0.1051411032676696,0.6915603876113892,0.0115450425073504,0.0282970871776342,Action
0.6191906332969666,0.2433861792087555,0.003300551790744,0.012932926416397,0.0803233981132507,0.0361939296126365,0.0046724379062652,Action
0.1511367410421371,0.7789290547370911,0.0033141691237688,0.0010035866871476,0.017467588186264,0.0465850010514259,0.0015637822216376,Action
0.0119163710623979,0.0689894706010818,0.0020272592082619,0.0751124769449234,0.1058821007609367,0.7014371156692505,0.0346352346241474,Action
0.81186842918396,0.1260567605495453,0.0176045317202806,0.0008005031850188,0.0216231849044561,0.0206062942743301,0.0014402902452275,Action
0.0057335644960403,0.0205556564033031,0.0106087904423475,0.005257798358798,0.1244363710284233,0.8269445896148682,0.0064631695859134,Action
0.006812788080424,0.0026118215173482,0.9664804935455322,0.0011484887218102,0.0145537797361612,0.0062951585277915,0.0020975738298147,Action
0.3054585456848144,0.2885785698890686,0.039669819176197,0.009483877569437,0.3428083062171936,0.0040602483786642,0.0099405962973833,Action
0.0855727568268776,0.7672869563102722,0.0024600068572908,0.0069102994166314,0.1281539350748062,0.0082206083461642,0.0013954888563603,Action
0.2953824996948242,0.6627596020698547,0.0100001776590943,0.0014718077145516,0.023891182616353,0.004886966664344,0.001607685117051,Action
0.009397767484188,0.0117070823907852,0.0013804348418489,0.0047012842260301,0.8463810086250305,0.0406498685479164,0.0857826322317123,Action
0.403613418340683,0.4125875234603882,0.0088515793904662,0.0033274919260293,0.1630681902170181,0.0051623131148517,0.0033895098604261,Action
0.0664725601673126,0.9018489718437196,0.0032223952002823,0.0012982940534129,0.0209004022181034,0.0054061161354184,0.0008513778448104,Action
0.013298962265253,0.0467743538320064,0.0058718104846775,0.0127598410472273,0.1362185627222061,0.7741169333457947,0.0109595656394958,Action
0.3337083160877228,0.56611168384552,0.0871859118342399,0.0010123030515387,0.0058334460482001,0.0028680604882538,0.0032802354544401,Action
0.0104464357718825,0.0126105695962905,0.0036039997357875,0.0028934506699442,0.958730936050415,0.0026980666443705,0.0090165110304951,Action
0.0902726575732231,0.2337445318698883,0.0114773279055953,0.0165944583714008,0.612484872341156,0.0274081621319055,0.0080179441720247,Action
0.1312113553285598,0.066591091454029,0.0218162722885608,0.0029644751921296,0.7205760478973389,0.030251856893301,0.0265888851135969,Action
0.6001362204551697,0.2373152077198028,0.0386884175240993,0.0028365948237478,0.0909567400813102,0.0273159649223089,0.0027509166393429,Action
0.1484272181987762,0.5139052271842957,0.0056335343979299,0.0025397026911377,0.3088937401771545,0.0131870498880743,0.0074135572649538,Action
0.6486669182777405,0.0270781442523002,0.1861009448766708,0.0041658342815935,0.104059562087059,0.0070020258426666,0.0229265056550502,Action
0.7070191502571106,0.062930479645729,0.0808605551719665,0.0023528349120169,0.1103235334157943,0.0270545370876789,0.0094588594511151,Action
0.6446428894996643,0.2350253909826278,0.0060412539169192,0.0021230492275208,0.0800809115171432,0.0299612767994403,0.0021251498255878,Action
0.9598583579063416,0.0184131413698196,0.0030634927097707,0.0005705428775399,0.0129402494058012,0.0035453913733363,0.0016089039854705,Action
0.5673791170120239,0.0838539376854896,0.1312198042869568,0.0034726243466138,0.1567809879779815,0.0519336052238941,0.0053599602542817,Action
0.142508864402771,0.8105572462081909,0.0065591614693403,0.0011907847365364,0.031747281551361,0.0052780620753765,0.0021584548521786,Action
0.3451051414012909,0.6140308380126953,0.0241231545805931,0.0010502574732527,0.0060575534589588,0.0081457188352942,0.0014872929314151,Action
0.0053525986149907,0.0026007203850895,0.0031557404436171,0.0012640898348763,0.0057793594896793,0.0011134912492707,0.9807339906692504,Action
0.0156026482582092,0.0254701767116785,0.00174931215588,0.0089047495275735,0.9361652731895448,0.0040115774609148,0.0080963699147105,Action
0.0335467495024204,0.0598029159009456,0.0061511760577559,0.0041292803362011,0.5782572031021118,0.0352046005427837,0.2829081118106842,Action
0.1656928658485412,0.0505077838897705,0.0789179056882858,0.0030695300083607,0.3352999985218048,0.3397331535816192,0.0267788562923669,Action
0.3241944313049316,0.0258955601602792,0.5211206674575806,0.0041029849089682,0.0424901843070983,0.0450033396482467,0.037192802876234,Action
0.6186063289642334,0.1183723956346511,0.1765087097883224,0.0037604942917823,0.065113641321659,0.0130306212231516,0.0046078120358288,Action
0.0078258225694298,0.254031240940094,0.0781541690230369,0.0333871804177761,0.1425932049751281,0.4633504152297973,0.0206580627709627,Action
0.4210417568683624,0.0539408549666404,0.1232367008924484,0.004867429845035,0.2571873664855957,0.0597560107707977,0.0799699202179908,Action
0.3769795596599579,0.0256217308342456,0.577599823474884,0.0013412971748039,0.0118367280811071,0.00396817503497,0.0026526763103902,Action
0.0216612443327903,0.0223468020558357,0.026472995057702,0.19712595641613,0.7044082283973694,0.0108831096440553,0.0171016193926334,Action
0.1617069244384765,0.3338547945022583,0.0124877346679568,0.001967164222151,0.0187170580029487,0.4668013155460357,0.0044649722985923,Action
0.0506116561591625,0.1844181567430496,0.0151621354743838,0.0014431078452616,0.047054897993803,0.6950138211250305,0.0062962975353002,Action
0.2656582295894623,0.1697860807180404,0.071606233716011,0.0051354300230741,0.2655825614929199,0.0401589907705783,0.1820724606513977,Action
0.0671593695878982,0.267554372549057,0.0252802520990371,0.0058071897365152,0.0897942185401916,0.3632319569587707,0.1811725795269012,Action
0.0399778969585895,0.3441137969493866,0.0622186511754989,0.0031806949991732,0.4543621838092804,0.0685581713914871,0.0275886189192533,Action
