anger,disgust,fear,joy,neutral,sadness,surprise,genre
0.0150065869092941,0.0671360120177269,0.0035423161461949,0.0070525845512747,0.8587494492530823,0.0089729856699705,0.0395400188863277,Western
0.0570631027221679,0.0069737122394144,0.7095330953598022,0.0097863739356398,0.1152460202574729,0.0583870001137256,0.0430107079446315,Western
0.1369030028581619,0.4006198942661285,0.0250043105334043,0.0066957711242139,0.3884739577770233,0.0325851961970329,0.0097177736461162,Western
0.1493116319179535,0.6124165058135986,0.1560532748699188,0.0028698483947664,0.0328381992876529,0.0368010029196739,0.0097095798701047,Western
0.0160903353244066,0.0029831556603312,0.0091324439272284,0.0126810288056731,0.2527616620063782,0.6572548747062683,0.0490965694189071,Western
0.4719716012477875,0.3165615797042846,0.0461132042109966,0.0016400181921198,0.0402384065091609,0.0925768390297889,0.0308983400464057,Western
0.482878178358078,0.3135174810886383,0.008043291978538,0.0018190110567957,0.1681451201438903,0.0205642264336347,0.0050326632335782,Western
0.0058403653092682,0.0258465483784675,0.0069284006021916,0.0060019004158675,0.92134827375412,0.0113226808607578,0.0227117650210857,Western
0.0319807939231395,0.0021829288452863,0.8373043537139893,0.0769179835915565,0.0132633997127413,0.0294725131243467,0.0088780252262949,Western
0.0073223751969635,0.0061328532174229,0.0071335188113152,0.0026856020558625,0.9638410210609436,0.0032181958667933,0.0096664680168032,Western
0.9462812542915344,0.0183796845376491,0.022164573892951,0.0008282280177809,0.0084797004237771,0.0028955333400517,0.0009711307357065,Western
0.017366511747241,0.0037224921397864,0.0053548826836049,0.0522168613970279,0.4262784719467163,0.002976480172947,0.4920843541622162,Western
0.8265904784202576,0.0361789427697658,0.0045613390393555,0.0028108549304306,0.0178976375609636,0.1087744086980819,0.0031864221673458,Western
0.5144100785255432,0.0492316335439682,0.0290087182074785,0.0043497374281287,0.3790957927703857,0.0188240054994821,0.0050799460150301,Western
0.0079177925363183,0.0116092842072248,0.0021457478869706,0.7765514850616455,0.1574382334947586,0.0202082823961973,0.0241292212158441,Western
0.7889968156814575,0.1266801506280899,0.0097808903083205,0.0033946514595299,0.0554124303162097,0.0113606322556734,0.0043744915165007,Western
0.2826130092144012,0.4653657674789428,0.0105644846335053,0.0012361359549686,0.1239845007658004,0.1066330000758171,0.0096030719578266,Western
0.0480171889066696,0.6299498677253723,0.0920961201190948,0.0078283725306391,0.1985620856285095,0.0127096651121974,0.0108367148786783,Western
0.1679365038871765,0.5414365530014038,0.0066056624054908,0.0047920742072165,0.2514999508857727,0.024248830974102,0.0034803885500878,Western
0.0439489781856536,0.0503286272287368,0.063049778342247,0.0052541750483214,0.8176142573356628,0.0046217367053031,0.015182458795607,Western
0.5888751149177551,0.1334106028079986,0.0712851136922836,0.0018717747880145,0.1222581788897514,0.0659258291125297,0.0163732878863811,Western
0.134725883603096,0.7406129837036133,0.0081468820571899,0.0122315296903252,0.0644544661045074,0.0373049974441528,0.0025232450570911,Western
0.507058322429657,0.3640930652618408,0.0200116150081157,0.0026351937558501,0.0640635266900062,0.0346941538155078,0.0074440320022404,Western
0.013928385451436,0.0096242651343345,0.9319857358932496,0.0013252213830128,0.0250731073319911,0.0079636760056018,0.0100997006520628,Western
0.0035236829426139,0.0148955602198839,0.0043287575244903,0.079590268433094,0.8476464152336121,0.0256055351346731,0.0244098007678985,Western
0.0100965294986963,0.0029706109780818,0.0026444518007338,0.0052899024449288,0.9579699039459229,0.0031871735118329,0.0178413707762956,Western
0.099023550748825,0.0263394955545663,0.7044072151184082,0.0034206595737487,0.106329321861267,0.0080860825255513,0.0523937046527862,Western
0.0131824249401688,0.0218768548220396,0.0015847596805542,0.010648151859641,0.8661193251609802,0.0192710347473621,0.0673174858093261,Western
0.3120946884155273,0.2847475111484527,0.2763356864452362,0.0019103689119219,0.0772026926279068,0.0406194627285003,0.0070895603857934,Western
0.0214610062539577,0.04080780595541,0.0077233025804162,0.0015099782031029,0.8183443546295166,0.0945871472358703,0.0155664114281535,Western
