anger,disgust,fear,joy,neutral,sadness,surprise,genre
0.9077764749526978,0.0086649460718035,0.0026102950796484,0.0018520932644605,0.0091218026354908,0.06791702657938,0.0020573390647768,Drama
0.897138774394989,0.0418001562356948,0.0110033834353089,0.001782017876394,0.0377698689699173,0.0081319091841578,0.002373905153945,Drama
0.0036620888859033,0.0074049420654773,0.031229818239808,0.227678507566452,0.1781749725341797,0.1891924887895584,0.3626571595668793,Drama
0.0137959159910678,0.0028211451135575,0.968228280544281,0.0006256175693124,0.0060599972493946,0.0055518886074423,0.0029171821661293,Drama
0.0182310137897729,0.00266072480008,0.0685057193040847,0.0565579570829868,0.5280475616455078,0.2707970142364502,0.0552000403404235,Drama
0.0163077823817729,0.0254852902144193,0.007052659522742,0.0081459591165184,0.8518204092979431,0.0864272341132164,0.0047607123851776,Drama
0.0067704506218433,0.0152728697285056,0.0015578332822769,0.1926399320363998,0.7635393738746643,0.0136503782123327,0.0065691177733242,Drama
0.0119010806083679,0.0047062998637557,0.9056788682937622,0.0027103335596621,0.0595875941216945,0.0090418234467506,0.0063740573823452,Drama
0.0787249729037284,0.2903799414634704,0.00373359862715,0.053069956600666,0.4827628433704376,0.0875649824738502,0.003763681743294,Drama
0.0493139214813709,0.1356659978628158,0.0044738668948411,0.0155336381867527,0.6951534152030945,0.0970595479011535,0.0027996012941002,Drama
0.8405379056930542,0.0157138966023921,0.011964501813054,0.0023950827307999,0.0672465711832046,0.0497321374714374,0.0124099943786859,Drama
0.5867350101470947,0.2811183631420135,0.0133268823847174,0.002238436602056,0.0918172374367713,0.014677595347166,0.0100864265114068,Drama
0.0104188499972224,0.093746617436409,0.002901844214648,0.0775002464652061,0.3278424441814422,0.4826719760894775,0.0049180979840457,Drama
0.013577677309513,0.0216604899615049,0.837375283241272,0.0027248836122453,0.1041750088334083,0.0170072093605995,0.0034794607199728,Drama
0.1499005705118179,0.110690101981163,0.0179826058447361,0.0051128822378814,0.6373530626296997,0.0280407331883907,0.050919983536005,Drama
0.6245184540748596,0.194689393043518,0.0954499989748001,0.0028706304728984,0.060168158262968,0.0128982597962021,0.0094050550833344,Drama
0.022881356999278,0.34187051653862,0.0073664998635649,0.006489444989711,0.1625243872404098,0.4531442821025848,0.0057235462591052,Drama
0.0177132319658994,0.017344731837511,0.0057355370372533,0.0252844411879777,0.8891087174415588,0.0411655493080616,0.0036477933172136,Drama
