anger,disgust,fear,joy,neutral,sadness,surprise,genre
0.0024832186754792,0.0018806712469086,0.0036530604120343,0.9526602625846864,0.0203877259045839,0.0040277303196489,0.0149073591455817,Black_and_white
0.1383774131536483,0.092701569199562,0.0408666431903839,0.0090897772461175,0.5660357475280762,0.0976168140769004,0.0553120523691177,Black_and_white
0.0084666535258293,0.0057161473669111,0.003066747682169,0.098541110754013,0.7676407098770142,0.0593741945922374,0.0571944043040275,Black_and_white
0.0093765864148736,0.0110310884192585,0.0076519167050719,0.0599251948297023,0.8768509030342102,0.0096106752753257,0.0255536008626222,Black_and_white
0.7415764927864075,0.0660921707749366,0.0099202245473861,0.0027824556455016,0.1699867695569992,0.0056388271041214,0.0040030181407928,Black_and_white
0.0170869436115026,0.0254537835717201,0.0041070971637964,0.0092690847814083,0.8861005902290344,0.0502032861113548,0.0077791046351194,Black_and_white
0.027200186625123,0.1273041814565658,0.0056440532207489,0.0253955088555812,0.7890927195549011,0.0214837975800037,0.003879559924826,Black_and_white
0.0443723537027835,0.0131760472431778,0.0082143507897853,0.1077762842178344,0.8041577935218811,0.0031482607591897,0.0191550087183713,Black_and_white
0.0078713027760386,0.0047477069310843,0.0061328667216002,0.0104852318763732,0.9551889896392822,0.0044187833555042,0.0111551545560359,Black_and_white
0.6969479918479919,0.1377719938755035,0.0079644368961453,0.0065202517434954,0.1410650163888931,0.0048519922420382,0.0048783160746097,Black_and_white
0.0116871502250432,0.0184476152062416,0.0012749435845762,0.0159422364085912,0.1980070769786834,0.7389867305755615,0.0156542398035526,Black_and_white
