anger,disgust,fear,joy,neutral,sadness,surprise,genre
0.0019264274742454,0.0047249966301023,0.0016100784996524,0.0019056503660976,0.0103717567399144,0.9752568006515504,0.0042043328285217,World_cinema
0.0069037899374961,0.0049606650136411,0.0041683986783027,0.9196336269378662,0.0519639179110527,0.0085664642974734,0.0038030112627893,World_cinema
0.7113099098205566,0.0942423716187477,0.0048717269673943,0.0049468954093754,0.156128317117691,0.0237697940319776,0.0047308611683547,World_cinema
0.0139111308380961,0.0531464666128158,0.0031799059361219,0.0218716990202665,0.4890271127223968,0.4096077382564544,0.0092559605836868,World_cinema
0.0591524429619312,0.181019052863121,0.0045611020177602,0.0508698411285877,0.4495209157466888,0.2509594261646271,0.0039172121323645,World_cinema
0.1120884269475936,0.2744479775428772,0.0022925492376089,0.1685635596513748,0.3898382484912872,0.0469016097486019,0.0058676386252045,World_cinema
0.0141149573028087,0.0081362044438719,0.0011267885565757,0.8027013540267944,0.1474521905183792,0.0053167836740612,0.0211517009884119,World_cinema
0.0077133113518357,0.018831318244338,0.0088965706527233,0.0065362085588276,0.4613561332225799,0.2004889100790023,0.296177476644516,World_cinema
0.0100307939574122,0.9701533913612366,0.0034954575821757,0.0003033537941519,0.0029014088213443,0.0123510491102933,0.0007644759025424,World_cinema
0.166379764676094,0.0594134479761123,0.0037410191725939,0.0092311445623636,0.09617280960083,0.650397777557373,0.0146640548482537,World_cinema
0.9671618938446044,0.0121608581393957,0.0026301152538508,0.0005430236924439,0.0117438910529017,0.0040171593427658,0.0017430301522836,World_cinema
0.968912959098816,0.0065935915336012,0.0029392403084784,0.0005953825893811,0.015241046436131,0.002495196647942,0.0032224948517978,World_cinema
0.0590604990720748,0.0810268297791481,0.2890268564224243,0.0210015289485454,0.3821026980876922,0.1647513806819915,0.0030301650986075,World_cinema
0.0363290682435035,0.0275037996470928,0.0007531497394666,0.4784972369670868,0.3978195786476135,0.0156575497239828,0.0434396639466285,World_cinema
0.1168136075139045,0.0205002520233392,0.0939620435237884,0.2793859243392944,0.4072960317134857,0.0732298493385315,0.0088123241439461,World_cinema
0.1936646997928619,0.1203175783157348,0.0051439609378576,0.0531784333288669,0.5985040664672852,0.0235078670084476,0.0056834295392036,World_cinema
0.0042210076935589,0.0064173894934356,0.0032425834797322,0.8245917558670044,0.1267853528261184,0.0217714328318834,0.0129704345017671,World_cinema
0.0293224360793828,0.092635653913021,0.008950961753726,0.0695545673370361,0.6522218585014343,0.1449008733034134,0.0024136973079293,World_cinema
