anger,disgust,fear,joy,neutral,sadness,surprise,genre
0.0780166611075401,0.3288488090038299,0.0123342284932732,0.1089030429720878,0.4167502522468567,0.0129606211557984,0.0421864166855812,Short_Film
0.0776994377374649,0.004946872126311,0.1626367270946502,0.3934409022331238,0.1376765668392181,0.056943379342556,0.1666561365127563,Short_Film
0.0419311299920082,0.0970570817589759,0.0664191544055938,0.0269699599593877,0.7108505368232727,0.0351087003946304,0.0216633211821317,Short_Film
0.0178871788084507,0.8493438363075256,0.0026679758448153,0.0162189472466707,0.1037702858448028,0.0055558425374329,0.004555897321552,Short_Film
0.1941310614347458,0.6555013060569763,0.0254089385271072,0.0011461459798738,0.0450082719326019,0.0550437867641449,0.0237604565918445,Short_Film
0.0847727730870246,0.8023872971534729,0.0366283953189849,0.0006484301993623,0.038653377443552,0.0252148509025573,0.0116948522627353,Short_Film
0.0336167328059673,0.2152304351329803,0.0270043276250362,0.0063083972781896,0.67674320936203,0.0108489179983735,0.0302480310201644,Short_Film
0.6077936291694641,0.309780091047287,0.0058329715393483,0.0033226460218429,0.022888833656907,0.0209021605551242,0.0294796023517847,Short_Film
0.445037841796875,0.0600431337952613,0.1578506082296371,0.0243078526109457,0.0481999330222606,0.0601666718721389,0.2043939977884292,Short_Film
0.7345758676528931,0.0366806350648403,0.172488585114479,0.0033759789075702,0.006894941907376,0.0085297329351305,0.0374542213976383,Short_Film
0.0072434097528457,0.0029220962896943,0.0018260570941492,0.002170126652345,0.0113453092053532,0.0019504865631461,0.9725425243377686,Short_Film
