anger,disgust,fear,joy,neutral,sadness,surprise,genre
0.0137063497677445,0.0021816224325448,0.4063513576984405,0.1761622875928878,0.2102251648902893,0.0278358496725559,0.1635373085737228,Drama
0.010066220536828,0.0097758779302239,0.0051764696836471,0.002503965049982,0.9366737008094788,0.0109290182590484,0.0248748008161783,Drama
0.0022670612670481,0.005008905660361,0.001326382625848,0.9314739108085632,0.0552865341305732,0.0028124116361141,0.0018248080741614,Drama
0.0279168915003538,0.2965350747108459,0.0305169783532619,0.002924351254478,0.5742964744567871,0.0613678358495235,0.0064423950389027,Drama
0.0144624356180429,0.0367245264351367,0.0037639967631548,0.0133167952299118,0.912046492099762,0.0043383780866861,0.0153473038226366,Drama
0.0429410934448242,0.1029723137617111,0.0252276770770549,0.0018862357828766,0.0090778460726141,0.8026642799377441,0.015230568125844,Drama
0.0212281383574008,0.0273183193057775,0.0106470650061964,0.0383567325770854,0.8421108722686768,0.035783514380455,0.0245553590357303,Drama
0.2076469808816909,0.2349952161312103,0.0115099819377064,0.0328794866800308,0.4609193801879883,0.0435564517974853,0.0084925098344683,Drama
0.0051039983518421,0.0061755268834531,0.0018236924661323,0.0049818195402622,0.0497750267386436,0.0014955111546441,0.930644392967224,Drama
0.0060194777324795,0.0106849828734993,0.0020939130336046,0.2993980646133423,0.6468189358711243,0.0166640449315309,0.018320670351386,Drama
0.0767980962991714,0.0631632059812545,0.4087651371955871,0.0149824954569339,0.3955287635326385,0.0363172739744186,0.004445023369044,Drama
0.0148482676595449,0.9707820415496826,0.004292213357985,0.0044077495113015,0.000884803943336,0.004231572151184,0.0005533923394978,Drama
0.3938593864440918,0.2245232611894607,0.01447235327214,0.001943859970197,0.0719071924686431,0.2907612025737762,0.0025327168405056,Drama
0.0112633975222706,0.020360829308629,0.0093198157846927,0.146960437297821,0.5740655660629272,0.0136205973103642,0.2244093418121338,Drama
0.1042967587709426,0.05720105022192,0.0494079142808914,0.0088831204921007,0.6632257699966431,0.0645080059766769,0.0524773597717285,Drama
0.0101863667368888,0.0547923110425472,0.6771058440208435,0.0039534233510494,0.1553540974855423,0.0951186567544937,0.0034893199335783,Drama
0.0192134156823158,0.0099197048693895,0.9348832368850708,0.0021705436520278,0.0200587920844554,0.0126739824190735,0.0010804845951497,Drama
0.0384776182472705,0.3861461579799652,0.0246701650321483,0.0018368990859016,0.0431289449334144,0.4846954047679901,0.0210448130965232,Drama
0.5394650101661682,0.1317841559648513,0.0199661143124103,0.0024407058954238,0.1190187707543373,0.1814380586147308,0.0058871102519333,Drama
0.0051927026361227,0.0085825379937887,0.001124196103774,0.0366100780665874,0.920606017112732,0.0108616072684526,0.0170228891074657,Drama
0.0319132283329963,0.01235843449831,0.0041067688725888,0.2115039974451065,0.5947113037109375,0.0611464865505695,0.084259808063507,Drama
0.0102822026237845,0.0181037243455648,0.0048359846696257,0.1445173472166061,0.726028323173523,0.0682865679264068,0.0279459059238433,Drama
0.5430681705474854,0.3953403532505035,0.0038251762744039,0.0009237129706889,0.0366864949464798,0.018021335825324,0.0021347585134208,Drama
0.2978474497795105,0.0677818208932876,0.0239064097404479,0.0047140954993665,0.1938875466585159,0.4067703187465668,0.0050923298113048,Drama
0.015612818300724,0.0192552283406257,0.0093737337738275,0.0147627713158726,0.8380234241485596,0.0459274500608444,0.0570446141064167,Drama
0.9173750877380372,0.0420093834400177,0.0047878543846309,0.0010928243864327,0.0310164969414472,0.0020393654704093,0.0016789928777143,Drama
0.4485991299152374,0.143794447183609,0.0860284119844436,0.0131344990804791,0.2846918106079101,0.0085512101650238,0.015200451016426,Drama
0.1989682763814926,0.5043267607688904,0.0160872563719749,0.0044148322194814,0.2456568926572799,0.0163033995777368,0.0142425931990146,Drama
0.043894350528717,0.0195967424660921,0.0105424970388412,0.0086732916533946,0.9032806158065796,0.0113024171441793,0.0027101151645183,Drama
0.008438903838396,0.01094501465559,0.0012050044024363,0.0321062207221984,0.9349883794784546,0.005615699570626,0.0067007830366492,Drama
0.8874852061271667,0.0469269230961799,0.0493461042642593,0.0012244872050359,0.0048504676669836,0.0097313979640603,0.0004354205157142,Drama
0.9719274640083312,0.0114111611619591,0.0024928022176027,0.0003926660865545,0.0095784235745668,0.0019724259618669,0.0022250397596508,Drama
0.0132508315145969,0.0105718541890382,0.0483009256422519,0.0118779502809047,0.082081563770771,0.8201415538787842,0.0137752415612339,Drama
0.0053056613542139,0.8966181874275208,0.0156933795660734,0.0073129050433635,0.0243146885186433,0.045846864581108,0.0049083172343671,Drama
0.0010682470165193,0.0007187054725363,0.0006833055522292,0.989188015460968,0.0032065557315945,0.001441182103008,0.003693863749504,Drama
0.031422171741724,0.0574521049857139,0.0034366238396614,0.0023517885711044,0.8784863352775574,0.0124269099906086,0.0144240614026784,Drama
0.0060750152915716,0.9731480479240416,0.0020698108710348,0.0005249381065368,0.0065223784185945,0.0103816362097859,0.0012782397679984,Drama
0.1283456236124038,0.7013307809829712,0.004570985212922,0.0020010827574878,0.1343192160129547,0.0259764622896909,0.0034559990745037,Drama
0.1041766330599784,0.2737407088279724,0.0028105096425861,0.0168634764850139,0.5668516159057617,0.0190722066909074,0.0164848174899816,Drama
0.0207066629081964,0.0431492179632186,0.0149562945589423,0.0047824368812143,0.3782804310321808,0.4514988660812378,0.0866260826587677,Drama
0.0014581154100596,0.0011846044799312,0.9762856960296632,0.0015402392018586,0.0107367718592286,0.0020626045297831,0.0067319683730602,Drama
