anger,disgust,fear,joy,neutral,sadness,surprise,genre
0.1319460868835449,0.7919723987579346,0.0425766892731189,0.0014225189806893,0.0222187861800193,0.0076776412315666,0.0021860038395971,Thriller
0.0356243439018726,0.4623429477214813,0.0180428158491849,0.0035578371025621,0.4244151413440704,0.009131658822298,0.0468853265047073,Thriller
0.0142806833609938,0.0110676251351833,0.6385776996612549,0.0016385397175326,0.0193184297531843,0.2926152646541595,0.0225017853081226,Thriller
0.045878991484642,0.358500599861145,0.3328660428524017,0.0015990893589332,0.1021099090576171,0.0311586316674947,0.1278867274522781,Thriller
0.3979775011539459,0.0849072411656379,0.1564973890781402,0.0082042450085282,0.3103723526000976,0.0353580377995967,0.0066831996664404,Thriller
0.4861800670623779,0.3498009741306305,0.0335287041962146,0.0035797506570816,0.1083471253514289,0.0057567311450839,0.0128065478056669,Thriller
0.0670245215296745,0.3153454065322876,0.0593177676200866,0.0030044659506529,0.1506093591451645,0.3122197687625885,0.0924787148833274,Thriller
0.6653074622154236,0.1512787789106369,0.0178392305970191,0.0016809274675324,0.0386871136724948,0.1147146448493003,0.010491875000298,Thriller
0.0218923762440681,0.1002345830202102,0.0118073727935552,0.0022127358242869,0.0926360115408897,0.7273718118667603,0.0438451021909713,Thriller
0.3353886604309082,0.1729799062013626,0.0309228859841823,0.0022080356720834,0.282397449016571,0.1624135673046112,0.0136894471943378,Thriller
0.0238571371883153,0.0147287026047706,0.0124262161552906,0.0065757427364587,0.5315942168235779,0.2785254418849945,0.1322925090789795,Thriller
0.1058972477912902,0.0356802120804786,0.7708669304847717,0.0019953525625169,0.0517129190266132,0.0265232138335704,0.0073240799829363,Thriller
0.9168165922164916,0.0214911885559558,0.0283121205866336,0.0007114345789887,0.0265152994543313,0.0034143924713134,0.0027390264440327,Thriller
0.0092213358730077,0.0111756222322583,0.0158289857208728,0.0008710571564733,0.0121804662048816,0.9453216791152954,0.0054008523002266,Thriller
0.2533744871616363,0.1085310503840446,0.0075935032218694,0.0073027187027037,0.5718004107475281,0.0386424995958805,0.0127553856000304,Thriller
0.1689528524875641,0.1523895114660263,0.2399339377880096,0.0019813331309705,0.1776953339576721,0.2211857289075851,0.0378613211214542,Thriller
0.2446392327547073,0.116498552262783,0.0789347290992736,0.0048506492748856,0.5188243985176086,0.0112699856981635,0.0249824430793523,Thriller
0.0203361678868532,0.2589035332202911,0.0808521881699562,0.0049403891898691,0.3906641900539398,0.2275353223085403,0.0167681463062763,Thriller
