anger,disgust,fear,joy,neutral,sadness,surprise,genre
0.0202608834952116,0.2923030257225036,0.0450547114014625,0.0587782450020313,0.5606386661529541,0.0123788705095648,0.0105856293812394,Family_Film
0.0930698588490486,0.024948725476861,0.8626647591590881,0.0016568034188821,0.0109516019001603,0.0031490945257246,0.0035592492204159,Family_Film
0.0256321113556623,0.0134370177984237,0.0912052541971206,0.0045539932325482,0.789202094078064,0.0072818463668227,0.0686877816915512,Family_Film
0.0046282461844384,0.0021136868745088,0.0040056728757917,0.046333659440279,0.912572979927063,0.0106558790430426,0.0196897815912961,Family_Film
0.0100462203845381,0.0361999459564685,0.0096054021269083,0.0011674064444378,0.0392338931560516,0.8873003721237183,0.0164467561990022,Family_Film
0.0536406822502613,0.5161939859390259,0.025322288274765,0.0067751063033938,0.1966381818056106,0.1722879409790039,0.0291418097913265,Family_Film
0.0243012476712465,0.0892156586050987,0.0100206229835748,0.0025829074438661,0.6546867489814758,0.0098836924880743,0.2093091309070587,Family_Film
0.1146535277366638,0.1117030531167984,0.7349855303764343,0.0032256105914711,0.0051749092526733,0.0292952209711074,0.0009621356148272,Family_Film
0.053684402257204,0.037323847413063,0.0510818660259246,0.0420443452894687,0.7590402364730835,0.044476743787527,0.0123486220836639,Family_Film
0.010014840401709,0.0138486204668879,0.5420339107513428,0.011526028625667,0.1659975051879882,0.0087134912610054,0.2478656023740768,Family_Film
0.1393091976642608,0.1765700578689575,0.0086475387215614,0.0028723289724439,0.6269455552101135,0.0204563699662685,0.0251989178359508,Family_Film
0.4452589452266693,0.1316661983728408,0.1917588859796524,0.001755517325364,0.1690490245819091,0.0541154481470584,0.0063959686085581,Family_Film
0.239216610789299,0.0488986261188983,0.183127224445343,0.0026274679694324,0.3967451155185699,0.0782738700509071,0.0511110536754131,Family_Film
0.2779406607151031,0.6266444325447083,0.0166671238839626,0.0016291597858071,0.0248963721096515,0.0504444129765033,0.0017777797766029,Family_Film
0.023871649056673,0.131714642047882,0.1860308200120926,0.0272658970206975,0.5240861177444458,0.1019107401371002,0.005120129790157,Family_Film
0.0779754817485809,0.0597543232142925,0.0167442802339792,0.0039750253781676,0.8138678669929504,0.0174370687454938,0.0102459648624062,Family_Film
0.1430726200342178,0.0285946689546108,0.3425807654857635,0.0027603490743786,0.399125188589096,0.0590589791536331,0.0248074159026145,Family_Film
0.2435990869998932,0.0486781075596809,0.5412440299987793,0.0041293250396847,0.140176460146904,0.0137101141735911,0.0084628919139504,Family_Film
0.1472620368003845,0.0813131853938102,0.2506338059902191,0.0040938537567853,0.3226981163024902,0.1199448555707931,0.0740541666746139,Family_Film
0.2841803431510925,0.5569756031036377,0.0395464822649955,0.0008869523298926,0.0603143200278282,0.054925687611103,0.0031705470755696,Family_Film
0.0701662674546241,0.8318407535552979,0.0054625989869236,0.0023629830684512,0.0795067101716995,0.0062901023775339,0.0043706018477678,Family_Film
0.0056790267117321,0.0077489074319601,0.0156253334134817,0.120085135102272,0.8234796524047852,0.0150203946977853,0.0123616224154829,Family_Film
0.0097575364634394,0.0086300447583198,0.0081258714199066,0.0043303719721734,0.7685889005661011,0.00817153416574,0.1923956722021103,Family_Film
0.6089738011360168,0.2017563134431839,0.1121211126446724,0.0034805855248123,0.0465043224394321,0.0212786886841058,0.0058851623907685,Family_Film
0.4834711849689483,0.2357677519321441,0.0089548202231526,0.0070419814437627,0.1535627692937851,0.1041695922613143,0.007031925022602,Family_Film
0.0055214329622685,0.0050982483662664,0.0024215949233621,0.0643679201602935,0.8923988342285156,0.0121093373745679,0.0180825628340244,Family_Film
0.0377625487744808,0.2110256552696228,0.0176984015852212,0.0479815416038036,0.6181001663208008,0.0639640763401985,0.0034676305949687,Family_Film
0.2054606825113296,0.1173080205917358,0.1189075857400894,0.0092221423983573,0.5236946940422058,0.0108606368303298,0.0145462695509195,Family_Film
0.0454530827701091,0.103955790400505,0.0065807616338133,0.0028889733366668,0.7584530115127563,0.0299333371222019,0.0527350716292858,Family_Film
0.044242113828659,0.0099307475611567,0.2448711395263672,0.2938336133956909,0.3352255821228027,0.0637851357460022,0.0081117320805788,Family_Film
0.0181618314236402,0.5568202137947083,0.0738642811775207,0.0918027982115745,0.2239938825368881,0.0141239929944276,0.0212329048663377,Family_Film
0.7231621146202087,0.1144938766956329,0.0478921271860599,0.0018992979312315,0.099416859447956,0.0066595240496098,0.006476049311459,Family_Film
0.0133564407005906,0.0114201372489333,0.0041949562728405,0.0060262130573391,0.939667284488678,0.0085691520944237,0.016765771433711,Family_Film
0.0107403369620442,0.1279284507036209,0.0020012233871966,0.0536262094974517,0.7822884917259216,0.0071584084071218,0.0162568669766187,Family_Film
0.2201152890920639,0.0438578650355339,0.0774620547890663,0.007994289509952,0.5396498441696167,0.0604190826416015,0.0505016185343265,Family_Film
0.5389119386672974,0.146181583404541,0.0686868652701377,0.0035208913031965,0.2268763184547424,0.0142834577709436,0.001538896234706,Family_Film
0.1492031514644622,0.0632297396659851,0.019887275993824,0.0392306111752986,0.5661177039146423,0.1026371344923973,0.0596943534910678,Family_Film
0.5141172409057617,0.3028944134712219,0.039089061319828,0.0037425407208502,0.0898277536034584,0.0490896366536617,0.0012394443619996,Family_Film
0.1323141008615493,0.1546496301889419,0.1170021817088127,0.0185048393905162,0.366439551115036,0.0304013956338167,0.18068827688694,Family_Film
0.0073195276781916,0.8345471024513245,0.0162496250122785,0.0053641870617866,0.1265165209770202,0.0049465647898614,0.0050564743578433,Family_Film
