anger,disgust,fear,joy,neutral,sadness,surprise,genre
0.0392983891069889,0.729343593120575,0.1163060441613197,0.0080928849056363,0.0920555517077446,0.0092704845592379,0.0056330310180783,Fantasy
0.1570349931716919,0.0134592363610863,0.7729207873344421,0.0013173565967008,0.014679092913866,0.0333511084318161,0.0072374548763036,Fantasy
0.3261409699916839,0.0432873629033565,0.5130776762962341,0.0014932465273886,0.0122436955571174,0.0573049932718277,0.0464520864188671,Fantasy
0.0138381421566009,0.0755545645952224,0.4578920900821686,0.0032455832697451,0.0817914456129074,0.3034548163414001,0.0642233565449714,Fantasy
0.052874606102705,0.1151370331645011,0.337471455335617,0.0209772195667028,0.4475512206554413,0.0215806104242801,0.0044079264625906,Fantasy
0.010716370306909,0.0391779728233814,0.088037870824337,0.0053258673287928,0.5888635516166687,0.1631965488195419,0.1046817749738693,Fantasy
0.0107891913503408,0.0065129236318171,0.004175882320851,0.0222605317831039,0.7499825954437256,0.0047632730565965,0.2015155404806137,Fantasy
0.0096227619796991,0.0310503523796796,0.4678999781608581,0.0082356240600347,0.4316537380218506,0.0318532325327396,0.019684299826622,Fantasy
0.0099617075175046,0.0597928129136562,0.0133308386430144,0.0049215052276849,0.5312986373901367,0.0125817088410258,0.3681128025054931,Fantasy
0.0029479542281478,0.0288234651088714,0.0114381480962038,0.0038419356569647,0.1205431669950485,0.8189082741737366,0.013497001491487,Fantasy
0.0471671111881732,0.0859731957316398,0.0212211776524782,0.0036396814975887,0.4314737319946289,0.3340709209442138,0.0764541551470756,Fantasy
0.0276753231883049,0.0141331097111105,0.0040876264683902,0.0056418552994728,0.9321205615997314,0.0066023282706737,0.0097391316667199,Fantasy
0.0433126427233219,0.0230096243321895,0.3150252103805542,0.0131281018257141,0.1031092628836631,0.4987463355064392,0.0036688316613435,Fantasy
0.0060491268523037,0.0162686966359615,0.0269211623817682,0.0024126700591295,0.0369299128651618,0.9081109762191772,0.0033073741942644,Fantasy
0.0433904118835926,0.2212231755256652,0.5499268174171448,0.0013138520298525,0.0387183874845504,0.1327256709337234,0.012701659463346,Fantasy
0.0052719074301421,0.0063483007252216,0.0126164648681879,0.0290578957647085,0.6017659902572632,0.3227935433387756,0.0221459381282329,Fantasy
0.1521802246570587,0.6927608847618103,0.0079801119863986,0.0113215008750557,0.1129288971424102,0.0196308623999357,0.0031974716112017,Fantasy
0.0688548609614372,0.0088249593973159,0.0161637645214796,0.0689725428819656,0.3246645331382751,0.4985211193561554,0.0139982867985963,Fantasy
0.4260026812553406,0.0717970579862594,0.4051557779312134,0.0032128470484167,0.0771786794066429,0.0104329213500022,0.0062199267558753,Fantasy
0.0077586160041391,0.0159566719084978,0.006182387471199,0.0266107488423585,0.9149909019470216,0.01445999648422,0.0140406200662255,Fantasy
0.0293048378080129,0.7611593008041382,0.132171481847763,0.0020105866715312,0.0380522310733795,0.0357102192938327,0.001591351465322,Fantasy
0.548755943775177,0.1178414300084114,0.0714855790138244,0.004418309777975,0.2305735051631927,0.0225031543523073,0.0044220425188541,Fantasy
0.0092107625678181,0.0054148850031197,0.0016903557116165,0.0284755937755107,0.932121217250824,0.0040484112687408,0.0190387610346078,Fantasy
0.6412262320518494,0.0589169561862945,0.1273644268512725,0.0031724020373076,0.1521603912115097,0.007788436487317,0.0093711167573928,Fantasy
0.5983491539955139,0.1207488551735878,0.1702959239482879,0.001231707050465,0.011997977271676,0.0919484347105026,0.0054279137402772,Fantasy
0.0175679363310337,0.0127267874777317,0.0042713084258139,0.0105373663827776,0.9119675159454346,0.0051457043737173,0.0377835147082805,Fantasy
0.2082402110099792,0.0703786388039588,0.282755047082901,0.0036081236321479,0.2664521038532257,0.1124691665172576,0.0560966841876506,Fantasy
0.0061176847666502,0.0026150096673518,0.9550577998161316,0.0012418120168149,0.0248799603432416,0.0055678253993391,0.0045199887827038,Fantasy
0.0020672918763011,0.011245503090322,0.0193684063851833,0.0018781871767714,0.0520427338778972,0.8961193561553955,0.0172785799950361,Fantasy
0.022696292027831,0.6473247408866882,0.0405642315745353,0.006984875537455,0.1716772615909576,0.0203072074800729,0.0904453992843627,Fantasy
0.015761062502861,0.0149317514151334,0.0187438502907753,0.053522739559412,0.1899459362030029,0.7028110027313232,0.0042836493812501,Fantasy
0.1909765154123306,0.0653212964534759,0.0288886670023202,0.0040641101077198,0.6833097338676453,0.0104813370853662,0.0169584210962057,Fantasy
0.0244412776082754,0.043224424123764,0.0104052349925041,0.0050029815174639,0.9018715023994446,0.0096940761432051,0.0053605325520038,Fantasy
0.0085848532617092,0.0195182748138904,0.0054893223568797,0.0548259988427162,0.8703587055206299,0.0082028917968273,0.0330200009047985,Fantasy
0.030905844643712,0.0060757049359381,0.2591839730739593,0.0082327965646982,0.0520579554140567,0.0263109039515256,0.6172328591346741,Fantasy
0.0104412650689482,0.0087535288184881,0.0030619888566434,0.3406983911991119,0.5328315496444702,0.0063683995977044,0.0978448763489723,Fantasy
0.0036771011073142,0.007650963962078,0.0028428225778043,0.0020749601535499,0.9616449475288392,0.0100342156365513,0.0120749538764357,Fantasy
0.0023128420580178,0.0106079997494816,0.0073363408446311,0.0009684514370746,0.0208915099501609,0.9524847269058228,0.0053981048986315,Fantasy
0.0087023852393031,0.0689661502838134,0.1190077513456344,0.001844480051659,0.1328382790088653,0.6605004072189331,0.0081406580284237,Fantasy
0.024446940049529,0.0327569991350173,0.0569237731397151,0.0013136394554749,0.0102885272353887,0.8708246946334839,0.0034454921260476,Fantasy
0.0177350547164678,0.0761577785015106,0.1563324034214019,0.0022304444573819,0.171537697315216,0.5264557600021362,0.0495508648455143,Fantasy
0.0042414767667651,0.0146009027957916,0.0069600595161318,0.0018816377269104,0.104344330728054,0.8490679264068604,0.018903624266386,Fantasy
0.2342526018619537,0.0417301170527935,0.6383494138717651,0.0033932158257812,0.0453061573207378,0.0109029561281204,0.0260654967278242,Fantasy
0.4689448177814483,0.3979830741882324,0.0462761968374252,0.0025901915505528,0.0622236728668212,0.0187544729560613,0.00322753819637,Fantasy
0.0170051474124193,0.0697510987520217,0.0023356648162007,0.4909268915653229,0.4067623615264892,0.0084296977147459,0.0047892108559608,Fantasy
0.0180785320699214,0.8279562592506409,0.1026477217674255,0.0008327101240865,0.0121949277818202,0.0322952941060066,0.0059946668334305,Fantasy
0.0033874840009957,0.0240762569010257,0.0027441016864031,0.6471222043037415,0.3063132762908935,0.0086944540962576,0.0076622259803116,Fantasy
