anger,disgust,fear,joy,neutral,sadness,surprise,genre
0.0180904567241668,0.085184670984745,0.0013405149802565,0.0572762787342071,0.791708767414093,0.010043641552329,0.0363556258380413,Horror
0.0240428540855646,0.3557735979557037,0.0014425007393583,0.2143635749816894,0.3764264285564422,0.0112607330083847,0.0166903641074895,Horror
0.0824336037039756,0.4996172785758972,0.0254094693809747,0.0028586329426616,0.1284988671541214,0.2534595429897308,0.0077225207351148,Horror
0.0946003347635269,0.1453352868556976,0.0043217232450842,0.0094144372269511,0.6940135955810547,0.0488599352538585,0.0034546391107141,Horror
0.4173909425735473,0.2729969620704651,0.0285097360610961,0.0143439769744873,0.2346670180559158,0.0271012317389249,0.0049901199527084,Horror
0.5414156317710876,0.3094262480735779,0.0190581325441598,0.001728894538246,0.1039081141352653,0.013349087908864,0.0111138056963682,Horror
0.0370399095118045,0.0247518960386514,0.0046638888306915,0.0270169507712125,0.6833452582359314,0.0087421601638197,0.2144399732351303,Horror
0.0232508517801761,0.0715731084346771,0.0022448471281677,0.3835611939430237,0.4421734511852264,0.0598720125854015,0.0173246338963508,Horror
0.0661094263195991,0.0542134381830692,0.2576768100261688,0.0110990786924958,0.560343325138092,0.0182134080678224,0.0323446169495582,Horror
0.2629471719264984,0.2466416209936142,0.0157656129449605,0.0071818511933088,0.4344529509544372,0.0255064480006694,0.0075042541138827,Horror
0.002886711852625,0.002550772158429,0.9349938035011292,0.0127119245007634,0.0376335345208644,0.0033329217694699,0.0058904755860567,Horror
0.043101966381073,0.7218993902206421,0.114193171262741,0.0006580265471711,0.086158163845539,0.0178194902837276,0.0161698572337627,Horror
0.0279945526272058,0.0561001785099506,0.0643765181303024,0.0053544878028333,0.6488421559333801,0.0110395764932036,0.1862924993038177,Horror
0.0238012038171291,0.0127562154084444,0.817437469959259,0.0014035209314897,0.0802108347415924,0.0070248702540993,0.0573658905923366,Horror
0.0236199535429477,0.0428644977509975,0.7820214629173279,0.002468766644597,0.121786430478096,0.0212620925158262,0.0059768348000943,Horror
0.0086498288437724,0.0219087991863489,0.0258978642523288,0.0233173239976167,0.7080516219139099,0.1986611634492874,0.0135134262964129,Horror
0.0160420406609773,0.0049448343925178,0.0015420028939843,0.4539589285850525,0.4146039485931396,0.0150552466511726,0.0938529521226883,Horror
0.0031093840952962,0.0068106041289865,0.00111028063111,0.0013771862722933,0.0140402829274535,0.970136821269989,0.0034154790919274,Horror
0.2567259073257446,0.1173683032393455,0.3276097774505615,0.0033331087324768,0.1110716313123703,0.0877504050731659,0.0961408764123916,Horror
0.4354568719863891,0.3705679476261139,0.0693965330719947,0.0020054648630321,0.0499281734228134,0.0683047845959663,0.0043402649462223,Horror
0.8275401592254639,0.027112279087305,0.0712504386901855,0.0010020663030445,0.0243187043815851,0.0387481227517128,0.0100281722843647,Horror
0.567685604095459,0.2983941733837127,0.0889151394367218,0.0018945613410323,0.0249096155166625,0.0087400348857045,0.0094608217477798,Horror
0.0263946540653705,0.016579158604145,0.022628454491496,0.0680866315960884,0.7603656053543091,0.0287807807326316,0.0771646797657013,Horror
0.8715032339096069,0.0441877879202365,0.0376782305538654,0.0016278104158118,0.0110390335321426,0.0315052941441535,0.0024585907813161,Horror
0.1365526169538498,0.0320404022932052,0.383902758359909,0.0034585581161081,0.3071533143520355,0.0927827507257461,0.0441095829010009,Horror
