anger,disgust,fear,joy,neutral,sadness,surprise,genre
0.0042667617090046,0.94238543510437,0.0358872711658477,0.0016104786191135,0.0083499522879719,0.006317765917629,0.0011823503300547,Horror
0.0210011545568704,0.0039265984669327,0.954284131526947,0.0016693407669663,0.0109136793762445,0.0055065057240426,0.0026985751464962,Horror
0.3733491897583008,0.3596856296062469,0.0312152188271284,0.0033157863654196,0.197565883398056,0.0181499235332012,0.0167184453457593,Horror
0.01696203276515,0.736465573310852,0.0583465956151485,0.0019438036251813,0.1393807530403137,0.0373269356787204,0.0095742074772715,Horror
0.0146680576726794,0.0110668381676077,0.057036355137825,0.1501475572586059,0.649590253829956,0.0627108588814735,0.0547800362110137,Horror
0.0031537022441625,0.0022108922712504,0.0017417798517271,0.6274081468582153,0.279215544462204,0.0125089837238192,0.073760949075222,Horror
0.0078919641673564,0.0040678628720343,0.9750588536262512,0.0008780569187365,0.0055643185041844,0.0048268563114106,0.0017120543634518,Horror
0.0051738177426159,0.0095074996352195,0.0023871038574725,0.0596737079322338,0.5215615630149841,0.21600241959095,0.1856938600540161,Horror
0.2210310399532318,0.0282231513410806,0.5159830451011658,0.0061760144308209,0.2018254548311233,0.0087837101891636,0.0179775692522525,Horror
0.0121266962960362,0.9041608572006226,0.0148120028898119,0.0053441193886101,0.040567722171545,0.0201044455170631,0.0028839423321187,Horror
0.0284800361841917,0.7593244314193726,0.0299690552055835,0.0012503111502155,0.0847457721829414,0.0331439897418022,0.0630863308906555,Horror
0.2515682280063629,0.4074063599109649,0.0080627277493476,0.0024246403481811,0.3149830400943756,0.0115621509030461,0.0039928988553583,Horror
0.8049626350402832,0.0380501300096511,0.0110640674829483,0.0009206301183439,0.0154612148180603,0.1269743293523788,0.0025669720489531,Horror
0.1083178892731666,0.1278210580348968,0.7250338196754456,0.0013560232473537,0.0116667421534657,0.0184463951736688,0.0073579992167651,Horror
0.0093531664460897,0.0169343333691358,0.0031753063667565,0.0065314094536006,0.138149008154869,0.8171148300170898,0.0087419226765632,Horror
0.0938713997602462,0.3082601428031921,0.0206201020628213,0.0070421574637293,0.4822744131088257,0.0729415565729141,0.0149901881814002,Horror
0.021953847259283,0.1935039758682251,0.015953192487359,0.0041059870272874,0.3727720975875854,0.0221992582082748,0.3695116341114044,Horror
0.0146041363477706,0.930271327495575,0.025323960930109,0.0005110001075081,0.0150312110781669,0.0082620382308959,0.0059963525272905,Horror
0.0147375622764229,0.0783098861575126,0.0089098801836371,0.004971491638571,0.8307678699493408,0.0549815520644187,0.0073216520249843,Horror
0.0250447429716587,0.9512718319892884,0.0034704622812569,0.0003061374009121,0.0127587439492344,0.0056780227459967,0.0014699340099468,Horror
0.0024750207085162,0.0051393713802099,0.1099636033177375,0.0028752256184816,0.0453582517802715,0.798306405544281,0.035882081836462,Horror
0.0140103371813893,0.0176035668700933,0.0139226224273443,0.0068590682931244,0.808872401714325,0.092418685555458,0.0463133938610553,Horror
0.0151185691356658,0.85986328125,0.0237778015434741,0.0008958092075772,0.0582966767251491,0.0242797080427408,0.0177681222558021,Horror
0.0053222929127514,0.9467726349830629,0.015963826328516,0.0005169062060303,0.0219995621591806,0.0067821969278156,0.0026425204705446,Horror
0.010535373352468,0.0980492606759071,0.0035872550215572,0.1211892142891883,0.749609112739563,0.0069350153207778,0.0100947432219982,Horror
0.0299215149134397,0.9072912335395812,0.0077888327650725,0.0019050849368795,0.0398870967328548,0.0115352543070912,0.0016709415940567,Horror
0.786151111125946,0.1529433876276016,0.0092613920569419,0.0013567921705543,0.0394898317754268,0.0049638743512332,0.0058336406946182,Horror
0.0117244999855756,0.961362600326538,0.0074712829664349,0.000806747295428,0.0118605261668562,0.0043652332387864,0.0024090283550322,Horror
0.1642203032970428,0.328701764345169,0.0046803308650851,0.0032223644666373,0.4307206273078918,0.0628171488642692,0.0056373407132923,Horror
0.026248101145029,0.8778632879257202,0.0303234700113534,0.0007543349638581,0.0265620630234479,0.0052710911259055,0.0329777747392654,Horror
0.1933487653732299,0.1717768162488937,0.0716298520565033,0.0054371780715882,0.4990615546703338,0.0548021085560321,0.0039437133818864,Horror
0.099040649831295,0.044001143425703,0.4819638133049011,0.0031080031767487,0.1793372929096222,0.1712331026792526,0.0213159937411546,Horror
0.0105349468067288,0.9493070840835572,0.0081836618483066,0.0006641026120632,0.0225439332425594,0.00236426317133,0.006401992868632,Horror
0.0619329996407032,0.1362451761960983,0.6634261012077332,0.0016827577492222,0.0671080723404884,0.0661982297897338,0.0034066163934767,Horror
0.6266879439353943,0.2158054858446121,0.0083810854703187,0.0006525935023091,0.0400168560445308,0.0968416631221771,0.0116144083440303,Horror
0.0274066254496574,0.0259879324585199,0.6273280382156372,0.0035687906201928,0.2755506634712219,0.0238552428781986,0.0163027066737413,Horror
0.0728843957185745,0.3696574866771698,0.0133028496056795,0.0025553726591169,0.5268958806991577,0.0046087731607258,0.0100952023640275,Horror
0.0693585723638534,0.014971331693232,0.8773579597473145,0.0008816291810944,0.0127915190532803,0.012789187952876,0.0118499640375375,Horror
0.0077334265224635,0.0470450744032859,0.0376239903271198,0.0046778842806816,0.1504339426755905,0.7386902570724487,0.0137954987585544,Horror
0.0231828596442937,0.1276396661996841,0.5327736139297485,0.003674688283354,0.1430331766605377,0.123358130455017,0.0463378764688968,Horror
0.0317799225449562,0.4946459233760834,0.0168001744896173,0.002117805648595,0.265836626291275,0.0133500611409544,0.1754695475101471,Horror
0.2120561450719833,0.5225456357002258,0.0205836109817028,0.0029659371357411,0.1818954795598983,0.0479946248233318,0.0119585320353508,Horror
0.0219080280512571,0.0536143109202384,0.0012790858745574,0.0186745766550302,0.885607123374939,0.0063817640766501,0.0125351082533597,Horror
0.0895153880119323,0.2456450313329696,0.052674327045679,0.0045735989697277,0.2729766964912414,0.3296688199043274,0.0049461219459772,Horror
0.1424858570098877,0.5730484127998352,0.1266867369413375,0.001676294603385,0.1174715235829353,0.0135154975578188,0.0251155495643615,Horror
0.4850506782531738,0.0963762700557708,0.197064071893692,0.0018742531538009,0.0588895939290523,0.1342299133539199,0.0265151746571064,Horror
0.1102943047881126,0.0664869919419288,0.6305897235870361,0.0024237397592514,0.0213682577013969,0.1580033153295517,0.0108336880803108,Horror
0.0708566829562187,0.7426804304122925,0.0444483682513237,0.0027871583588421,0.0624174103140831,0.0498579666018486,0.0269520506262779,Horror
0.0255989078432321,0.1012068763375282,0.2107737958431244,0.004280250519514,0.151764690876007,0.4480034410953522,0.0583720840513706,Horror
0.2040241807699203,0.0469732284545898,0.6699616312980652,0.0012632359284907,0.0087409634143114,0.0666605085134506,0.0023762623313814,Horror
0.0922251790761947,0.3035435080528259,0.0051526385359466,0.0066068498417735,0.5278329849243164,0.0282353274524211,0.0364035293459892,Horror
0.0485146716237068,0.0725339725613594,0.0307476241141557,0.0032361038029193,0.4888692498207092,0.3442607820034027,0.0118376053869724,Horror
0.0981051549315452,0.5893440246582031,0.1999918222427368,0.0024799497332423,0.0857951641082763,0.0084244785830378,0.0158594213426113,Horror
0.0293927956372499,0.0686984434723854,0.0103799067437648,0.0520199872553348,0.7760809659957886,0.0546997152268886,0.0087281912565231,Horror
0.0140026677399873,0.0294355154037475,0.0116556389257311,0.0059917457401752,0.9187155365943908,0.0101932696998119,0.0100056240335106,Horror
