anger,disgust,fear,joy,neutral,sadness,surprise,genre
0.0100380955263972,0.0065405867062509,0.0399191491305828,0.0011315053561702,0.0496179573237896,0.8767339587211609,0.0160187948495149,Science_Fiction
0.0027837473899126,0.0150560950860381,0.9641200304031372,0.0007336915587075,0.0032732093241065,0.0029811824206262,0.0110518299043178,Science_Fiction
0.0056857555173337,0.0094488207250833,0.1725276261568069,0.0189879760146141,0.7108502984046936,0.043852224946022,0.0386472754180431,Science_Fiction
0.0046394779346883,0.0122217759490013,0.0116351759061217,0.0015825583832338,0.919201672077179,0.0349661372601985,0.0157531537115573,Science_Fiction
0.0297331698238849,0.0766892209649086,0.0101191084831953,0.0127572556957602,0.8349805474281311,0.0208471920341253,0.0148735223338007,Science_Fiction
0.2938233613967895,0.0715336129069328,0.0165941100567579,0.0026828825939446,0.521039605140686,0.0879587531089782,0.0063677057623863,Science_Fiction
0.0228025075048208,0.0550822429358959,0.0245947577059268,0.0579126887023448,0.7310135364532471,0.0280450209975242,0.0805492475628852,Science_Fiction
0.0280362423509359,0.2415560334920883,0.0277425441890954,0.0017807609401643,0.2365397959947586,0.4276741743087768,0.036670446395874,Science_Fiction
0.044663917273283,0.0303085576742887,0.0090386364609003,0.0064551727846264,0.8953645825386047,0.0055116955190896,0.008657488040626,Science_Fiction
0.0174109954386949,0.0308444499969482,0.0065061873756349,0.0034522495698183,0.8846060633659363,0.0071964208036661,0.0499835759401321,Science_Fiction
0.0248594433069229,0.4858117699623108,0.4427043497562408,0.0012294143671169,0.0087828105315566,0.0096834730356931,0.0269287526607513,Science_Fiction
0.0483939498662948,0.7958132028579712,0.0254207979887723,0.0009369341423735,0.1176603958010673,0.0082906857132911,0.0034839722793549,Science_Fiction
0.4893160462379455,0.0897040143609047,0.0473439581692218,0.0031622485257685,0.3547650575637817,0.0120178628712892,0.0036908132024109,Science_Fiction
0.0354015901684761,0.7115509510040283,0.052403338253498,0.001434740726836,0.1656570583581924,0.0248369313776493,0.008715427480638,Science_Fiction
0.0031042706687003,0.003704979782924,0.0040925978682935,0.0660525187849998,0.8850805163383484,0.0080174505710601,0.0299477260559797,Science_Fiction
0.010628149844706,0.0044494313187897,0.0091338772326707,0.0015410816995427,0.9161335229873656,0.0088378712534904,0.0492760501801967,Science_Fiction
0.005447284784168,0.0087567958980798,0.0019332550000399,0.3315524458885193,0.5977729558944702,0.0120556866750121,0.0424815006554126,Science_Fiction
0.0077299159020185,0.0923648849129676,0.7816417813301086,0.0015976746799424,0.0431287512183189,0.0046894839033484,0.0688475146889686,Science_Fiction
