anger,disgust,fear,joy,neutral,sadness,surprise,genre
0.0076460815034806,0.2401479333639145,0.0089392596855759,0.0884505361318588,0.6018710732460022,0.0268470607697963,0.0260980818420648,Supernatural
0.0300153009593486,0.1605633497238159,0.4763555526733398,0.0021350434981286,0.0794120952486991,0.0329372771084308,0.218581423163414,Supernatural
0.0031633924227207,0.9791951179504396,0.0022667967714369,0.0005242138286121,0.0086948256939649,0.0036328271962702,0.0025228327140212,Supernatural
0.019210522994399,0.1881055682897567,0.2086488902568817,0.0035019915085285,0.3934840559959411,0.0962461978197097,0.0908028036355972,Supernatural
0.0238411463797092,0.014743261039257,0.0058932956308126,0.1869885474443435,0.6624683737754822,0.0396975465118885,0.0663678050041198,Supernatural
0.0050221933051943,0.0104192895814776,0.0019368588691577,0.0101111494004726,0.9406207203865052,0.0065343091264367,0.0253554619848728,Supernatural
0.0181221459060907,0.033972181379795,0.0026077777147293,0.3458691239356994,0.5397176146507263,0.0438993424177169,0.0158118288964033,Supernatural
0.0321129411458969,0.856613278388977,0.0120748383924365,0.0022642731200903,0.0514700748026371,0.0440409816801548,0.0014237428549677,Supernatural
0.0183436647057533,0.0682582333683967,0.8173099756240845,0.0017717275768518,0.0332190617918968,0.0215498935431242,0.0395475029945373,Supernatural
0.0904732421040535,0.2152411639690399,0.0144972680136561,0.0039300634525716,0.6509761810302734,0.0135110765695571,0.0113709969446063,Supernatural
0.0469905957579612,0.2392869442701339,0.0110971136018633,0.0044049848802387,0.56638103723526,0.1235734298825264,0.0082658482715487,Supernatural
0.0058165686205029,0.0123774958774447,0.0029019054491072,0.0020683894399553,0.9377629160881042,0.0179444476962089,0.0211283564567565,Supernatural
0.0283835269510746,0.063308261334896,0.0060677407309412,0.3288115859031677,0.3490390479564667,0.0042746495455503,0.2201151400804519,Supernatural
0.0133360866457223,0.0394763723015785,0.3142371475696563,0.0034277595113962,0.5570131540298462,0.0663148686289787,0.0061946203932166,Supernatural
0.4457077085971832,0.1905113607645034,0.0115425502881407,0.001394891529344,0.2598250210285187,0.0881498456001281,0.0028685370925813,Supernatural
0.1930188983678817,0.5022134184837341,0.0412714146077632,0.0043841321021318,0.2106368690729141,0.0440211370587348,0.0044541656970977,Supernatural
0.1028693616390228,0.0183959659188985,0.7291757464408875,0.0011096457019448,0.0051883701235055,0.1284632086753845,0.0147976335138082,Supernatural
0.0070980205200612,0.0199241209775209,0.0035315584391355,0.0113059561699628,0.9391108751296996,0.0095151094719767,0.0095143066719174,Supernatural
0.0293680801987648,0.0275334306061267,0.001721661305055,0.1955511271953582,0.7275502681732178,0.0072960867546498,0.0109793748706579,Supernatural
0.0067547056823968,0.0145228989422321,0.0022878414019942,0.0021755499765276,0.9626034498214722,0.0057028476148843,0.0059527186676859,Supernatural
0.0218147747218608,0.0836222469806671,0.0110779050737619,0.0038778316229581,0.8274976015090942,0.0378187783062458,0.0142908133566379,Supernatural
0.0867635160684585,0.3294281661510467,0.0079035265371203,0.0030360035598278,0.5326777696609497,0.0351198948919773,0.0050711389631032,Supernatural
0.0540792644023895,0.0566963553428649,0.0446996875107288,0.0058626811951398,0.8270726799964905,0.0073173949494957,0.0042718984186649,Supernatural
0.0175906457006931,0.0323780924081802,0.0254108719527721,0.0156558323651552,0.8949251770973206,0.0053228815086185,0.0087164603173732,Supernatural
0.0806573703885078,0.1236280426383018,0.0333362035453319,0.0051303897053003,0.2227365374565124,0.3678200840950012,0.166691392660141,Supernatural
0.0233846493065357,0.0258242636919021,0.0103073557838797,0.0031807424966245,0.1331447064876556,0.6609913110733032,0.1431668996810913,Supernatural
0.118774265050888,0.1465132683515548,0.2620920240879059,0.0034592056181281,0.2383476793766021,0.1931323260068893,0.0376812517642974,Supernatural
0.1821285635232925,0.0274071544408798,0.0263875089585781,0.0023994860239326,0.0592308230698108,0.6643314361572266,0.0381150506436824,Supernatural
0.083906702697277,0.020818755030632,0.0153252715244889,0.0052492404356598,0.84761643409729,0.0142714036628603,0.0128122409805655,Supernatural
0.2608371675014496,0.276455283164978,0.0760136321187019,0.0029720480088144,0.2512706816196441,0.0829081684350967,0.0495430566370487,Supernatural
0.3139950931072235,0.2583874464035034,0.1949356943368911,0.0023441885132342,0.1823880970478058,0.0275552943348884,0.020394193008542,Supernatural
0.0732873901724815,0.161592960357666,0.0033418696839362,0.0145771065726876,0.7241520285606384,0.0048359278589487,0.0182127356529235,Supernatural
0.0067179393954575,0.0018411822384223,0.9763025045394896,0.0008869442972354,0.0090886345133185,0.0037089460529386,0.0014537542592734,Supernatural
