anger,disgust,fear,joy,neutral,sadness,surprise,genre
0.1228391006588935,0.7716169953346252,0.043024443089962,0.0026923615951091,0.0400088503956794,0.0173288639634847,0.0024893316440284,Action_Adventure
0.0796266123652458,0.887739360332489,0.0081104049459099,0.0003570411063265,0.0052593029104173,0.0178867876529693,0.001020606723614,Action_Adventure
0.1117171645164489,0.3550586104393005,0.1792393177747726,0.0020783254876732,0.2901975512504577,0.0565304271876812,0.0051786648109555,Action_Adventure
0.0766776651144027,0.8970432877540588,0.0093239415436983,0.0003274467308074,0.0054310983978211,0.0102328173816204,0.0009638008777983,Action_Adventure
0.8663427233695984,0.0805873796343803,0.0316242426633834,0.0008962218416854,0.0117003684863448,0.0064467168413102,0.0024022872094064,Action_Adventure
0.0487289391458034,0.0135622341185808,0.0043528573587536,0.0143212489783763,0.0061961053870618,0.9099107980728148,0.0029277817811816,Action_Adventure
0.7407684922218323,0.0692211091518402,0.0753664746880531,0.0018223456572741,0.0953871831297874,0.01259271427989,0.0048417644575238,Action_Adventure
0.4395648837089538,0.3400550484657287,0.0251771584153175,0.0026693777181208,0.1700437664985656,0.0150707773864269,0.0074189375154674,Action_Adventure
0.1966756731271743,0.335297554731369,0.0054599433206021,0.0033236206509172,0.3784597516059875,0.0690824091434478,0.011701051145792,Action_Adventure
0.0059141553938388,0.0844402685761451,0.0061179087497293,0.0412230752408504,0.8117173910140991,0.009703422896564,0.0408837385475635,Action_Adventure
