anger,disgust,fear,joy,neutral,sadness,surprise,genre
0.0055496110580861,0.0020314089488238,0.0094925630837678,0.5745992660522461,0.3029719889163971,0.0349026098847389,0.0704525858163833,Thriller
0.0184642374515533,0.1636666059494018,0.423313707113266,0.0086684627458453,0.1169027462601661,0.0083176027983427,0.2606666088104248,Thriller
0.8121474981307983,0.0415441691875457,0.0106137199327349,0.0030232269782572,0.0926011353731155,0.037008911371231,0.0030613648705184,Thriller
0.0719183534383773,0.05036411434412,0.7358313798904419,0.002508204896003,0.1208308413624763,0.0078341169282794,0.0107129979878664,Thriller
0.0105102015659213,0.0085911406204104,0.0013464518124237,0.0089287748560309,0.9430089592933656,0.0029216173570603,0.0246928352862596,Thriller
0.2494697421789169,0.2440710663795471,0.0187265053391456,0.0023030017036944,0.0800624638795852,0.3843177258968353,0.021049553528428,Thriller
0.0077314144000411,0.007296625059098,0.0018447623588144,0.0037508169189095,0.8764893412590027,0.0082118501886725,0.0946752056479454,Thriller
0.0084477728232741,0.0240570325404405,0.0027593718841671,0.2931033670902252,0.5960507392883301,0.0585495196282863,0.017032153904438,Thriller
0.0128821264952421,0.0151425218209624,0.0076096663251519,0.0059141428209841,0.9341996312141418,0.0051536713726818,0.0190982054919004,Thriller
