anger,disgust,fear,joy,neutral,sadness,surprise,genre
0.0728403478860855,0.0342420600354671,0.5865069031715393,0.0048936624079942,0.0277287289500236,0.2603504061698913,0.0134379044175148,Drama
0.1482655256986618,0.1105504557490348,0.2205936759710312,0.0247563198208808,0.4296331703662872,0.0542136393487453,0.0119872204959392,Drama
0.3570391237735748,0.217711791396141,0.054637361317873,0.0081614321097731,0.3330394327640533,0.0183140374720096,0.0110968444496393,Drama
0.2818074822425842,0.1780030280351638,0.0257350672036409,0.0024820801336318,0.0678925216197967,0.4414085745811462,0.0026711598038673,Drama
0.0124179972335696,0.0114840529859066,0.001748833223246,0.0050040944479405,0.93889981508255,0.0044116536155343,0.0260335579514503,Drama
0.0504053235054016,0.0322180576622486,0.0014333151048049,0.1480866074562072,0.7360143065452576,0.0198330096900463,0.0120093990117311,Drama
0.0327169187366962,0.7999143600463867,0.0140417916700243,0.0009682124946266,0.0127085261046886,0.1387079507112503,0.0009422269067727,Drama
0.0471471510827541,0.1079008877277374,0.0369085781276226,0.0032562089618295,0.744598925113678,0.0549198798835277,0.0052684629335999,Drama
0.0059021026827394,0.0060750585980713,0.0006785783334635,0.7781746983528137,0.167896419763565,0.0050522135570645,0.036220870912075,Drama
0.0172131154686212,0.0490885898470878,0.0557229332625865,0.0161375347524881,0.8141883611679077,0.0392382629215717,0.0084112212061882,Drama
0.055030234158039,0.5958666801452637,0.0488051883876323,0.0119378138333559,0.227256566286087,0.0067848446778953,0.054318718612194,Drama
0.1403783708810806,0.3473006784915924,0.0153108527883887,0.0029446159023791,0.4266874194145202,0.0638529285788536,0.0035251248627901,Drama
0.0331355482339859,0.0289919003844261,0.0160181485116481,0.0022505733650177,0.6057998538017273,0.2876151800155639,0.0261887777596712,Drama
0.1458559930324554,0.0186343491077423,0.4915046393871307,0.0078767389059066,0.3125098943710327,0.0134998494759202,0.0101184519007802,Drama
0.0146421212702989,0.0918629243969917,0.0056235860101878,0.0161355007439851,0.8606901168823242,0.0065422509796917,0.0045035518705844,Drama
0.0244938880205154,0.8944300413131714,0.0095440410077571,0.003388391342014,0.0561155378818511,0.0105886524543166,0.0014394730096682,Drama
0.0241173803806304,0.1854674071073532,0.0436849705874919,0.0048048635944724,0.4109551608562469,0.3185454607009887,0.0124247735366225,Drama
0.2169174551963806,0.1423572450876236,0.0152526665478944,0.0079553974792361,0.0979584753513336,0.5026995539665222,0.0168592929840087,Drama
0.0340342856943607,0.013517745770514,0.0124193169176578,0.3515546321868896,0.3621292114257812,0.0228823591023683,0.203462466597557,Drama
0.0037415926344692,0.0077484133653342,0.002580810105428,0.3842040002346039,0.0972268134355545,0.4984089136123657,0.0060894340276718,Drama
0.0119084892794489,0.0808112174272537,0.0679200887680053,0.0022127607371658,0.0936071425676345,0.7402666211128235,0.0032736544962972,Drama
0.0187058709561824,0.0089994631707668,0.5071586966514587,0.0065448200330138,0.3486121296882629,0.0824047699570655,0.0275742411613464,Drama
