anger,disgust,fear,joy,neutral,sadness,surprise,genre
0.0079304939135909,0.0157640669494867,0.1936771422624588,0.0569872967898845,0.0347423516213893,0.6768429279327393,0.0140557149425148,Family_Film
0.0056004798971116,0.0038288724608719,0.0009954770794138,0.0012346839066594,0.0067470534704625,0.9788989424705504,0.0026944405399262,Family_Film
0.0043029375374317,0.0054108635522425,0.002046032808721,0.7625561356544495,0.146828293800354,0.0737411528825759,0.0051145520992577,Family_Film
0.0169141683727502,0.0363346524536609,0.705549955368042,0.0033987045753747,0.0284765753895044,0.0036608576774597,0.205665037035942,Family_Film
0.0466455109417438,0.0241811648011207,0.0066698971204459,0.2353799045085907,0.6368868350982666,0.0449466072022914,0.0052900677546858,Family_Film
0.0123376417905092,0.0243474431335926,0.3474535346031189,0.0045918789692223,0.0622804798185825,0.0080969473347067,0.5408920645713806,Family_Film
0.0980488508939743,0.2792413234710693,0.0519458465278148,0.0046445792540907,0.4927828013896942,0.0270302221179008,0.0463064089417457,Family_Film
0.0047848476096987,0.0531633123755455,0.0071354079991579,0.4101151823997497,0.4933118522167206,0.0244342293590307,0.0070550930686295,Family_Film
0.1351270824670791,0.4789903461933136,0.2742729485034942,0.0093676494434475,0.0286690052598714,0.0718956217169761,0.0016773102106526,Family_Film
0.0083253374323248,0.0097756031900644,0.871198296546936,0.0016389401862397,0.0336535908281803,0.0171126350760459,0.0582956783473491,Family_Film
0.0341837480664253,0.0837561786174774,0.1586757153272628,0.0031174353789538,0.6688405275344849,0.0466250889003276,0.0048012984916567,Family_Film
0.1121554374694824,0.3046836853027344,0.0138000082224607,0.0060134250670671,0.4596766531467438,0.098242200911045,0.0054285572841763,Family_Film
0.1313554793596267,0.0551699921488761,0.0079399719834327,0.1544980853796005,0.6315711140632629,0.0092325881123542,0.0102328518405556,Family_Film
0.0100314393639564,0.0049667009152472,0.9443515539169312,0.0017506105359643,0.0263961758464574,0.0106574269011616,0.001846111845225,Family_Film
0.0188144315034151,0.0400875806808471,0.0048375586047768,0.0280697271227836,0.893642783164978,0.0064374068751931,0.0081104775890707,Family_Film
0.1431675255298614,0.3298477232456207,0.0434033200144767,0.0226122941821813,0.3864765763282776,0.0450419224798679,0.0294506568461656,Family_Film
0.378575712442398,0.1603038161993026,0.0594360530376434,0.0046359919942915,0.3425116539001465,0.0376716367900371,0.0168652012944221,Family_Film
0.0348895266652107,0.0028578152414411,0.8787693381309509,0.0026637460105121,0.0282624345272779,0.0424689799547195,0.0100881578400731,Family_Film
0.7659912109375,0.0107094580307602,0.0310709066689014,0.0072982381097972,0.0969648286700248,0.0349340178072452,0.0530314035713672,Family_Film
0.0219830013811588,0.037123579531908,0.0228537637740373,0.0033740047365427,0.8726117610931396,0.03638531640172,0.0056685837917029,Family_Film
0.0996596813201904,0.0424908250570297,0.0024653538130223,0.077026680111885,0.7507501244544983,0.0224922969937324,0.0051149809733033,Family_Film
0.175348162651062,0.0662463083863258,0.6627795100212097,0.0032038702629506,0.068479023873806,0.0117405988276004,0.0122025851160287,Family_Film
0.0042227399535477,0.0041673947125673,0.0011759672779589,0.7757081389427185,0.2002539932727813,0.008692018687725,0.0057796672917902,Family_Film
0.0042110458016395,0.0056633781641721,0.0024431550409644,0.0955576002597808,0.8655495643615723,0.0097328219562768,0.0168424267321825,Family_Film
0.0076333885081112,0.0471555404365062,0.0313292779028415,0.0034668331500142,0.1054579690098762,0.7227723002433777,0.082184687256813,Family_Film
0.0134358117356896,0.1161747798323631,0.0116512719541788,0.2253212034702301,0.6062928438186646,0.0135019067674875,0.0136221488937735,Family_Film
