anger,disgust,fear,joy,neutral,sadness,surprise,genre
0.0237137358635664,0.2659457325935364,0.02623887732625,0.0026871091686189,0.6096735000610352,0.0338139198720455,0.0379271171987056,Short_Film
0.0104642752557992,0.0125570213422179,0.1158685684204101,0.2193258702754974,0.5940189957618713,0.0168407317250967,0.0309245958924293,Short_Film
0.0027634736616164,0.0193258002400398,0.0079915346577763,0.0012278679059818,0.0337033309042453,0.9306178689002992,0.0043700989335775,Short_Film
0.0121094109490513,0.1162642240524292,0.011813947930932,0.0243291966617107,0.7756093144416809,0.0150998905301094,0.0447740703821182,Short_Film
0.0027417561504989,0.0084237791597843,0.000455818575574,0.8881325125694275,0.0870186015963554,0.0031480572652071,0.0100794378668069,Short_Film
0.0050449515692889,0.0067589282989501,0.0022008614614605,0.8834657669067383,0.0693119391798973,0.0186933260411024,0.0145241906866431,Short_Film
0.7549319267272949,0.0057419403456151,0.0792709961533546,0.0041563506238162,0.0392786785960197,0.0149451363831758,0.1016750410199165,Short_Film
0.0107215465977787,0.0184166375547647,0.0172743275761604,0.1393732130527496,0.7374849915504456,0.0119618661701679,0.0647673830389976,Short_Film
0.0209422409534454,0.1574432849884033,0.0040592858567833,0.5252084732055664,0.2589800655841827,0.0214363317936658,0.0119303632527589,Short_Film
0.0135585227981209,0.054590605199337,0.0635433867573738,0.1520022451877594,0.5816630125045776,0.0540425963699817,0.0805995538830757,Short_Film
0.0217645596712827,0.1571941077709198,0.0699447840452194,0.0040302765555679,0.6680634021759033,0.0074117952026426,0.0715910866856575,Short_Film
0.05983766913414,0.0237217750400304,0.5464444160461426,0.003915952052921,0.2336035072803497,0.0921411663293838,0.0403355024755001,Short_Film
0.0065812817774713,0.0082042217254638,0.0044198646210134,0.2322390675544738,0.6064004302024841,0.1241561844944953,0.0179989319294691,Short_Film
0.015531338751316,0.0427337512373924,0.0052369609475135,0.0959343984723091,0.139877513051033,0.6937426328659058,0.0069434088654816,Short_Film
0.0076131811365485,0.0045133652165532,0.93279230594635,0.0017247446812689,0.0258974600583314,0.0234064050018787,0.0040525239892303,Short_Film
0.2871769368648529,0.0046033444814383,0.3922285735607147,0.0252055134624242,0.0124166812747716,0.2584217488765716,0.0199471991509199,Short_Film
0.0258821509778499,0.0746629759669303,0.4865203499794006,0.0017455968772992,0.072231225669384,0.3305884301662445,0.0083692651242017,Short_Film
0.3628675639629364,0.2360685318708419,0.0294454246759414,0.04017885774374,0.307534396648407,0.0199404768645763,0.0039647831581532,Short_Film
0.4089473783969879,0.0195748563855886,0.4337071776390075,0.0015405021840706,0.0254351533949375,0.083611786365509,0.0271832011640071,Short_Film
0.0034417600836604,0.0230990890413522,0.0021593214478343,0.0071402946487069,0.0552014261484146,0.9009464383125304,0.0080116894096136,Short_Film
0.02291065081954,0.0213467832654714,0.0311994161456823,0.0952985137701034,0.2103992402553558,0.0104817645624279,0.6083636283874512,Short_Film
0.0051370155997574,0.0095690554007887,0.0032457772176712,0.4650563299655914,0.3871394991874695,0.0966875851154327,0.0331647731363773,Short_Film
