anger,disgust,fear,joy,neutral,sadness,surprise,genre
0.0252962335944175,0.222356379032135,0.0048630530945956,0.6084151864051819,0.0815542787313461,0.010167951695621,0.0473468899726867,Drama
0.0377467013895511,0.0193582866340875,0.0117780128493905,0.1779406815767288,0.5387327075004578,0.1924930810928344,0.0219505243003368,Drama
0.0070951753295958,0.0647487044334411,0.0397996827960014,0.0074596405029296,0.569664478302002,0.3000498712062835,0.0111824683845043,Drama
0.0063355066813528,0.0020880093798041,0.0021752275060862,0.0378797426819801,0.8662163615226746,0.0067014121450483,0.0786036998033523,Drama
0.0029445711988955,0.0054093725048005,0.0016680938424542,0.9158527851104736,0.0529760979115963,0.0054189250804483,0.0157301668077707,Drama
0.0039755003526806,0.1151196062564849,0.1020112410187721,0.0102307926863431,0.0620647519826889,0.6899091601371765,0.0166889894753694,Drama
0.025818608701229,0.0159780643880367,0.0073988414369523,0.2939812242984772,0.5843679308891296,0.0035684034228324,0.0688869282603263,Drama
0.0112036326900124,0.8465601205825806,0.0022943266667425,0.0688269883394241,0.0578407496213912,0.0080750091001391,0.0051992214284837,Drama
0.0374544076621532,0.0158082153648138,0.0929861888289451,0.0016545621911063,0.0050191478803753,0.8345361351966858,0.0125413127243518,Drama
0.9766142964363098,0.0067441058345139,0.0014589338097721,0.0005047035519964,0.0064252717420458,0.0063778543844819,0.0018750258022919,Drama
0.0342583209276199,0.3117765188217163,0.0775194689631462,0.0045310170389711,0.4881838858127594,0.0116623789072036,0.0720684081315994,Drama
0.0053916648030281,0.1473180502653122,0.0081205759197473,0.5643001198768616,0.2552767097949981,0.0060414653271436,0.0135514540597796,Drama
0.0028278434183448,0.0083333691582083,0.0062784967012703,0.0021051126532256,0.0125412549823522,0.9641153812408448,0.003798465244472,Drama
0.0730904713273048,0.6159969568252563,0.2894438505172729,0.0009758558589965,0.0050751245580613,0.0121524361893534,0.0032652979716658,Drama
0.0025047790259122,0.0054753981530666,0.0443390943109989,0.0011667411308735,0.0113206189125776,0.9314934611320496,0.0036999916192144,Drama
0.0091397687792778,0.0051273149438202,0.0057248338125646,0.0605998262763023,0.7402217984199524,0.0072334115393459,0.171953022480011,Drama
0.0108814518898725,0.0085783777758479,0.0152961853891611,0.1372500211000442,0.7655353546142578,0.0055930423550307,0.0568655133247375,Drama
0.7705225348472595,0.1788341850042343,0.0280010756105184,0.0010731410002335,0.0064472155645489,0.0124048460274934,0.0027171541005373,Drama
0.0256080105900764,0.0127188041806221,0.0008952112402766,0.1473236829042434,0.7799371480941772,0.0108618233352899,0.022655289620161,Drama
0.005044852849096,0.0029883277602493,0.0012434052769094,0.0116277085617184,0.9594704508781432,0.0028292783536016,0.0167960058897733,Drama
0.1511087268590927,0.0439996980130672,0.1611992120742797,0.0115180341526865,0.5660962462425232,0.0603322796523571,0.0057458719238638,Drama
0.0080041838809847,0.9867423176765442,0.0009689830476418,0.0007466345559805,0.0012449761852622,0.0018887962214648,0.0004042042128276,Drama
0.0834549814462661,0.1569139212369918,0.0386001169681549,0.0059097195044159,0.6927495002746582,0.0103226648643612,0.0120490929111838,Drama
0.0670104697346687,0.8664084076881409,0.015376241877675,0.0007377756410278,0.0126831633970141,0.0360669717192649,0.0017168847844004,Drama
0.3210578560829162,0.5934576988220215,0.0123110376298427,0.0022828392684459,0.0566918849945068,0.013211254030466,0.00098744162824,Drama
0.3758582770824432,0.4131087958812713,0.0722687765955925,0.0035817127209156,0.1143555641174316,0.0073343981057405,0.0134925255551934,Drama
0.0312101747840642,0.9142037034034728,0.0112232659012079,0.000428796862252,0.0122675038874149,0.0285647045820951,0.0021018204279243,Drama
0.2470108419656753,0.0308728404343128,0.007093452848494,0.2223845422267913,0.3107554018497467,0.0037065802607685,0.1781763434410095,Drama
0.04964105412364,0.1939713954925537,0.2514699399471283,0.0101217217743396,0.3381924033164978,0.0871337056159973,0.0694697871804237,Drama
0.0172010920941829,0.8671521544456482,0.0092125069350004,0.002371568698436,0.0362849608063697,0.0658573061227798,0.0019204495474696,Drama
0.1768280416727066,0.3241488039493561,0.0031709684990346,0.003290643217042,0.457995057106018,0.0301837027072906,0.0043828864581882,Drama
0.0409976094961166,0.0210326854139566,0.018252108246088,0.0047387676313519,0.8521671295166016,0.0368044227361679,0.0260072983801364,Drama
0.0520048812031745,0.0362854860723018,0.0134009169414639,0.0222746841609478,0.8557068705558777,0.0057320767082273,0.0145950885489583,Drama
