anger,disgust,fear,joy,neutral,sadness,surprise,genre
0.0127905262634158,0.3165042400360107,0.051159493625164,0.0020581581629812,0.0764565989375114,0.5382692217826843,0.0027617027517408,Romance_Film
0.0227935891598463,0.1083817407488823,0.010623668320477,0.126888707280159,0.6695072054862976,0.0591808818280696,0.0026241817977279,Romance_Film
0.0058025862090289,0.0606839284300804,0.0040930830873548,0.7005375623703003,0.180711880326271,0.0283071026206016,0.0198638141155242,Romance_Film
0.0121777793392539,0.0702863857150077,0.0023373842705041,0.0052550989203155,0.0330830290913581,0.8215394020080566,0.0553209036588668,Romance_Film
0.0255312453955411,0.1014364138245582,0.0035845399834215,0.0318289957940578,0.8026925921440125,0.0270194336771965,0.0079067386686801,Romance_Film
0.0188395883888006,0.9224228858947754,0.0017567481845617,0.0037346170283854,0.0418141856789588,0.0082878358662128,0.0031442139297723,Romance_Film
0.0073181940242648,0.1132219433784484,0.0304547157138586,0.002329827286303,0.02409696765244,0.8197458982467651,0.0028324874583631,Romance_Film
0.0225326176732778,0.0226090550422668,0.0263586789369583,0.0710436850786209,0.8291102051734924,0.0185972843319177,0.0097484942525625,Romance_Film
0.0034805596806108,0.0098180109634995,0.0008854215848259,0.890469491481781,0.0626973360776901,0.0075934450142085,0.0250557549297809,Romance_Film
0.0858344212174415,0.2044093906879425,0.0028401978779584,0.6399514079093933,0.0567396767437458,0.0056496309116482,0.004575325641781,Romance_Film
0.0095922667533159,0.0168304815888404,0.0035190146882086,0.1266369372606277,0.8118281960487366,0.0211284030228853,0.010464733466506,Romance_Film
0.0308845825493335,0.1678062826395034,0.0032847546972334,0.0156511384993791,0.7653003334999084,0.0127104585990309,0.0043623568490147,Romance_Film
0.9742401242256165,0.0072307088412344,0.0030519303400069,0.0004785865312442,0.0090788938105106,0.0038248859345912,0.0020949563477188,Romance_Film
0.0060394708998501,0.003864426864311,0.0009290089365094,0.0034786460455507,0.0042438986711204,0.9801969528198242,0.0012476438423618,Romance_Film
0.0236933771520853,0.0106397867202758,0.0042366269044578,0.0009828330948948,0.0116333151236176,0.9459988474845886,0.0028152854647487,Romance_Film
0.0087462188675999,0.0199743546545505,0.0302244182676076,0.3427570760250091,0.0234126988798379,0.5710476040840149,0.0038376313168555,Romance_Film
0.6959399580955505,0.0905891135334968,0.0061474698595702,0.0020939512178301,0.0603363290429115,0.1414669603109359,0.0034263709094375,Romance_Film
0.0045169917866587,0.7099729776382446,0.0105948960408568,0.04462381452322,0.2096500396728515,0.015296864323318,0.0053444853983819,Romance_Film
0.1323208063840866,0.5280696153640747,0.0184587687253952,0.0057652438990771,0.2539131343364715,0.0556240119040012,0.0058483728207647,Romance_Film
0.026150707155466,0.2593981921672821,0.6943460702896118,0.0014280306641012,0.0042545106261968,0.0085867121815681,0.0058357683010399,Romance_Film
0.018920624628663,0.049487542361021,0.0044787749648094,0.4459012746810913,0.1246895194053649,0.3275643289089203,0.028957974165678,Romance_Film
0.8747110962867737,0.0109487576410174,0.0827308073639869,0.0020534910727292,0.0192386768758296,0.0083657847717404,0.0019513468723744,Romance_Film
0.309544026851654,0.1085669323801994,0.0043860496953129,0.0041947234421968,0.0321381725370883,0.5388387441635132,0.0023314247373491,Romance_Film
0.2886377871036529,0.2753177881240845,0.1331806778907776,0.0028600124642252,0.031388945877552,0.2671205103397369,0.0014942872803658,Romance_Film
0.0078146923333406,0.0014463282423093,0.0595639571547508,0.00720274168998,0.0080200880765914,0.0040969047695398,0.9118552803993224,Romance_Film
0.0363312363624572,0.4393061101436615,0.0089831808581948,0.2675428688526153,0.2247517257928848,0.0159882996231317,0.007096545305103,Romance_Film
0.5673767328262329,0.0838617980480194,0.0066954409703612,0.0084953038021922,0.1890961080789566,0.1384450644254684,0.0060295648872852,Romance_Film
0.0249259490519762,0.2926641702651977,0.0444805920124053,0.350810557603836,0.1395750641822815,0.1360206305980682,0.0115229301154613,Romance_Film
0.1289540827274322,0.8303061723709106,0.0034436683636158,0.0014154004165902,0.0086663989350199,0.0264712814241647,0.0007430315599776,Romance_Film
0.0049581918865442,0.0145225031301379,0.0161749199032783,0.6649705767631531,0.2102297842502594,0.0160565078258514,0.0730874463915824,Romance_Film
0.3173246085643768,0.5425536632537842,0.0090751955285668,0.0010538665810599,0.0818421021103859,0.0456981882452964,0.0024523849133402,Romance_Film
0.777605414390564,0.1840127259492874,0.0027865341398864,0.0012441033031791,0.0228977054357528,0.0071835513226687,0.0042699971236288,Romance_Film
0.001845508813858,0.008682606741786,0.0891340300440788,0.0017455372726544,0.0068513806909322,0.8888493180274963,0.0028916765004396,Romance_Film
0.0039204116910696,0.0088774478062987,0.0041769235394895,0.0158320628106594,0.0250613186508417,0.9389997720718384,0.0031320606358349,Romance_Film
0.0048155370168387,0.0054139154963195,0.0007700601126998,0.9298763275146484,0.0393947288393974,0.0158145986497402,0.0039148097857832,Romance_Film
