anger,disgust,fear,joy,neutral,sadness,surprise,genre
0.1760844886302948,0.0933575257658958,0.3908341825008392,0.0036727786064147,0.0246608406305313,0.3090187311172485,0.0023713815025985,Comedy
0.0023055097553879,0.0299178715795278,0.0021905086468905,0.0017243567854166,0.0294362641870975,0.9303454756736756,0.0040800054557621,Comedy
0.0183505099266767,0.1525751501321792,0.04983451962471,0.0185690112411975,0.7334485650062561,0.0186894834041595,0.0085327718406915,Comedy
0.0457503423094749,0.1334448903799057,0.0147517779842019,0.0102518629282712,0.1480269283056259,0.6449815034866333,0.0027927097398787,Comedy
0.0085109947249293,0.0378998704254627,0.0024224091321229,0.0366097837686538,0.0682884082198143,0.8421149849891663,0.0041535291820764,Comedy
0.0347314216196537,0.005335000809282,0.0465316772460937,0.1986171901226043,0.6787410378456116,0.0249473080039024,0.0110962903127074,Comedy
0.5071438550949097,0.0897048562765121,0.0067653069272637,0.0082096559926867,0.3141201138496399,0.0686288326978683,0.0054272767156362,Comedy
0.0579928718507289,0.0074744154699146,0.8668515086174011,0.0026776713784784,0.0358978509902954,0.0259743519127368,0.0031314033549278,Comedy
0.1198688298463821,0.6800447106361389,0.1388481110334396,0.0008065467118285,0.0449787080287933,0.0124894538894295,0.0029637017287313,Comedy
0.0177018605172634,0.145969346165657,0.0654525309801101,0.0020477059297263,0.6522626876831055,0.048227846622467,0.0683380141854286,Comedy
0.0138424402102828,0.0638739466667175,0.040459506213665,0.0073300106450915,0.4632822275161743,0.4058862924575805,0.0053255409002304,Comedy
0.0438151657581329,0.0286189168691635,0.1167607977986335,0.0014246114296838,0.2372927665710449,0.4825013875961303,0.089586317539215,Comedy
0.0130595508962869,0.021009836345911,0.0030124431941658,0.0149774383753538,0.8664479851722717,0.013047469779849,0.0684453248977661,Comedy
0.0481163449585437,0.3028317093849182,0.0021225253585726,0.1749932616949081,0.3807644546031952,0.0757627710700035,0.0154089275747537,Comedy
0.2818564772605896,0.5349266529083252,0.0033825091086328,0.0010462377686053,0.0178762022405862,0.1590234935283661,0.0018884167075157,Comedy
0.0152890412136912,0.0400406345725059,0.0009905630722641,0.0059951674193143,0.922209858894348,0.0103161949664354,0.005158559884876,Comedy
0.0091525986790657,0.0060705179348587,0.5663933157920837,0.0081797279417514,0.3890484571456909,0.0113404635339975,0.0098149422556161,Comedy
