anger,disgust,fear,joy,neutral,sadness,surprise,genre
0.0146237602457404,0.8095760345458984,0.063348650932312,0.0049814395606517,0.0759376809000969,0.0288941320031881,0.0026383488439023,Drama
0.026452736929059,0.3246985375881195,0.0051336856558918,0.0038181638810783,0.4823240637779236,0.1468981057405471,0.010674781166017,Drama
0.0806811600923538,0.3794901669025421,0.2112545073032379,0.0042568459175527,0.0134659577161073,0.3080216646194458,0.002829811302945,Drama
0.0109685901552438,0.0153545523062348,0.0078588919714093,0.0152527326717972,0.9074876308441162,0.0411028265953063,0.0019747698679566,Drama
0.033985648304224,0.2416958659887313,0.0026954615022987,0.0308570582419633,0.67256760597229,0.0076565099880099,0.0105418283492326,Drama
0.0490003712475299,0.5398492217063904,0.0039719636552035,0.0552908591926097,0.1731913536787033,0.1768562346696853,0.0018399686086922,Drama
0.0273069962859153,0.6471248269081116,0.2903734445571899,0.0017081423429772,0.0103350654244422,0.0159030091017484,0.0072485078126192,Drama
0.1337368190288543,0.8284253478050232,0.0082744071260094,0.0007515709730796,0.0172540936619043,0.0092665869742631,0.0022912537679076,Drama
0.0159608144313097,0.91131991147995,0.005548951216042,0.0092056551948189,0.0410497859120368,0.0020846289116889,0.0148301636800169,Drama
0.001461103092879,0.0012375661171972,0.000247411604505,0.9884867668151855,0.0040949522517621,0.0015227831900119,0.0029494664631783,Drama
0.0171897076070308,0.0688793808221817,0.0023294612765312,0.017548132687807,0.0434394404292106,0.8494017720222473,0.00121215719264,Drama
0.0033804015256464,0.0078110457397997,0.9807240962982178,0.0006843348382972,0.0027075107209384,0.0020292296539992,0.0026634153909981,Drama
0.0354833640158176,0.3386148512363434,0.0379853025078773,0.0028958702459931,0.117324523627758,0.4613986611366272,0.0062973708845674,Drama
0.0363577269017696,0.9134425520896912,0.0153895998373627,0.001609927858226,0.0260633677244186,0.0048321038484573,0.0023046038113534,Drama
0.0083033265545964,0.0045545930042862,0.9300136566162108,0.0033603836782276,0.0321417972445488,0.020736688748002,0.0008896380313672,Drama
0.0232416242361068,0.0264014918357133,0.0354583822190761,0.0019404857885092,0.2707249820232391,0.0709814950823783,0.5712515115737915,Drama
0.0527476891875267,0.5864049792289734,0.0064002876169979,0.002549787517637,0.2370865792036056,0.1098921075463295,0.0049185715615749,Drama
0.0063780453056097,0.025754801928997,0.0007243463187478,0.8328259587287903,0.1219136640429496,0.0087833637371659,0.0036197288427501,Drama
