anger,disgust,fear,joy,neutral,sadness,surprise,genre
0.217249646782875,0.1855558604001999,0.1817958801984787,0.0055147078819572,0.3761595487594604,0.0265315063297748,0.0071928743273019,War_film
0.0098373368382453,0.1756620705127716,0.0055653750896453,0.4329427480697632,0.3220360279083252,0.031808067113161,0.0221483130007982,War_film
0.0250173807144165,0.0746897831559181,0.4229181110858917,0.0049869962967932,0.1425616890192031,0.3258720636367798,0.0039540030993521,War_film
0.2819024622440338,0.489618718624115,0.0076570948585867,0.0020774877630174,0.1780681759119033,0.0227717440575361,0.0179043672978878,War_film
0.0211431961506605,0.1881768405437469,0.1084998473525047,0.0544593557715415,0.5739359855651855,0.0060625099577009,0.0477222986519336,War_film
0.0284739751368761,0.1299827247858047,0.0147701613605022,0.006400775630027,0.7884044051170349,0.0149825466796755,0.0169853754341602,War_film
0.6027156710624695,0.1434996575117111,0.0072268648073077,0.0015347986482083,0.2247299551963806,0.0106102181598544,0.0096828136593103,War_film
0.0072800694033503,0.0131433997303247,0.5823670029640198,0.0039085443131625,0.1668816953897476,0.2186991870403289,0.0077201351523399,War_film
0.0923282951116561,0.6498672366142273,0.0172526147216558,0.0030840176623314,0.2177145928144455,0.0035048413556069,0.0162483733147382,War_film
0.0470598489046096,0.451319932937622,0.0149276545271277,0.111958123743534,0.1647746115922927,0.2020538449287414,0.00790595728904,War_film
0.3038798868656158,0.3318852484226227,0.0416577868163585,0.0012971383985131,0.0080661009997129,0.3108689486980438,0.0023448537103831,War_film
0.1865261197090149,0.5790868997573853,0.005230760667473,0.0107265412807464,0.1932491958141327,0.0236640200018882,0.0015164164360612,War_film
0.0107668507844209,0.0108035029843449,0.0069681266322731,0.6613100171089172,0.2542290687561035,0.0053624529391527,0.0505599081516265,War_film
0.0695057585835456,0.1116384044289588,0.0024425641167908,0.0143499709665775,0.2744664549827575,0.5225972533226013,0.0049996618181467,War_film
0.0919521525502204,0.6489679217338562,0.0262075997889041,0.0052471281960606,0.0839286372065544,0.1410490870475769,0.0026475058402866,War_film
0.0204082075506448,0.9392151832580566,0.0064176297746598,0.0024929861538112,0.0056659723632037,0.0249542202800512,0.0008457733201794,War_film
0.0251962561160326,0.8057242631912231,0.0044386056251823,0.0092605100944638,0.1237939521670341,0.027136692777276,0.0044497228227555,War_film
0.4333298206329345,0.4527775943279266,0.0063691190443933,0.0016856138827279,0.0669431388378143,0.0369288958609104,0.001965831965208,War_film
0.0256048403680324,0.0809841975569725,0.0373824685811996,0.0032566729933023,0.730260968208313,0.0868509039282798,0.0356599502265453,War_film
0.0227372553199529,0.0405296385288238,0.0588490664958953,0.0240178070962429,0.793103814125061,0.034013919532299,0.0267484933137893,War_film
0.7227943539619446,0.0635227784514427,0.1702679991722107,0.0008433032780885,0.0151910670101642,0.0054091392084956,0.0219713523983955,War_film
0.5095108151435852,0.0227290261536836,0.251873642206192,0.0013324316823855,0.0066143865697085,0.2059625834226608,0.0019770918879657,War_film
0.309317797422409,0.2101680785417556,0.178633451461792,0.0042451811023056,0.2535397112369537,0.0127686560153961,0.031327087432146,War_film
0.1748339086771011,0.1755638271570205,0.030328195542097,0.0045686899684369,0.5932629108428955,0.014572805725038,0.0068696290254592,War_film
0.0528247691690921,0.9253371953964232,0.0044070407748222,0.0006730940076522,0.0120357014238834,0.0034243466798216,0.0012978626182302,War_film
0.1287874281406402,0.204036071896553,0.0102945985272526,0.010012911632657,0.5884401798248291,0.0498664453625679,0.0085623739287257,War_film
0.022380756214261,0.0085732107982039,0.9171593189239502,0.0018735679332166,0.0393316596746444,0.0059276227839291,0.0047538778744637,War_film
0.0069901864044368,0.0048762946389615,0.0041596856899559,0.061629831790924,0.9018634557724,0.0124499043449759,0.008030604571104,War_film
0.3050974607467651,0.3794106841087341,0.0581961683928966,0.0038200409617275,0.2165186703205108,0.0335016399621963,0.0034554267767816,War_film
0.1646239161491394,0.182457149028778,0.0141950510442256,0.0041869231499731,0.4144779741764068,0.2169109135866165,0.0031480558682233,War_film
0.1339692622423172,0.5395932197570801,0.3016382455825805,0.0015637315809726,0.0129867298528552,0.0068033481948077,0.0034455028362572,War_film
