anger,disgust,fear,joy,neutral,sadness,surprise,genre
0.0468161292374134,0.4534340798854828,0.453575074672699,0.003326115431264,0.0298561714589595,0.003860279219225,0.0091321542859077,Thriller
0.1188549473881721,0.3201628625392914,0.0907362401485443,0.0034174369648098,0.1831687241792678,0.2732053995132446,0.0104544758796691,Thriller
0.0092406701296567,0.05755016207695,0.0289437975734472,0.0109145250171422,0.8436183929443359,0.0159247126430273,0.0338077954947948,Thriller
0.2371726036071777,0.4826360940933227,0.0136399501934647,0.0018712867749854,0.08792544901371,0.0802686363458633,0.0964860096573829,Thriller
0.086285650730133,0.0173039529472589,0.0068002105690538,0.007716825697571,0.7421992421150208,0.0096312882378697,0.1300628334283828,Thriller
0.0076443734578788,0.0052693537436425,0.1457791477441787,0.0020043209660798,0.008714884519577,0.809363067150116,0.0212248377501964,Thriller
0.005178331863135,0.0014284618664532,0.0040262411348521,0.001353507512249,0.0095680719241499,0.9675607085227966,0.0108846724033355,Thriller
0.0578259862959384,0.0112051758915185,0.0125294933095574,0.002529481658712,0.0116116981953382,0.8760972023010254,0.0282008983194828,Thriller
0.1867580115795135,0.0362476892769336,0.263784259557724,0.0111608393490314,0.0159284602850675,0.2947255671024322,0.1913951784372329,Thriller
0.2904948592185974,0.0023190297652035,0.3773117065429687,0.004294681828469,0.0013396053109318,0.317721426486969,0.0065187173895537,Thriller
0.0446182079613208,0.0118112852796912,0.0408332757651805,0.0512777417898178,0.6970563530921936,0.012003218755126,0.1423999518156051,Thriller
0.0823945924639701,0.0615542866289615,0.0185452885925769,0.0148461600765585,0.7739686965942383,0.0153529215604066,0.0333379991352558,Thriller
0.0065866210497915,0.0096867205575108,0.0034145726822316,0.0120398364961147,0.1401785165071487,0.7236624360084534,0.1044312939047813,Thriller
0.0095127625390887,0.0131632899865508,0.0041534486226737,0.0027154220733791,0.9618789553642272,0.0050157071091234,0.0035604287404567,Thriller
0.3472825884819031,0.1077871844172477,0.1578646153211593,0.0111069744452834,0.211309939622879,0.1462408900260925,0.0184077955782413,Thriller
0.9877759218215942,0.0033685755915939,0.0010586938587948,0.0005006837891414,0.0046251090243458,0.0021058940328657,0.0005652123945765,Thriller
0.016329538077116,0.0073823272250592,0.0084927175194025,0.0180198606103658,0.9053910970687866,0.0072873230092227,0.0370971448719501,Thriller
0.0101786414161324,0.0139926150441169,0.0098971407860517,0.0029465302359312,0.9506656527519226,0.0038859404157847,0.0084335189312696,Thriller
0.0133364368230104,0.0083273677155375,0.0075746602378785,0.0025800967123359,0.9425513744354248,0.0162017624825239,0.0094283362850546,Thriller
0.0077324341982603,0.0039862035773694,0.0044952505268156,0.0028531111311167,0.5159067511558533,0.0180055927485227,0.4470206201076507,Thriller
0.007539140060544,0.0390424169600009,0.0047617647796869,0.0516218021512031,0.685499906539917,0.0420487076044082,0.169486254453659,Thriller
0.1995685249567031,0.2033994793891906,0.0273381024599075,0.0014635388506576,0.0210302677005529,0.5406506061553955,0.0065495441667735,Thriller
