anger,disgust,fear,joy,neutral,sadness,surprise,genre
0.0181243903934955,0.0172482896596193,0.0547046586871147,0.0110505428165197,0.841646134853363,0.0452061556279659,0.0120198037475347,Animation
0.0191247481852769,0.2262263298034668,0.0346048362553119,0.0092605333775281,0.0544118285179138,0.6508159041404724,0.0055558108724653,Animation
0.1078022420406341,0.4041439890861511,0.08090490847826,0.0015551529359072,0.0891571640968322,0.2948865890502929,0.0215499773621559,Animation
0.0155683001503348,0.0619330890476703,0.0129643911495804,0.0093850614503026,0.203754186630249,0.6928252577781677,0.0035696371924132,Animation
0.0252107717096805,0.0468550883233547,0.0332683324813842,0.0035624364390969,0.1409826874732971,0.7454487085342407,0.0046719592064619,Animation
0.0268280804157257,0.5797171592712402,0.0226235743612051,0.0017932230839505,0.3387535214424133,0.0207594111561775,0.0095250522717833,Animation
0.0345427244901657,0.027482209727168,0.6291868090629578,0.0097157908603549,0.1377660483121872,0.1567970216274261,0.0045094462111592,Animation
0.0056595136411488,0.7880886793136597,0.0350434780120849,0.0146026285365223,0.106815218925476,0.0430662892758846,0.0067243361845612,Animation
0.1278210878372192,0.4127932488918304,0.0050257029943168,0.0355000011622905,0.3974612355232239,0.0123828807845711,0.0090158767998218,Animation
0.0129059748724102,0.4226201176643371,0.0549390129745006,0.0032730917446315,0.1813046187162399,0.3198846876621246,0.0050725773908197,Animation
0.2788293957710266,0.4983265101909637,0.0108467377722263,0.0021319491788744,0.0149590345099568,0.1930189877748489,0.001887452439405,Animation
0.0070073464885354,0.0669098272919654,0.0721117779612541,0.0021467914339154,0.0498709492385387,0.7853482961654663,0.016605008393526,Animation
0.0056825559586286,0.0301554407924413,0.035615038126707,0.0037131027784198,0.1518696695566177,0.7653952836990356,0.0075688981451094,Animation
