anger,disgust,fear,joy,neutral,sadness,surprise,genre
0.0567623153328895,0.3504486680030823,0.0634655058383941,0.2451994717121124,0.2308652698993683,0.0447998270392417,0.0084588592872023,World_cinema
0.0140926241874694,0.055831640958786,0.4270712435245514,0.0030295748729258,0.4688611626625061,0.0207346994429826,0.0103790815919637,World_cinema
0.2144672274589538,0.7235648036003113,0.0062588439323008,0.0018350514583289,0.0347606427967548,0.014562215656042,0.0045510986819863,World_cinema
0.0177087988704442,0.407750517129898,0.00371032836847,0.0052497130818665,0.1084971129894256,0.4539543092250824,0.0031292613130062,World_cinema
0.0276793912053108,0.4664171636104584,0.0231816265732049,0.1323239207267761,0.3117757737636566,0.0338696092367172,0.0047524278052151,World_cinema
0.0868472680449485,0.880328893661499,0.0045740338973701,0.0008214841363951,0.0138161862269043,0.0108055714517831,0.0028065363876521,World_cinema
0.0894220471382141,0.822632372379303,0.018774839118123,0.0011884439736604,0.0184640455991029,0.0474114306271076,0.0021068172063678,World_cinema
0.0553226247429847,0.9065344333648682,0.0139370001852512,0.0008097582613117,0.0126066328957676,0.00992863625288,0.0008610091754235,World_cinema
0.2017843723297119,0.6179646253585815,0.0609188117086887,0.002401499543339,0.0703798308968544,0.0449677370488643,0.0015832048375159,World_cinema
0.2758067548274994,0.1575515568256378,0.4275313019752502,0.0024803150445222,0.0868701413273811,0.0434675961732864,0.0062923147343099,World_cinema
0.1535161435604095,0.3807684779167175,0.0059367339126765,0.0028672721236944,0.0351872704923152,0.4175159931182861,0.004208130761981,World_cinema
0.0017324008513242,0.0063588279299438,0.0029887307900935,0.0010438052704557,0.0160285662859678,0.9688910245895386,0.0029566953890025,World_cinema
0.0824436694383621,0.49732106924057,0.0032757972367107,0.0022357665002346,0.3629023134708404,0.0421117208898067,0.0097097409889101,World_cinema
0.0800018236041069,0.6074456572532654,0.0029655820690095,0.0032144428696483,0.281789481639862,0.0207238793373107,0.0038591895718127,World_cinema
0.0077029815874993,0.963304877281189,0.0020524873398244,0.0004612711200024,0.0052875285036861,0.0204713307321071,0.0007194244535639,World_cinema
0.105142705142498,0.5776129364967346,0.0088397990912199,0.005823680665344,0.2133263498544693,0.0817234218120575,0.0075310715474188,World_cinema
0.0211913492530584,0.8009113669395447,0.0093499980866909,0.0021780838724225,0.1170841604471206,0.0447138994932174,0.0045710620470345,World_cinema
0.0490029379725456,0.2576727271080017,0.0350540503859519,0.0036896301899105,0.6104151606559753,0.0333968289196491,0.0107687236741185,World_cinema
0.4921458959579468,0.1890287399291992,0.0295540522783994,0.007325479760766,0.2323096841573715,0.0434758961200714,0.006160182878375,World_cinema
0.6492190957069397,0.2942486405372619,0.0072449622675776,0.0031812691595405,0.0330280177295208,0.0122428443282842,0.0008352526347152,World_cinema
0.0105608394369483,0.4013772010803222,0.033387616276741,0.0056207524612545,0.5256133079528809,0.0105116041377186,0.0129286460578441,World_cinema
0.0463667064905166,0.1852057129144668,0.1734887212514877,0.0060410457663238,0.1150745302438736,0.382721483707428,0.0911018401384353,World_cinema
0.2327612340450287,0.5427563190460205,0.0046911831013858,0.003397311316803,0.176362857222557,0.038639061152935,0.0013920295750722,World_cinema
0.3650676012039184,0.552497148513794,0.0608216077089309,0.000743860786315,0.0090765487402677,0.0097401775419712,0.0020531525369733,World_cinema
0.1938833892345428,0.7552728652954102,0.0031342902220785,0.0017775711603462,0.0309548918157815,0.0127237746492028,0.0022532031871378,World_cinema
0.0444421730935573,0.0119838314130902,0.0286541283130645,0.0454748757183551,0.8528376817703247,0.0101388692855834,0.0064683970995247,World_cinema
0.0122773926705122,0.0324644483625888,0.0116892280057072,0.0080882366746664,0.8120489716529846,0.0162071753293275,0.1072245389223098,World_cinema
0.4164345562458038,0.53704434633255,0.0039279628545045,0.0008314292063005,0.0145521573722362,0.0260147806257009,0.001194740878418,World_cinema
0.1007111892104148,0.7844178676605225,0.0268313232809305,0.0010913314763456,0.0280994940549135,0.0432483702898025,0.0156003236770629,World_cinema
0.0157814361155033,0.016680097207427,0.0056821759790182,0.0167397372424602,0.917884111404419,0.009734945371747,0.017497532069683,World_cinema
