anger,disgust,fear,joy,neutral,sadness,surprise,genre
0.00514442846179,0.0216829515993595,0.0050202519632875,0.1770223528146743,0.7580073475837708,0.0204967558383941,0.0126258786767721,Drama
0.0069892825558781,0.0029176583047956,0.0035304913762956,0.3119254112243652,0.2445761114358902,0.007401299662888,0.4226597845554352,Drama
0.2672331929206848,0.0885318368673324,0.0047059343196451,0.0258689057081937,0.3239218592643738,0.287790834903717,0.0019474708242341,Drama
0.0051808482967317,0.0031532659195363,0.0041308398358523,0.0104182157665491,0.9644104242324828,0.0031718749087303,0.0095344418659806,Drama
0.0146399028599262,0.0216083694249391,0.0011634207330644,0.0950583666563034,0.8224104642868042,0.0411352328956127,0.0039843250997364,Drama
0.0588224418461322,0.0184537936002016,0.5101891756057739,0.0076797823421657,0.157664343714714,0.0037631294690072,0.2434273660182953,Drama
0.6210450530052185,0.3132304847240448,0.01043392252177,0.0027654839213937,0.0322123430669307,0.0190181322395801,0.0012944733025506,Drama
0.0365795046091079,0.9171375632286072,0.0167393907904624,0.0005690081161446,0.01140424516052,0.0163267701864242,0.001243561389856,Drama
0.047545738518238,0.3818833231925964,0.0055808541364967,0.0051423218101263,0.2920581400394439,0.2550355494022369,0.012754013761878,Drama
0.7180331945419312,0.1150926873087883,0.0048159114085137,0.0033256481401622,0.1446818262338638,0.0083070350810885,0.0057437121868133,Drama
0.0182861387729644,0.959282159805298,0.0014386232942342,0.0005506758461706,0.0128629608079791,0.0063719674944877,0.0012076224666088,Drama
