anger,disgust,fear,joy,neutral,sadness,surprise,genre
0.0964672788977623,0.6047243475914001,0.1785193830728531,0.0053784139454364,0.0868119001388549,0.0150953950360417,0.0130033185705542,Drama
0.0330556109547615,0.2050472646951675,0.2447670847177505,0.0386078916490078,0.2535359859466553,0.2040390968322754,0.020947141572833,Drama
0.009912546724081,0.0223709885030984,0.0078778332099318,0.4146797955036163,0.2224720120429992,0.3193754553794861,0.0033113551326096,Drama
0.0064399084076285,0.0313479639589786,0.0020721345208585,0.1956119388341903,0.742005467414856,0.0158318504691123,0.0066907568834722,Drama
0.0139944804832339,0.0109205516055226,0.5088509917259216,0.3748930990695953,0.041732981801033,0.0473131500184536,0.0022947238758206,Drama
0.0143415760248899,0.7016310095787048,0.0348729453980922,0.0254912413656711,0.1807827055454254,0.0207350384443998,0.0221455227583646,Drama
0.0063803796656429,0.0964956656098365,0.0093355122953653,0.0722635686397552,0.7830682992935181,0.0058670020662248,0.0265896469354629,Drama
0.0096185784786939,0.0542103722691535,0.0470966473221778,0.0475487746298313,0.8097995519638062,0.0098158484324812,0.021910173818469,Drama
0.0151463821530342,0.4778796136379242,0.0067439721897244,0.3600648641586303,0.0748349726200103,0.0542293675243854,0.0111008547246456,Drama
0.1431027203798294,0.3654728829860687,0.0099662486463785,0.0149582345038652,0.4333806335926056,0.030277919024229,0.0028413771651685,Drama
0.0080368313938379,0.1103027462959289,0.0060646305792033,0.0022546583786606,0.8322112560272217,0.0227496642619371,0.0183802172541618,Drama
0.0079991817474365,0.1172183975577354,0.0024477741681039,0.4276148974895477,0.4076106250286102,0.0338483788073062,0.00326076336205,Drama
0.0222697593271732,0.4149206280708313,0.0100746750831604,0.1222605630755424,0.4039949178695678,0.0064012915827333,0.0200782120227813,Drama
0.0263611935079097,0.0813867598772049,0.0131261684000492,0.0036092696245759,0.2658194303512573,0.0069649587385356,0.6027321815490723,Drama
0.2453886717557907,0.594312310218811,0.005178868304938,0.001782550709322,0.1010636985301971,0.0247651915997266,0.0275087561458349,Drama
0.0036097334232181,0.0043090851977467,0.00028695713263,0.960397243499756,0.0219363905489444,0.0040630614385008,0.0053973831236362,Drama
0.0064198803156614,0.0079033579677343,0.009222618304193,0.0017579167615622,0.0126731675118207,0.94749253988266,0.0145305730402469,Drama
