anger,disgust,fear,joy,neutral,sadness,surprise,genre
0.0357065238058567,0.174237459897995,0.026529211550951,0.0401232950389385,0.670381486415863,0.0227278918027877,0.0302941780537366,Romance_Film
0.0214905310422182,0.0319566205143928,0.0035795040894299,0.0025084197986871,0.9250818490982056,0.0065252454951405,0.008857749402523,Romance_Film
0.0184010490775108,0.0888832286000251,0.0349018387496471,0.0074419858865439,0.8004113435745239,0.033585350960493,0.0163752045482397,Romance_Film
0.0050053573213517,0.0355539768934249,0.0030657979659736,0.2358020693063736,0.6438005566596985,0.044442843645811,0.0323294848203659,Romance_Film
0.0050423252396285,0.0117913074791431,0.0029240751173347,0.4720485806465149,0.063768096268177,0.4101139008998871,0.0343117266893386,Romance_Film
0.0049391891807317,0.0057832566089928,0.0007180760148912,0.0329653434455394,0.9437752962112428,0.0047300024889409,0.0070888567715883,Romance_Film
0.0045555694960057,0.0223937127739191,0.0034371963702142,0.0037805950269103,0.9542193412780762,0.0033213857095688,0.008292163722217,Romance_Film
0.0051340414211153,0.0053467056713998,0.0015853908844292,0.1998989135026931,0.7620762586593628,0.0062483567744493,0.0197103563696146,Romance_Film
0.0439330860972404,0.0415678173303604,0.2013188302516937,0.0198781937360763,0.0734043419361114,0.2387959957122802,0.3811017274856567,Romance_Film
0.0027704611420631,0.0155881159007549,0.0069411909207701,0.6475228667259216,0.2713859379291534,0.0056945821270346,0.0500969067215919,Romance_Film
0.0035421175416558,0.0246480833739042,0.0033164280466735,0.0456931516528129,0.8899606466293335,0.0035884676035493,0.0292511750012636,Romance_Film
0.0033764238469302,0.0091815562918782,0.0009472937672398,0.0143543435260653,0.9591583609580994,0.0031234126072376,0.0098585421219468,Romance_Film
0.0067722667008638,0.0097468523308634,0.001183689222671,0.0110790431499481,0.9315131902694702,0.0025568935088813,0.0371480509638786,Romance_Film
0.0524961911141872,0.0462800599634647,0.0033026847522705,0.0069585558958351,0.8695948123931885,0.0130817675963044,0.0082859955728054,Romance_Film
0.0030162618495523,0.0125708794221282,0.0043182861991226,0.0863161906599998,0.8142843246459961,0.0057148314081132,0.0737792178988456,Romance_Film
0.009523038752377,0.0366476997733116,0.0027928652707487,0.0229588076472282,0.1484041512012481,0.7634442448616028,0.0162292011082172,Romance_Film
0.0124208899214863,0.0051553314551711,0.0099199283868074,0.0014487911248579,0.0189870279282331,0.0018852960783988,0.9501826763153076,Romance_Film
0.0156874004751443,0.0410369150340557,0.0561003945767879,0.0017415083711966,0.652813196182251,0.2122483849525451,0.0203721262514591,Romance_Film
0.4489209949970245,0.3777300119400024,0.0353057347238063,0.0016252329805865,0.0454795211553573,0.0893058851361274,0.0016326337354257,Romance_Film
0.4068291187286377,0.1889460533857345,0.0063953530043363,0.0156010845676064,0.3258804678916931,0.0465352870523929,0.0098126260563731,Romance_Film
0.0265892930328845,0.1572429537773132,0.5807967782020569,0.0036800350062549,0.1694410592317581,0.0583262965083122,0.0039234748110175,Romance_Film
0.112250842154026,0.5100509524345398,0.010084219276905,0.006957933306694,0.3397355675697326,0.0171796884387731,0.0037408210337162,Romance_Film
0.3446552455425262,0.4700640439987182,0.0310740582644939,0.0028243125416338,0.0864460468292236,0.0416041351854801,0.0233321487903594,Romance_Film
0.1805018782615661,0.71973717212677,0.0217946469783782,0.0010991297895088,0.0431424267590045,0.0315809994935989,0.0021437755785882,Romance_Film
0.0094716334715485,0.0456399880349636,0.1603455543518066,0.0029814892914146,0.1401808708906173,0.638180673122406,0.0031997875776141,Romance_Film
0.0158712044358253,0.0402149297297,0.0132550988346338,0.0018334710039198,0.8932348489761353,0.0148552870377898,0.0207351297140121,Romance_Film
0.0143773946911096,0.0578806735575199,0.023781668394804,0.0009953798726201,0.8412156701087952,0.0196970123797655,0.0420521423220634,Romance_Film
0.074978306889534,0.1051728799939155,0.0146689508110284,0.0139919919893145,0.7829695343971252,0.0054687294177711,0.0027496139518916,Romance_Film
0.0069550415500998,0.0481568984687328,0.005810750182718,0.0023965989239513,0.9101586937904358,0.0057158037088811,0.0208061207085847,Romance_Film
0.0164136327803134,0.7737728357315063,0.0088529996573925,0.0019754767417907,0.1814431846141815,0.0126853054389357,0.0048565338365733,Romance_Film
0.1152635738253593,0.724238395690918,0.0176655519753694,0.0022069711703807,0.0953613519668579,0.042471595108509,0.0027925523463636,Romance_Film
0.0017815495375543,0.0008396888733841,0.0002976135292556,0.9631682634353638,0.0070470515638589,0.011127189733088,0.0157386530190706,Romance_Film
0.0125492699444293,0.0066600735299289,0.0889456570148468,0.0024826356675475,0.0224061775952577,0.0029437709599733,0.8640123605728149,Romance_Film
0.0022553014568984,0.0086211003363132,0.0008639491279609,0.0650664195418357,0.0719315558671951,0.8453579545021057,0.0059036370366811,Romance_Film
0.0041635883972048,0.0096630016341805,0.0025185542181134,0.7741146683692932,0.1963018774986267,0.0049188644625246,0.008319366723299,Romance_Film
0.0081501025706529,0.0317200981080532,0.0163444802165031,0.0022907711099833,0.183625727891922,0.0347135588526725,0.7231552600860596,Romance_Film
0.0845274776220321,0.8656734824180603,0.0023590840864926,0.0020892436150461,0.0309193842113018,0.0127235436812043,0.0017077686497941,Romance_Film
0.0319153405725955,0.3045708835124969,0.007355498149991,0.0065023102797567,0.6053627729415894,0.0397754870355129,0.0045176725834608,Romance_Film
0.0092659620568156,0.0092005860060453,0.0285438261926174,0.1117877662181854,0.7993283867835999,0.0118606518954038,0.030012872070074,Romance_Film
0.006416720803827,0.0206121988594532,0.0059203873388469,0.0350187830626964,0.8003861308097839,0.0994128361344337,0.0322329401969909,Romance_Film
0.0052579897455871,0.0157501194626092,0.004041988402605,0.0085963755846023,0.0449707731604576,0.9127206206321716,0.0086621660739183,Romance_Film
0.0036039135884493,0.0212002377957105,0.0051811719313263,0.0084163276478648,0.07725490629673,0.8824665546417236,0.0018768217414617,Romance_Film
0.0130579955875873,0.1951759606599807,0.0018439082195982,0.0140898320823907,0.720696210861206,0.0510474368929863,0.0040886462666094,Romance_Film
0.010207861661911,0.030639037489891,0.0018812946509569,0.2293015867471695,0.6810396909713745,0.0244298595935106,0.0225006639957427,Romance_Film
0.010651595890522,0.0159703306853771,0.0031700520776212,0.0711200311779975,0.8563836216926575,0.0360996834933757,0.006604706402868,Romance_Film
0.003648345824331,0.0033713055308908,0.0015968286897987,0.0056056198664009,0.97088885307312,0.0042194505222141,0.0106694744899868,Romance_Film
0.0096122017130255,0.0105774840340018,0.0045506437309086,0.3894283175468445,0.5347394943237305,0.0063637681305408,0.0447280965745449,Romance_Film
0.004412202630192,0.003881289390847,0.0015975589631125,0.0793376341462135,0.8956018090248108,0.0039125997573137,0.0112568540498614,Romance_Film
0.0075391489081084,0.0480198450386524,0.0017967778258025,0.5127249360084534,0.41347336769104,0.0056973341852426,0.0107485735788941,Romance_Film
0.0044580032117664,0.0517369471490383,0.0035907013807445,0.0047107012942433,0.8720975518226624,0.0079787392169237,0.0554272606968879,Romance_Film
0.0034178581554442,0.0098518896847963,0.0019422835903242,0.3794852793216705,0.5786955952644348,0.0149929039180278,0.0116141978651285,Romance_Film
0.0074452823027968,0.0073460023850202,0.0027487911283969,0.7440222501754761,0.1667054146528244,0.024841034784913,0.0468912273645401,Romance_Film
0.0278549063950777,0.0130009278655052,0.0081411395221948,0.0354624465107917,0.7886961698532104,0.0029681131709367,0.1238763481378555,Romance_Film
0.0022492150310426,0.0154673960059881,0.0007351340609602,0.8868911266326904,0.0825515612959861,0.0088390745222568,0.0032665161415934,Romance_Film
