anger,disgust,fear,joy,neutral,sadness,surprise,genre
0.041515938937664,0.1257623136043548,0.238999992609024,0.0265628900378942,0.2425892204046249,0.0095866108313202,0.314983069896698,Romance_Film
0.0205848067998886,0.4723022878170013,0.0619642212986946,0.0066995425149798,0.4150228798389435,0.0140687143430113,0.0093575334176421,Romance_Film
0.0138169704005122,0.0292955543845891,0.0612478964030742,0.0238769762217998,0.4067949056625366,0.4604431390762329,0.0045245075598359,Romance_Film
0.0163712948560714,0.91217839717865,0.0448290593922138,0.0009408522164449,0.0190620776265859,0.001783623942174,0.0048346845433115,Romance_Film
0.784675121307373,0.1423975676298141,0.0453151352703571,0.0026767512317746,0.010799660347402,0.0066210525110363,0.0075147203169763,Romance_Film
0.0095623517408967,0.897693932056427,0.0045678694732487,0.0309877805411815,0.048302624374628,0.0042177657596766,0.0046676569618284,Romance_Film
0.807770848274231,0.1565161049365997,0.0045823352411389,0.001028312370181,0.0194504633545875,0.0074905198998749,0.0031614303588867,Romance_Film
0.0104334969073534,0.930441677570343,0.0198105815798044,0.0016781883314251,0.0328134186565876,0.0022725134622305,0.0025501539930701,Romance_Film
0.1885599792003631,0.6591435074806213,0.0027995489072054,0.007986475713551,0.047566968947649,0.0905707404017448,0.0033727181144058,Romance_Film
0.4206026494503021,0.378682017326355,0.0054143988527357,0.002145635895431,0.0771044269204139,0.111962579190731,0.0040882499888539,Romance_Film
0.0055009420029819,0.965794026851654,0.0052829920314252,0.0014635263942182,0.0179179459810256,0.0020249499939382,0.0020155038218945,Romance_Film
0.3734380602836609,0.5227755308151245,0.0112635241821408,0.0020400790963321,0.0622321739792823,0.019807094708085,0.0084434719756245,Romance_Film
0.0797600150108337,0.863741397857666,0.0047296565026044,0.000857118924614,0.0426413528621196,0.0070495805703103,0.0012210017303004,Romance_Film
0.006651728413999,0.010724707506597,0.0052426378242671,0.6784836649894714,0.2616741955280304,0.0059014083817601,0.031321533024311,Romance_Film
0.0072756954468786,0.0175614152103662,0.00127722567413,0.8423265814781189,0.1165622323751449,0.0052517936564981,0.0097451377660036,Romance_Film
0.0079048750922083,0.0285482853651046,0.0167001746594905,0.2752213478088379,0.5660123229026794,0.0499958880245685,0.0556170493364334,Romance_Film
0.0034034142736345,0.0065959491766989,0.001394041115418,0.0058044400066137,0.0129724098369479,0.953082263469696,0.0167474579066038,Romance_Film
0.0192738957703113,0.5203830599784851,0.0073942085728049,0.0029038046486675,0.4342812001705169,0.0098737757652997,0.0058899791911244,Romance_Film
0.2113020569086074,0.4476191699504852,0.0088406829163432,0.005657629109919,0.1104963794350624,0.2109620124101638,0.005122045520693,Romance_Film
0.4742951989173889,0.359016090631485,0.0259195920079946,0.0013689099578186,0.0395976416766643,0.0958266630768776,0.0039758081547915,Romance_Film
0.323480874300003,0.3576278388500213,0.0286164451390504,0.0045845843851566,0.1129422560334205,0.1568823307752609,0.0158657487481832,Romance_Film
0.0073145618662238,0.0112440455704927,0.004050557501614,0.0093638347461819,0.9497779607772828,0.004632085096091,0.0136169735342264,Romance_Film
0.0019179150694981,0.0140405092388391,0.0032727080397307,0.002443604869768,0.0220636799931526,0.9531410932540894,0.0031205457635223,Romance_Film
0.0085716508328914,0.4575970768928528,0.0075047519057989,0.0131246158853173,0.4810714721679687,0.021650867536664,0.0104796132072806,Romance_Film
0.0428138561546802,0.6508903503417969,0.0177004933357238,0.0012499262811616,0.1068246439099311,0.1730546355247497,0.0074660466052591,Romance_Film
0.0969213023781776,0.1840017437934875,0.4874249100685119,0.0027372606564313,0.1725415885448455,0.0545437186956405,0.0018295017071068,Romance_Film
0.0132865300402045,0.5849050283432007,0.0494122803211212,0.002304253866896,0.3235514760017395,0.0161851532757282,0.0103552024811506,Romance_Film
0.0060990769416093,0.0079741030931472,0.000367576663848,0.9260368943214417,0.052857793867588,0.0032096323557198,0.0034549832344055,Romance_Film
0.0227361507713794,0.0502041429281234,0.0035815520677715,0.4997842013835907,0.3889921605587005,0.0050971303135156,0.029604535549879,Romance_Film
0.0137521503493189,0.0449112802743911,0.0343609377741813,0.0242802500724792,0.8272174000740051,0.0240950286388397,0.0313829518854618,Romance_Film
0.0102922162041068,0.9492793679237366,0.0013666896848008,0.0047845691442489,0.025561461225152,0.0074300994165241,0.001285781036131,Romance_Film
0.0023162197321653,0.0021348558366298,0.9838677644729614,0.000692562200129,0.0068986718542873,0.0027111337985843,0.0013786706840619,Romance_Film
0.0153357358649373,0.9055560827255248,0.0084406547248363,0.0018062253948301,0.0366571508347988,0.0292987171560525,0.0029054884798824,Romance_Film
0.024721784517169,0.8183909058570862,0.0038876659236848,0.0065532666631042,0.129832848906517,0.0057220021262764,0.0108916154131293,Romance_Film
0.5630447864532471,0.0254006180912256,0.1574452221393585,0.0014149617636576,0.0279431976377964,0.204513669013977,0.0202376134693622,Romance_Film
0.2470515072345733,0.4996176362037658,0.0120072634890675,0.0012635173043236,0.0534804612398147,0.168765440583229,0.017814127728343,Romance_Film
0.0139315472915768,0.1143973022699356,0.4365368485450744,0.0044593918137252,0.1223979592323303,0.3011459708213806,0.007130975369364,Romance_Film
0.0182303115725517,0.8985827565193176,0.07024797052145,0.0006221121875569,0.0036765951663255,0.0071729863993823,0.001467193942517,Romance_Film
0.0805872231721878,0.0915055051445961,0.0112740360200405,0.0086312564089894,0.7429611682891846,0.0609718039631843,0.0040690302848815,Romance_Film
0.0159231163561344,0.0070363413542509,0.0077740349806845,0.413680225610733,0.4785702526569366,0.0144099108874797,0.0626061707735061,Romance_Film
0.0613826625049114,0.1277060955762863,0.0025381234008818,0.0037463374901562,0.0920426025986671,0.7096656560897827,0.0029184732120484,Romance_Film
0.1650890707969665,0.4040500819683075,0.064044252038002,0.0047726496122777,0.3055539727210998,0.0164119228720664,0.0400780700147151,Romance_Film
0.0136903151869773,0.4758340120315552,0.0030147389043122,0.0487535893917083,0.424089640378952,0.0281185656785964,0.0064992201514542,Romance_Film
0.080382153391838,0.2500413358211517,0.0750963687896728,0.0450013093650341,0.3826318085193634,0.1256674528121948,0.0411795675754547,Romance_Film
0.4952150285243988,0.29188272356987,0.0210538655519485,0.0160964857786893,0.155249610543251,0.0186856370419263,0.0018165939254686,Romance_Film
0.0091765988618135,0.0223057605326175,0.0017504626885056,0.0225318055599927,0.912794291973114,0.0036281896755099,0.0278128068894147,Romance_Film
0.0422126539051532,0.0298124179244041,0.0025966756511479,0.0356882363557815,0.8759285807609558,0.0044307359494268,0.009330722503364,Romance_Film
0.1176633983850479,0.8264268636703491,0.0054536685347557,0.0009018491837196,0.0286059211939573,0.0198604762554168,0.001087809796445,Romance_Film
0.0415684171020984,0.0396787002682685,0.1048301458358764,0.0058734957128763,0.7697710990905762,0.0095291016623377,0.0287490673363208,Romance_Film
0.0370836295187473,0.3469474911689758,0.0061482628807425,0.0261198375374078,0.1596447378396988,0.4187781810760498,0.005277756601572,Romance_Film
0.0076635042205452,0.0266925785690546,0.0042044147849082,0.0078726252540946,0.9227951169013976,0.0074016232974827,0.0233701765537261,Romance_Film
0.0241195727139711,0.1874514520168304,0.0240954961627721,0.0070207756944,0.7314023971557617,0.0066410708241164,0.0192691218107938,Romance_Film
0.8745673894882202,0.0234920196235179,0.0585068501532077,0.0016618631780147,0.0345541127026081,0.0044220071285963,0.0027958289720118,Romance_Film
0.1725956797599792,0.8044947981834412,0.0123001504689455,0.0005842623650096,0.0062080575153231,0.0022059937473386,0.0016111192526295,Romance_Film
0.0330913700163364,0.146004244685173,0.0044955336488783,0.4283564984798431,0.3529922664165497,0.025712464004755,0.0093476353213191,Romance_Film
0.0769371837377548,0.9012987017631532,0.0040612160228192,0.0008900900720618,0.0092858057469129,0.0060970904305577,0.0014300041366368,Romance_Film
0.0310790911316871,0.1744627803564071,0.0780389457941055,0.0131592946127057,0.6007310152053833,0.0082388967275619,0.094289943575859,Romance_Film
0.21655935049057,0.5921546816825867,0.0160048585385084,0.003563814330846,0.074359118938446,0.0950051769614219,0.0023530798498541,Romance_Film
0.0415994971990585,0.7974655032157898,0.0140005061402916,0.002264171373099,0.0512208119034767,0.0918620154261589,0.001587526872754,Romance_Film
0.9628866910934448,0.0145691419020295,0.0022132191807031,0.0006318748928606,0.0132536180317401,0.002876644488424,0.0035688749048858,Romance_Film
0.047205563634634,0.7641363739967346,0.006969510577619,0.0018656945321708,0.044970691204071,0.1331046521663665,0.0017475088825449,Romance_Film
0.0975122079253196,0.3912888169288635,0.0137648498639464,0.0019649341702461,0.0287180449813604,0.4626767039299011,0.0040744016878306,Romance_Film
0.0012559700990095,0.0020513036288321,0.0028110828716307,0.0009052687091752,0.0047837705351412,0.9857137203216552,0.0024789406452327,Romance_Film
0.0057953023351728,0.005707595963031,0.0004631725314538,0.8819972276687622,0.0643122941255569,0.0113598555326461,0.0303645450621843,Romance_Film
0.3811501860618591,0.4621293544769287,0.03915636241436,0.0031714525539427,0.0981325283646583,0.0130496602505445,0.0032105231657624,Romance_Film
0.0183321703225374,0.045054480433464,0.0578621663153171,0.004238907713443,0.4675772488117218,0.3982960879802704,0.0086390040814876,Romance_Film
0.0055445176549255,0.0158714689314365,0.0075821867212653,0.0648434832692146,0.870527446269989,0.00512670353055,0.0305042788386344,Romance_Film
0.00501842610538,0.0075304498896002,0.003573860740289,0.3749634027481079,0.5153628587722778,0.0598582103848457,0.0336927287280559,Romance_Film
0.1128972694277763,0.1942310631275177,0.0167946387082338,0.0029090787284076,0.0911496058106422,0.5712326765060425,0.0107856467366218,Romance_Film
0.0157565139234066,0.0454072169959545,0.0010398332960903,0.6527217030525208,0.2662055194377899,0.0093728527426719,0.0094963749870657,Romance_Film
0.1065616458654403,0.5911100506782532,0.0132030854001641,0.0009758776868693,0.1988841146230697,0.0828738063573837,0.0063914931379258,Romance_Film
0.2177899479866027,0.2154935896396637,0.0024266517721116,0.0138196442276239,0.5316390991210938,0.0155386459082365,0.0032923384569585,Romance_Film
0.0899839997291565,0.3213892877101898,0.066009946167469,0.0016897760797291,0.1424466073513031,0.362523078918457,0.0159572977572679,Romance_Film
0.0037087071686983,0.0006453554960899,0.0024752165190875,0.9273962378501892,0.0225078798830509,0.0166314933449029,0.026635218411684,Romance_Film
0.0100189661607146,0.0071036266162991,0.0026200171560049,0.8508093357086182,0.0656804293394088,0.0088524017482995,0.0549152493476867,Romance_Film
