anger,disgust,fear,joy,neutral,sadness,surprise,genre
0.0211854372173547,0.0302078407257795,0.0459167473018169,0.8231314420700073,0.0542791299521923,0.0203676652163267,0.0049117398448288,Historical_Epic
0.0119218723848462,0.041254635900259,0.0049833813682198,0.648232102394104,0.2795131802558899,0.0088139120489358,0.0052808867767453,Historical_Epic
0.0098991990089416,0.0603579021990299,0.0049399062991142,0.0224233120679855,0.8822989463806152,0.0074549936689436,0.0126256570219993,Historical_Epic
0.4538330733776092,0.4297279715538025,0.0161256939172744,0.0076055624522268,0.0369545221328735,0.0529591888189315,0.002793971914798,Historical_Epic
0.4431295990943908,0.4115386307239532,0.0167415905743837,0.0020554207731038,0.1078943833708763,0.0166020300239324,0.0020383500959724,Historical_Epic
0.8098691701889038,0.0908489152789115,0.007880569435656,0.0036694197915494,0.0760886520147323,0.0073266364634037,0.0043165800161659,Historical_Epic
0.014472035691142,0.0448389612138271,0.0083797741681337,0.0178493820130825,0.8363077044487,0.0340444706380367,0.0441076792776584,Historical_Epic
0.1560359746217727,0.2477049827575683,0.0059212315827608,0.00729994289577,0.5554406642913818,0.0213779471814632,0.0062192343175411,Historical_Epic
0.0224108099937438,0.248620867729187,0.0051564658060669,0.0737259238958358,0.6318410634994507,0.0076313521713018,0.0106135560199618,Historical_Epic
0.0344851315021514,0.8186774253845215,0.0084218485280871,0.0011781024513766,0.076204128563404,0.0591404996812343,0.0018929560901597,Historical_Epic
