anger,disgust,fear,joy,neutral,sadness,surprise,genre
0.0099607044830918,0.033821415156126,0.0184447169303894,0.2935319542884826,0.5525985360145569,0.0413752682507038,0.0502674244344234,Musical
0.0054465304128825,0.0059359571896493,0.0016501636710017,0.351728081703186,0.604101836681366,0.0130866365507245,0.0180507265031337,Musical
0.0067213424481451,0.0143856313079595,0.0014102376298978,0.7847168445587158,0.1559671759605407,0.0132319284602999,0.0235667917877435,Musical
0.0052329343743622,0.005004113074392,0.0024808242451399,0.1163233593106269,0.8338084816932678,0.0151934707537293,0.0219568163156509,Musical
0.0091231223195791,0.1168594807386398,0.0072841732762753,0.1512611806392669,0.6434692144393921,0.0505461953580379,0.0214565955102443,Musical
0.0061513939872384,0.006051383446902,0.0012642120709642,0.0089039327576756,0.0997412949800491,0.0025492936838418,0.8753384947776794,Musical
0.0155119448900222,0.0324322395026683,0.0344302393496036,0.0021046807523816,0.819074809551239,0.0326429978013038,0.0638031065464019,Musical
0.0169571377336978,0.0261149946600198,0.0180996134877204,0.0114055918529629,0.873684823513031,0.0181498955935239,0.035587903112173,Musical
0.019072426483035,0.0434262491762638,0.2672194540500641,0.0248074512928724,0.2251035571098327,0.008202482946217,0.41216841340065,Musical
0.0379622988402843,0.301186591386795,0.0370333082973957,0.016637111082673,0.5239149332046509,0.0719892233610153,0.0112765440717339,Musical
0.0223185922950506,0.0306825768202543,0.0009213979938067,0.1090293601155281,0.8219289183616638,0.0063935252837836,0.0087256645783782,Musical
0.0483463443815708,0.0581800304353237,0.0035267185885459,0.2394892424345016,0.6320228576660156,0.0089786285534501,0.0094561334699392,Musical
0.0406808890402317,0.312820166349411,0.0397441945970058,0.0275170505046844,0.3924327790737152,0.1235103756189346,0.0632946118712425,Musical
0.1876686960458755,0.1329742074012756,0.0077798897400498,0.0405989959836006,0.4522241950035095,0.1768128275871276,0.001941091264598,Musical
0.1103168949484825,0.0565341934561729,0.076611042022705,0.0052728014998137,0.7160215973854065,0.0300732143223285,0.0051703248172998,Musical
0.0063422918319702,0.0175890289247035,0.0012665290851145,0.5233781337738037,0.4152969121932983,0.0228699296712875,0.0132572939619421,Musical
0.0232003275305032,0.0123260198161005,0.0148255471140146,0.1433483511209488,0.2265755087137222,0.5747491717338562,0.0049751442857086,Musical
0.0023697833530604,0.0026956489309668,0.000835855549667,0.7814810276031494,0.1029860451817512,0.0768885165452957,0.0327431932091712,Musical
0.1508190333843231,0.7102259397506714,0.0425949059426784,0.0036918458063155,0.0763672590255737,0.0143388779833912,0.0019621348474174,Musical
0.1844325214624405,0.1587157398462295,0.0134812723845243,0.0059207435697317,0.5689839124679565,0.0659558549523353,0.002509961137548,Musical
0.0407774411141872,0.0897840782999992,0.0054020825773477,0.0926994830369949,0.7340571284294128,0.0153186554089188,0.0219612531363964,Musical
0.0240151938050985,0.0601704493165016,0.0342057906091213,0.065708227455616,0.7805063724517822,0.0286488384008407,0.0067451414652168,Musical
0.0451142527163028,0.2810178995132446,0.0141768986359238,0.1415480077266693,0.481916069984436,0.0275808665901422,0.0086459042504429,Musical
0.0664321705698967,0.041499737650156,0.0050200810655951,0.0358596593141555,0.5066209435462952,0.3385781943798065,0.0059892800636589,Musical
0.0092038502916693,0.0079961158335208,0.0088691441342234,0.0008544218144379,0.0105984518304467,0.954912006855011,0.0075660264119505,Musical
0.014902064576745,0.0533791296184062,0.0021970723755657,0.0884905159473419,0.813983678817749,0.0171989034861326,0.0098486728966236,Musical
0.0049301073886454,0.0425699539482593,0.0071650152094662,0.0944676026701927,0.8122895359992981,0.0273753423243761,0.0112025197595357,Musical
