anger,disgust,fear,joy,neutral,sadness,surprise,genre
0.0081004677340388,0.1030620634555816,0.005902059841901,0.2634746134281158,0.5653221011161804,0.0258885752409696,0.0282500833272933,Romantic_drama
0.1444138288497924,0.2307943552732467,0.0096929660066962,0.0018194852164015,0.0755130127072334,0.5313982367515564,0.0063680508174002,Romantic_drama
0.1584353446960449,0.1418720930814743,0.0231242179870605,0.1962970048189163,0.4658028483390808,0.0093197701498866,0.0051487148739397,Romantic_drama
0.0205410122871398,0.1032003909349441,0.055538173764944,0.0044373963028192,0.7026979327201843,0.0982318669557571,0.0153531720861792,Romantic_drama
0.0300486255437135,0.0436919964849948,0.0094636538997292,0.0009379297262057,0.0340583398938179,0.8739320635795593,0.0078674275428056,Romantic_drama
0.2455315589904785,0.6584682464599609,0.0609814003109931,0.0010749945649877,0.0223225336521863,0.0096777016296982,0.0019435838330537,Romantic_drama
0.0048751132562756,0.0394550859928131,0.0999024137854576,0.0071973097510635,0.2814805507659912,0.5273640155792236,0.039725512266159,Romantic_drama
0.1320008933544159,0.3296727836132049,0.0243514906615018,0.0021620248444378,0.4038320183753967,0.0984063297510147,0.0095743704587221,Romantic_drama
0.5512974858283997,0.3443161249160766,0.00422446988523,0.0013879595790058,0.0300118885934352,0.0654009953141212,0.0033611212857067,Romantic_drama
0.0032180119305849,0.0108806900680065,0.0083834938704967,0.0039759716019034,0.0477986820042133,0.911615788936615,0.0141274211928248,Romantic_drama
0.0920314788818359,0.1063966900110244,0.0014170444337651,0.0309580620378255,0.1371920853853225,0.6266410946846008,0.0053635807707905,Romantic_drama
