anger,disgust,fear,joy,neutral,sadness,surprise,genre
0.0024703016970306,0.0089395400136709,0.003166674170643,0.0034898240119218,0.0323673002421855,0.9435046911239624,0.0060615539550781,Comedy_drama
0.0042108721099793,0.0872872173786163,0.0020177490077912,0.0182640105485916,0.2035758346319198,0.6623273491859436,0.0223169345408678,Comedy_drama
0.0024071065708994,0.0116567481309175,0.0015927689382806,0.0009292342583648,0.0089839892461895,0.9731537699699402,0.0012763384729623,Comedy_drama
0.0324521511793136,0.3244082033634186,0.0036549295764416,0.1003990992903709,0.5143042802810669,0.0129724685102701,0.0118088312447071,Comedy_drama
0.5339242219924927,0.0892372280359268,0.0082235177978873,0.0015702672535553,0.067763827741146,0.2966735064983368,0.0026073814369738,Comedy_drama
0.0576144903898239,0.7791097164154053,0.0055500422604382,0.0018597297603264,0.1379453688859939,0.009150855243206,0.0087698493152856,Comedy_drama
0.0109091224148869,0.0700226873159408,0.0679822862148284,0.0022276192903518,0.1418738216161728,0.149998590350151,0.5569858551025391,Comedy_drama
0.0055629331618547,0.0034577653277665,0.0018509168876335,0.4204614460468292,0.44009929895401,0.0374810732901096,0.0910864621400833,Comedy_drama
0.4189988374710083,0.3902646899223327,0.0033106801565736,0.0052825338207185,0.1100157350301742,0.0674768462777137,0.004650680348277,Comedy_drama
0.5967993140220642,0.1334660351276397,0.0080691324546933,0.0011682333424687,0.0557407885789871,0.1964332610368728,0.0083232251927256,Comedy_drama
0.114737369120121,0.7045309543609619,0.019244072958827,0.0040037590079009,0.1319028437137603,0.0230940021574497,0.0024869735352694,Comedy_drama
0.0252322684973478,0.3490799963474273,0.0163945872336626,0.0057655260898172,0.1978626400232315,0.4027208983898163,0.0029440110083669,Comedy_drama
0.0011283926432952,0.0053145736455917,0.0121753318235278,0.0055100112222135,0.0150061659514904,0.9590139389038086,0.001851524808444,Comedy_drama
0.0304437894374132,0.3744960725307464,0.0032020271755754,0.0069448598660528,0.5183084011077881,0.0607015788555145,0.0059032649733126,Comedy_drama
0.0414052419364452,0.6042051315307617,0.0134385731071233,0.0045215170830488,0.2638067603111267,0.0402507744729518,0.0323720127344131,Comedy_drama
0.9265594482421876,0.0438291393220424,0.0040818154811859,0.0008085714653134,0.016583377495408,0.0060520214028656,0.0020855709444731,Comedy_drama
0.0620423406362533,0.0817708745598793,0.1406707316637039,0.0089626470580697,0.3056322038173675,0.397774875164032,0.0031462726183235,Comedy_drama
0.0138207953423261,0.0255178529769182,0.0190697219222784,0.0039478600956499,0.8336855173110962,0.0882278531789779,0.0157304741442203,Comedy_drama
0.0041167270392179,0.0384044982492923,0.0036551041994243,0.0816526561975479,0.8191075921058655,0.0325725637376308,0.0204908456653356,Comedy_drama
0.0209981184452772,0.0519370399415493,0.0088169667869806,0.008422059006989,0.1600721180438995,0.6673306226730347,0.082423135638237,Comedy_drama
0.0063733574934303,0.4018296301364898,0.0022801947779953,0.5224059820175171,0.0570180974900722,0.0063104638829827,0.0037822593003511,Comedy_drama
0.0334278829395771,0.0287788864225149,0.8333420157432556,0.003651080885902,0.0366492606699466,0.062951423227787,0.001199408317916,Comedy_drama
0.1212158650159835,0.1034325808286666,0.0023457144852727,0.1438384354114532,0.5638233423233032,0.060206402093172,0.0051376074552536,Comedy_drama
0.00778926955536,0.0257248785346746,0.0040759588591754,0.0229118820279836,0.6639155745506287,0.2685652673244476,0.0070171151310205,Comedy_drama
0.080094926059246,0.7212722897529602,0.011425569653511,0.0158656910061836,0.1362217664718628,0.0289847813546657,0.0061349608004093,Comedy_drama
0.8383544087409973,0.1179587915539741,0.0029183865990489,0.0012576321605592,0.027722718194127,0.0076179509051144,0.0041700433939695,Comedy_drama
0.2092127352952957,0.6980602741241455,0.0193763002753257,0.0018925860058516,0.0542373284697532,0.0151209561154246,0.0020998511463403,Comedy_drama
0.0322704575955867,0.914624273777008,0.0012581702321767,0.0063450457528233,0.0314141772687435,0.0128091881051659,0.0012787784216925,Comedy_drama
0.0653848573565483,0.3009815216064453,0.0965168699622154,0.0191739685833454,0.4359160363674164,0.0642872527241706,0.017739525064826,Comedy_drama
0.0033250204287469,0.0176515914499759,0.0063450410962104,0.0026151011697947,0.0799203887581825,0.8700577616691589,0.0200851205736398,Comedy_drama
0.0404557287693023,0.1268325895071029,0.0112124234437942,0.0165070295333862,0.6209110617637634,0.0890694633126258,0.0950116589665412,Comedy_drama
0.0070718973875045,0.0139780668541789,0.0061661219224333,0.0172751136124134,0.8890260457992554,0.0166395530104637,0.0498431883752346,Comedy_drama
0.0122943110764026,0.0290381554514169,0.0012521503958851,0.4623690545558929,0.4048492610454559,0.0315356627106666,0.0586613491177558,Comedy_drama
0.0056441673077642,0.0284582208842039,0.0004217599343974,0.8398932814598083,0.1149290576577186,0.0057977009564638,0.0048557533882558,Comedy_drama
0.0012557271402329,0.0122277755290269,0.0014801598154008,0.00189861189574,0.0159415807574987,0.964831292629242,0.0023648862261325,Comedy_drama
