anger,disgust,fear,joy,neutral,sadness,surprise,genre
0.0076240045018494,0.0054552177898585,0.0012969597009941,0.0069192633964121,0.9335755705833436,0.0059607601724565,0.0391683094203472,Drama
0.0131214438006281,0.0107182832434773,0.0026668328791856,0.0050162095576524,0.9440265893936156,0.0088566867634654,0.0155939627438783,Drama
0.1000009551644325,0.1221354603767395,0.0257155634462833,0.0163148771971464,0.7139320373535156,0.0131557425484061,0.0087453797459602,Drama
0.0087362900376319,0.0108321718871593,0.0011639813892543,0.0621498003602027,0.8964883089065552,0.0032603600993752,0.0173689797520637,Drama
0.3165550529956817,0.6421950459480286,0.0055619133636355,0.0007242899155244,0.0225377008318901,0.0098416805267333,0.0025843968614935,Drama
0.071219727396965,0.0288294851779937,0.1649549454450607,0.0048011746257543,0.7077369093894958,0.0053416183218359,0.0171160623431205,Drama
0.0333385653793811,0.0102150244638323,0.0748945549130439,0.0162025466561317,0.1172102615237236,0.5187732577323914,0.2293657511472702,Drama
0.0058788382448256,0.0053464802913367,0.0026837771292775,0.060813833028078,0.6633809208869934,0.0234738439321517,0.2384223043918609,Drama
0.0619036816060543,0.0167313180863857,0.7814704775810242,0.0030675211455672,0.0931975618004798,0.0338525027036666,0.0097768977284431,Drama
0.157436192035675,0.0440603718161582,0.7531927227973938,0.0029779991600662,0.0296651180833578,0.0106606930494308,0.0020068928133696,Drama
0.2135563641786575,0.0273834895342588,0.6154136061668396,0.0038725316990166,0.1180992946028709,0.0055157584138214,0.0161590334028005,Drama
0.1123379245400428,0.7062722444534302,0.0253494065254926,0.0048892870545387,0.0682135745882988,0.08046256005764,0.0024749608710408,Drama
0.1251766383647918,0.0230200570076704,0.5623811483383179,0.00693044019863,0.2317414581775665,0.0478044934570789,0.0029457928612828,Drama
0.2916629612445831,0.018845422193408,0.6574727892875671,0.0016874993452802,0.0207608100026845,0.0039810556918382,0.0055894539691507,Drama
0.8742933869361877,0.0631519332528114,0.0257492493838071,0.0005893366760574,0.0089641772210598,0.0245078708976507,0.0027440190315246,Drama
0.5438733696937561,0.1567061692476272,0.183099016547203,0.0013486121315509,0.0295914616435766,0.0808195993304252,0.0045617846772074,Drama
0.0998510345816612,0.1323322206735611,0.0052480483427643,0.0035948804579675,0.0498159229755401,0.7074505090713501,0.0017073539784178,Drama
0.1888917684555053,0.0386712253093719,0.0746272504329681,0.0105644492432475,0.1194441244006156,0.5634937286376953,0.0043074637651443,Drama
0.3828416466712951,0.0927323549985885,0.0131793487817049,0.0032959699165076,0.1916172057390213,0.3131522536277771,0.003181264270097,Drama
0.0096796508878469,0.103378914296627,0.0387606583535671,0.0461646765470504,0.7477651238441467,0.0104158641770482,0.0438350364565849,Drama
0.010312688536942,0.0178446304053068,0.0046631172299385,0.2210799008607864,0.4461324512958526,0.2846538126468658,0.0153134064748883,Drama
0.7307487726211548,0.0305554643273353,0.0039457157254219,0.0028229325544089,0.0652213618159294,0.1614924371242523,0.0052132722921669,Drama
0.0988974720239639,0.04294378682971,0.3140486180782318,0.0014004211407154,0.0125633561983704,0.5164433121681213,0.013703042641282,Drama
0.0158007927238941,0.7495047450065613,0.0216848254203796,0.0012820435222238,0.1046729087829589,0.0930154547095298,0.0140391523018479,Drama
0.0159692391753196,0.0027921863365918,0.912908136844635,0.0048587843775749,0.05532031878829,0.005967968609184,0.0021833274513483,Drama
0.1528698205947876,0.0042978646233677,0.8290468454360962,0.000997491995804,0.0071117407642304,0.0030528085771948,0.0026234434917569,Drama
0.0145937800407409,0.0303590651601552,0.035170491784811,0.0020751589909195,0.0974207371473312,0.8119626641273499,0.0084180627018213,Drama
0.0049770944751799,0.0029256928246468,0.0027838246896862,0.0336258336901664,0.9362245202064514,0.010351444594562,0.0091116437688469,Drama
0.0029491977766156,0.0150171807035803,0.0187900066375732,0.2108912169933319,0.4331554472446441,0.287045270204544,0.0321516133844852,Drama
0.0518973059952259,0.0777007117867469,0.3824210166931152,0.041690893471241,0.2108439654111862,0.2307114005088806,0.00473471917212,Drama
0.860726535320282,0.0676834657788276,0.0031738001853227,0.0012805274454876,0.0279731936752796,0.0365312583744525,0.0026312682311981,Drama
0.1775496006011963,0.767450749874115,0.0143032735213637,0.0010168083244934,0.0309223439544439,0.0048952656798064,0.0038619851693511,Drama
0.0429906398057937,0.927661657333374,0.0024092788808047,0.0053354715928435,0.0176750533282756,0.0026342021301388,0.0012938698055222,Drama
0.0068406607024371,0.7190293669700623,0.0059430510737001,0.0621122904121875,0.1429989635944366,0.0291303135454654,0.033945232629776,Drama
0.0422268956899642,0.099447913467884,0.0032378647010773,0.1021450832486152,0.7165343761444092,0.0258275009691715,0.0105802481994032,Drama
0.1367256790399551,0.1761216819286346,0.5345953702926636,0.0020599835552275,0.0742428302764892,0.0575527884066104,0.018701683729887,Drama
0.0141928624361753,0.0080551458522677,0.0024036355316638,0.0525146126747131,0.8487316966056824,0.0040453844703733,0.0700566247105598,Drama
0.5935240387916565,0.1007032915949821,0.0446892194449901,0.0150861432775855,0.1570023149251938,0.0191397499293088,0.0698552504181861,Drama
0.0500702410936355,0.8282519578933716,0.0434636697173118,0.0017269883537665,0.0288182571530342,0.0455041415989398,0.0021646644454449,Drama
0.0407423228025436,0.1866085082292556,0.0302205048501491,0.0030538679566234,0.6461598873138428,0.0883485674858093,0.004866324365139,Drama
0.0408057495951652,0.1142907589673996,0.0760712027549743,0.0053885821253061,0.7371151447296143,0.0177693665027618,0.0085591860115528,Drama
0.0047483504749834,0.0064960308372974,0.0023036447819322,0.0048208269290626,0.9533556699752808,0.0080890301614999,0.0201864168047904,Drama
0.0010152672184631,0.0025550799909979,0.0015130201354622,0.001635693362914,0.0115907918661832,0.9792162775993348,0.002473869593814,Drama
0.9554522633552552,0.0153330527245998,0.0131934033706784,0.0005565672181546,0.0084725953638553,0.0044937701895833,0.0024984120391309,Drama
0.0116558661684393,0.0488313883543014,0.1343788206577301,0.0556129924952983,0.4167042672634125,0.0095309847965836,0.3232856690883636,Drama
0.0588450357317924,0.0292257666587829,0.0483551807701587,0.0057157785631716,0.8176859021186829,0.0270713418722152,0.0131009398028254,Drama
0.0278883762657642,0.048804435878992,0.7422459125518799,0.0064300969243049,0.0732290521264076,0.0339876525104045,0.0674143657088279,Drama
0.0111498897895216,0.429999440908432,0.0341247878968715,0.0128827299922704,0.4911012351512909,0.0076229386031627,0.0131190000101923,Drama
0.0525423064827919,0.5066580772399902,0.020069072023034,0.0032690267544239,0.3352110981941223,0.0638910606503486,0.0183593835681676,Drama
0.0108473934233188,0.0127162057906389,0.0047713816165924,0.0433123260736465,0.8911076188087463,0.0119341872632503,0.0253109224140644,Drama
0.0434623062610626,0.0059277275577187,0.916487455368042,0.0016155457124114,0.0081941820681095,0.023145331069827,0.0011675193672999,Drama
0.9698721170425416,0.0023870307486504,0.0112452460452914,0.0003819905105046,0.0089436909183859,0.0032356597948819,0.0039342949166893,Drama
0.0826722756028175,0.0573356710374355,0.0120013784617185,0.2218897193670272,0.4039718806743622,0.2149963825941085,0.0071326182223856,Drama
0.0686774626374244,0.0772634223103523,0.5136961936950684,0.007491776254028,0.3092289268970489,0.0067480956204235,0.016894094645977,Drama
0.0021592548582702,0.0032648895867168,0.0003873580426443,0.9515857696533204,0.0241824276745319,0.0150903640314936,0.0033298216294497,Drama
0.0299804154783487,0.0777917653322219,0.8539823293685913,0.0014225228223949,0.0252330135554075,0.0063182013109326,0.0052718799561262,Drama
0.0232455730438232,0.0321825444698333,0.0089085083454847,0.0029252204112708,0.6366536021232605,0.2844397127628326,0.0116448551416397,Drama
0.0385457202792167,0.8028925061225891,0.0459894426167011,0.0008168870117515,0.0448147356510162,0.0616718754172325,0.0052687474526464,Drama
0.4665618240833282,0.2675853371620178,0.0355391129851341,0.0022005708888173,0.1010199785232544,0.1245117262005806,0.0025815218687057,Drama
0.1162425652146339,0.1668372303247451,0.2195063531398773,0.0024262105580419,0.2221719175577163,0.2688668668270111,0.0039488957263529,Drama
0.0122806448489427,0.0907992273569107,0.014614081941545,0.0057238386943936,0.8110982775688171,0.0237884987145662,0.0416954196989536,Drama
0.9844687581062316,0.0046369507908821,0.0021960663143545,0.000346360320691,0.0052909478545188,0.0016133779427036,0.0014474374474957,Drama
0.0246404763311147,0.0402618125081062,0.0388932079076767,0.0034095789305865,0.0898896157741546,0.7983523011207581,0.0045530167408287,Drama
0.4920949041843414,0.1383970081806183,0.0041868635453283,0.0061964746564626,0.2814631760120392,0.0758990868926048,0.0017624560277909,Drama
0.0026747609954327,0.9808056354522704,0.0024696832988411,0.0006217454792931,0.0057385340332984,0.0065331412479281,0.0011565242893993,Drama
0.0099789137020707,0.0413380675017833,0.0052432646043598,0.0043085622601211,0.8772145509719849,0.0109015675261616,0.0510150864720344,Drama
0.0423277579247951,0.1724114716053009,0.0078611290082335,0.003051764331758,0.7169978618621826,0.0467367693781852,0.0106132486835122,Drama
