anger,disgust,fear,joy,neutral,sadness,surprise,genre
0.0172098390758037,0.8178426027297974,0.0318086296319961,0.0026121076662093,0.0953022241592407,0.0150881148874759,0.0201365556567907,Silent_film
0.0236677527427673,0.3265538811683655,0.0587609894573688,0.0069632888771593,0.4985782504081726,0.026526566594839,0.0589493215084075,Silent_film
0.0172325689345598,0.0421039909124374,0.0097072180360555,0.004848965909332,0.8403906226158142,0.0095405979081988,0.0761760771274566,Silent_film
0.0217388812452554,0.1790564358234405,0.4520842730998993,0.0108026359230279,0.1472706943750381,0.0254691541194915,0.1635778993368148,Silent_film
0.0303231496363878,0.2742165327072143,0.2116753906011581,0.017838267609477,0.3189354538917541,0.0255042556673288,0.1215069890022277,Silent_film
0.248180091381073,0.5737395286560059,0.0309136398136615,0.0009162697242572,0.0599808134138584,0.0790019556879997,0.0072676674462854,Silent_film
0.0062828459776937,0.949613869190216,0.0103078484535217,0.0006569484830833,0.0238571520894765,0.0059860297478735,0.0032953289337456,Silent_film
0.0209237150847911,0.0269520003348588,0.0428706519305706,0.0135155962780117,0.6820513606071472,0.0251090861856937,0.1885776072740554,Silent_film
0.0142539143562316,0.508894145488739,0.0326418690383434,0.0045758406631648,0.3077249526977539,0.0321097411215305,0.099799558520317,Silent_film
0.0146064506843686,0.0129959229379892,0.0198535285890102,0.0012406865134835,0.0510352700948715,0.8803303241729736,0.0199378058314323,Silent_film
0.0582556277513504,0.1852043122053146,0.044555801898241,0.0119748441502451,0.5681607127189636,0.0783073529601097,0.0535413324832916,Silent_film
0.0041629057377576,0.8293660283088684,0.0170200616121292,0.0060926876030862,0.1190277934074401,0.0065946993418037,0.0177357271313667,Silent_film
0.1447755396366119,0.3904187381267547,0.1009861230850219,0.0031661486718803,0.0701492205262184,0.2845112979412079,0.0059929462149739,Silent_film
0.0152935404330492,0.4351244568824768,0.027108933776617,0.0076829139143228,0.4391742646694183,0.0157348159700632,0.0598810799419879,Silent_film
0.0182453952729702,0.7426393628120422,0.0333120338618755,0.0106679908931255,0.089140772819519,0.0575924254953861,0.0484019257128238,Silent_film
0.0031052329577505,0.006859587971121,0.0047183334827423,0.0054593887180089,0.7781758308410645,0.0598648525774478,0.1418168097734451,Silent_film
0.0161216855049133,0.2814677357673645,0.0364485010504722,0.0036636295262724,0.4367923140525818,0.0191220808774232,0.2063840329647064,Silent_film
