anger,disgust,fear,joy,neutral,sadness,surprise,genre
0.0808740109205246,0.1966720074415207,0.0054754558950662,0.0085711739957332,0.5213438272476196,0.1094224825501442,0.0776410177350044,Comedy
0.0097270356491208,0.0038250153884291,0.0043714782223105,0.0745589733123779,0.7992437481880188,0.0027362806722521,0.105537474155426,Comedy
0.0908155962824821,0.2737206816673279,0.0145127810537815,0.0029704305343329,0.4558875560760498,0.1165955066680908,0.0454975627362728,Comedy
0.0219229441136121,0.0940804332494735,0.0047170156612992,0.0046741697005927,0.8014813661575317,0.0260453652590513,0.0470786802470684,Comedy
0.0101159736514091,0.0025995429605245,0.0015622162027284,0.2444602102041244,0.4270636141300201,0.0095575312152504,0.304640918970108,Comedy
0.0138491578400135,0.0013992878375574,0.0195104721933603,0.0245220884680748,0.069507211446762,0.0228819698095321,0.8483298420906067,Comedy
0.0535846836864948,0.0241173580288887,0.0056737884879112,0.0093170488253235,0.15066559612751,0.3221721649169922,0.4344693422317505,Comedy
0.0669472143054008,0.1353264302015304,0.0280954930931329,0.0046053449623286,0.0681283921003341,0.408724844455719,0.2881723344326019,Comedy
0.0299697220325469,0.4540721476078033,0.0119182430207729,0.0048393560573458,0.4814985394477844,0.0081926314160227,0.0095092859119176,Comedy
0.0057739308103919,0.020755985751748,0.0013440053444355,0.4560384452342987,0.4970122873783111,0.0051731788553297,0.0139022059738636,Comedy
0.0102330157533288,0.0475903488695621,0.0029776904266327,0.0312910564243793,0.8339778780937195,0.0064452555961906,0.0674847587943077,Comedy
0.0451076924800872,0.8600826263427734,0.0025636397767812,0.0059828972443938,0.0780815184116363,0.0047763409093022,0.0034051830880343,Comedy
0.0054440768435597,0.0180639531463384,0.0094134444370865,0.0482145100831985,0.7985652089118958,0.0062837717123329,0.1140149533748626,Comedy
0.0802769437432289,0.3320617973804474,0.0066677848808467,0.002430684864521,0.5301589965820312,0.0188070740550756,0.0295966379344463,Comedy
0.086181029677391,0.1477571129798889,0.0196785181760787,0.0032581016421318,0.5598447918891907,0.1765793114900589,0.006701192818582,Comedy
0.0110960891470313,0.0243417583405971,0.1570699214935302,0.0397966876626014,0.7364738583564758,0.0140560800209641,0.0171656105667352,Comedy
0.4427212476730346,0.0755472928285598,0.0059492383152246,0.0178365632891654,0.3632370829582214,0.0569656714797019,0.0377428568899631,Comedy
0.2661431431770324,0.0732925459742546,0.0080340886488556,0.0144592355936765,0.6091770529747009,0.0156301818788051,0.013263720087707,Comedy
0.2270505875349044,0.675337553024292,0.0039463904686272,0.0011653100373223,0.0496853701770305,0.0195704661309719,0.0232442114502191,Comedy
0.0099534820765256,0.0440874248743057,0.0014334586448967,0.07814721763134,0.8402950167655945,0.01250287797302,0.0135805495083332,Comedy
0.0232035797089338,0.1296471208333969,0.0106539698317646,0.1536637246608734,0.5291927456855774,0.0193905346095561,0.1342483609914779,Comedy
0.0092946635559201,0.0200682953000068,0.0037134275771677,0.0038437673356384,0.9513774514198304,0.0061360141262412,0.0055664628744125,Comedy
0.0019728131592273,0.0022934598382562,0.978264331817627,0.0011575471144169,0.0111692305654287,0.0020571346394717,0.003085431177169,Comedy
0.0126418666914105,0.0137921785935759,0.0142658613622188,0.0178592689335346,0.9046741127967834,0.0217222534120082,0.0150444703176617,Comedy
0.0022646393626928,0.0010438647586852,0.0005676235887221,0.9499037861824036,0.0228510294109582,0.004280915018171,0.0190880764275789,Comedy
0.0212706793099641,0.0627580806612968,0.0024051952641457,0.002435359172523,0.8942122459411621,0.0054562152363359,0.0114622134715318,Comedy
0.0256399642676115,0.0501746572554111,0.003069540252909,0.1228724271059036,0.7228574156761169,0.0217947475612163,0.0535912588238716,Comedy
0.0064928238280117,0.0162719562649726,0.2544655501842499,0.0049628433771431,0.0491522587835788,0.6611520051956177,0.0075026154518127,Comedy
0.0084933405742049,0.0373368300497531,0.006454556249082,0.0089488942176103,0.9132442474365234,0.0106964791193604,0.0148255508393049,Comedy
0.0065418956801295,0.0041148527525365,0.0014630084624513,0.0059654540382325,0.9331580996513368,0.0053669535554945,0.0433897152543067,Comedy
0.0140183866024017,0.1304452866315841,0.0730587616562843,0.00517343217507,0.2048462033271789,0.3979798555374145,0.1744780540466308,Comedy
0.340899258852005,0.1909250319004058,0.0059910546988248,0.0024863891303539,0.4197306632995605,0.0266288090497255,0.0133387641981244,Comedy
0.0056152269244194,0.004285616800189,0.0016743638552725,0.0155666973441839,0.7291885018348694,0.0092555955052375,0.2344139665365219,Comedy
0.1218122690916061,0.0633627474308013,0.0021768016740679,0.0286465734243392,0.7508280277252197,0.0296801943331956,0.0034934130962938,Comedy
0.132161483168602,0.0708531439304351,0.010052565485239,0.0063148336485028,0.3122816681861877,0.4599290490150451,0.0084073049947619,Comedy
0.0044717164710164,0.0057529248297214,0.0054699918255209,0.0914157778024673,0.1325625628232956,0.5537110567092896,0.2066159844398498,Comedy
