anger,disgust,fear,joy,neutral,sadness,surprise,genre
0.0145664038136601,0.6149329543113708,0.1517427861690521,0.0081062307581305,0.1501708924770355,0.0544351674616336,0.0060456269420683,Documentary
0.0249635428190231,0.8416194319725037,0.0189865361899137,0.0011582756415009,0.055874764919281,0.0559321045875549,0.0014653326943516,Documentary
0.0367294028401374,0.6574838161468506,0.0070576071739196,0.0013497801264747,0.116195224225521,0.1762793213129043,0.0049047539941966,Documentary
0.0080199921503663,0.0875901877880096,0.0472687147557735,0.2409892827272415,0.5607743859291077,0.0374770276248455,0.0178803913295269,Documentary
0.0124424146488308,0.0795046612620353,0.0072869835421442,0.5589168667793274,0.3091318011283874,0.0190048366785049,0.0137124145403504,Documentary
0.0043743941932916,0.979655385017395,0.0077755670063197,0.0002373456954956,0.002852868521586,0.0041903713718056,0.0009140408365055,Documentary
0.0085717160254716,0.0632955431938171,0.0201436299830675,0.1655426919460296,0.7094920873641968,0.0168516840785741,0.0161026138812303,Documentary
0.5587642788887024,0.3409212231636047,0.0029808378312736,0.0011374925961717,0.0445861034095287,0.0474632419645786,0.0041467696428298,Documentary
0.0275554545223712,0.0021508145146071,0.9425228834152222,0.0016046358505263,0.0116438483819365,0.0064531569369137,0.0080691231414675,Documentary
0.0155971841886639,0.0425013080239295,0.0814819931983947,0.0132712423801422,0.815552294254303,0.0186188034713268,0.0129772219806909,Documentary
0.0184997580945491,0.2011910080909729,0.0875409394502639,0.0178864579647779,0.6320180892944336,0.0388101078569889,0.004053717944771,Documentary
