anger,disgust,fear,joy,neutral,sadness,surprise,genre
0.0090551702305674,0.005607099737972,0.1537818610668182,0.1871914267539978,0.0783381760120391,0.5380080342292786,0.0280182510614395,Indie
0.0057298014871776,0.0018395342631265,0.0019915010780096,0.1214827671647071,0.6668165326118469,0.0330451503396034,0.1690946966409683,Indie
0.0108189275488257,0.00066893780604,0.0279095526784658,0.0177193190902471,0.0454558841884136,0.0205064415931701,0.8769209384918213,Indie
0.0242275744676589,0.1226693913340568,0.0206404663622379,0.024458797648549,0.7877919673919678,0.0076199010945856,0.01259196549654,Indie
0.0171296652406454,0.0097256423905491,0.6998109817504883,0.004859478212893,0.1813213974237442,0.0115920584648847,0.0755606666207313,Indie
0.0429889932274818,0.2771205008029938,0.0011558615369722,0.2829935848712921,0.3469353020191192,0.0183506328612566,0.0304551236331462,Indie
0.0365412086248397,0.0509453006088733,0.0155149856582283,0.0243523921817541,0.770160973072052,0.0880086570978164,0.0144764930009841,Indie
0.0897922590374946,0.092908464372158,0.0070471679791808,0.0092235617339611,0.6126643419265747,0.0807439088821411,0.1076202318072319,Indie
0.0549929440021514,0.0899532735347747,0.0462153777480125,0.0022847293876111,0.7333071231842041,0.0537751913070678,0.0194713473320007,Indie
0.1767998337745666,0.3537862002849579,0.1087014079093933,0.0012975686695426,0.0333848819136619,0.3098375201225281,0.0161925610154867,Indie
0.0411754287779331,0.0152311902493238,0.1216723769903183,0.0025248143356293,0.3960858285427093,0.3680578470230102,0.0552525520324707,Indie
0.0711997002363205,0.0712199285626411,0.5207322239875793,0.0011118677211925,0.0129495663568377,0.3119756281375885,0.0108110811561346,Indie
0.0103535447269678,0.008538644760847,0.0441412664949893,0.0061889737844467,0.843518853187561,0.0361856259405612,0.0510730631649494,Indie
0.0674804523587226,0.1304329633712768,0.0902245566248893,0.0162569303065538,0.6045289635658264,0.0789557322859764,0.0121204024180769,Indie
0.0067552225664258,0.0364288240671157,0.0269930250942707,0.0030919581186026,0.0607367977499961,0.8589544296264648,0.0070398184470832,Indie
0.0777316391468048,0.0068201390095055,0.0718964114785194,0.0064060939475893,0.0406227447092533,0.5807599425315857,0.2157630622386932,Indie
0.0125571712851524,0.0205310992896556,0.0798288509249687,0.1544855237007141,0.621454656124115,0.0961898863315582,0.0149528430774807,Indie
0.0535076037049293,0.011517864651978,0.0151342367753386,0.0012057018466293,0.0222853049635887,0.8835261464118958,0.0128231737762689,Indie
0.0473182126879692,0.0608393996953964,0.0048821293748915,0.2214130759239196,0.0835032314062118,0.2746860682964325,0.3073578476905823,Indie
0.2327896356582641,0.0363163538277149,0.4820670187473297,0.0184687636792659,0.2149897068738937,0.0088292304426431,0.0065393415279686,Indie
0.0081732738763093,0.0147616071626544,0.003860873170197,0.0083794668316841,0.91422301530838,0.0374878942966461,0.0131138982251286,Indie
0.4756167829036712,0.0174186117947101,0.0777921378612518,0.0177801195532083,0.3319739699363708,0.0619855672121048,0.0174328126013278,Indie
0.023714791983366,0.0433652773499488,0.010666555725038,0.0055133113637566,0.6016432046890259,0.1725862920284271,0.142510637640953,Indie
0.1115505099296569,0.0427215807139873,0.1373504996299743,0.0175178050994873,0.6108327507972717,0.0414598956704139,0.0385669022798538,Indie
0.023320697247982,0.0027755757328122,0.9599213004112244,0.0009354325011372,0.003047585953027,0.0055259065702557,0.00447358796373,Indie
0.0219780020415782,0.0428260676562786,0.0072530452162027,0.0044088084250688,0.8427323698997498,0.0134417610242962,0.0673599243164062,Indie
0.1990636587142944,0.031793724745512,0.1427116245031356,0.0032968088053166,0.0610752217471599,0.5526264905929565,0.009432422928512,Indie
0.1369511187076568,0.1081141382455825,0.0491521619260311,0.2965729832649231,0.3544066250324249,0.039782240986824,0.0150206750258803,Indie
0.0248576365411281,0.01468285638839,0.0015590883558616,0.5425177216529846,0.3804415166378021,0.0208292119204998,0.0151118962094187,Indie
0.0310309678316116,0.0145763028413057,0.0032568960450589,0.0099867722019553,0.4915631115436554,0.3463894724845886,0.1031965389847755,Indie
