anger,disgust,fear,joy,neutral,sadness,surprise,genre
0.0490299798548221,0.1192328259348869,0.0130730532109737,0.0097752250730991,0.6548475027084351,0.1193447560071945,0.0346966609358787,Family_Film
0.405190110206604,0.0354084447026252,0.021767009049654,0.0044090123847126,0.3823251128196716,0.1171109303832054,0.033789362758398,Family_Film
0.3548663556575775,0.3971234560012817,0.0038922070525586,0.0065242969430983,0.1613053828477859,0.0641196891665458,0.0121685918420553,Family_Film
0.1051630154252052,0.0346270427107811,0.0177425816655159,0.0104425987228751,0.145464152097702,0.0151122231036424,0.6714483499526978,Family_Film
0.3973554074764251,0.0486572720110416,0.2547343969345093,0.0047362986952066,0.1964011341333389,0.0512194633483886,0.0468961000442504,Family_Film
0.0134384781122207,0.0109585300087928,0.0012332409387454,0.0043512564152479,0.9521676898002625,0.0083261989057064,0.0095246015116572,Family_Film
0.0056859445758163,0.0102705070748925,0.0023679295554757,0.1344182938337326,0.791948139667511,0.0240548234432935,0.0312543362379074,Family_Film
0.0022024791687726,0.0041603511199355,0.0180712733417749,0.1758965849876403,0.6903406381607056,0.0548324808478355,0.0544961355626583,Family_Film
0.0263032801449298,0.2766627371311188,0.0207163728773593,0.0042695249430835,0.6180068850517273,0.0212303157895803,0.0328108221292495,Family_Film
