anger,disgust,fear,joy,neutral,sadness,surprise,genre
0.0046087838709354,0.0159224662929773,0.0136706922203302,0.0008032838231883,0.0086831171065568,0.9524201154708862,0.0038915162440389,Romance_Film
0.0209614876657724,0.8829138875007629,0.0083704721182584,0.0009282754035666,0.0315721035003662,0.0416602827608585,0.0135935321450233,Romance_Film
0.0077697802335023,0.0798799470067024,0.0638855099678039,0.0070193046703934,0.8137304186820984,0.0069687427021563,0.0207462236285209,Romance_Film
0.0061097373254597,0.0064015854150056,0.0005862051039002,0.8009269833564758,0.1388785690069198,0.0175869632512331,0.0295099709182977,Romance_Film
0.1070697754621505,0.7432480454444885,0.0513417199254035,0.006982494611293,0.0557147040963172,0.0294450670480728,0.0061983065679669,Romance_Film
0.0326408334076404,0.7543374300003052,0.043876688927412,0.0096350656822323,0.1498231738805771,0.006335976999253,0.0033508541528135,Romance_Film
0.857495129108429,0.037323635071516,0.0121387550607323,0.000656874733977,0.0185370333492755,0.0717728435993194,0.0020757082384079,Romance_Film
0.248754471540451,0.6072655916213989,0.0089190788567066,0.0009610673296265,0.0428478755056858,0.0878794342279434,0.0033724559471011,Romance_Film
0.0037123977672308,0.0021902457810938,0.0004174046916887,0.9440001249313354,0.0328453481197357,0.0099727436900138,0.0068617528304457,Romance_Film
0.0278161391615867,0.2139035761356353,0.0256148390471935,0.0037935723084956,0.3466293215751648,0.2603743970394134,0.1218681260943412,Romance_Film
0.0341607220470905,0.0772556141018867,0.0047264988534152,0.0033263002987951,0.8554039597511292,0.0214670859277248,0.0036598937585949,Romance_Film
0.0036533800885081,0.0034834526013582,0.0018136752769351,0.0229241251945495,0.0106184389442205,0.9468992352485656,0.0106077613309025,Romance_Film
0.8932148218154907,0.0496775545179843,0.0066659525036811,0.0006707324646413,0.0284200552850961,0.0087209586054086,0.0126299541443586,Romance_Film
0.0101764649152755,0.3292985558509826,0.3774752914905548,0.0025776191614568,0.0687348917126655,0.0087677156552672,0.2029695510864257,Romance_Film
0.0175882894545793,0.0641358345746994,0.017862070351839,0.0488609932363033,0.4653422236442566,0.3811031579971313,0.0051073981449007,Romance_Film
0.0275389049202203,0.1169898584485054,0.0114905480295419,0.003501429921016,0.8152022361755371,0.0212197732180356,0.0040572271682322,Romance_Film
0.053459595888853,0.192903846502304,0.0041246660985052,0.0386400297284126,0.1093221306800842,0.5981001853942871,0.0034495410509407,Romance_Film
0.1930065751075744,0.0625571757555008,0.4502321779727936,0.0145319541916251,0.2060159146785736,0.066283218562603,0.0073728966526687,Romance_Film
0.5667774081230164,0.3691305220127105,0.0094891907647252,0.0025887954980134,0.037288524210453,0.0116228302940726,0.0031027114018797,Romance_Film
0.5313394069671631,0.2518305480480194,0.1157478839159011,0.0014279333408921,0.0304346811026334,0.0598862953484058,0.0093331607058644,Romance_Film
0.0349646285176277,0.3525815010070801,0.0366152301430702,0.0023016927298158,0.0586624965071678,0.5112029910087585,0.00367151806131,Romance_Film
0.8977785110473633,0.0375195145606994,0.0060498244129121,0.0006464676116593,0.0488793775439262,0.0061623840592801,0.0029638656415045,Romance_Film
0.0253139343112707,0.0231446530669927,0.0023034594487398,0.0514546297490596,0.8778838515281677,0.0056201014667749,0.014279362745583,Romance_Film
0.1963000744581222,0.2166634649038314,0.00486516719684,0.004194738343358,0.1790171414613723,0.3820472955703735,0.0169121474027633,Romance_Film
0.0880334228277206,0.7079458236694336,0.0642289668321609,0.0022930915001779,0.0747907757759094,0.0098562110215425,0.0528517104685306,Romance_Film
0.2026619762182235,0.3132351338863373,0.0360745675861835,0.0033318230416625,0.3852077722549438,0.0396740362048149,0.0198145862668752,Romance_Film
0.0100855259224772,0.0644760578870773,0.0050571099855005,0.4867713749408722,0.3960759043693542,0.0178129002451896,0.0197211802005767,Romance_Film
0.4916404187679291,0.2392801791429519,0.0560911037027835,0.042863268405199,0.0897095277905464,0.0793725252151489,0.0010430194670334,Romance_Film
