anger,disgust,fear,joy,neutral,sadness,surprise,genre
0.0071535077877342,0.978845715522766,0.0031148260459303,0.0002432296605547,0.0036143485922366,0.0060051088221371,0.0010232749627903,Cult
0.0242097973823547,0.1829910725355148,0.0171971600502729,0.1120868623256683,0.592719316482544,0.0253195911645889,0.0454762428998947,Cult
0.1627519577741623,0.7209232449531555,0.0053126728162169,0.0024025330785661,0.0793677940964698,0.0231435503810644,0.0060981702990829,Cult
0.0363576002418994,0.3243535459041595,0.0523731112480163,0.0056188479065895,0.1852582544088363,0.3696776628494262,0.0263610277324914,Cult
0.0862829834222793,0.0996358394622802,0.0168746430426836,0.0028851225506514,0.766471803188324,0.0171103347092866,0.0107392380014061,Cult
0.4275285303592682,0.0825391486287117,0.2174309939146042,0.004043398424983,0.1627502739429474,0.1018091738224029,0.0038985351566225,Cult
0.010475305840373,0.9794807434082032,0.0036928444169461,0.0002634488337207,0.0029523952398449,0.0025538490153849,0.000581515894737,Cult
0.0228408109396696,0.5203074216842651,0.0150212440639734,0.0026417376939207,0.3352746367454529,0.0512715242803096,0.0526426248252391,Cult
0.0904432609677314,0.052123062312603,0.7436156272888184,0.0019562114030122,0.0710331425070762,0.0327987447381019,0.0080299759283661,Cult
0.0061579812318086,0.0209965277463197,0.0155032444745302,0.051062949001789,0.8373644351959229,0.0449044443666935,0.024010382592678,Cult
0.0237366240471601,0.0020881607197225,0.9398629069328308,0.0025320032145828,0.0187073741108179,0.0070238336920738,0.0060492204502224,Cult
0.0336987897753715,0.099709004163742,0.017427884042263,0.0022972645238041,0.1438888758420944,0.691704273223877,0.0112739577889442,Cult
0.4731326699256897,0.2364425510168075,0.0074255960062146,0.0026014789473265,0.1563676446676254,0.1216210275888443,0.0024090351071208,Cult
0.0109283840283751,0.931408941745758,0.0056313090026378,0.0008497550734318,0.0315165147185325,0.0172601230442523,0.0024049247149378,Cult
0.0142474761232733,0.0096170371398329,0.9572330117225648,0.0015524736372753,0.0041245254687964,0.0019583702087402,0.0112671125680208,Cult
0.0224393438547849,0.1067262664437294,0.0053165848366916,0.0182417836040258,0.7818220257759094,0.0622198469936847,0.0032340460456907,Cult
0.0070808650925755,0.0138752404600381,0.0025044435169547,0.0141114089637994,0.9251012206077576,0.0080475583672523,0.0292792432010173,Cult
0.9562929272651672,0.0135231483727693,0.0035043112002313,0.0008565244497731,0.019611744210124,0.0032826059032231,0.0029288763180375,Cult
0.3151920437812805,0.1089737936854362,0.0353078283369541,0.0024247777182608,0.1380922347307205,0.3676795661449432,0.0323298312723636,Cult
0.0871097669005394,0.6649904847145081,0.034405093640089,0.0035745205823332,0.1923499256372451,0.0138571392744779,0.003713154233992,Cult
0.0957647711038589,0.4041924178600311,0.0264934003353118,0.0032971214968711,0.3790564239025116,0.0549754500389099,0.0362204387784004,Cult
0.4427289664745331,0.0802349597215652,0.013332494534552,0.0032877924386411,0.4361574947834015,0.0216480027884244,0.0026102878618985,Cult
0.008677203208208,0.1357291340827942,0.0068023186177015,0.0749504268169403,0.7423301339149475,0.007648080587387,0.0238627549260854,Cult
0.0046250615268945,0.0071102017536759,0.0012293171603232,0.0044525698758661,0.9063885807991028,0.0057061440311372,0.0704881623387336,Cult
0.0596135146915912,0.055865291506052,0.0041320067830383,0.0486827120184898,0.7982019186019897,0.0276904739439487,0.005814051721245,Cult
0.5671981573104858,0.0206085834652185,0.340722382068634,0.0014527637977153,0.0242119878530502,0.0390820279717445,0.0067240921780467,Cult
0.0161029640585184,0.0305159892886877,0.002499081660062,0.0425319373607635,0.853236734867096,0.0030375386122614,0.0520757511258125,Cult
0.0075242109596729,0.0052955318242311,0.003246810985729,0.1261594146490097,0.7538501024246216,0.0541303567588329,0.0497935637831687,Cult
0.0136465858668088,0.0447173714637756,0.0871114134788513,0.0201660804450511,0.754859983921051,0.0321291126310825,0.0473695658147335,Cult
0.237636923789978,0.2077352553606033,0.135725200176239,0.0015263837995007,0.0790977254509925,0.2939086258411407,0.0443699210882186,Cult
0.1436380296945572,0.6983016133308411,0.0124046290293335,0.0013286886969581,0.0755746662616729,0.0629712715744972,0.0057811397127807,Cult
0.042456030845642,0.8776370882987976,0.0126786073669791,0.0019784276373684,0.042578037828207,0.0202836561948061,0.0023882165551185,Cult
0.0181672312319278,0.0148909054696559,0.0080153029412031,0.0234871115535497,0.8729053139686584,0.0056109889410436,0.0569230392575264,Cult
0.8364503979682922,0.0513827092945575,0.0547893829643726,0.001213023904711,0.041241817176342,0.0112956603989005,0.0036269784905016,Cult
0.2615300714969635,0.6206468343734741,0.017605934292078,0.0010054956655949,0.0450154356658458,0.0483034960925579,0.0058927633799612,Cult
0.003380736336112,0.0060286507941782,0.6207656264305115,0.0036383932456374,0.0393054038286209,0.321580708026886,0.0053004384972155,Cult
0.0455772615969181,0.1167613267898559,0.0158127937465906,0.0092377327382564,0.7861866354942322,0.0165985003113746,0.0098257390782237,Cult
0.0566822476685047,0.1016714051365852,0.0840601325035095,0.0108206402510404,0.711911141872406,0.01540516782552,0.0194491520524024,Cult
0.1022039502859115,0.0551999062299728,0.0229560155421495,0.0044860397465527,0.7618875503540039,0.0218176245689392,0.031448908150196,Cult
0.012483031488955,0.7153617143630981,0.0040653478354215,0.0037598838098347,0.2514299154281616,0.008740528486669,0.0041595404036343,Cult
0.0147054940462112,0.3239445686340332,0.0296722203493118,0.0033285657409578,0.6006024479866028,0.0129467295482754,0.0148000009357929,Cult
0.1937620490789413,0.6006399393081665,0.0271293055266141,0.0013965503312647,0.0685536414384841,0.1053148955106735,0.0032035959884524,Cult
