anger,disgust,fear,joy,neutral,sadness,surprise,genre
0.0062021571211516,0.0012244859244674,0.0029903820250183,0.8694980144500732,0.0563553981482982,0.0338635072112083,0.0298660192638635,Drama
0.0010459350887686,0.002722481964156,0.0035028012935072,0.0019165487028658,0.0117725245654582,0.9770731925964355,0.0019666145090013,Drama
0.0693930238485336,0.0191881954669952,0.0157350394874811,0.0188033003360033,0.8564991354942322,0.0104048866778612,0.0099764186888933,Drama
0.0226109977811574,0.0117721771821379,0.001393282902427,0.3941403329372406,0.5422216653823853,0.015149581246078,0.0127119412645697,Drama
0.2172188460826873,0.2130993157625198,0.0211661960929632,0.0025971331633627,0.1030158549547195,0.1071904823184013,0.3357121646404266,Drama
0.0053584724664688,0.0027741610538214,0.0044376887381076,0.0011939230607822,0.0063471035100519,0.0014285267097875,0.978460133075714,Drama
0.200526550412178,0.209864854812622,0.0084161218255758,0.0082426089793443,0.4043596684932709,0.1649545729160308,0.0036355738993734,Drama
0.1886306554079055,0.0410996861755847,0.0733959823846817,0.0024610811378806,0.0228891260921955,0.0340207517147064,0.6375026702880859,Drama
0.2501817941665649,0.1878425776958465,0.0070650405250489,0.0191986560821533,0.1491922885179519,0.3821580410003662,0.0043616434559226,Drama
0.075300246477127,0.2086330652236938,0.0513864830136299,0.0030862218700349,0.4928795099258423,0.1457732617855072,0.022941181436181,Drama
0.0762525722384452,0.3731007277965545,0.0162722710520029,0.0030341828241944,0.4199351072311401,0.093773752450943,0.0176315102726221,Drama
0.0050745797343552,0.0070698298513889,0.000526999705471,0.9553741216659546,0.0169628262519836,0.0112766819074749,0.003714942606166,Drama
0.0577050074934959,0.059238102287054,0.0029627461917698,0.0377737581729888,0.8187991380691528,0.0148052992299199,0.0087159257382154,Drama
0.0061507546342909,0.0080539286136627,0.0009986140066757,0.0156446136534214,0.945964515209198,0.0027543420437723,0.0204331818968057,Drama
0.0104545103386044,0.0244620908051729,0.0168982669711112,0.5436218976974487,0.3753758072853088,0.0113331591710448,0.017854293808341,Drama
