anger,disgust,fear,joy,neutral,sadness,surprise,genre
0.0264514740556478,0.0274979565292596,0.00414684927091,0.4431914091110229,0.0536586195230484,0.375360906124115,0.069692812860012,Comedy
0.0047474228776991,0.014399747364223,0.0032481676898896,0.0028631605673581,0.104710042476654,0.845819890499115,0.0242116022855043,Comedy
0.0149460723623633,0.0138761242851614,0.0465706661343574,0.017899164929986,0.3450060784816742,0.549136221408844,0.0125656761229038,Comedy
0.0161943975836038,0.0321131683886051,0.0120481941848993,0.0028098351322114,0.2302033454179763,0.0557666309177875,0.6508644223213196,Comedy
0.4383626282215118,0.0951409041881561,0.0090687470510602,0.0025754726957529,0.1517654210329055,0.2885972261428833,0.0144895538687706,Comedy
0.0083147510886192,0.0112918140366673,0.003942378796637,0.005500734783709,0.9499080777168274,0.0057229832746088,0.0153192738071084,Comedy
0.0242425985634326,0.0559302680194377,0.0044248267076909,0.0012102905893698,0.0487134754657745,0.8465375304222107,0.0189409479498863,Comedy
0.0720848068594932,0.1463316977024078,0.0761685818433761,0.006944254040718,0.6534550189971924,0.0330553464591503,0.0119603220373392,Comedy
0.1006710156798362,0.0231720507144927,0.7069504261016846,0.0031432365067303,0.1357351988554,0.0176060292869806,0.0127220433205366,Comedy
0.0199665240943431,0.1168274581432342,0.14133121073246,0.0027379940729588,0.2972078919410705,0.3877238631248474,0.034205000847578,Comedy
0.018862996250391,0.0324832610785961,0.0059762829914689,0.4025280773639679,0.450715571641922,0.0232767965644598,0.0661570504307746,Comedy
0.0245850831270217,0.027840981259942,0.0071931732818484,0.0193731114268302,0.8953996300697327,0.0089649502187967,0.0166430342942476,Comedy
0.0062036793678998,0.0086023658514022,0.0022988962009549,0.3581358790397644,0.6090887784957886,0.0075050848536193,0.0081653529778122,Comedy
0.2311402708292007,0.0381406284868717,0.6468652486801147,0.0055675506591796,0.0634711980819702,0.0093028740957379,0.0055121802724897,Comedy
0.0417406298220157,0.0049443924799561,0.0097048552706837,0.0054195192642509,0.1453224569559097,0.7030311822891235,0.089836984872818,Comedy
