anger,disgust,fear,joy,neutral,sadness,surprise,genre
0.0443483218550682,0.3538680374622345,0.0635735541582107,0.0119136730208992,0.5037744045257568,0.0083830095827579,0.0141390403732657,Short_Film
0.6604615449905396,0.2672531902790069,0.0049358983524143,0.0039879232645034,0.0460131503641605,0.0142209632322192,0.0031273625791072,Short_Film
0.4771513044834137,0.2039413005113601,0.007719705812633,0.0223274808377027,0.2145564258098602,0.0590145662426948,0.0152892908081412,Short_Film
0.5149609446525574,0.3914643228054046,0.0124393133446574,0.0012046897318214,0.0460956245660781,0.0269877165555953,0.0068474458530545,Short_Film
0.0354859940707683,0.0100030861794948,0.016009971499443,0.0098135266453027,0.2014114111661911,0.0078211640939116,0.719454824924469,Short_Film
0.0205322708934545,0.4581179618835449,0.0088012563064694,0.0386649779975414,0.4403943717479706,0.0277469996362924,0.0057422183454036,Short_Film
0.0750555619597435,0.0517575927078723,0.0827425867319107,0.0026008524000644,0.2802356481552124,0.4525094330310821,0.0550983510911464,Short_Film
0.4778867065906524,0.0318246707320213,0.0252254214137792,0.0022686377633363,0.062168899923563,0.3911984860897064,0.0094271060079336,Short_Film
0.0647565498948097,0.0657195895910263,0.3776832222938537,0.0024015076924115,0.2223727256059646,0.08951997756958,0.1775464117527008,Short_Film
0.4725314974784851,0.0217237677425146,0.2653777301311493,0.0018213263247162,0.0608106181025505,0.1537859290838241,0.0239490754902362,Short_Film
0.1287066787481308,0.2931047976016998,0.4116271436214447,0.0024156575091183,0.0735112503170967,0.0616578757762908,0.0289765503257513,Short_Film
0.3630204796791076,0.1459281891584396,0.0046668746508657,0.122902862727642,0.3367677628993988,0.0088716335594654,0.0178422015160322,Short_Film
0.0234964415431022,0.0619980916380882,0.0534068644046783,0.0013636763906106,0.129185289144516,0.7251093983650208,0.0054402574896812,Short_Film
0.3661315739154815,0.610123872756958,0.0057311672717332,0.0009846721077337,0.0083013009279966,0.0051604080945253,0.0035670297220349,Short_Film
0.0075478912331163,0.0188496559858322,0.0016517364419996,0.915259838104248,0.047256976366043,0.0065396353602409,0.0028943128418177,Short_Film
