anger,disgust,fear,joy,neutral,sadness,surprise,genre
0.252303808927536,0.2956721782684326,0.073515884578228,0.0239597111940383,0.3148573040962219,0.0224061161279678,0.0172850769013166,Comedy
0.0184392351657152,0.018025716766715,0.0049468982033431,0.259815514087677,0.6338192820549011,0.0271474812179803,0.0378059111535549,Comedy
0.0245951414108276,0.0411580614745616,0.0022301839198917,0.0298502799123525,0.82728511095047,0.06421959400177,0.0106615787371993,Comedy
0.0229145847260952,0.0116320000961422,0.0043558785691857,0.3343992233276367,0.3520417213439941,0.0723647475242614,0.2022918611764907,Comedy
0.1851868480443954,0.2254266589879989,0.0499264784157276,0.0029019615612924,0.3682574033737182,0.1641140282154083,0.0041865948587656,Comedy
0.4101273119449615,0.2041153460741043,0.0224887523800134,0.0079087885096669,0.2405495941638946,0.1013232395052909,0.0134869441390037,Comedy
0.0198580175638198,0.0082509964704513,0.018941480666399,0.0663941279053688,0.0519074536859989,0.7583492994308472,0.076298601925373,Comedy
0.374185562133789,0.1388062685728073,0.040645308792591,0.0085549876093864,0.3193372189998626,0.1051813811063766,0.013289357535541,Comedy
0.1394116580486297,0.6910709738731384,0.0036236939486116,0.0201380904763937,0.1248696744441986,0.0189736597239971,0.0019123272504657,Comedy
0.1653412282466888,0.135018765926361,0.0134188681840896,0.0072412504814565,0.6465364694595337,0.0266651157289743,0.0057782684452831,Comedy
0.168003112077713,0.4374408423900604,0.2838686108589172,0.0049110371619462,0.0748122408986091,0.0188478659838438,0.012116246856749,Comedy
0.1105438098311424,0.0053477799519896,0.8733150959014893,0.0014314866857603,0.0050132903270423,0.0030764299444854,0.0012721189996227,Comedy
0.0070750890299677,0.0032477551139891,0.0042710481211543,0.0731398165225982,0.8057782053947449,0.0067719407379627,0.0997160598635673,Comedy
0.0058891349472105,0.0049243029206991,0.0121249603107571,0.0109369317069649,0.904752790927887,0.0128380237147212,0.0485339984297752,Comedy
0.3854029178619385,0.0196580663323402,0.0232017394155263,0.0050222058780491,0.1063989177346229,0.4443137347698211,0.0160024110227823,Comedy
0.0091092633083462,0.0066039855591952,0.0022963737137615,0.1742377579212188,0.7500722408294678,0.0106333419680595,0.0470470860600471,Comedy
