anger,disgust,fear,joy,neutral,sadness,surprise,genre
0.002486360957846,0.001273164874874,0.0007054840680211,0.9468331933021544,0.0254321992397308,0.0045524230226874,0.0187172144651412,Comedy_film
0.0678087994456291,0.9056218862533568,0.00480502191931,0.0012297002831473,0.0105525152757763,0.0079931411892175,0.0019890286494046,Comedy_film
0.2874342799186706,0.4661079943180084,0.0133818956092,0.0027934771496802,0.0365195907652378,0.1869169324636459,0.0068457396700978,Comedy_film
0.9526006579399108,0.0341543331742286,0.0044374861754477,0.0005815070471726,0.0045806122943758,0.0023629434872418,0.0012824063887819,Comedy_film
0.0031993659213185,0.004920438863337,0.001031138584949,0.7822335958480835,0.1309990882873535,0.0463240519165992,0.0312923565506935,Comedy_film
0.1858986914157867,0.0502875782549381,0.6693893671035767,0.0013401289470493,0.0029541389085352,0.0882218033075332,0.0019083835650235,Comedy_film
0.0081868926063179,0.0030094350222498,0.0176231656223535,0.228711798787117,0.4115274250507355,0.0891569405794143,0.2417844235897064,Comedy_film
0.0789747610688209,0.8693078756332397,0.0028250270988792,0.0009111466351896,0.0287073347717523,0.0088186897337436,0.0104552377015352,Comedy_film
0.0016166883287951,0.0040599508211016,0.0166954416781663,0.0020719023887068,0.0356793068349361,0.9238256216049194,0.016051085665822,Comedy_film
0.2219259440898895,0.251135766506195,0.0146833434700965,0.00204758788459,0.0941333025693893,0.4118489325046539,0.0042251646518707,Comedy_film
