anger,disgust,fear,joy,neutral,sadness,surprise,genre
0.0105590587481856,0.0027401344850659,0.0045901793055236,0.3652780055999756,0.4761161208152771,0.0131085757166147,0.1276079565286636,Comedy
0.0166245270520448,0.1051213815808296,0.0059027927927672,0.0370598845183849,0.8022662401199341,0.0040664603002369,0.0289587527513504,Comedy
0.2437612116336822,0.0704238265752792,0.0082024913281202,0.0898287072777748,0.5608567595481873,0.0237476080656051,0.0031793804373592,Comedy
0.0063334517180919,0.1060844808816909,0.0362213067710399,0.0267738010734319,0.4352486431598663,0.3725604712963104,0.0167778134346008,Comedy
0.5503987073898315,0.2578663825988769,0.0052711614407598,0.0035504668485373,0.1651670932769775,0.0141709698364138,0.0035751820541918,Comedy
0.2913956642150879,0.6345790028572083,0.0204925779253244,0.0015404637670144,0.0304579474031925,0.0127044012770056,0.008829859085381,Comedy
0.0149825531989336,0.1056306660175323,0.0013413118431344,0.8052370548248291,0.0397267714142799,0.0274364221841096,0.0056451768614351,Comedy
0.1939623802900314,0.100744679570198,0.0443008840084075,0.0031874056439846,0.1648411303758621,0.3762123882770538,0.1167511492967605,Comedy
0.0836874991655349,0.0670494958758354,0.0873052552342414,0.0090198433026671,0.6261911392211914,0.0375008583068847,0.0892458334565162,Comedy
0.4038034081459045,0.5183436870574951,0.0346570312976837,0.0017076524673029,0.0241016261279582,0.0155017785727977,0.0018847393803298,Comedy
0.28799769282341,0.02941027097404,0.553376317024231,0.0035440742503851,0.0756677389144897,0.0436481162905693,0.006355823483318,Comedy
