anger,disgust,fear,joy,neutral,sadness,surprise,genre
0.0034508928656578,0.0021000041160732,0.0015886584296822,0.1733136773109436,0.0759982094168663,0.6996273994445801,0.0439212210476398,Christmas_movie
0.011243206448853,0.0095299165695905,0.0106247710064053,0.0111292349174618,0.8493708372116089,0.0228209588676691,0.0852810144424438,Christmas_movie
0.0117671629413962,0.0033863736316561,0.367061585187912,0.0042523578740656,0.036587156355381,0.5624759793281555,0.0144693898037076,Christmas_movie
0.4071930348873138,0.2191332131624221,0.0021679194178432,0.0039253458380699,0.3101841509342193,0.0485933758318424,0.0088029084727168,Christmas_movie
0.722720742225647,0.18095663189888,0.0149968825280666,0.0008661935571581,0.0529533438384532,0.0250373668968677,0.0024688139092177,Christmas_movie
0.7327851057052612,0.0919239819049835,0.0398679450154304,0.0029199980199337,0.116495594382286,0.0112258242443203,0.0047816312871873,Christmas_movie
0.0901309922337532,0.0402216836810112,0.0203400440514087,0.0109068537130951,0.8086528182029724,0.0121484529227018,0.0175990685820579,Christmas_movie
0.5997414588928223,0.3283841907978058,0.0391115397214889,0.001163397100754,0.0158059373497962,0.0140522001311182,0.0017413300229236,Christmas_movie
0.3623363971710205,0.2219287604093551,0.0738997980952262,0.0414079166948795,0.1675411313772201,0.1147557869553566,0.0181301981210708,Christmas_movie
0.0059581417590379,0.0052403509616851,0.0008720275945961,0.0491523370146751,0.7803350687026978,0.06886488199234,0.089577279984951,Christmas_movie
0.0400371626019477,0.160109594464302,0.0038639272097498,0.0045068846084177,0.1163216158747673,0.6644020676612854,0.0107586793601512,Christmas_movie
0.0704009309411048,0.0210322123020887,0.0130516020581126,0.0306740347295999,0.7762055397033691,0.0383001714944839,0.0503354296088218,Christmas_movie
