anger,disgust,fear,joy,neutral,sadness,surprise,genre
0.0076451543718576,0.0197858083993196,0.0303762648254632,0.0948647856712341,0.8257778286933899,0.0088847232982516,0.012665482237935,Drama
0.0608686506748199,0.1029208078980445,0.0691427737474441,0.0037237161304801,0.4869929850101471,0.0850439742207527,0.1913071870803833,Drama
0.0147336078807711,0.0167184509336948,0.003293064655736,0.0092029040679335,0.906784176826477,0.0435214266180992,0.0057463021948933,Drama
0.003681443631649,0.0054522035643458,0.0020537211094051,0.473379373550415,0.4697392284870147,0.0054865721613168,0.0402074754238128,Drama
0.0249492172151803,0.0300385281443595,0.0079696290194988,0.0555950291454792,0.7999895215034485,0.0646507441997528,0.0168073233217,Drama
0.1000464409589767,0.2425599694252014,0.0099748196080327,0.0144284293055534,0.3315579295158386,0.2864613831043243,0.0149710150435566,Drama
0.0702610686421394,0.0964753255248069,0.1317799836397171,0.0054117725230753,0.569599449634552,0.0802103504538536,0.0462620444595813,Drama
0.0509128160774707,0.0298109874129295,0.0030698284972459,0.0396290235221385,0.8606014251708984,0.0132959773764014,0.0026800520718097,Drama
0.0124319531023502,0.0095813861116766,0.0021954672411084,0.2806162238121032,0.6214555501937866,0.0220654886215925,0.0516538731753826,Drama
0.0073244725354015,0.039453137665987,0.0520019270479679,0.013765163719654,0.8694668412208557,0.0072069433517754,0.0107814939692616,Drama
0.0069880234077572,0.011175294406712,0.0050082425586879,0.0044086300767958,0.956353724002838,0.0059437891468405,0.0101222461089491,Drama
0.021420294418931,0.1627691686153412,0.6066651940345764,0.002027397044003,0.0949052572250366,0.0248470399528741,0.0873656347393989,Drama
0.0047015314921736,0.0252660997211933,0.002572963014245,0.0064172470010817,0.9267188310623168,0.0082458080723881,0.0260774623602628,Drama
0.014360599219799,0.0114902965724468,0.0097863925620913,0.003441016189754,0.910528600215912,0.004104574676603,0.0462885871529579,Drama
0.009355328977108,0.0228354185819625,0.0076367473229765,0.1153046116232872,0.7824061512947083,0.0497139655053615,0.0127477375790476,Drama
0.0057797906920313,0.0089332638308405,0.0019778064452111,0.0307024270296096,0.9403427839279176,0.006596852093935,0.0056671104393899,Drama
0.0143924904987216,0.0139021938666701,0.0078757088631391,0.0076823872514069,0.914087176322937,0.0097095873206853,0.0323504954576492,Drama
0.0095489909872412,0.0273389481008052,0.4096906781196594,0.0055780326947569,0.0899753645062446,0.4347181320190429,0.0231499020010232,Drama
0.0090371705591678,0.0126035474240779,0.7630329728126526,0.0055824089795351,0.1928207278251648,0.0064365891739726,0.0104865618050098,Drama
0.4920997619628906,0.0730172842741012,0.3902365267276764,0.0020063857082277,0.0335275903344154,0.0040335590019822,0.0050789425149559,Drama
0.0069026802666485,0.031731478869915,0.003695067949593,0.02640300989151,0.9088159203529358,0.0076861814595758,0.0147658223286271,Drama
0.0027701377402991,0.0157723668962717,0.005357529502362,0.7319621443748474,0.2196186333894729,0.0125903077423572,0.0119289075955748,Drama
0.0077913114801049,0.004214390181005,0.0017481182003393,0.0131480703130364,0.9537510871887208,0.0056376974098384,0.0137093858793377,Drama
0.017603101208806,0.0205388572067022,0.6889700889587402,0.0072029684670269,0.2098122239112854,0.0287117585539817,0.0271610431373119,Drama
0.4684858322143554,0.2682773768901825,0.0231212265789508,0.0012448136694729,0.1943050920963287,0.039507932960987,0.0050577870570123,Drama
0.1134987697005271,0.1069568917155265,0.1765788346529007,0.0035057028289884,0.4940510988235473,0.0144999548792839,0.0909087508916854,Drama
0.2041084319353103,0.1127442046999931,0.16929791867733,0.0031133654993027,0.3234302103519439,0.1687345057725906,0.0185713768005371,Drama
0.0076622585766017,0.927668035030365,0.0163113549351692,0.0019702755380421,0.0347722209990024,0.0031154106836766,0.008500468917191,Drama
0.0219957306981086,0.0217077601701021,0.8122677206993103,0.0029907217249274,0.0575440526008605,0.0552532412111759,0.0282408148050308,Drama
0.0058964020572602,0.0110965277999639,0.0015051045920699,0.0485531948506832,0.9066694974899292,0.0049732276238501,0.0213059224188327,Drama
0.0481979958713054,0.1797054409980774,0.1661038696765899,0.0051215188577771,0.4980177581310272,0.084774874150753,0.0180785451084375,Drama
0.0145816272124648,0.0274555161595344,0.0629436075687408,0.0097436998039484,0.8643454313278198,0.0093309516087174,0.0115991802886128,Drama
0.0124690067023038,0.008568805642426,0.009610217064619,0.0011759932385757,0.026673536747694,0.9244771003723145,0.0170252993702888,Drama
0.0017673367401584,0.0090092532336711,0.0034336945973336,0.0073951901867985,0.0461033806204795,0.9259617924690248,0.0063293655402958,Drama
0.0040631862357258,0.9594581723213196,0.0082453992217779,0.0009452265221625,0.0219237208366394,0.0018697456689551,0.0034945411607623,Drama
0.0070921345613896,0.7787615656852722,0.0341664813458919,0.0126923080533742,0.1529344022274017,0.0062922840006649,0.008060697466135,Drama
0.0178561825305223,0.1940142512321472,0.0048926817253232,0.0092154070734977,0.7581222653388977,0.0042413715273141,0.0116578070446848,Drama
0.0581506341695785,0.0254067312926054,0.4532180428504944,0.004374851938337,0.4290569126605987,0.0113865993916988,0.0184062793850898,Drama
0.0068919146433472,0.1285988241434097,0.0213318597525358,0.0180768817663192,0.7644407153129578,0.0041583408601582,0.056501355022192,Drama
0.6111082434654236,0.1047485694289207,0.1241676211357116,0.0021828494500368,0.1079332381486892,0.0217190887778997,0.0281403623521327,Drama
0.0230894591659307,0.0374136455357074,0.0144339045509696,0.0067222830839455,0.8205816149711609,0.0922820195555687,0.0054770475253462,Drama
0.1585025191307068,0.0512080416083335,0.0279639232903718,0.0053345751948654,0.5145159363746643,0.2266180962324142,0.0158568769693374,Drama
