anger,disgust,fear,joy,neutral,sadness,surprise,genre
0.0229700077325105,0.0231007169932127,0.0037834816612303,0.0014015734195709,0.0214341208338737,0.9238245487213136,0.0034856162965297,Crime_Fiction
0.0098362043499946,0.3817655146121979,0.0102571304887533,0.2624460160732269,0.2973955571651459,0.0111080864444375,0.0271914526820182,Crime_Fiction
0.5705420970916748,0.1759709417819976,0.0432180501520633,0.0043664989061653,0.1557332575321197,0.037608478218317,0.0125606432557106,Crime_Fiction
0.0166853591799736,0.1218418329954147,0.0874415338039398,0.1949104219675064,0.3671731650829315,0.1908998191356659,0.0210477821528911,Crime_Fiction
0.0105823697522282,0.1719562262296676,0.0051962914876639,0.4780706465244293,0.3012610077857971,0.0200202949345111,0.0129130966961383,Crime_Fiction
0.0538761094212532,0.0218619965016841,0.0486910641193389,0.005179114639759,0.3690539896488189,0.2512816190719604,0.2500560879707336,Crime_Fiction
0.016524814069271,0.0739137157797813,0.7485813498497009,0.0021097976714372,0.0720906257629394,0.0821855664253234,0.0045941760763525,Crime_Fiction
0.0093350987881422,0.0166914965957403,0.0014197828713804,0.0019617504440248,0.9416761994361876,0.0048764632083475,0.0240393038839101,Crime_Fiction
0.006838799919933,0.0268129538744688,0.0063761128112673,0.003200861159712,0.7894588112831116,0.1271944940090179,0.0401179790496826,Crime_Fiction
0.4772307872772217,0.1015607416629791,0.0179938375949859,0.0021352241747081,0.303195595741272,0.0955084338784217,0.0023754290305078,Crime_Fiction
0.0677976459264755,0.0877582803368568,0.0071256472729146,0.0022340968716889,0.8035715818405151,0.0090866088867187,0.0224261861294507,Crime_Fiction
0.0128552969545125,0.0179831236600875,0.0016909204423427,0.0115975607186555,0.9274046421051024,0.0039760093204677,0.0244923811405897,Crime_Fiction
0.098722219467163,0.079430878162384,0.0196376554667949,0.0200645085424184,0.7698407173156738,0.0092992112040519,0.0030048335902392,Crime_Fiction
0.0164180714637041,0.0233237110078334,0.4988440871238708,0.0099677396938204,0.4275518953800201,0.0127498051151633,0.0111447367817163,Crime_Fiction
0.5998508930206299,0.1084090322256088,0.0876759141683578,0.0040223756805062,0.1452416032552719,0.0399953797459602,0.0148047488182783,Crime_Fiction
0.0108482893556356,0.0194874498993158,0.0124188568443059,0.0099526569247245,0.8925832509994507,0.0050535905174911,0.0496559329330921,Crime_Fiction
0.8512625098228455,0.0839706063270568,0.0017775635933503,0.0019729528576135,0.0485954955220222,0.0095037389546632,0.0029170506168156,Crime_Fiction
0.2466266006231308,0.1216950491070747,0.0064139310270547,0.0047831591218709,0.5901227593421936,0.0183708667755126,0.0119877653196454,Crime_Fiction
0.0450894907116889,0.0114215174689888,0.004027085378766,0.0858106464147567,0.8030292391777039,0.0157596841454505,0.0348623357713222,Crime_Fiction
0.0218219812959432,0.4880266487598419,0.0550182461738586,0.0029194557573646,0.3351297974586487,0.0314794890582561,0.0656043589115142,Crime_Fiction
0.5101049542427063,0.0921370312571525,0.1371096968650818,0.0045931404456496,0.1683907359838485,0.0709757432341575,0.0166886951774358,Crime_Fiction
0.1358943730592727,0.0066187479533255,0.6327977180480957,0.0028943584766238,0.1011524498462677,0.0787487551569938,0.0418936014175415,Crime_Fiction
0.1153020933270454,0.2795619070529938,0.3411178588867187,0.0030537359416484,0.0776912346482276,0.1003952324390411,0.082877866923809,Crime_Fiction
