anger,disgust,fear,joy,neutral,sadness,surprise,genre
0.0068358602002263,0.0155347725376486,0.0042406632564961,0.0058283959515392,0.9327101707458496,0.0130590796470642,0.0217910669744014,Roadshow_theatrical_release
0.0475426092743873,0.1794341504573822,0.363123208284378,0.0169998612254858,0.0728738754987716,0.3156476318836212,0.0043786647729575,Roadshow_theatrical_release
0.0008973796502687,0.0045700282789766,0.0025170971639454,0.0030698664486408,0.0230403393507003,0.961031973361969,0.0048732715658843,Roadshow_theatrical_release
0.0113433673977851,0.0143590932711958,0.0152854453772306,0.0638115182518959,0.88017338514328,0.003252211259678,0.0117748314514756,Roadshow_theatrical_release
0.0049927281215786,0.0096570355817675,0.0085546188056468,0.0067377863451838,0.8791280388832092,0.0193612091243267,0.0715686306357383,Roadshow_theatrical_release
0.0042256671003997,0.0080618979409337,0.0038244263269007,0.0125391129404306,0.9214359521865844,0.0066640521399676,0.0432489849627018,Roadshow_theatrical_release
0.0034531862474977,0.0027789331506937,0.964664101600647,0.0009773274650797,0.0187289994210004,0.0071192025206983,0.0022782457526773,Roadshow_theatrical_release
0.1313101798295974,0.0749007388949394,0.0130366329103708,0.0021498089190572,0.0611823163926601,0.7151379585266113,0.002282336121425,Roadshow_theatrical_release
0.0088913049548864,0.0029013094026595,0.9102126359939576,0.003787598805502,0.0485686659812927,0.0166923701763153,0.0089459652081131,Roadshow_theatrical_release
0.0350922048091888,0.0976831093430519,0.017041902989149,0.0061594052240252,0.66377192735672,0.1781219542026519,0.0021294984035193,Roadshow_theatrical_release
0.0496673882007598,0.0103664230555295,0.5432625412940979,0.004552858415991,0.042463444173336,0.0409709513187408,0.3087164461612701,Roadshow_theatrical_release
0.0208171959966421,0.0186703484505414,0.0085464371368289,0.0285024438053369,0.8758472800254822,0.0091237844899296,0.0384924784302711,Roadshow_theatrical_release
0.0079990262165665,0.0013183178380131,0.0085993278771638,0.5985620021820068,0.0942676961421966,0.1626749485731125,0.1265787333250045,Roadshow_theatrical_release
0.0056805992498993,0.009114465676248,0.0031622108072042,0.0072107203304767,0.9471346735954284,0.0047429110854864,0.0229544062167406,Roadshow_theatrical_release
0.0217110272496938,0.2550931572914123,0.0034082506317645,0.004682395607233,0.7004687190055847,0.0069946171715855,0.0076418910175561,Roadshow_theatrical_release
0.0319338180124759,0.1473858803510666,0.072020873427391,0.0456858277320861,0.643073558807373,0.011138055473566,0.0487619526684284,Roadshow_theatrical_release
0.0078245159238576,0.0062103867530822,0.0018956096610054,0.0107177710160613,0.943677306175232,0.0034678934607654,0.0262064877897501,Roadshow_theatrical_release
0.4471320211887359,0.4358055591583252,0.0104942806065082,0.0109104570001363,0.0355021990835666,0.0546714626252651,0.0054840105585753,Roadshow_theatrical_release
0.1363950073719024,0.2291054874658584,0.0112812351435422,0.0056752511300146,0.24167101085186,0.0490786395967006,0.3267933428287506,Roadshow_theatrical_release
0.0299577042460441,0.0914188027381897,0.0033043420407921,0.0164777282625436,0.213817298412323,0.6412497758865356,0.0037743097636848,Roadshow_theatrical_release
0.2449613064527511,0.0486871637403965,0.2267820835113525,0.0329051651060581,0.39069265127182,0.0505554899573326,0.0054161786101758,Roadshow_theatrical_release
0.1177965700626373,0.0495050624012947,0.0319155119359493,0.0972215756773948,0.6102679371833801,0.0524252243340015,0.0408681109547615,Roadshow_theatrical_release
0.0105898967012763,0.0519657768309116,0.0040991217829287,0.0032179991248995,0.0310886688530445,0.897577702999115,0.0014607723569497,Roadshow_theatrical_release
0.017941815778613,0.0070587298832833,0.0010951919248327,0.1555715650320053,0.7958346605300903,0.0055284211412072,0.0169696658849716,Roadshow_theatrical_release
0.1100146248936653,0.0481930747628212,0.0183039102703332,0.0021394572686403,0.0349628292024135,0.7818014621734619,0.0045846402645111,Roadshow_theatrical_release
0.0264110155403614,0.0333957411348819,0.0036548774223774,0.0048170639201998,0.9111402630805968,0.0113764153793454,0.0092046614736318,Roadshow_theatrical_release
0.7121885418891907,0.0301723331212997,0.0149428825825452,0.0086511923000216,0.0848471671342849,0.1437638700008392,0.0054339589551091,Roadshow_theatrical_release
0.0099476622417569,0.2212143838405609,0.0375203154981136,0.0744853243231773,0.6135793924331665,0.0129865361377596,0.0302663091570138,Roadshow_theatrical_release
0.5513690114021301,0.0487936325371265,0.0511911287903785,0.0029663941822946,0.3235164582729339,0.0159266870468854,0.0062367087230086,Roadshow_theatrical_release
0.0044616074301302,0.0016297367401421,0.0036363599356263,0.1154941990971565,0.0181190017610788,0.0098768677562475,0.8467822670936584,Roadshow_theatrical_release
0.0019729326013475,0.0070881913416087,0.0015680650249123,0.0220977067947387,0.0893900021910667,0.8697866797447205,0.0080963233485817,Roadshow_theatrical_release
0.0187999624758958,0.0481170304119586,0.0150561649352312,0.0128255235031247,0.8738119006156921,0.029372401535511,0.0020169888157397,Roadshow_theatrical_release
0.0157490000128746,0.2595456838607788,0.4153262674808502,0.0040820552967488,0.2150687575340271,0.0293858684599399,0.0608422569930553,Roadshow_theatrical_release
0.0080415215343236,0.0105421915650367,0.8248197436332703,0.0051492638885974,0.1324861049652099,0.0053517553023993,0.0136094409972429,Roadshow_theatrical_release
0.0390233807265758,0.0269778724759817,0.0347792655229568,0.0640429258346557,0.7929555773735046,0.0342861898243427,0.007934751920402,Roadshow_theatrical_release
