anger,disgust,fear,joy,neutral,sadness,surprise,genre
0.0063564623706042,0.0068016173318028,0.0022701395209878,0.3723088800907135,0.5557235479354858,0.0164173394441604,0.0401220358908176,Short_Film
0.4223268032073974,0.4304958283901214,0.0069826869294047,0.0083076879382133,0.1131176501512527,0.0126948673278093,0.0060744788497686,Short_Film
0.0332749113440513,0.1568407416343689,0.0016682929126545,0.0019061318598687,0.0398982390761375,0.7624971866607666,0.003914582543075,Short_Film
0.0075445789843797,0.0460394173860549,0.0024440009146928,0.0022563789971172,0.9126805067062378,0.0029242683667689,0.0261109471321105,Short_Film
0.5809914469718933,0.0560014657676219,0.3087885975837707,0.0018456287216395,0.0328134074807167,0.0138415265828371,0.0057180281728506,Short_Film
0.0877236351370811,0.097257450222969,0.0375928692519664,0.0019047539681196,0.7393757700920105,0.0280692260712385,0.0080762421712279,Short_Film
0.0102734100073575,0.967420220375061,0.0090500637888908,0.0003729553427547,0.0086296908557415,0.0029593217186629,0.0012943517649546,Short_Film
0.1187203675508499,0.6970173716545105,0.004359321668744,0.001099398243241,0.1621960699558258,0.0114636532962322,0.0051438868977129,Short_Film
0.0283522196114063,0.8515535593032837,0.0039029556792229,0.0017947611631825,0.1067175045609474,0.0051212632097303,0.0025577880442142,Short_Film
0.0656804963946342,0.2639714777469635,0.0129023334011435,0.0454403460025787,0.5827064514160156,0.0167805887758731,0.0125183537602424,Short_Film
0.045661810785532,0.0898855477571487,0.0012417839607223,0.0214407872408628,0.8282741904258728,0.0078060189262032,0.0056898281909525,Short_Film
0.153126060962677,0.2915440499782562,0.0033969236537814,0.0050055216997861,0.4156579673290252,0.0694776102900505,0.0617917515337467,Short_Film
0.3105205595493316,0.2775465846061706,0.0121926022693514,0.0047858953475952,0.3299694061279297,0.0576720461249351,0.0073129311203956,Short_Film
0.0103424564003944,0.1194785013794899,0.0119903841987252,0.0033844311255961,0.7752827405929565,0.0589767806231975,0.0205447431653738,Short_Film
