anger,disgust,fear,joy,neutral,sadness,surprise,genre
0.017997495830059,0.0236410982906818,0.0040955152362585,0.0178500935435295,0.9047180414199828,0.003537354292348,0.0281604267656803,Indie
0.029671324416995,0.062271486967802,0.0035174831282347,0.0110529102385044,0.8689261674880981,0.0071281529963016,0.0174324735999107,Indie
0.1686051189899444,0.0183814652264118,0.0033534853719174,0.6803205609321594,0.0959308147430419,0.0222826916724443,0.0111258253455162,Indie
0.2090052813291549,0.2793692350387573,0.0369643904268741,0.0027738607022911,0.151429533958435,0.2909252643585205,0.0295323822647333,Indie
0.0071478267200291,0.0807521790266037,0.192785769701004,0.0226421002298593,0.4764731526374817,0.1661535948514938,0.0540453419089317,Indie
0.0493679568171501,0.06639314442873,0.0024003721773624,0.066998653113842,0.7989941835403442,0.0107871768996119,0.0050584715791046,Indie
0.0433596596121788,0.884955108165741,0.0167793240398168,0.001320696552284,0.0421895012259483,0.0101531539112329,0.0012426060857251,Indie
0.3388869166374206,0.5417564511299133,0.0211776550859212,0.0017586627509444,0.0350659899413585,0.0595603920519351,0.001794000272639,Indie
0.102728247642517,0.0368406176567077,0.0261366460472345,0.0234768856316804,0.6337088346481323,0.1653179675340652,0.0117908557876944,Indie
0.0114102680236101,0.0085772573947906,0.0368780009448528,0.0231238473206758,0.8848208785057068,0.021065728738904,0.014124047011137,Indie
0.0028277365490794,0.011301920749247,0.0038193177897483,0.1455990821123123,0.6952653527259827,0.0269739776849746,0.114212617278099,Indie
0.4650573134422302,0.0382117591798305,0.0051464480347931,0.0163251087069511,0.3617877662181854,0.1101165041327476,0.0033551121596246,Indie
0.0893953517079353,0.2904761433601379,0.1724239438772201,0.0078508136793971,0.4200387001037597,0.0133467707782983,0.0064683845266699,Indie
0.3942643105983734,0.3800680935382843,0.0553716085851192,0.0013793925754725,0.0944991409778595,0.0730295106768608,0.0013879764592275,Indie
0.0340735949575901,0.0161566287279129,0.2612786591053009,0.0208351835608482,0.6004919409751892,0.0441607683897018,0.023003289476037,Indie
0.0772695094347,0.022894075140357,0.0587322749197483,0.0015728482976555,0.0218745991587638,0.7978938221931458,0.0197629239410161,Indie
0.8243269324302673,0.0405672453343868,0.0630921050906181,0.00217831810005,0.0516002140939235,0.0172094386070966,0.0010257402900606,Indie
0.4313855469226837,0.139955461025238,0.0711108595132827,0.0025346621405333,0.1888018697500229,0.1611616164445877,0.005049998871982,Indie
0.0857315436005592,0.2897253036499023,0.0162345580756664,0.0076870829798281,0.5655292272567749,0.0255743823945522,0.0095179146155714,Indie
0.6211588978767395,0.1085791513323783,0.0091790650039911,0.001783255720511,0.1171053051948547,0.1400217413902282,0.0021727320272475,Indie
0.0491402298212051,0.0339605621993541,0.0108296815305948,0.0383040532469749,0.2262967079877853,0.6329323649406433,0.0085364039987325,Indie
