anger,disgust,fear,joy,neutral,sadness,surprise,genre
0.4790586829185486,0.0825184062123298,0.1009275540709495,0.0053941840305924,0.154629647731781,0.0357516221702098,0.1417198628187179,Fantasy
0.0118573633953928,0.019640065729618,0.0037877217400819,0.0118708843365311,0.8981627225875854,0.007768859155476,0.0469124652445316,Fantasy
0.0076023936271667,0.0097693158313632,0.0032419296912848,0.4558494091033935,0.4783067107200622,0.0201139990240335,0.0251162350177764,Fantasy
0.0321186743676662,0.0209136065095663,0.0076468922197818,0.2460631430149078,0.3129384517669678,0.2421285361051559,0.138190746307373,Fantasy
0.8908387422561646,0.010244308039546,0.0691355690360069,0.0008746865787543,0.0209074299782514,0.0040262239053845,0.0039730034768581,Fantasy
0.3361962437629699,0.1488979160785675,0.2203323692083358,0.0033846017904579,0.2051462233066558,0.0757019445300102,0.0103407595306634,Fantasy
0.1170341148972511,0.028649004176259,0.032519057393074,0.0040205880068242,0.7438501119613647,0.0444410368800163,0.0294861309230327,Fantasy
0.0724100917577743,0.1418879330158233,0.2071318179368972,0.013734626583755,0.5115357041358948,0.0162915531545877,0.0370081886649131,Fantasy
0.0563537627458572,0.1034402176737785,0.0047966851852834,0.0965327247977256,0.6774998307228088,0.0483853667974472,0.0129914181306958,Fantasy
0.1461493670940399,0.1184396892786026,0.0108234575018286,0.0033282348886132,0.4477624297142029,0.2521200776100158,0.0213767047971487,Fantasy
0.0242706388235092,0.018762132152915,0.0103350235149264,0.005347513128072,0.9125769138336182,0.0219569988548755,0.0067506963387131,Fantasy
0.013343914411962,0.0067131277173757,0.0020668900106102,0.0378359854221344,0.888080894947052,0.0109369540587067,0.0410221256315708,Fantasy
0.0635836198925972,0.0264198593795299,0.108147345483303,0.0036459458060562,0.2309701889753341,0.3118544220924377,0.2553786039352417,Fantasy
0.0191646143794059,0.0211231093853712,0.0039192121475934,0.0138080399483442,0.9313892126083374,0.0047959261573851,0.0057998369447886,Fantasy
0.0131616638973355,0.0207163747400045,0.0063732080161571,0.0250519886612892,0.9066166877746582,0.0027367947623133,0.0253432318568229,Fantasy
0.5002650618553162,0.3777144849300384,0.0140279866755008,0.0035847274120897,0.0510189421474933,0.0477992184460163,0.0055895820260047,Fantasy
0.0133732706308364,0.0129657993093132,0.0085978582501411,0.218312382698059,0.6874345541000366,0.0400272049009799,0.0192888732999563,Fantasy
0.0313923209905624,0.0135391913354396,0.1103877127170562,0.0031189280562102,0.6195871829986572,0.0241142679005861,0.1978604048490524,Fantasy
0.0236467700451612,0.0309768505394458,0.0100036449730396,0.0037497521843761,0.8785809874534607,0.0153798200190067,0.0376621447503566,Fantasy
0.0041769333183765,0.0029284125193953,0.0007284155581146,0.8666147589683533,0.0922134071588516,0.0092244409024715,0.0241136439144611,Fantasy
0.0194265339523553,0.1434889882802963,0.0097895991057157,0.0038784784264862,0.5803172588348389,0.235507994890213,0.0075911870226264,Fantasy
0.0144591201096773,0.0045436373911798,0.0053366520442068,0.5398503541946411,0.4065350592136383,0.0064881085418164,0.0227871127426624,Fantasy
