anger,disgust,fear,joy,neutral,sadness,surprise,genre
0.0249794665724039,0.0041641243733465,0.0296335164457559,0.5296209454536438,0.2141554206609726,0.1384326368570327,0.0590139105916023,Drama
0.0243659634143114,0.2805671989917755,0.0093578249216079,0.4199459552764892,0.0960511490702629,0.1504220515489578,0.0192898996174335,Drama
0.0587265752255916,0.0445806942880153,0.0373780168592929,0.0058176107704639,0.0979485437273979,0.7490877509117126,0.006460852921009,Drama
0.0166617501527071,0.0064385589212179,0.0030205047223716,0.7526900172233582,0.0927409827709198,0.0727623775601387,0.0556858740746974,Drama
0.0167210344225168,0.0572581067681312,0.0050220219418406,0.0660692602396011,0.1042670384049415,0.7453846335411072,0.0052778916433453,Drama
0.0101182973012328,0.1325383186340332,0.0130337253212928,0.0270480662584304,0.7791385054588318,0.0089501850306987,0.0291729494929313,Drama
0.0179095603525638,0.0114257745444774,0.0150932036340236,0.0726180970668792,0.6803897023200989,0.1628041416406631,0.039759561419487,Drama
0.229576826095581,0.0424194782972335,0.0957289636135101,0.0071113952435553,0.5602090358734131,0.0422476530075073,0.0227066315710544,Drama
0.0208390858024358,0.0605113171041011,0.0090977875515818,0.0196564104408025,0.8438313603401184,0.0142995798960328,0.0317645072937011,Drama
0.0043805208988487,0.009111575782299,0.0019072107970714,0.0013737693661823,0.011902024038136,0.969360888004303,0.0019639497622847,Drama
0.2396539002656936,0.7020233869552612,0.0050501180812716,0.0013816180871799,0.0343126915395259,0.0155560476705431,0.0020222456660121,Drama
0.0034793869126588,0.0061277314089238,0.0003610517305787,0.9310674667358398,0.033911008387804,0.0192173514515161,0.0058359079994261,Drama
