anger,disgust,fear,joy,neutral,sadness,surprise,genre
0.0665461719036102,0.1484419554471969,0.0248227026313543,0.0008068409515544,0.012656214646995,0.7391336560249329,0.0075925197452306,Action_Adventure
0.0924701169133186,0.0638549551367759,0.3779886662960052,0.0048136571422219,0.3549069762229919,0.0599399395287036,0.0460257679224014,Action_Adventure
0.0888150408864021,0.0917375981807708,0.0865254402160644,0.0030557762365788,0.685174286365509,0.0207113660871982,0.0239805113524198,Action_Adventure
0.0548309385776519,0.4038116335868835,0.0390848144888877,0.0033691886346787,0.466701477766037,0.0071785696782171,0.0250232480466365,Action_Adventure
0.0515610203146934,0.4654809832572937,0.0208019558340311,0.001798672019504,0.2150079011917114,0.2273786813020706,0.0179707147181034,Action_Adventure
0.2789582908153534,0.5217716693878174,0.0225532744079828,0.0010843477211892,0.0128814866766333,0.1557186394929886,0.0070322849787771,Action_Adventure
0.724644660949707,0.01027228590101,0.142520397901535,0.0026961131952703,0.0656061023473739,0.020130056887865,0.0341303832828998,Action_Adventure
0.0720588192343711,0.1040441840887069,0.0141315525397658,0.0046851034276187,0.7093076109886169,0.0157530568540096,0.0800197049975395,Action_Adventure
0.0446737110614776,0.0219089053571224,0.656541645526886,0.0031169084832072,0.253275603055954,0.0118701988831162,0.0086130229756236,Action_Adventure
0.0967387929558754,0.0645530894398689,0.1054048910737037,0.0034792602527886,0.691225528717041,0.0130823897197842,0.0255160965025424,Action_Adventure
0.0368044823408126,0.4647127985954284,0.0074357488192617,0.0079316869378089,0.4631215035915375,0.0052932780236005,0.0147003922611474,Action_Adventure
0.1085202470421791,0.2999264895915985,0.0136900804936885,0.0078782830387353,0.3677645921707153,0.1950159817934036,0.0072043854743242,Action_Adventure
0.0462120994925498,0.8780459761619568,0.0033502737060189,0.0040466776117682,0.0486565455794334,0.0189017914235591,0.0007866227533668,Action_Adventure
0.1730865985155105,0.080948419868946,0.0109032904729247,0.0058372849598526,0.2454351931810379,0.4766117036342621,0.0071775731630623,Action_Adventure
0.0048736869357526,0.0162939708679914,0.0023461473174393,0.0048496359959244,0.8506187200546265,0.0841152966022491,0.0369025059044361,Action_Adventure
0.0503015965223312,0.6957994699478149,0.157768428325653,0.0013981744414195,0.0658842474222183,0.0172810293734073,0.0115670831874012,Action_Adventure
0.6336684823036194,0.2128119766712188,0.0458537973463535,0.0011037917574867,0.0228166673332452,0.075594924390316,0.0081503922119736,Action_Adventure
0.1025962233543396,0.4569837749004364,0.0960610210895538,0.0018927120836451,0.2645484507083893,0.017450438812375,0.0604673512279987,Action_Adventure
0.0023614538367837,0.0031300776172429,0.0003217053308617,0.9072057604789734,0.0672849491238594,0.0090649835765361,0.0106309987604618,Action_Adventure
