anger,disgust,fear,joy,neutral,sadness,surprise,genre
0.0049270316958427,0.0105342268943786,0.0013507077237591,0.0030491750221699,0.9606930017471312,0.0063005248084664,0.013145400211215,Drama
0.0109199285507202,0.0355153530836105,0.0120086912065744,0.0166535098105669,0.8987218737602234,0.0104610892012715,0.0157195311039686,Drama
0.0105413543060421,0.3288243114948272,0.0034131554421037,0.118954986333847,0.5217483043670654,0.0062658651731908,0.0102520063519477,Drama
0.0071631395258009,0.0132543593645095,0.0021532857790589,0.4684068858623504,0.4498743116855621,0.0068098315969109,0.0523381233215332,Drama
0.0243210420012474,0.0369587056338787,0.0025871570687741,0.1445860415697097,0.4132546782493591,0.3613719046115875,0.0169204417616128,Drama
0.0157188903540372,0.0170223582535982,0.0048028249293565,0.0097875790670514,0.0510579831898212,0.888963520526886,0.0126469051465392,Drama
0.0026570346672087,0.0119401905685663,0.0017658898141235,0.7731634974479675,0.1738809049129486,0.007838100194931,0.0287544634193182,Drama
0.0086147701367735,0.0118038617074489,0.8118286728858948,0.0026375716552138,0.0327810645103454,0.1298743039369583,0.0024597779847681,Drama
0.0030585133936256,0.0097415531054139,0.0008021218236535,0.8557896614074707,0.0636226162314415,0.0592797361314296,0.0077057578600943,Drama
0.0087041361257433,0.1673174202442169,0.0102533865720033,0.1846920400857925,0.5102654099464417,0.1108541116118431,0.0079135252162814,Drama
0.2850924432277679,0.6680946946144104,0.0046800589188933,0.0016047212993726,0.0290259197354316,0.0102848298847675,0.0012173714349046,Drama
0.0148792183026671,0.0327170453965663,0.0016799699515104,0.6294150352478027,0.3054465353488922,0.0046766591258347,0.0111855715513229,Drama
0.0879041627049446,0.7992956638336182,0.0623130016028881,0.0017340979538857,0.0327014811336994,0.0102441888302564,0.0058074784465134,Drama
0.0438085459172725,0.0020768977701663,0.9402672052383424,0.0011502997949719,0.0053469371050596,0.0021440908312797,0.0052059711888432,Drama
0.0071396543644368,0.1483194082975387,0.0171256884932518,0.0121064465492963,0.2827436029911041,0.5134742856025696,0.0190908778458833,Drama
0.0102120852097868,0.0068432162515819,0.0016026993980631,0.0119958408176898,0.946843922138214,0.0066391094587743,0.0158631075173616,Drama
0.0036386821884661,0.0148044964298605,0.0122931376099586,0.0160074904561042,0.4983483552932739,0.3576420545578003,0.0972658619284629,Drama
0.0026887885760515,0.0050822021439671,0.9352875351905824,0.0029278479050844,0.0358574986457824,0.0052140210755169,0.0129420775920152,Drama
0.0861184448003768,0.0729962363839149,0.495153546333313,0.0060515040531754,0.3029460906982422,0.0088410461321473,0.0278931185603141,Drama
0.0025175004266202,0.0093109738081693,0.002947895321995,0.7523559927940369,0.1941818445920944,0.0166562218219041,0.022029684856534,Drama
