anger,disgust,fear,joy,neutral,sadness,surprise,genre
0.0202604550868272,0.2448611557483673,0.005558589939028,0.0065938006155192,0.0997385457158088,0.6177863478660583,0.005201116669923,Mystery
0.0121182166039943,0.0036221244372427,0.9626095294952391,0.0011957724345847,0.0150422034785151,0.00345648243092,0.0019558791536837,Mystery
0.0163661930710077,0.1109472513198852,0.0068692537024617,0.0069740549661219,0.5944622755050659,0.015784278512001,0.248596653342247,Mystery
0.0151155926287174,0.0099636735394597,0.0505967065691947,0.0498074106872081,0.6226723790168762,0.014268085360527,0.2375761568546295,Mystery
0.0167154762893915,0.0138989929109811,0.0393965654075145,0.0016814760165289,0.0740892738103866,0.8236436247825623,0.0305744782090187,Mystery
0.0261655412614345,0.04357835277915,0.0082276770845055,0.0040882313624024,0.8261156678199768,0.0171383637934923,0.0746861174702644,Mystery
0.1733634173870086,0.1416835635900497,0.06995689868927,0.0032130605541169,0.4749751389026642,0.1121986284852027,0.0246092826128005,Mystery
0.0543995127081871,0.0753127709031105,0.005400204565376,0.0040153521113097,0.4522282183170318,0.3994772434234619,0.0091667165979743,Mystery
0.0099198566749691,0.0089838616549968,0.006732240319252,0.0010650382610037,0.0114890970289707,0.9518604278564452,0.0099494969472289,Mystery
0.038333710283041,0.0668219029903411,0.2264157384634018,0.0109246214851737,0.5596850514411926,0.0147164966911077,0.0831024795770645,Mystery
0.7328125238418579,0.0414616540074348,0.0202363599091768,0.0037916279397904,0.16382896900177,0.0202566292136907,0.0176123473793268,Mystery
0.0033296355977654,0.029575714841485,0.0068271560594439,0.0027743231039494,0.0025501961354166,0.9538089036941528,0.0011340664932504,Mystery
0.0572279170155525,0.4014495611190796,0.0881029516458511,0.0038719133008271,0.1980066448450088,0.165106400847435,0.0862345248460769,Mystery
0.0483010299503803,0.0117653664201498,0.804814338684082,0.0032326532527804,0.0400583408772945,0.0028926101513206,0.0889356508851051,Mystery
0.566359281539917,0.1388069838285446,0.0342920497059822,0.0062792031094431,0.2275498658418655,0.0189637001603841,0.0077489539980888,Mystery
0.0635489746928215,0.2674959897994995,0.0504121296107769,0.0055542960762977,0.5443730354309082,0.0469136610627174,0.0217019449919462,Mystery
0.0163075756281614,0.0064218114130198,0.0034649728331714,0.051732949912548,0.9012394547462464,0.0046322685666382,0.0162010584026575,Mystery
0.4487802684307098,0.4439029097557068,0.0066447863355278,0.0025438093580305,0.0717098116874694,0.0236715599894523,0.0027469606138765,Mystery
0.0185015220195055,0.0347832627594471,0.0059471940621733,0.0071200355887413,0.903405487537384,0.0123837860301136,0.0178587175905704,Mystery
0.1423141211271286,0.681808590888977,0.1267048120498657,0.0012165423249825,0.017055869102478,0.0279305800795555,0.002969499444589,Mystery
0.0521635226905345,0.0297321323305368,0.0339426696300506,0.0018366688163951,0.0186375081539154,0.8462232947349548,0.0174642372876405,Mystery
0.0110550336539745,0.0177101623266935,0.0056094648316502,0.0056574009358882,0.939509928226471,0.0107354139909148,0.0097226612269878,Mystery
0.0907453671097755,0.2672680914402008,0.5729601979255676,0.0029886574484407,0.0360319726169109,0.0261398702859878,0.0038658916018903,Mystery
0.1675515323877334,0.0341951064765453,0.593991219997406,0.0022207642905414,0.0941015407443046,0.0926112383604049,0.0153286019340157,Mystery
0.0129374722018837,0.1607949137687683,0.23041832447052,0.0031379421707242,0.1187510788440704,0.4246063232421875,0.0493539571762084,Mystery
0.0282205995172262,0.574027419090271,0.0200541634112596,0.0046369526535272,0.1380743384361267,0.0103092743083834,0.2246771156787872,Mystery
0.0191474519670009,0.011083991266787,0.0184798650443553,0.0166148096323013,0.8856181502342224,0.0324792973697185,0.0165764484554529,Mystery
0.0420454554259777,0.0507151260972023,0.0679864808917045,0.0025100195780396,0.055491629987955,0.7617263197898865,0.0195249859243631,Mystery
0.0252704657614231,0.0533881708979606,0.0102607449516654,0.0080642811954021,0.8057861924171448,0.0657242909073829,0.0315058976411819,Mystery
0.0109349349513649,0.0057856943458318,0.0130066266283392,0.0121669257059693,0.9324503540992736,0.0063867452554404,0.0192686673253774,Mystery
0.0389765240252018,0.0424942634999752,0.0036573589313775,0.0087273335084319,0.8748007416725159,0.0194912943989038,0.0118524376302957,Mystery
0.3187035620212555,0.06978240609169,0.0211368855088949,0.0100323846563696,0.2531884610652923,0.3206549882888794,0.0065012904815375,Mystery
0.0882703512907028,0.1300871223211288,0.0556575246155262,0.0018348208395764,0.1043225228786468,0.5895474553108215,0.0302801467478275,Mystery
0.443139374256134,0.0968594700098037,0.1460373997688293,0.0041842167265713,0.2155667245388031,0.0862496793270111,0.0079630967229604,Mystery
