anger,disgust,fear,joy,neutral,sadness,surprise,genre
0.0092523489147424,0.0160536300390958,0.0055462974123656,0.0709010437130928,0.8514312505722046,0.0042245886288583,0.0425909310579299,Adventure
0.0282023809850215,0.1091218888759613,0.0089311096817255,0.0081122508272528,0.824937641620636,0.0073315892368555,0.0133631667122244,Adventure
0.0033514280803501,0.0238987617194652,0.0044234995730221,0.0047029694542288,0.9011777639389038,0.005840444471687,0.0566051006317138,Adventure
0.0144803877919912,0.0082669649273157,0.0081403106451034,0.3773609697818756,0.5728282332420349,0.0097724450752139,0.0091507090255618,Adventure
0.0110325226560235,0.0073011154308915,0.0092715909704566,0.2916897237300873,0.5961012244224548,0.0403243191540241,0.0442795678973197,Adventure
0.0385019518435001,0.0219432618468999,0.8634598255157471,0.0090129803866148,0.0312351901084184,0.0251902677118778,0.0106565961614251,Adventure
0.6157573461532593,0.0636229366064071,0.277526706457138,0.0028526333626359,0.0190503671765327,0.0175845921039581,0.0036054630763828,Adventure
0.0466986782848835,0.2470533698797226,0.0124642178416252,0.1219527646899223,0.4767658710479736,0.0833294838666915,0.0117356339469552,Adventure
0.0203046910464763,0.0095363287255167,0.0062204841524362,0.0033758105710148,0.9392114281654358,0.0063848155550658,0.0149665614590048,Adventure
0.050332136452198,0.0519222393631935,0.0150281768292188,0.0030324272811412,0.8495201468467712,0.0194194708019495,0.010745445266366,Adventure
0.0909729674458503,0.7815440893173218,0.0208225138485431,0.000838033913169,0.0799920484423637,0.0150353051722049,0.0107949851080775,Adventure
0.0213046576827764,0.1459676623344421,0.0137592572718858,0.0040141688659787,0.7895963191986084,0.0128114391118288,0.0125464564189314,Adventure
0.0259972866624593,0.0668393447995185,0.0149129275232553,0.0022497591562569,0.6996159553527832,0.0297374259680509,0.1606473475694656,Adventure
0.0468238219618797,0.0297148488461971,0.0283952374011278,0.0023051691241562,0.1801864802837371,0.6352463364601135,0.0773280709981918,Adventure
0.0430475138127803,0.0069659412838518,0.0464830510318279,0.0071710171177983,0.8521544933319092,0.0185011439025402,0.0256768446415662,Adventure
0.2368640452623367,0.0356731452047824,0.4013386070728302,0.0044441185891628,0.1182324141263961,0.1567931473255157,0.0466544404625892,Adventure
0.0224082898348569,0.005989434197545,0.6872203946113586,0.0084539297968149,0.1395836174488067,0.053909532725811,0.0824347138404846,Adventure
0.0053216931410133,0.0245196428149938,0.0080518899485468,0.0042867609299719,0.4379462301731109,0.491888016462326,0.0279857590794563,Adventure
0.007479531224817,0.0104172369465231,0.004706812556833,0.0022434014827013,0.9617207050323486,0.0093871289864182,0.0040451372042298,Adventure
0.4085222780704498,0.0187759492546319,0.3390282094478607,0.0052434038370847,0.1986930817365646,0.014513929374516,0.0152231650426983,Adventure
0.008451297879219,0.0046763210557401,0.0073120244778692,0.0043467758223414,0.959732949733734,0.0123892202973365,0.0030914873350411,Adventure
0.2430997490882873,0.0334402471780777,0.0973582863807678,0.0345964394509792,0.5468429327011108,0.0327064432203769,0.0119558544829487,Adventure
0.0211099106818437,0.0086199594661593,0.017886996269226,0.0038875944446772,0.3673982620239258,0.0040421611629426,0.5770551562309265,Adventure
0.0040598767809569,0.0042585995979607,0.0022176154889166,0.0092907762154936,0.947006344795227,0.0021473399829119,0.0310194138437509,Adventure
0.0113800233229994,0.0065064597874879,0.0017084382707253,0.0046144076623022,0.9617810249328612,0.0024454414378851,0.0115641551092267,Adventure
0.0876505821943283,0.8764476180076599,0.0061307451687753,0.0008027030271477,0.0150269884616136,0.0119936782866716,0.0019478719914332,Adventure
0.0131682772189378,0.0017111327033489,0.9042159914970398,0.0097890337929129,0.043769534677267,0.004188924562186,0.0231570675969123,Adventure
0.4542952477931976,0.0528125055134296,0.2806354463100433,0.0026188062038272,0.158057227730751,0.0266880001872777,0.0248927660286426,Adventure
0.0859947502613067,0.0830055102705955,0.6675095558166504,0.0029333787970244,0.1148425638675689,0.0208119042217731,0.0249023176729679,Adventure
0.4241677224636078,0.1290859878063202,0.1044922396540641,0.0068616881035268,0.2041948437690735,0.0386679284274578,0.092529572546482,Adventure
0.0314109362661838,0.0083313370123505,0.0243821833282709,0.0097000235691666,0.709994912147522,0.0043658097274601,0.2118148356676101,Adventure
0.0506213456392288,0.0130368564277887,0.2528238892555237,0.0070539456792175,0.6157190203666687,0.0203879326581954,0.0403570719063282,Adventure
0.0258355364203453,0.0042349286377429,0.9144337177276612,0.0014168408233672,0.030646601691842,0.0133530441671609,0.0100793680176138,Adventure
0.235980212688446,0.0143730388954281,0.3445042669773102,0.0047465930692851,0.2574588358402252,0.0112814325839281,0.131655678153038,Adventure
0.1672643274068832,0.0112867280840873,0.5567001700401306,0.0083315540105104,0.1552202254533767,0.0095256026834249,0.0916713178157806,Adventure
0.0826226770877838,0.0248656682670116,0.7289378643035889,0.0018878459231927,0.0479669496417045,0.0442332252860069,0.0694858357310295,Adventure
0.3108536303043365,0.0563995949923992,0.0271222200244665,0.0023688105866312,0.1406597346067428,0.4247537851333618,0.0378421247005462,Adventure
0.8909560441970825,0.0136225419119,0.0028631608001887,0.001180020510219,0.0721738189458847,0.0153417158871889,0.0038627709727734,Adventure
0.0071214805357158,0.0879942923784256,0.0047215642407536,0.0038631660863757,0.8469308614730835,0.0093542225658893,0.0400144085288047,Adventure
0.0151813356205821,0.005105685442686,0.0194266010075807,0.0319116525352001,0.8939972519874573,0.0275724157691001,0.006805058568716,Adventure
0.0043546529486775,0.0362461954355239,0.0048907077871263,0.0052783186547458,0.8931627869606018,0.0101281981915235,0.0459391772747039,Adventure
0.009348327293992,0.2535475790500641,0.0038196786772459,0.1341536790132522,0.4717224836349487,0.119985781610012,0.007422556169331,Adventure
0.0247500333935022,0.4040293395519256,0.2966817915439605,0.0019276924431324,0.1063612625002861,0.0784153193235397,0.0878345668315887,Adventure
0.8020772933959961,0.099768541753292,0.0446497090160846,0.0021200480405241,0.0427169539034366,0.0071001956239342,0.0015671136789023,Adventure
