anger,disgust,fear,joy,neutral,sadness,surprise,genre
0.0359270758926868,0.0121988896280527,0.029581343755126,0.2267854511737823,0.3444914817810058,0.124275341629982,0.2267404645681381,Drama
0.0670831799507141,0.8042850494384766,0.0046418379060924,0.0087603060528635,0.0386854335665702,0.0725699961185455,0.003974282182753,Drama
0.0251081138849258,0.0085196373984217,0.9005987048149109,0.0037434515543282,0.0397682525217533,0.0123584801331162,0.009903241880238,Drama
0.1201413050293922,0.0329641364514827,0.062748372554779,0.0035351747646927,0.3863003253936767,0.3644534647464752,0.0298572666943073,Drama
0.0284854955971241,0.0481619760394096,0.0031668273732066,0.031757466495037,0.6593440175056458,0.1523954570293426,0.0766888037323951,Drama
0.0670747235417366,0.1533311456441879,0.0051468685269355,0.0725734457373619,0.6637354493141174,0.0307041946798563,0.0074341646395623,Drama
0.3692241907119751,0.017170988023281,0.580757737159729,0.0012217499315738,0.0211310368031263,0.0073846820741891,0.003109618788585,Drama
0.0051250695250928,0.0059604188427329,0.008107366040349,0.7049474716186523,0.1450295150279998,0.1134154573082923,0.0174146797508001,Drama
0.0095542455092072,0.026061026379466,0.0187861248850822,0.0029700468294322,0.0595179311931133,0.8815153241157532,0.0015953329857438,Drama
0.1571824252605438,0.1188582181930542,0.0023169699124991,0.0035180174745619,0.6965406537055969,0.0156878624111413,0.0058958819136023,Drama
0.1021238788962364,0.0527144558727741,0.01261752191931,0.0049021509476006,0.4870644509792328,0.3280400931835174,0.0125373937189579,Drama
0.0550242140889167,0.0478651523590087,0.0026631136424839,0.0986255779862403,0.7573789358139038,0.03443368896842,0.0040092403069138,Drama
0.1131543666124343,0.3379615545272827,0.0080146184191107,0.0077908928506076,0.3235259354114532,0.1604487001895904,0.0491039305925369,Drama
0.3470839560031891,0.0574372895061969,0.0031709175091236,0.0327889993786811,0.4812367856502533,0.070716492831707,0.0075655141845345,Drama
