anger,disgust,fear,joy,neutral,sadness,surprise,genre
0.2470997869968414,0.5745300054550171,0.0102241327986121,0.001939300331287,0.1476093977689743,0.0136938970535993,0.0049034669063985,Drama
0.2351383864879608,0.140700951218605,0.0042979950085282,0.023557111620903,0.4108705818653106,0.1764036267995834,0.0090313479304313,Drama
0.0108058750629425,0.0024140623863786,0.0031963526271283,0.6889240741729736,0.0690997093915939,0.00404949253425,0.2215104848146438,Drama
0.0089902859181165,0.0150255290791392,0.0015808612806722,0.010300219990313,0.93062025308609,0.0232976768165826,0.0101851187646389,Drama
0.0069337226450443,0.0038697712589055,0.0025440144818276,0.0186363253742456,0.8329498767852783,0.0125361653044819,0.1225301995873451,Drama
0.0038941977545619,0.008879973553121,0.0151859363541007,0.1008365154266357,0.1685160994529724,0.6476286053657532,0.0550587512552738,Drama
0.0282639600336551,0.0150094013661146,0.0115639399737119,0.2788103222846985,0.442527025938034,0.1226992830634117,0.1011260077357292,Drama
0.0058680400252342,0.0128762135282158,0.0038198488764464,0.0446572303771972,0.5156641602516174,0.3834551572799682,0.0336593575775623,Drama
0.0083942729979753,0.0160998906940221,0.0010278774425387,0.004616823978722,0.0402987152338027,0.8833436965942383,0.0462187118828296,Drama
0.0127930659800767,0.0148525470867753,0.00119184050709,0.0104106701910495,0.9376621842384338,0.0041376068256795,0.018952127546072,Drama
0.0012583603383973,0.0007021346245892,0.000352424045559,0.9814769625663756,0.0031010846141725,0.0019527255790308,0.0111563373357057,Drama
0.0129945231601595,0.0075696781277656,0.0060131959617137,0.3665207922458648,0.5622244477272034,0.009776403196156,0.0349009409546852,Drama
0.0245650969445705,0.0333768054842948,0.0029389897827059,0.0361814498901367,0.8693601489067078,0.0297460667788982,0.0038314184639602,Drama
0.0221998356282711,0.0910802036523819,0.0016922726063057,0.0086181778460741,0.8553260564804077,0.0051919817924499,0.0158915631473064,Drama
0.0088506629690527,0.0489741116762161,0.0069567980244755,0.3525310158729553,0.2968072891235351,0.2339410185813903,0.0519390925765037,Drama
0.0053873867727816,0.001363595132716,0.001189827453345,0.6118983626365662,0.0423400737345218,0.0072534182108938,0.330567330121994,Drama
