anger,disgust,fear,joy,neutral,sadness,surprise,genre
0.0103791467845439,0.0164116341620683,0.0391090773046016,0.2008971273899078,0.3755663335323334,0.2633562982082367,0.094280406832695,Family_Film
0.011870133690536,0.022432304918766,0.0023130788467824,0.725255012512207,0.1681855469942093,0.0119575886055827,0.0579863041639328,Family_Film
0.4363100528717041,0.1216854602098465,0.1914514005184173,0.021930469200015,0.1425142139196396,0.007493931800127,0.0786144509911537,Family_Film
0.0317272692918777,0.1462007313966751,0.0012936077546328,0.4796168506145477,0.2975901365280151,0.0381141006946563,0.0054572853259742,Family_Film
0.0060070143081247,0.0011448946315795,0.0010442747734487,0.9090173244476318,0.0268939416855573,0.0061177797615528,0.0497748106718063,Family_Film
0.025913106277585,0.2371048480272293,0.0051757884211838,0.0086854854598641,0.5991665124893188,0.1208193823695182,0.0031349302735179,Family_Film
0.0500553101301193,0.1166352406144142,0.0552866011857986,0.0054154689423739,0.6745975017547607,0.0762225165963172,0.0217873398214578,Family_Film
0.1689060926437378,0.5164352655410767,0.1156279519200325,0.0031038715969771,0.1314840465784073,0.0581467226147651,0.0062960092909634,Family_Film
0.93071711063385,0.0299338921904563,0.0039310469292104,0.0028988625854253,0.0133678968995809,0.0176705941557884,0.001480565755628,Family_Film
