anger,disgust,fear,joy,neutral,sadness,surprise,genre
0.0070054857060313,0.0061935191042721,0.001028832164593,0.7201202511787415,0.2322851568460464,0.0075041325762867,0.0258626192808151,Horror
0.0031061659101396,0.0033714617602527,0.0016781847225502,0.0038603476714342,0.9610471725463868,0.0040818117558956,0.0228548664599657,Horror
0.0347249209880828,0.917881190776825,0.0184722114354372,0.0002253382408525,0.005088991485536,0.0186256580054759,0.0049816770479083,Horror
0.0115912975743412,0.0683526024222374,0.0342791676521301,0.0055249920114874,0.533251166343689,0.3117314577102661,0.0352693013846874,Horror
0.0320246890187263,0.863728940486908,0.0063375979661941,0.0009627172839827,0.0419584438204765,0.048187393695116,0.0068003172054886,Horror
0.0276451911777257,0.0821019783616066,0.0080882282927632,0.0114910956472158,0.5605224370956421,0.294175773859024,0.0159752611070871,Horror
0.0307417921721935,0.0236484464257955,0.0123250717297196,0.0024923142045736,0.9186851978302002,0.0057138931006193,0.006393312010914,Horror
0.3988933265209198,0.1107040271162986,0.1291798800230026,0.008643589913845,0.2671688199043274,0.067844770848751,0.0175654906779527,Horror
0.051693171262741,0.0913357511162757,0.7448247671127319,0.0013940798817202,0.0564288720488548,0.0407631695270538,0.0135601721704006,Horror
0.1595000177621841,0.251903772354126,0.0356854759156703,0.0038691612426191,0.5253830552101135,0.0212409626692533,0.0024175522848963,Horror
0.1445129364728927,0.0476515255868434,0.2266099750995636,0.0504272766411304,0.5118055939674377,0.0088772801682353,0.0101153748109936,Horror
0.124074600636959,0.7201312780380249,0.0172803960740566,0.0014541078126057,0.1178168430924415,0.0107222003862261,0.0085206804797053,Horror
0.0104920845478773,0.431414246559143,0.438299685716629,0.00481558451429,0.0863226577639579,0.0097034340724349,0.0189522225409746,Horror
0.1987083405256271,0.0145911993458867,0.3751193583011627,0.0033891552593559,0.2353042364120483,0.1645108312368393,0.0083769001066684,Horror
0.0067778136581182,0.0247417911887168,0.8797456622123718,0.0016853148117661,0.0390096604824066,0.0200410187244415,0.0279987566173076,Horror
0.1599896103143692,0.1548340320587158,0.0170370880514383,0.0055286549031734,0.1867090016603469,0.4731751978397369,0.0027264065574854,Horror
0.4446958899497986,0.0435377731919288,0.1192604675889015,0.0033149037044495,0.0876227468252182,0.2872214317321777,0.0143468268215656,Horror
0.0052256770431995,0.0141026945784688,0.0065350281074643,0.0013617840595543,0.0166666470468044,0.9493817687034608,0.0067264451645314,Horror
0.0691983625292778,0.0283111613243818,0.5997021198272705,0.0150465881451964,0.2496995329856872,0.0342468470335006,0.0037954787258058,Horror
0.0076799760572612,0.0065893870778381,0.0173575915396213,0.0142578417435288,0.9142832159996032,0.0097519252449274,0.0300800278782844,Horror
0.0048087835311889,0.0055857980623841,0.0031872752588242,0.4820795953273773,0.4421048462390899,0.0539208613336086,0.0083129229024052,Horror
0.0218991711735725,0.0321056954562664,0.3035683631896972,0.021065317094326,0.5959787964820862,0.0154401529580354,0.0099425464868545,Horror
0.1008156314492225,0.461525022983551,0.0712604373693466,0.0017125247977674,0.1208285465836525,0.2364252209663391,0.0074325776658952,Horror
0.4408592581748962,0.335189938545227,0.1023072749376297,0.0021517034620046,0.0970617681741714,0.0173159819096326,0.0051140706054866,Horror
0.0456957966089248,0.0100169964134693,0.1898750960826873,0.0079919630661606,0.6042718887329102,0.0921206399798393,0.0500276014208793,Horror
0.0077518648467957,0.969047486782074,0.0028616248164325,0.0003209596325177,0.0123271830379962,0.0067383390851318,0.0009526249486953,Horror
0.3114621639251709,0.0591414794325828,0.2495826184749603,0.0061421431601047,0.3109346628189087,0.0204022005200386,0.0423346608877182,Horror
0.0277061276137828,0.6976802349090576,0.1597641557455063,0.0013708637561649,0.0607206933200359,0.0379768386483192,0.014780931174755,Horror
0.0664413347840309,0.3044266402721405,0.5158883929252625,0.002373315859586,0.0355905443429946,0.0710203126072883,0.0042595122940838,Horror
0.0202867072075605,0.0141565734520554,0.3581041991710663,0.0080178817734122,0.5563607811927795,0.0206343811005353,0.0224394388496875,Horror
0.5259895920753479,0.0755892023444175,0.2646649777889251,0.0034655055496841,0.1044182330369949,0.010722329840064,0.0151501456275582,Horror
0.0253665335476398,0.3903506398200989,0.4525160789489746,0.0012101095635443,0.0476873852312564,0.0655359476804733,0.0173333268612623,Horror
0.0740106403827667,0.7104675769805908,0.072367250919342,0.000702396268025,0.0127673652023077,0.1217215582728385,0.0079631749540567,Horror
0.0129356402903795,0.0818907767534256,0.0096538439393043,0.0150365876033902,0.7954587936401367,0.0122891152277588,0.0727351605892181,Horror
0.3607125282287597,0.4962448179721832,0.0265522133558988,0.0069935964420437,0.0948600172996521,0.0128105701878666,0.0018263121601194,Horror
0.0410250052809715,0.3943038880825043,0.2236053645610809,0.0083828978240489,0.292133092880249,0.0346720926463604,0.0058776484802365,Horror
