anger,disgust,fear,joy,neutral,sadness,surprise,genre
0.0818330720067024,0.2214236408472061,0.3636416792869568,0.0040764361619949,0.2890686690807342,0.016119435429573,0.0238371063023805,Docudrama
0.0390496850013732,0.0751600787043571,0.0015622985083609,0.5494531393051147,0.2640812397003174,0.0065677007660269,0.0641258582472801,Docudrama
0.0182434637099504,0.0077708140015602,0.0320143811404705,0.0049036769196391,0.0151409627869725,0.3572865128517151,0.56464022397995,Docudrama
0.0466723069548606,0.7844246625900269,0.0116702374070882,0.0025520289782434,0.1339000612497329,0.0193812418729066,0.0013995306799188,Docudrama
0.0197769291698932,0.0861498564481735,0.618262529373169,0.0051985695026814,0.2437238097190857,0.0067098387517035,0.0201785285025835,Docudrama
0.079646311700344,0.024532726034522,0.002672076690942,0.025830740109086,0.8389732241630554,0.0225385297089815,0.005806328728795,Docudrama
0.0025184343103319,0.0009080732124857,0.0003242117527406,0.9331041574478148,0.0328974910080432,0.0080229714512825,0.0222245343029499,Docudrama
0.0969566106796264,0.0819434449076652,0.0181171968579292,0.0025638360530138,0.776361882686615,0.0206408277153968,0.0034162087831646,Docudrama
0.0227583236992359,0.1008311286568641,0.0302945617586374,0.0019999730866402,0.1513732522726059,0.6860299706459045,0.0067127984948456,Docudrama
0.0463848263025283,0.035866942256689,0.0033510359935462,0.0267790332436561,0.7268082499504089,0.1554196923971176,0.0053903125226497,Docudrama
