anger,disgust,fear,joy,neutral,sadness,surprise,genre
0.0434137396514415,0.8696643114089966,0.0041070943698287,0.0019555701874196,0.0613188184797763,0.0166839603334665,0.0028565409593284,Short_Film
0.0339660309255123,0.0461951158940792,0.0416629947721958,0.0182833652943372,0.7717341780662537,0.0791346579790115,0.0090236132964491,Short_Film
0.1063506379723548,0.0546976029872894,0.0678993538022041,0.0036018625833094,0.7020024657249451,0.0170103423297405,0.0484376512467861,Short_Film
0.2445475310087204,0.6668235063552856,0.0170245487242937,0.0007028536056168,0.0540220998227596,0.008859246969223,0.0080202091485261,Short_Film
0.0920408144593238,0.8683900833129883,0.0025959438644349,0.0080239865928888,0.0207179151475429,0.0058955727145075,0.0023357267491519,Short_Film
0.907699167728424,0.0148620773106813,0.0315575897693634,0.0016879272880032,0.0138592701405286,0.0071042305789887,0.0232297386974096,Short_Film
0.5745849609375,0.2050646245479583,0.0408776551485061,0.0142929907888174,0.0358374714851379,0.0163846034556627,0.1129577755928039,Short_Film
0.1086163073778152,0.064389020204544,0.0085770841687917,0.0266886036843061,0.155561476945877,0.0123415756970644,0.6238259673118591,Short_Film
0.9283102750778198,0.0146225970238447,0.0188807062804698,0.0040988428518176,0.0183426570147275,0.0079087885096669,0.0078361928462982,Short_Film
0.008395530283451,0.5164600610733032,0.0256284121423959,0.0032753115519881,0.4092957973480224,0.0248628612607717,0.0120820915326476,Short_Film
0.003815782489255,0.0093280561268329,0.0004256053944118,0.9312820434570312,0.0490546524524688,0.0035323146730661,0.0025615582708269,Short_Film
0.0251078810542821,0.0146257318556308,0.0059161288663744,0.0103485696017742,0.7928313612937927,0.0449180118739604,0.1062522605061531,Short_Film
