anger,disgust,fear,joy,neutral,sadness,surprise,genre
0.0017215866828337,0.0016818053554743,0.0013576401397585,0.82521653175354,0.0615126565098762,0.0667778626084327,0.0417318455874919,Psychological_thriller
0.0174136720597744,0.0288452599197626,0.0096684927120804,0.019241239875555,0.7768297791481018,0.0160617921501398,0.1319397240877151,Psychological_thriller
0.1302171945571899,0.2452632486820221,0.0562485270202159,0.005170399788767,0.5170888304710388,0.0385261513292789,0.0074856653809547,Psychological_thriller
0.0350357815623283,0.9139320850372314,0.0233880933374166,0.0021499127615243,0.0182566326111555,0.0049604843370616,0.0022770720534026,Psychological_thriller
0.0223230402916669,0.0110759101808071,0.0058611510321497,0.634006917476654,0.2714169025421142,0.0342317000031471,0.0210843328386545,Psychological_thriller
0.2229631394147873,0.0189310293644666,0.3108076155185699,0.0019148939754813,0.1030438393354415,0.3162467777729034,0.0260926745831966,Psychological_thriller
0.0064618829637765,0.0739004164934158,0.0030356144998222,0.0060404031537473,0.8890722990036011,0.0062191253527998,0.0152701735496521,Psychological_thriller
0.1160188242793083,0.7588028311729431,0.0202239174395799,0.0076585193164646,0.0693429261445999,0.0266477838158607,0.0013050837442278,Psychological_thriller
0.0100189372897148,0.9662479162216188,0.0053137936629354,0.0007862172205932,0.0138739738613367,0.0025725923478603,0.00118654652033,Psychological_thriller
0.02412835881114,0.0375789180397987,0.011757799424231,0.0029426028486341,0.2910090982913971,0.6179144382476807,0.0146687943488359,Psychological_thriller
0.1403965651988983,0.4737692773342132,0.0351426489651203,0.0057701081968843,0.29581019282341,0.0458628684282302,0.0032483153045177,Psychological_thriller
0.0111585175618529,0.0130993966013193,0.0427854061126709,0.0029566783923655,0.3424839973449707,0.5792938470840454,0.0082221571356058,Psychological_thriller
0.3912277817726135,0.3107625842094421,0.0054921153932809,0.0141442120075225,0.1775332242250442,0.0940557718276977,0.0067842146381735,Psychological_thriller
0.012693703174591,0.0039395135827362,0.0058506946079432,0.0143853174522519,0.9145089983940125,0.0149764977395534,0.0336453840136528,Psychological_thriller
0.7657289505004883,0.1962709575891494,0.0065733673982322,0.0005337477778084,0.0130328992381691,0.0164127927273511,0.0014473632909357,Psychological_thriller
0.0077748983167111,0.0105562983080744,0.0101677989587187,0.0149555057287216,0.6591675281524658,0.0095952851697802,0.2877826690673828,Psychological_thriller
0.0171653795987367,0.0092855412513017,0.0330423451960086,0.0096340309828519,0.5186353921890259,0.0220620036125183,0.3901753723621368,Psychological_thriller
0.0388765595853328,0.1252561658620834,0.033001210540533,0.0342669337987899,0.6439604759216309,0.1218288391828537,0.0028097662143409,Psychological_thriller
0.424189805984497,0.1404623687267303,0.041873387992382,0.0049676001071929,0.360501766204834,0.0226065032184124,0.0053985873237252,Psychological_thriller
0.1228648796677589,0.5604965090751648,0.0424260422587394,0.0039938441477715,0.2537134289741516,0.0131391119211912,0.0033662375062704,Psychological_thriller
0.1727679967880249,0.2537232637405395,0.0445810928940773,0.0024612818378955,0.4677864611148834,0.0366533920168876,0.0220264997333288,Psychological_thriller
0.0887397080659866,0.0207933820784091,0.5597365498542786,0.0042169550433754,0.3021382689476013,0.0193100441247224,0.0050651575438678,Psychological_thriller
0.015844153240323,0.6181366443634033,0.0036866485606878,0.0033932842779904,0.3436034321784973,0.0099448813125491,0.0053908890113234,Psychological_thriller
0.0075626107864081,0.0280190203338861,0.0067159091122448,0.0064390357583761,0.9354225993156432,0.006711158901453,0.0091295829042792,Psychological_thriller
0.0037407272029668,0.0061854794621467,0.9511286020278932,0.0007048487314023,0.0253329016268253,0.0080189201980829,0.0048884321004152,Psychological_thriller
0.1716109365224838,0.2379076927900314,0.3368050158023834,0.0075886622071266,0.193001851439476,0.0143184242770075,0.0387674234807491,Psychological_thriller
0.0271258912980556,0.6962758898735046,0.049473863095045,0.0013411809923127,0.0466847904026508,0.1379905790090561,0.0411078073084354,Psychological_thriller
0.0065521146170794,0.0191219802945852,0.0015948292566463,0.3683493733406067,0.5163493752479553,0.0813632607460022,0.0066689997911453,Psychological_thriller
0.0052157747559249,0.0336941219866275,0.0792941600084304,0.0085800504311919,0.0766268745064735,0.0024417059030383,0.7941473722457886,Psychological_thriller
