anger,disgust,fear,joy,neutral,sadness,surprise,genre
0.0211160760372877,0.0852165818214416,0.7221716642379761,0.0040360991843044,0.1435660719871521,0.0182809364050626,0.0056124874390661,Romance_Film
0.5186173915863037,0.3853040039539337,0.0061852470971643,0.0026510115712881,0.0617161877453327,0.0239521209150552,0.0015740522649139,Romance_Film
0.0102214533835649,0.0099008567631244,0.0028963931836187,0.0370427407324314,0.9018036127090454,0.003606027457863,0.0345288887619972,Romance_Film
0.2042621076107025,0.4552148878574371,0.0031946394592523,0.0197905320674181,0.2911472618579864,0.0232072696089744,0.003183294320479,Romance_Film
0.0103580737486481,0.0137316705659031,0.0036291882861405,0.5289243459701538,0.1753235012292862,0.0059664566069841,0.2620667815208435,Romance_Film
0.0623124204576015,0.2196609675884246,0.1128519922494888,0.011660948395729,0.5052304863929749,0.0307404194027185,0.0575428195297718,Romance_Film
0.0169752575457096,0.0528864189982414,0.7527680993080139,0.0024666322860866,0.1392714977264404,0.005561311263591,0.0300709269940853,Romance_Film
0.1185073032975196,0.0155162429437041,0.5498238801956177,0.0044567985460162,0.2170484364032745,0.0337034612894058,0.0609439238905906,Romance_Film
0.0557718127965927,0.0568569898605346,0.6915306448936462,0.0034952107816934,0.0802015885710716,0.0041941250674426,0.1079495847225189,Romance_Film
0.1990408599376678,0.5725685358047485,0.019161868840456,0.0026245350018143,0.1004934534430503,0.0909524708986282,0.0151583170518279,Romance_Film
0.4284707009792328,0.4188851118087768,0.070422314107418,0.0015161562478169,0.0272556841373443,0.0366985015571117,0.0167515724897384,Romance_Film
0.0093675861135125,0.0371372364461422,0.013764614239335,0.0020305595826357,0.5782392024993896,0.0035410511773079,0.3559197187423706,Romance_Film
0.5227013826370239,0.1025543883442878,0.2606828808784485,0.002917377045378,0.0882157310843467,0.0122433332726359,0.0106848403811454,Romance_Film
0.0621559917926788,0.8482199907302856,0.0017502756090834,0.0135055817663669,0.0650253221392631,0.0078830001875758,0.0014598196139559,Romance_Film
0.0229517538100481,0.0242341179400682,0.7044662237167358,0.002768796402961,0.1989532262086868,0.0093045430257916,0.0373213626444339,Romance_Film
0.0312822163105011,0.931692600250244,0.0260242596268653,0.0017427501734346,0.0057716662995517,0.0027140057645738,0.0007725044270046,Romance_Film
0.2766054272651672,0.2079759985208511,0.0158018693327903,0.0053875222802162,0.4764240086078644,0.0097587490454316,0.0080464733764529,Romance_Film
0.2910347580909729,0.0493975467979908,0.0045134960673749,0.0167149417102336,0.4654783010482788,0.0725339949131012,0.1003269180655479,Romance_Film
0.0161521043628454,0.0180782712996006,0.0148276509717106,0.0011919245589524,0.0093099223449826,0.9240256547927856,0.0164144374430179,Romance_Film
0.0009594472940079,0.0026398003101348,0.001581230550073,0.0014557132963091,0.0087313232943415,0.9808834195137024,0.0037491475231945,Romance_Film
0.027487238869071,0.9544609189033508,0.0078689912334084,0.0006742933765053,0.0060359402559697,0.002325854031369,0.0011467869626358,Romance_Film
0.4214582145214081,0.2481725811958313,0.029263338074088,0.0110432235524058,0.1742653846740722,0.1123463809490203,0.0034509503748267,Romance_Film
0.2747691571712494,0.4626485407352447,0.109428733587265,0.0017646613996475,0.0566084682941436,0.0682610049843788,0.0265194978564977,Romance_Film
0.0180268585681915,0.369474321603775,0.0163797419518232,0.0116417417302727,0.5128399729728699,0.0067582954652607,0.0648790523409843,Romance_Film
0.877653181552887,0.0783242136240005,0.006341690197587,0.000677328731399,0.0242331027984619,0.0085247987881302,0.0042456118389964,Romance_Film
0.1882466375827789,0.0712470486760139,0.493434876203537,0.0020363247022032,0.1114805415272712,0.1260816156864166,0.0074730203486979,Romance_Film
0.1961934715509414,0.2753305435180664,0.056246381253004,0.0077182399109005,0.4149995744228363,0.0451531335711479,0.0043587042018771,Romance_Film
0.0019277048995718,0.0069331526756286,0.0044719292782247,0.0778626129031181,0.1567440778017044,0.7284281849861145,0.0236323233693838,Romance_Film
0.0049313181079924,0.0174946393817663,0.0035213164519518,0.0035584748256951,0.9512825012207032,0.0049240416847169,0.0142876813188195,Romance_Film
0.0305708404630422,0.4902256429195404,0.0685396268963813,0.0177757982164621,0.3399236798286438,0.0301886815577745,0.0227757357060909,Romance_Film
0.0626429840922355,0.0074931262060999,0.0075546326115727,0.0114197870716452,0.8197333812713623,0.0067918011918663,0.0843642950057983,Romance_Film
0.0124670453369617,0.3809843063354492,0.0239116866141557,0.0076554752886295,0.462801069021225,0.0452178604900836,0.0669625625014305,Romance_Film
0.6754970550537109,0.1922375112771988,0.0149928666651248,0.0021448084153234,0.062349759042263,0.0464805103838443,0.0062974230386316,Romance_Film
0.0614247620105743,0.0887123942375183,0.0041280267760157,0.267879456281662,0.2755636870861053,0.2951407432556152,0.0071509322151541,Romance_Film
