anger,disgust,fear,joy,neutral,sadness,surprise,genre
0.0132625726982951,0.0539464205503463,0.0097128329798579,0.2584612071514129,0.6400729417800903,0.0130068380385637,0.0115370843559503,Children_s_Family
0.004466192331165,0.011056057177484,0.0035801681224256,0.2480402588844299,0.6847655773162842,0.0138655910268425,0.0342261753976345,Children_s_Family
0.0459410361945629,0.2431776076555252,0.0045098895207047,0.3817013800144195,0.2914209365844726,0.026722939684987,0.0065262182615697,Children_s_Family
0.2798662781715393,0.4854412376880646,0.0052869268693029,0.0042416309006512,0.181642547249794,0.0357033796608448,0.0078180059790611,Children_s_Family
0.0506410785019397,0.0137678096070885,0.2320228666067123,0.0041981684044003,0.1832388639450073,0.086241640150547,0.4298895597457886,Children_s_Family
0.2694244086742401,0.3675203919410705,0.009958473034203,0.0084354616701602,0.2279144525527954,0.1020481660962104,0.0146986069157719,Children_s_Family
0.3099150657653808,0.5517371296882629,0.0034542945213615,0.0073503120802342,0.0490348227322101,0.0768515244126319,0.0016568978317081,Children_s_Family
0.0124098900705575,0.0178715046495199,0.8901389241218567,0.0021352537441998,0.0672488585114479,0.0062838727608323,0.0039116037078201,Children_s_Family
0.1500402241945266,0.0156648904085159,0.0322335362434387,0.0180391203612089,0.6976478099822998,0.071484126150608,0.0148903429508209,Children_s_Family
0.0356987901031971,0.0573701858520507,0.220869168639183,0.0030762813985347,0.1518428921699524,0.5244835019111633,0.0066591589711606,Children_s_Family
0.0216317921876907,0.0162920802831649,0.0191235952079296,0.0062798215076327,0.9011532664299012,0.0304688494652509,0.0050505055114626,Children_s_Family
0.0041908640414476,0.002941416343674,0.0017922446131706,0.1584336310625076,0.7460525631904602,0.0140247317031025,0.0725645422935485,Children_s_Family
0.0228203926235437,0.0362701974809169,0.0118957683444023,0.0057112211361527,0.2714923322200775,0.5855598449707031,0.0662502348423004,Children_s_Family
0.9558680057525636,0.026307238265872,0.001625363714993,0.0005140437860973,0.0104574272409081,0.0033534239046275,0.0018745387205854,Children_s_Family
0.1612715870141983,0.733032763004303,0.0124692050740122,0.0016127303242683,0.0815786868333816,0.0083750737830996,0.0016598539659753,Children_s_Family
0.0061710677109658,0.0034017346333712,0.0006818584515713,0.0074467314407229,0.955287516117096,0.0027631798293441,0.0242479722946882,Children_s_Family
0.0068706991150975,0.0039791241288185,0.0022673145867884,0.1736381500959396,0.7405177354812622,0.0129426922649145,0.0597842521965503,Children_s_Family
0.0207952801138162,0.0170348919928073,0.1299200057983398,0.0049534640274941,0.5184326171875,0.0439722128212451,0.2648914456367492,Children_s_Family
0.0200745910406112,0.0158384852111339,0.0174492038786411,0.0038488875143229,0.9173520803451538,0.0078611327335238,0.0175756234675645,Children_s_Family
0.0201649107038974,0.0070076030679047,0.8943599462509155,0.001499050646089,0.0549794547259807,0.014112708158791,0.0078763626515865,Children_s_Family
0.0094637237489223,0.0121324090287089,0.0114497682079672,0.4351618587970733,0.5022662878036499,0.015212788246572,0.0143131949007511,Children_s_Family
0.0283845979720354,0.0471301525831222,0.0032092449255287,0.002276963321492,0.8982723355293274,0.0164895728230476,0.0042370315641164,Children_s_Family
0.0148214353248476,0.0355985686182975,0.084449902176857,0.0153378210961818,0.7819943428039551,0.0580232962965965,0.0097747193649411,Children_s_Family
0.0568854846060276,0.058069210499525,0.0398283004760742,0.0116068562492728,0.8071040511131287,0.015738533809781,0.0107675101608037,Children_s_Family
0.0136773670092225,0.0055924030020833,0.0026719225570559,0.1843847036361694,0.765795111656189,0.022348316386342,0.0055301575921475,Children_s_Family
