anger,disgust,fear,joy,neutral,sadness,surprise,genre
0.0079921940341591,0.0285997781902551,0.0030071882065385,0.0235546510666608,0.907884418964386,0.0079888803884387,0.0209729503840208,World_cinema
0.0075903162360191,0.0212267898023128,0.0019534279126673,0.0125513253733515,0.9320813417434692,0.00336385355331,0.0212329439818859,World_cinema
0.0076950918883085,0.0054563959129154,0.009473324753344,0.2480580657720565,0.5925341844558716,0.0520248897373676,0.0847580805420875,World_cinema
0.0956283137202262,0.100700095295906,0.0056388992816209,0.0035693093668669,0.7786466479301453,0.012200211174786,0.0036164687480777,World_cinema
0.0054934783838689,0.002225883770734,0.0014833890600129,0.1330476850271225,0.7692775726318359,0.0157338753342628,0.0727381408214569,World_cinema
0.0036182384938001,0.003755624173209,0.0043002469465136,0.2160605937242508,0.6721216440200806,0.0409163199365139,0.0592273660004138,World_cinema
0.004679711535573,0.0028654844500124,0.0024939815048128,0.4645563960075378,0.3802749514579773,0.0221547875553369,0.1229746490716934,World_cinema
0.0083246156573295,0.0246426742523908,0.0096151307225227,0.0472452193498611,0.7984641790390015,0.0148213999345898,0.0968867242336273,World_cinema
0.0340120159089565,0.0141075085848569,0.0291812065988779,0.0674975886940956,0.5954595804214478,0.1625403761863708,0.0972017422318458,World_cinema
0.0127771673724055,0.0549087226390838,0.0012919694418087,0.0126346442848443,0.8995078802108765,0.0060206139460206,0.0128589952364563,World_cinema
0.0501360893249511,0.2208763509988784,0.0036391010507941,0.0036233221180737,0.1943136006593704,0.520471453666687,0.0069400728680193,World_cinema
0.0053600389510393,0.0394021160900592,0.0029458755161613,0.8698617815971375,0.0518821887671947,0.022561402991414,0.0079865492880344,World_cinema
0.0081528658047318,0.009760407730937,0.0022537680342793,0.9033885598182678,0.0564582236111164,0.0047879298217594,0.015198309905827,World_cinema
0.2016268670558929,0.0340656489133834,0.0026269443333148,0.1939844936132431,0.5338821411132812,0.0085369274020195,0.025276968255639,World_cinema
0.1048599556088447,0.0418293550610542,0.1281894296407699,0.0031619491055607,0.142451524734497,0.5502237677574158,0.0292840562760829,World_cinema
0.0221537016332149,0.0143019948154687,0.0125090321525931,0.1935331970453262,0.5994031429290771,0.0184096675366163,0.1396892517805099,World_cinema
0.1941886842250824,0.2067401707172393,0.0875296518206596,0.0122867804020643,0.3418402373790741,0.1452137678861618,0.0122007252648472,World_cinema
0.0072525725699961,0.9780582189559937,0.0063881794922053,0.0005711214616894,0.0020816843025386,0.005053583998233,0.0005946371820755,World_cinema
0.0163203235715627,0.0386777408421039,0.0013470465783029,0.0094101941213011,0.919406235218048,0.0037381029687821,0.0111003443598747,World_cinema
0.0017013500910252,0.0033716766629368,0.0042428281158208,0.0081287957727909,0.0487704947590827,0.9247664213180542,0.0090184602886438,World_cinema
0.0112803122028708,0.0279952343553304,0.0099650025367736,0.0413785651326179,0.4575545787811279,0.3808531761169433,0.0709730461239814,World_cinema
0.221287801861763,0.0385938547551631,0.0140368184074759,0.14119952917099,0.5064706206321716,0.0497925244271755,0.028618911281228,World_cinema
0.2297889739274978,0.0513553321361541,0.0094044171273708,0.0119595723226666,0.3833503127098083,0.1139115467667579,0.2002298384904861,World_cinema
0.0187455266714096,0.0092083048075437,0.0117199942469596,0.0280508082360029,0.2798806130886078,0.5374587774276733,0.1149359792470932,World_cinema
0.0028813518583774,0.0048707234673202,0.0018247463740408,0.1440365612506866,0.8164025545120239,0.0094717172905802,0.0205123126506805,World_cinema
0.0455871522426605,0.2170864641666412,0.0115363076329231,0.0343925207853317,0.2110253870487213,0.4769967496395111,0.0033753528259694,World_cinema
0.1012656167149543,0.384527176618576,0.0053570191375911,0.0077820620499551,0.455514520406723,0.0264528021216392,0.0191008411347866,World_cinema
0.0102876471355557,0.0153434984385967,0.0009863674640655,0.0855601504445076,0.8481213450431824,0.0257085710763931,0.0139924017712473,World_cinema
0.6879381537437439,0.0298241823911666,0.1834167689085006,0.0018770501483231,0.0437734797596931,0.0275871492922306,0.0255832690745592,World_cinema
0.0452601313591003,0.2958702445030212,0.0699251368641853,0.0241225473582744,0.5378804802894592,0.0203923024237155,0.0065491795539855,World_cinema
0.228779524564743,0.1945299506187439,0.0073591298423707,0.0061557735316455,0.4755296409130096,0.0792777016758918,0.0083683794364333,World_cinema
0.0408038757741451,0.0282093379646539,0.00106676237192,0.1343920677900314,0.1507678478956222,0.6315929889678955,0.013167131692171,World_cinema
