anger,disgust,fear,joy,neutral,sadness,surprise,genre
0.0494204238057136,0.0539316870272159,0.0057789087295532,0.2115461528301239,0.6232914924621582,0.0147043904289603,0.0413269400596618,Romantic_comedy
0.0453882999718189,0.0101907011121511,0.008672758936882,0.0085378717631101,0.8938509821891785,0.0044054337777197,0.0289539285004138,Romantic_comedy
0.0055861994624137,0.0122109046205878,0.033759880810976,0.0176618862897157,0.7938221096992493,0.0115407174453139,0.1254182755947113,Romantic_comedy
0.0782244652509689,0.0409610196948051,0.0473271906375885,0.0016943635419011,0.1527929157018661,0.658565104007721,0.0204349942505359,Romantic_comedy
0.0128757255151867,0.0063360468484461,0.00810734834522,0.44908407330513,0.4981068670749664,0.0077566443942487,0.0177332777529954,Romantic_comedy
0.0115625718608498,0.0218481793999671,0.0024212775751948,0.051119390875101,0.0452717915177345,0.8646020889282227,0.003174768295139,Romantic_comedy
0.0553937926888465,0.0378402546048164,0.0133222844451665,0.0105595281347632,0.8334205746650696,0.0450278185307979,0.004435762297362,Romantic_comedy
0.0357012674212455,0.0073679061606526,0.0129278907552361,0.2097914069890976,0.3088126182556152,0.0766028985381126,0.3487960398197174,Romantic_comedy
0.0106313899159431,0.0304034817963838,0.0108497012406587,0.0022673981729894,0.0739954560995101,0.8379811644554138,0.0338713228702545,Romantic_comedy
0.9484545588493348,0.0091170882806181,0.0132014704868197,0.0011439741356298,0.0237210635095834,0.0027997703291475,0.0015621115453541,Romantic_comedy
0.0076537090353667,0.0305188726633787,0.0033896439708769,0.2080831676721573,0.7058510184288025,0.0278320331126451,0.0166715439409017,Romantic_comedy
0.0069074071943759,0.0161461327224969,0.0064831306226551,0.690081000328064,0.0500355437397956,0.2182067036628723,0.0121400449424982,Romantic_comedy
0.0798774808645248,0.6748024821281433,0.0161971170455217,0.0019052233546972,0.1629701554775238,0.0579478181898593,0.006299752742052,Romantic_comedy
0.0103940526023507,0.0050930348224937,0.0082204034551978,0.6221708059310913,0.0786293298006057,0.0178367681801319,0.2576555609703064,Romantic_comedy
0.1916103810071945,0.6215283274650574,0.0082887075841426,0.0009874555980786,0.0142376869916915,0.1522093117237091,0.0111381765455007,Romantic_comedy
0.2746984660625458,0.0907282009720802,0.0052792569622397,0.0412807688117027,0.5028005838394165,0.0829566791653633,0.0022560104262083,Romantic_comedy
0.1740926504135131,0.0546468906104564,0.0036301598884165,0.0048741782084107,0.0461247004568576,0.7115782499313354,0.0050531430169939,Romantic_comedy
0.0212182290852069,0.0305867511779069,0.0851081162691116,0.0832791179418563,0.6937862634658813,0.0102779855951666,0.0757435336709022,Romantic_comedy
0.0107978945598006,0.0207464341074228,0.0276048090308904,0.1037605926394462,0.7497308254241943,0.0143716484308242,0.0729877650737762,Romantic_comedy
0.0045773652382195,0.002160353353247,0.0032521046232432,0.8176765441894531,0.0461328141391277,0.0949212685227394,0.0312795788049697,Romantic_comedy
0.0994917601346969,0.1467291712760925,0.0193704403936862,0.0452824085950851,0.6276267170906067,0.0583137609064579,0.0031858088914304,Romantic_comedy
0.0093305436894297,0.0266063492745161,0.0027773573528975,0.0033137938007712,0.0385558493435382,0.9129796624183656,0.0064364671707153,Romantic_comedy
0.0076371496543288,0.0388318002223968,0.0167207326740026,0.0378358475863933,0.857560932636261,0.0295956153422594,0.0118178622797131,Romantic_comedy
0.0037229242734611,0.0013119748327881,0.0028788107447326,0.0010774307884275,0.0066937040537595,0.9781869053840636,0.0061282818205654,Romantic_comedy
0.5786336660385132,0.1395236998796463,0.0090172560885548,0.0031768190674483,0.2348457872867584,0.0268379021435976,0.00796490162611,Romantic_comedy
0.2790329158306122,0.0218213181942701,0.0215684212744236,0.0037413679528981,0.063075803220272,0.494577020406723,0.1161831989884376,Romantic_comedy
0.031460877507925,0.0485630668699741,0.0237438064068555,0.1745647341012954,0.478138267993927,0.2322380989789962,0.0112911630421876,Romantic_comedy
