anger,disgust,fear,joy,neutral,sadness,surprise,genre
0.0070274048484861,0.0531293489038944,0.002433268353343,0.0044533470645546,0.1495571434497833,0.7803370952606201,0.0030624340288341,Romance_Film
0.0782784968614578,0.6385370492935181,0.0170034822076559,0.0076630539260804,0.1888798028230667,0.0606231875717639,0.0090149026364088,Romance_Film
0.0185009464621543,0.2136851251125335,0.0855381935834884,0.0070931105874478,0.6240730285644531,0.0378462672233581,0.0132633708417415,Romance_Film
0.0022586057893931,0.0013495563762262,0.0011531771160662,0.9125415086746216,0.0346310883760452,0.0173346437513828,0.0307314395904541,Romance_Film
0.0021325149573385,0.0018685385584831,0.0002811778103932,0.9680987000465392,0.01516580209136,0.005049574188888,0.0074037187732756,Romance_Film
0.7315782904624939,0.1887281984090805,0.006609346717596,0.002676204778254,0.0311239752918481,0.0356508642435073,0.0036329936701804,Romance_Film
0.2037638425827026,0.06315778195858,0.0281021371483802,0.005618764553219,0.1273896098136901,0.5659508109092712,0.0060170842334628,Romance_Film
0.0619673952460289,0.1337084323167801,0.0053642550483345,0.0090285707265138,0.442505270242691,0.3246802985668182,0.0227457769215106,Romance_Film
0.0022925997618585,0.0037143267691135,0.004309908952564,0.1186010241508483,0.1042063012719154,0.75962233543396,0.0072535183280706,Romance_Film
0.0039260718040168,0.0066722524352371,0.0029801751952618,0.0155056873336434,0.9003664255142212,0.037390436977148,0.0331589616835117,Romance_Film
0.0076122186146676,0.0115688228979706,0.0034937849268317,0.0050624371506273,0.9167979955673218,0.0425259731709957,0.0129388654604554,Romance_Film
