anger,disgust,fear,joy,neutral,sadness,surprise,genre
0.0095907729119062,0.0396288931369781,0.1743972450494766,0.0054565574973821,0.1599080562591552,0.586601972579956,0.0244165528565645,Anime
0.2938662767410278,0.0593065991997718,0.1065491437911987,0.002899256767705,0.4855154156684875,0.0086858505383133,0.0431774407625198,Anime
0.1563316285610199,0.162857636809349,0.0113425310701131,0.0027317747008055,0.5577177405357361,0.0960841998457908,0.0129345105960965,Anime
0.3716861605644226,0.3111880123615265,0.0048041809350252,0.0015438003465533,0.0402739159762859,0.2673135101795196,0.0031904166098684,Anime
0.0095436023548245,0.0110164852812886,0.0568912178277969,0.0771894007921218,0.5950079560279846,0.1741247922182083,0.0762265175580978,Anime
0.0125161269679665,0.0592384338378906,0.0087546054273843,0.001657576765865,0.0389670468866825,0.8755303621292114,0.0033358440268784,Anime
0.0164994914084672,0.0931892395019531,0.0133200157433748,0.033410470932722,0.7985564470291138,0.0354081839323043,0.0096161188557744,Anime
0.1504763513803482,0.0495891310274601,0.0607947781682014,0.0098712509498,0.6951027512550354,0.0195029359310865,0.0146627789363265,Anime
0.1378425806760788,0.0323778614401817,0.4960106909275055,0.0032521048560738,0.2739491164684295,0.0278977751731872,0.0286699477583169,Anime
0.0165389385074377,0.0120540233328938,0.007730693090707,0.0060881786048412,0.8875184655189514,0.0169481709599494,0.0531215593218803,Anime
0.4775267839431762,0.0623019486665725,0.1323156505823135,0.0054472736082971,0.2729611992835998,0.0441608354449272,0.0052861981093883,Anime
0.0282361172139644,0.0064659137278795,0.1712411791086197,0.0022539291530847,0.0290871933102607,0.006709590088576,0.7560060620307922,Anime
0.3007584512233734,0.1983753889799118,0.0661502629518508,0.0029035506304353,0.3050373494625091,0.070702850818634,0.0560720786452293,Anime
0.1048242598772049,0.0452307164669036,0.1402860879898071,0.0076703522354364,0.0724028125405311,0.6261386275291443,0.0034471617545932,Anime
0.0058096977882087,0.0480052083730697,0.0050224857404828,0.0079175122082233,0.8625423908233643,0.0084013929590582,0.0623012743890285,Anime
0.0156592633575201,0.0421288646757602,0.0315212793648242,0.0136182401329278,0.8364357948303223,0.0390338264405727,0.0216027274727821,Anime
0.0043813297525048,0.0104467272758483,0.0019294503144919,0.0039079925045371,0.9379634857177734,0.0105346981436014,0.0308363903313875,Anime
0.0078954910859465,0.008055224083364,0.026462560519576,0.0207408312708139,0.9020727276802064,0.0260630007833242,0.0087101235985755,Anime
0.0042390557937324,0.0173863526433706,0.0090579316020011,0.0131082460284233,0.9392889142036438,0.0036830115132033,0.0132364984601736,Anime
0.0181505791842937,0.0787294954061508,0.0496500246226787,0.0017800583736971,0.7957491278648376,0.0156525149941444,0.0402882471680641,Anime
0.1837882548570633,0.0224854759871959,0.027174212038517,0.0085087940096855,0.7355196475982666,0.0147113483399152,0.0078122424893081,Anime
0.0122868614271283,0.0081311082467436,0.0015009893104434,0.0113721182569861,0.9584475755691528,0.0022622423712164,0.0059991292655467,Anime
0.0573799982666969,0.6124637722969055,0.0406709164381027,0.0047688991762697,0.2586572766304016,0.0226962752640247,0.0033628772944211,Anime
0.0441640168428421,0.008566883392632,0.9052860736846924,0.0013643474085256,0.0166088417172431,0.0212512928992509,0.0027585197240114,Anime
0.069870501756668,0.0572017803788185,0.0913253128528595,0.0025518594775348,0.7464247941970825,0.021185191348195,0.011440547183156,Anime
0.0090007064864039,0.0510887391865253,0.0056720399297773,0.0030068340711295,0.1963584721088409,0.7286166548728943,0.0062565146945416,Anime
0.0564146153628826,0.1210108548402786,0.0325737558305263,0.0048769977875053,0.7600395083427429,0.0187911167740821,0.0062930309213697,Anime
0.2695519030094147,0.0507470555603504,0.0535522289574146,0.007004648912698,0.5915017127990723,0.0149700604379177,0.0126723740249872,Anime
0.1359928846359253,0.0308561157435178,0.0224684085696935,0.0549475625157356,0.69391930103302,0.0520461574196815,0.0097696240991353,Anime
0.0071815303526818,0.0349849760532379,0.0128111224621534,0.0040956898592412,0.8918598294258118,0.0274481456726789,0.0216186996549367,Anime
0.0688696056604385,0.0770953819155693,0.3462851345539093,0.0051703471690416,0.4799610078334808,0.0145901208743453,0.0080282427370548,Anime
0.0164314303547143,0.0066785588860511,0.0045422706753015,0.0631584450602531,0.898440420627594,0.0056499289348721,0.0050988993607461,Anime
0.3374477624893188,0.465271919965744,0.0610650032758712,0.0017467108555138,0.113672561943531,0.003989057149738,0.0168070010840892,Anime
0.0295538865029811,0.0136433504521846,0.004018613602966,0.4035143256187439,0.440429151058197,0.1002759933471679,0.0085647916421294,Anime
0.0677283629775047,0.0664127320051193,0.0403561368584632,0.0065269917249679,0.6339972019195557,0.1682985872030258,0.0166800133883953,Anime
0.0337372682988643,0.0158865917474031,0.1542138010263443,0.0209053251892328,0.7411049604415894,0.0290913861244916,0.0050606820732355,Anime
0.4004462361335754,0.2677294611930847,0.0363449454307556,0.0037710147444158,0.2226673662662506,0.0585276968777179,0.0105132851749658,Anime
0.0404103063046932,0.3447065055370331,0.0292927306145429,0.0029012481682002,0.5577054023742676,0.0173512175679206,0.0076325018890202,Anime
0.3143838346004486,0.113027773797512,0.0344374626874923,0.0080944253131747,0.2898431718349457,0.2315095216035843,0.0087038157507777,Anime
0.7749236226081848,0.1246210858225822,0.0486050173640251,0.0016050174599513,0.0278234854340553,0.0207757651805877,0.0016461086925119,Anime
0.1066236793994903,0.423410415649414,0.0523488819599151,0.0029222210869193,0.2146210968494415,0.1816013306379318,0.0184724517166614,Anime
0.0020917833317071,0.0030620170291513,0.0071875001303851,0.0014328012475743,0.0146862333640456,0.964195430278778,0.0073442826978862,Anime
0.0078165363520383,0.010548117570579,0.0038921306841075,0.2110010087490081,0.2539135217666626,0.4951459467411041,0.0176827497780323,Anime
0.0129945706576108,0.0176981370896101,0.0046583763323724,0.0393069386482238,0.8348314762115479,0.0844471156597137,0.0060632904060184,Anime
0.0901979804039001,0.0906824022531509,0.1502865999937057,0.0112811662256717,0.534685492515564,0.01025315746665,0.1126132383942604,Anime
0.0038115312345325,0.0363641194999218,0.0023156323004513,0.0058045792393386,0.9314704537391664,0.0044008819386363,0.0158328916877508,Anime
0.099344752728939,0.0464147478342056,0.2101048678159713,0.1352957934141159,0.3976665735244751,0.0164836011826992,0.0946896523237228,Anime
0.0293555445969104,0.1910260766744613,0.1283366084098816,0.0081095658242702,0.3419325351715088,0.0133700184524059,0.2878696918487549,Anime
0.3800194263458252,0.4805372059345245,0.0501911379396915,0.0018430006457492,0.0579163841903209,0.0206744633615016,0.0088184811174869,Anime
0.5263459086418152,0.1295226216316223,0.0041716834530234,0.0053847772069275,0.3080795407295227,0.0227550528943538,0.0037404024042189,Anime
0.0146153345704078,0.0262132119387388,0.0069792345166206,0.02916787751019,0.8906365036964417,0.0255006812512874,0.0068871639668941,Anime
0.0157262459397315,0.0417844429612159,0.0062815258279442,0.0046400558203458,0.8315505385398865,0.0064104651100933,0.0936067402362823,Anime
0.0044111688621342,0.0041494029574096,0.0025471616536378,0.0559404976665973,0.9092555642127992,0.0103915119543671,0.0133047709241509,Anime
0.9364932179450988,0.0210744421929121,0.0103893801569938,0.0009351963526569,0.0261908322572708,0.0032836731988936,0.0016331474762409,Anime
0.0084596900269389,0.0443786233663558,0.0347801595926284,0.0029337296728044,0.8553932309150696,0.0375839136540889,0.0164706576615571,Anime
0.8378898501396179,0.0563097409904003,0.0519666299223899,0.0008566443575546,0.0226211752742528,0.0222469568252563,0.0081090787425637,Anime
0.0251319855451583,0.0174725521355867,0.0129138566553592,0.0050239828415215,0.8815338015556335,0.0106977578252553,0.0472259595990181,Anime
0.0074266605079174,0.0043587344698607,0.0065830145031213,0.313514769077301,0.6407239437103271,0.0169585775583982,0.0104342699050903,Anime
0.0030157205183058,0.0121446996927261,0.0083174416795372,0.0086265550926327,0.9392630457878112,0.0046609477140009,0.0239716321229934,Anime
