anger,disgust,fear,joy,neutral,sadness,surprise,genre
0.0139190470799803,0.3462060987949371,0.0126426741480827,0.0034069425892084,0.6042084693908691,0.0133987348526716,0.0062180068343877,Comedy_drama
0.6973757147789001,0.1133479923009872,0.0375372320413589,0.002460447140038,0.1234837770462036,0.0107575943693518,0.0150372218340635,Comedy_drama
0.0181235875934362,0.9158934950828552,0.0086982939392328,0.0009488459909334,0.0373449623584747,0.017438193783164,0.0015526452334597,Comedy_drama
0.0192048959434032,0.1835918724536895,0.0181515049189329,0.0019002232002094,0.1175751537084579,0.6335648894309998,0.0260114688426256,Comedy_drama
0.2351831793785095,0.0258049629628658,0.5647662281990051,0.0023075400386005,0.1185434088110923,0.0470738410949707,0.0063208597712218,Comedy_drama
0.0144821042194962,0.0145921660587191,0.0027960892766714,0.0038592140190303,0.8730912208557129,0.0061288634315133,0.0850503295660018,Comedy_drama
0.0176277216523885,0.1087779700756073,0.0104727698490023,0.0079972296953201,0.6626599431037903,0.1895610690116882,0.0029033906757831,Comedy_drama
0.0296500772237777,0.6850939393043518,0.2248293757438659,0.0013803398469462,0.0105759864673018,0.0462427586317062,0.0022275440860539,Comedy_drama
0.0364430174231529,0.7135934233665466,0.0092916563153266,0.0037805682513862,0.2189661413431167,0.0146074797958135,0.003317754715681,Comedy_drama
0.0775564387440681,0.8475862741470337,0.0044034179300069,0.002989751053974,0.0540372505784034,0.0079843830317258,0.0054423795081675,Comedy_drama
0.1088167354464531,0.871062695980072,0.0053542125970125,0.0006480157608166,0.008628636598587,0.0045720771886408,0.000917658151593,Comedy_drama
0.4929983913898468,0.2406332641839981,0.0064378748647868,0.0034555471502244,0.0856693536043167,0.168240800499916,0.002564666327089,Comedy_drama
0.0087309833616018,0.0417856499552726,0.0018697952618822,0.0747058391571044,0.8524339199066162,0.013800443150103,0.0066733187995851,Comedy_drama
0.0727730020880699,0.0756042376160621,0.6680705547332764,0.0014413769822567,0.0283387377858161,0.0184284467250108,0.1353436261415481,Comedy_drama
0.0436658635735511,0.3144401311874389,0.0354132577776908,0.0862184762954711,0.4804218709468841,0.0177199430763721,0.0221205111593008,Comedy_drama
0.0131240673363208,0.1489209681749344,0.0027176055591553,0.0253225155174732,0.7903093099594116,0.0046583176590502,0.0149471359327435,Comedy_drama
0.0156465861946344,0.0267630629241466,0.001933192834258,0.7641129493713379,0.1642285287380218,0.0066262166947126,0.0206893812865018,Comedy_drama
0.1845645755529403,0.748430609703064,0.0044735111296176,0.0009186198585666,0.030707960948348,0.026867127045989,0.0040376419201493,Comedy_drama
0.0416890569031238,0.2163333147764206,0.0553798414766788,0.134202241897583,0.1166258454322815,0.4065356254577636,0.0292340442538261,Comedy_drama
0.0088853007182478,0.0220490545034408,0.0006845253519713,0.8381443619728088,0.1104686856269836,0.0035911058075726,0.0161769371479749,Comedy_drama
