anger,disgust,fear,joy,neutral,sadness,surprise,genre
0.0111989406868815,0.0517666973173618,0.0093532390892505,0.141250342130661,0.6786823272705078,0.0138942040503025,0.0938543155789375,Drama
0.0399707034230232,0.1479097008705139,0.0291451103985309,0.0036254606675356,0.5652026534080505,0.2103535234928131,0.0037928575184196,Drama
0.0406191274523735,0.0561796016991138,0.0019731423817574,0.0060734567232429,0.8801498413085938,0.008191917091608,0.0068129077553749,Drama
0.0112980529665946,0.0115074953064322,0.004438268020749,0.0070128263905644,0.905028522014618,0.0462703108787536,0.0144445318728685,Drama
0.1591250747442245,0.737338125705719,0.0153815746307373,0.0009699000511318,0.0326214171946048,0.053358182311058,0.0012057669227942,Drama
0.0853898003697395,0.8295953869819641,0.0094270398840308,0.0006306715076789,0.0541375838220119,0.0100593119859695,0.0107601825147867,Drama
0.0056829578243196,0.0244265664368867,0.0035286457277834,0.8058600425720215,0.0970554798841476,0.0320216454565525,0.0314246490597724,Drama
0.0016573091270402,0.0044099884107708,0.9742470383644104,0.0005778079503215,0.0068050804547965,0.0072098923847079,0.0050928751006722,Drama
0.0062335864640772,0.0677364021539688,0.0104722985997796,0.0152019942179322,0.8636776208877563,0.0061692586168646,0.0305088404566049,Drama
0.1445454955101013,0.2655424177646637,0.0112658077850937,0.0405975468456745,0.5066666007041931,0.0189869198948144,0.0123952273279428,Drama
0.0515316948294639,0.0542400293052196,0.0119827585294842,0.0104237599298357,0.3088332712650299,0.5600646734237671,0.0029238630086183,Drama
0.2942938506603241,0.2702803909778595,0.0092872325330972,0.0040308046154677,0.3889784812927246,0.0288322530686855,0.0042970795184373,Drama
0.0666564851999282,0.023944379761815,0.0267369728535413,0.0015216408064588,0.0138203678652644,0.8393279910087585,0.0279921647161245,Drama
0.2203395068645477,0.7393261194229126,0.0066960728727281,0.0031998064368963,0.0167416296899318,0.011748225428164,0.0019485540688037,Drama
0.0031854072585701,0.0122585594654083,0.0168855525553226,0.0036948849447071,0.0668861120939254,0.8528145551681519,0.0442749448120594,Drama
0.0295385625213384,0.0776455551385879,0.0030052321963012,0.1164296194911003,0.739374577999115,0.027352400124073,0.0066540786065161,Drama
