anger,disgust,fear,joy,neutral,sadness,surprise,genre
0.0429888069629669,0.0216525960713624,0.0202133785933256,0.040158774703741,0.6941455006599426,0.0899765044450759,0.0908644348382949,Drama
0.0034334505908191,0.0023900910746306,0.0004427986277732,0.9162122011184692,0.0331805199384689,0.004986816085875,0.0393541567027568,Drama
0.0744038820266723,0.7676345109939575,0.0093239303678274,0.0058157872408628,0.0733387693762779,0.0665333494544029,0.0029497421346604,Drama
0.0010060907807201,0.0017926845466718,0.9916530251502992,0.0008050852338783,0.0017640333389863,0.0020211157388985,0.0009580945479683,Drama
0.0507717318832874,0.047451090067625,0.1372187286615371,0.0069384989328682,0.6946438550949097,0.051023107022047,0.0119529189541935,Drama
0.0090470435097813,0.9616445302963256,0.0077037867158651,0.0013572318712249,0.0135468440130352,0.0046291449107229,0.0020713806152343,Drama
0.0389566645026207,0.0232331305742263,0.9186837673187256,0.0013015136355534,0.0059259585104882,0.0079030059278011,0.0039959782734513,Drama
0.0156864859163761,0.1365367025136947,0.0037677432410418,0.005761687643826,0.0469135530292987,0.7878898978233337,0.0034438748843967,Drama
0.0037103770300745,0.0064480653963983,0.0020010359585285,0.0264399480074644,0.9487285017967224,0.0049251541495323,0.0077469558455049,Drama
0.471936821937561,0.0673004910349845,0.4043252766132355,0.0039551639929413,0.0362410433590412,0.006185011472553,0.0100560830906033,Drama
0.9773820042610168,0.0054662539623677,0.0027297558262944,0.0004743982863146,0.0090903658419847,0.0022110869176685,0.0026461463421583,Drama
0.0743006393313407,0.1492365598678589,0.0018709716387093,0.0074932463467121,0.0988156124949455,0.6649981737136841,0.0032847698312252,Drama
0.2592076659202575,0.2439084202051162,0.0991309285163879,0.0036337052006274,0.265919953584671,0.1252110302448272,0.0029882399830967,Drama
0.0095876399427652,0.2397252768278122,0.0143599044531583,0.036499835550785,0.6366732120513916,0.0497593656182289,0.0133947134017944,Drama
0.0182669479399919,0.046749260276556,0.1945344507694244,0.0056720082648098,0.2118889391422271,0.5091833472251892,0.0137050598859786,Drama
0.0587571747601032,0.0075461021624505,0.0191848669201135,0.0652520209550857,0.3679505884647369,0.4373233914375305,0.0439858622848987,Drama
0.0008943604771047,0.0012843430740758,0.0016955665778368,0.000903287611436,0.006390054244548,0.98432594537735,0.0045065297745168,Drama
0.2417517900466919,0.0107622249051928,0.0025635117199271,0.0213579256087541,0.0972016751766204,0.6171318292617798,0.0092311026528477,Drama
0.0163127612322568,0.0109184347093105,0.2578928172588348,0.0762409344315528,0.0752555876970291,0.5296055674552917,0.0337738804519176,Drama
0.4838409423828125,0.4721485078334808,0.0018795514479279,0.0020260782912373,0.0247931703925132,0.0132702784612774,0.0020414793398231,Drama
0.0172029063105583,0.0105190398171544,0.1511352360248565,0.010149797424674,0.0193767007440328,0.003945633303374,0.7876707315444946,Drama
0.0245245322585105,0.0819681957364082,0.0027044797316193,0.0648273825645446,0.5847401022911072,0.2315724194049835,0.009662901982665,Drama
0.0039589968509972,0.0030845627188682,0.001145769841969,0.8485250473022461,0.0652344971895217,0.0551591776311397,0.0228918809443712,Drama
