anger,disgust,fear,joy,neutral,sadness,surprise,genre
0.0071874014101922,0.0203396677970886,0.0078128837049007,0.0066345734521746,0.9103446006774902,0.0049826591275632,0.0426982715725898,Romance_Film
0.0129633359611034,0.0141589641571044,0.0022983276285231,0.0482633486390113,0.90236634016037,0.013991224579513,0.0059583983384072,Romance_Film
0.0079543869942426,0.0027161817997694,0.0030836518853902,0.435652881860733,0.4021094441413879,0.0460611246526241,0.1024222895503044,Romance_Film
0.035356905311346,0.0537843182682991,0.0049911169335246,0.0450671017169952,0.226783275604248,0.6295947432518005,0.0044225612655282,Romance_Film
0.525469958782196,0.0168913565576076,0.0902093276381492,0.0020047239959239,0.0151721751317381,0.3461775481700897,0.0040749283507466,Romance_Film
0.071084588766098,0.3312702178955078,0.0038189876358956,0.0372650399804115,0.5357990264892578,0.0126108350232243,0.0081513272598385,Romance_Film
0.063831016421318,0.0077448724769055,0.0025880464818328,0.0111075667664408,0.0651925355195999,0.8154348134994507,0.0341011136770248,Romance_Film
0.0255609285086393,0.0169830974191427,0.0032776524312794,0.1489829868078231,0.7707330584526062,0.00890688970685,0.0255553442984819,Romance_Film
0.0409120395779609,0.0229743961244821,0.0055479370057582,0.003290181979537,0.0689050704240799,0.0072650467045605,0.8511053323745728,Romance_Film
0.0068144183605909,0.0039217723533511,0.0025870043318718,0.2473914921283722,0.6743894815444946,0.0319267362356185,0.0329690873622894,Romance_Film
