anger,disgust,fear,joy,neutral,sadness,surprise,genre
0.2399252653121948,0.2058764398097992,0.043089784681797,0.0037832136731594,0.153699517250061,0.3507117629051208,0.0029140105471014,Black_comedy
0.1614999324083328,0.1292665600776672,0.0464424006640911,0.0096215214580297,0.6041221022605896,0.0427876636385917,0.0062598441727459,Black_comedy
0.0294206999242305,0.0113277323544025,0.0050361971370875,0.2647537887096405,0.6318264603614807,0.0317350700497627,0.0259000696241855,Black_comedy
0.0221372228115797,0.0321388579905033,0.0087548401206731,0.0019249215256422,0.1796480864286422,0.7473087310791016,0.0080872951075434,Black_comedy
0.0213371850550174,0.0290103387087583,0.0038258065469563,0.0098948096856474,0.8807268738746643,0.0527072139084339,0.0024978888686746,Black_comedy
0.0667477175593376,0.046600729227066,0.0098276333883404,0.0075469743460416,0.8438080549240112,0.021136537194252,0.0043324143625795,Black_comedy
0.4241329729557037,0.4319827854633331,0.0076790456660091,0.0015676489565521,0.1047170758247375,0.0256941560655832,0.0042263092473149,Black_comedy
0.0576581731438636,0.0993345901370048,0.0056260637938976,0.0096945632249116,0.6783905625343323,0.118456020951271,0.0308399312198162,Black_comedy
0.7018892168998718,0.2142518013715744,0.0213948749005794,0.0025016106665134,0.0506580770015716,0.0057924948632717,0.0035119384992867,Black_comedy
0.0199030581861734,0.0036263894289731,0.0095677813515067,0.0180077999830245,0.922163426876068,0.0071509038098156,0.019580703228712,Black_comedy
0.767868161201477,0.0730320811271667,0.1273271441459655,0.0019827077630907,0.0174998864531517,0.0037143505178391,0.0085756452754139,Black_comedy
0.1897850334644317,0.077469602227211,0.0071668960154056,0.0086496146395802,0.4656375646591186,0.2478580772876739,0.0034331830684095,Black_comedy
0.1713430136442184,0.0179545078426599,0.7556620240211487,0.0050451722927391,0.0418694987893104,0.0055872476659715,0.0025386193301528,Black_comedy
0.0412626862525939,0.5967065691947937,0.0327323228120803,0.0041502970270812,0.2083967626094818,0.1073721721768379,0.0093792052939534,Black_comedy
