anger,disgust,fear,joy,neutral,sadness,surprise,genre
0.1826777309179306,0.7638071775436401,0.0098910285159945,0.0010599415982142,0.0311046596616506,0.0096642896533012,0.0017952106427401,Short_Film
0.6270142793655396,0.2779407799243927,0.0326570868492126,0.0015015943208709,0.0341270044445991,0.0180278979241848,0.0087314005941152,Short_Film
0.050803504884243,0.2302979230880737,0.010432063601911,0.0069784205406904,0.6721509695053101,0.004584748763591,0.024752328172326,Short_Film
0.0046506728976964,0.0066723003983497,0.8747986555099487,0.0015486563788726,0.0584030300378799,0.0055074314586818,0.0484191961586475,Short_Film
0.0255417861044406,0.1833751499652862,0.120698370039463,0.0214087031781673,0.4767540097236633,0.0048119300045073,0.1674101203680038,Short_Film
0.0603867024183273,0.0475669726729393,0.0222523976117372,0.0045107929036021,0.811026930809021,0.0408282913267612,0.0134278247132897,Short_Film
0.0715548917651176,0.4781863093376159,0.1351480185985565,0.0077956276945769,0.291524201631546,0.0106853283941745,0.0051056151278316,Short_Film
0.4840209186077118,0.0939246788620948,0.1570103913545608,0.0268952306360006,0.0558846928179264,0.1465295255184173,0.0357345305383205,Short_Film
0.5379369854927063,0.0252966396510601,0.3052423298358917,0.0061078616417944,0.1016496866941452,0.012532876804471,0.0112335849553346,Short_Film
0.0388066805899143,0.0450636558234691,0.0734109133481979,0.0022370342630892,0.0488507188856601,0.7578935027122498,0.0337374806404113,Short_Film
0.6141878366470337,0.2251854836940765,0.0824952125549316,0.0058615454472601,0.0423778146505355,0.0237788502126932,0.0061133252456784,Short_Film
