anger,disgust,fear,joy,neutral,sadness,surprise,genre
0.0008256452274508,0.0012219991767778,0.0008624425972811,0.9586832523345948,0.0192198678851127,0.0110098104923963,0.0081770233809947,Drama
0.0028956001624464,0.0011838421924039,0.0038780798204243,0.0023266826756298,0.0066324365325272,0.0011774541344493,0.9819059371948242,Drama
0.145696684718132,0.0902992933988571,0.0143514815717935,0.0034454849082976,0.7221271395683289,0.0055504729971289,0.0185294281691312,Drama
0.0261101201176643,0.1477575451135635,0.0486167892813682,0.1192526891827583,0.1185379922389984,0.5344744324684143,0.0052503603510558,Drama
0.0100023373961448,0.0031829529907554,0.0068678515963256,0.7755090594291687,0.1510262638330459,0.0262369271367788,0.0271746106445789,Drama
0.3426693081855774,0.0779821500182151,0.0775740295648574,0.0052156392484903,0.0756907686591148,0.4158952534198761,0.0049728075973689,Drama
0.030934702605009,0.2320015132427215,0.3226536512374878,0.0036783157847821,0.3842465579509735,0.0164477564394474,0.010037463158369,Drama
0.1841264963150024,0.2449015378952026,0.0428849905729293,0.0128619540482759,0.456704169511795,0.0397811457514762,0.0187397319823503,Drama
0.0809237286448478,0.2046261578798294,0.1761534363031387,0.008712051436305,0.4521982073783874,0.0747854113578796,0.0026009827852249,Drama
0.0057876463979482,0.0081279026344418,0.001865662401542,0.0038384834770113,0.9705896973609924,0.0040938886813819,0.0056966948322951,Drama
