anger,disgust,fear,joy,neutral,sadness,surprise,genre
0.0297281946986913,0.0741210281848907,0.0120379710569977,0.0036872725468128,0.8195599913597107,0.0373400896787643,0.0235253851860761,Thriller
0.0326207391917705,0.130967304110527,0.4714842438697815,0.0058987084776163,0.3169978260993957,0.0290710479021072,0.012960203923285,Thriller
0.0097841266542673,0.0061595090664923,0.0490586124360561,0.0116786379367113,0.6549748182296753,0.033484760671854,0.2348595708608627,Thriller
0.0105251846835017,0.0235847923904657,0.9037413001060486,0.0010383132612332,0.0017251204699277,0.057510107755661,0.0018751196330413,Thriller
0.007855636999011,0.0065656420774757,0.0504430644214153,0.002242978895083,0.0385485514998436,0.8563216924667358,0.0380223467946052,Thriller
0.0306288227438926,0.0165010690689086,0.8343394994735718,0.0106807518750429,0.0319457501173019,0.0264866445213556,0.049417421221733,Thriller
0.1983776539564132,0.5616477727890015,0.0839351266622543,0.0020459648221731,0.0597089864313602,0.0925910770893096,0.0016933592269197,Thriller
0.1121127232909202,0.0599584765732288,0.0195109564810991,0.0477565564215183,0.744835376739502,0.0056394152343273,0.010186456143856,Thriller
0.0461641550064086,0.0225047767162323,0.0190686509013175,0.0015803556889295,0.0484096631407737,0.7955684065818787,0.0667039826512336,Thriller
0.0198358837515115,0.0105351554229855,0.0066263442859053,0.0042204954661428,0.8563804626464844,0.0032192151993513,0.0991823673248291,Thriller
0.0197668876498937,0.0187579113990068,0.8605536222457886,0.0020328692626208,0.0661966800689697,0.0215565469115972,0.0111355306580662,Thriller
0.0214732717722654,0.2094492465257644,0.0256502404808998,0.0090187601745128,0.6656386852264404,0.0143800098448991,0.0543897338211536,Thriller
0.2632520496845245,0.2359385043382644,0.3481349945068359,0.0049123372882604,0.0631035715341568,0.0678266510367393,0.0168319474905729,Thriller
0.0135435061529278,0.869339108467102,0.0178804844617843,0.0011301074409857,0.0589268580079078,0.0324558839201927,0.0067240158095955,Thriller
0.6433946490287781,0.1703611463308334,0.0084572453051805,0.0037942365743219,0.0941057428717613,0.0757911056280136,0.004095931071788,Thriller
0.4221120178699493,0.4287161827087402,0.0719182714819908,0.0013603596016764,0.0324776135385036,0.041967075318098,0.0014483832055702,Thriller
0.0124242771416902,0.060491919517517,0.0244416147470474,0.043760634958744,0.5874292254447937,0.2596996426582336,0.0117526361718773,Thriller
0.9217308759689332,0.0177515987306833,0.0065572834573686,0.001515862182714,0.0358410291373729,0.0079007018357515,0.0087026041001081,Thriller
0.0871160626411438,0.8383737206459045,0.0088452417403459,0.0026060426607728,0.0361754037439823,0.025045808404684,0.0018376430962234,Thriller
0.0060580424033105,0.0071258912794291,0.9243390560150146,0.0007338764844462,0.0065484000369906,0.0502100028097629,0.0049847709015011,Thriller
0.3906291127204895,0.020198531448841,0.3771000504493713,0.0018862136639654,0.0235742647200822,0.15914386510849,0.0274680126458406,Thriller
0.0450396835803985,0.0507383495569229,0.5029729008674622,0.0087409578263759,0.1850260347127914,0.0184060130268335,0.189076080918312,Thriller
0.0146610513329505,0.1350005567073822,0.1163774281740188,0.0059726759791374,0.4773472845554352,0.1383820325136184,0.1122589707374572,Thriller
0.0179486274719238,0.029373575001955,0.0006489786901511,0.8134906888008118,0.1112247034907341,0.0244062133133411,0.0029072077013552,Thriller
0.896151602268219,0.0302877649664878,0.0034491352271288,0.0019377088174223,0.0492653213441371,0.0132597424089908,0.0056487587280571,Thriller
0.0472296997904777,0.8516035079956055,0.0162246916443109,0.0008910453179851,0.0594716630876064,0.0178836863487958,0.0066956430673599,Thriller
0.1346416771411895,0.0495264641940593,0.5806127786636353,0.0028190412558615,0.1415704786777496,0.0792287439107894,0.0116009088233113,Thriller
0.007830954156816,0.0103666577488183,0.0075035942718386,0.0043324036523699,0.9515435099601746,0.0039393617771565,0.0144834322854876,Thriller
0.006324827671051,0.0127882547676563,0.0239899177104234,0.0285824593156576,0.9098827838897704,0.0114132901653647,0.0070183901116251,Thriller
0.0609895139932632,0.2129138261079788,0.1316003054380417,0.0075372788123786,0.4400579333305359,0.0687432661652565,0.0781578347086906,Thriller
0.1588329672813415,0.787255048751831,0.0326782315969467,0.0007358335424214,0.0132039338350296,0.0060765002854168,0.0012174495495855,Thriller
0.15876205265522,0.4880359470844269,0.0255163814872503,0.0023580584675073,0.303171306848526,0.0160570722073316,0.0060991579666733,Thriller
0.2336773872375488,0.0626540780067443,0.1256228685379028,0.0019648792222142,0.0513180904090404,0.058697871863842,0.466064840555191,Thriller
0.0058541595935821,0.0395910702645778,0.9015542268753052,0.0012985306093469,0.0307780094444751,0.014707519672811,0.0062164510600268,Thriller
0.0791180878877639,0.4331682920455932,0.1610846668481826,0.0015208448749035,0.1127602458000183,0.189904436469078,0.0224434938281774,Thriller
0.0418304167687892,0.7377968430519104,0.0148608665913343,0.0006558469031006,0.0225163642317056,0.1759592145681381,0.0063803731463849,Thriller
0.0143368076533079,0.1818228811025619,0.0110911661759018,0.0865877866744995,0.6364452242851257,0.0613102950155735,0.0084057813510298,Thriller
0.0079917032271623,0.4282326996326446,0.0089130382984876,0.0064239087514579,0.5134385228157043,0.0286772921681404,0.0063228677026927,Thriller
0.0156046580523252,0.0122906696051359,0.0307189039885997,0.0058353682979941,0.4977712333202362,0.0331924892961978,0.4045867323875427,Thriller
0.0053924052044749,0.0578592158854007,0.0021330500021576,0.0234856568276882,0.859891414642334,0.011677699163556,0.0395605079829692,Thriller
0.0222941916435956,0.0368594639003276,0.6700984239578247,0.002408534521237,0.0951506793498992,0.1685879826545715,0.0046008392237126,Thriller
0.1392742693424224,0.0797236934304237,0.6022697687149048,0.0096176275983452,0.1340241730213165,0.0272151287645101,0.0078753568232059,Thriller
0.7111262679100037,0.1494417041540146,0.0126371327787637,0.0049825012683868,0.0888306945562362,0.025721251964569,0.0072604762390255,Thriller
0.0442718751728534,0.1411823332309723,0.028775293380022,0.0261940583586692,0.5236968398094177,0.2285050749778747,0.0073745367117226,Thriller
0.0251553319394588,0.4769032001495361,0.0313610322773456,0.0021386905573308,0.0806673914194107,0.3559953570365906,0.0277790110558271,Thriller
0.0106319515034556,0.0211246348917484,0.006922589149326,0.0132676260545849,0.6878262162208557,0.0230027083307504,0.2372242957353592,Thriller
0.0196788422763347,0.9261559844017028,0.0266221910715103,0.0009617817122489,0.0156726595014333,0.0093253944069147,0.0015832561766728,Thriller
0.7725021243095398,0.0321691893041133,0.0037167724221944,0.0054731448180973,0.0811842307448387,0.0683024525642395,0.0366521216928958,Thriller
0.0194775015115737,0.9544367790222168,0.0012537676375359,0.0005838047945871,0.0150332720950245,0.0080621736124157,0.0011527508031576,Thriller
0.4206255674362182,0.051569253206253,0.0261186156421899,0.0088282711803913,0.4128392040729522,0.0553740076720714,0.0246450882405042,Thriller
0.0971977934241294,0.0313635505735874,0.0041079791262745,0.0051863649860024,0.8326290845870972,0.0083951046690344,0.0211201291531324,Thriller
0.0529137849807739,0.0874922722578048,0.0122722294181585,0.0107669634744524,0.2592505812644958,0.5602290630340576,0.0170751400291919,Thriller
0.902220606803894,0.022893501445651,0.0108160423114895,0.0011468898737803,0.0478975176811218,0.0131392041221261,0.0018862305441871,Thriller
0.1541730314493179,0.7329356074333191,0.0454268231987953,0.0010527777485549,0.0342469997704029,0.0295843500643968,0.0025804918259382,Thriller
0.1461950689554214,0.3667940497398376,0.105301521718502,0.0057393009774386,0.3206583261489868,0.0451998561620712,0.0101119196042418,Thriller
0.1216123700141906,0.171457752585411,0.0143015403300523,0.0041269017383456,0.0279908161610364,0.6584771871566772,0.0020334359724074,Thriller
0.0040912181138992,0.0134415309876203,0.0083607817068696,0.5463524460792542,0.369229644536972,0.0304586291313171,0.0280657261610031,Thriller
0.0030738189816474,0.0073707522824406,0.0011992119252681,0.004519788082689,0.9558277130126952,0.0042483881115913,0.0237603150308132,Thriller
0.0112851792946457,0.1255502998828888,0.0023824325762689,0.1313969045877456,0.6510677337646484,0.0646633803844451,0.0136540783569216,Thriller
