anger,disgust,fear,joy,neutral,sadness,surprise,genre
0.003582747420296,0.008142584003508,0.0012427880428731,0.0011824510293081,0.0056422878988087,0.9749311804771424,0.0052759665995836,Drama
0.1154464557766914,0.1674132049083709,0.5210996270179749,0.0030520632863044,0.1452306658029556,0.0303759537637233,0.017382001504302,Drama
0.2201914936304092,0.7322915196418762,0.0042108264751732,0.0023893262259662,0.0168622061610221,0.0227097496390342,0.0013449795078486,Drama
0.0096353702247142,0.061691828072071,0.8198423385620117,0.0021497451234608,0.0466548278927803,0.0057155126705765,0.0543103814125061,Drama
0.1239772737026214,0.4972856938838959,0.3287741243839264,0.0009466935298405,0.0255967527627944,0.0142782609909772,0.0091411545872688,Drama
0.0058453949168324,0.0066058323718607,0.0066899047233164,0.0018846057355403,0.951393187046051,0.0054049678146839,0.0221760403364896,Drama
0.0652496740221977,0.2140162587165832,0.0051069571636617,0.0043860063888132,0.6893796920776367,0.0186891015619039,0.0031723515130579,Drama
0.0097804386168718,0.0180823504924774,0.02664708904922,0.0041666640900075,0.8500092029571533,0.0536521300673484,0.0376621857285499,Drama
0.4337905645370483,0.0219397041946649,0.3707827031612396,0.0032447236590087,0.0566530041396617,0.0888913199305534,0.0246979780495166,Drama
0.0127969831228256,0.0154746957123279,0.0070168361999094,0.0607467889785766,0.5068486928939819,0.0180901866406202,0.3790258169174194,Drama
0.0101782288402318,0.0836602672934532,0.0110027287155389,0.0151667539030313,0.7760528326034546,0.0828263163566589,0.0211128462105989,Drama
