anger,disgust,fear,joy,neutral,sadness,surprise,genre
0.008672934025526,0.1101887822151184,0.0039220745675265,0.1308186799287796,0.7248387336730957,0.0155751695856451,0.0059835650026798,Short_Film
0.0260395873337984,0.7146902680397034,0.0282169319689273,0.0027119622100144,0.2117045223712921,0.0042585381306707,0.0123782586306333,Short_Film
0.2704396545886993,0.1181319206953048,0.0011727848323062,0.4669817090034485,0.1224094480276107,0.0129482913762331,0.0079162120819091,Short_Film
0.0190776903182268,0.5513713955879211,0.0085954777896404,0.0055274073965847,0.4064013957977295,0.0054982081055641,0.0035284215118736,Short_Film
0.0319359488785266,0.0707865506410598,0.8269704580307007,0.0033714866731315,0.0511028654873371,0.0076585980132222,0.0081741157919168,Short_Film
0.0211706086993217,0.013591144233942,0.0047520091757178,0.0026878633070737,0.9467792510986328,0.0031471303664147,0.0078719807788729,Short_Film
0.0762172639369964,0.0566014386713504,0.7981032729148865,0.0023398962803184,0.0425565429031848,0.0139256389811635,0.0102559188380837,Short_Film
0.7402980327606201,0.1412908434867859,0.016977559775114,0.0027331365272402,0.0894803255796432,0.004106851760298,0.0051132957451045,Short_Film
0.1471883207559585,0.4570096731185913,0.0197419840842485,0.0028896748553961,0.3529588580131531,0.0101476656273007,0.0100638009607791,Short_Film
0.0267832707613706,0.0273801647126674,0.0030582225881516,0.411182165145874,0.4646262228488922,0.0079941833391785,0.058975663036108,Short_Film
0.1838973015546798,0.0389443039894104,0.4505220651626587,0.002930691698566,0.1254608333110809,0.0289946030825376,0.1692502647638321,Short_Film
0.0097792986780405,0.2459684461355209,0.0034979504998773,0.0220564063638448,0.7084279656410217,0.0066470531746745,0.0036228362005203,Short_Film
0.1927199214696884,0.2823642194271087,0.0061822603456676,0.0027686273679137,0.4943040609359741,0.0114234639331698,0.010237350128591,Short_Film
