anger,disgust,fear,joy,neutral,sadness,surprise,genre
0.023133972659707,0.0136301824823021,0.022300673648715,0.0164605602622032,0.8553470969200134,0.0122997602447867,0.056827712804079,Black_and_white
0.1275128722190857,0.0185532886534929,0.3571711778640747,0.0050702565349638,0.2887139916419983,0.0131914718076586,0.1897869408130645,Black_and_white
0.1323240250349044,0.0292278435081243,0.0030694575980305,0.0575239285826683,0.5773817896842957,0.0136973159387707,0.1867756694555282,Black_and_white
0.0033577722497284,0.0015722395619377,0.0014744898071512,0.45462167263031,0.1091170012950897,0.3610006868839264,0.0688561201095581,Black_and_white
0.0459013059735298,0.045903131365776,0.006381869316101,0.0044676233083009,0.8671896457672119,0.0242031179368495,0.0059532555751502,Black_and_white
0.0273755080997943,0.0499300807714462,0.0015779295936226,0.0252369847148656,0.8866184949874878,0.0057937675155699,0.0034671209286898,Black_and_white
0.8020640015602112,0.0835121348500251,0.0151381092146039,0.0029860043432563,0.0782235190272331,0.0125976111739873,0.0054785306565463,Black_and_white
0.0291549768298864,0.9272751808166504,0.0138167738914489,0.0006649504648521,0.0125326383858919,0.0154456198215484,0.0011098617687821,Black_and_white
0.0288002099841833,0.0780113786458969,0.0057164472527801,0.007556461263448,0.7975378632545471,0.0786726176738739,0.0037050382234156,Black_and_white
0.0503980703651905,0.4209668934345245,0.0100657884031534,0.0190005842596292,0.376497209072113,0.121783435344696,0.0012880822177976,Black_and_white
0.7130426168441772,0.1323893666267395,0.0019427726510912,0.0028350625652819,0.1204173788428306,0.0241082198917865,0.005264560226351,Black_and_white
0.0086485547944903,0.0062370863743126,0.0007084020762704,0.7148550748825073,0.2437828332185745,0.0060474351048469,0.0197206009179353,Black_and_white
0.0061288280412554,0.0031718076206743,0.0013130155857652,0.9162468314170836,0.0512488633394241,0.004770862404257,0.0171198733150959,Black_and_white
0.0175313223153352,0.0328675061464309,0.006170580163598,0.0106821507215499,0.906834065914154,0.0217168405652046,0.0041975085623562,Black_and_white
0.0098079331219196,0.0023990063928067,0.002370084170252,0.4102340638637543,0.2358762621879577,0.0272385999560356,0.3120740354061126,Black_and_white
