anger,disgust,fear,joy,neutral,sadness,surprise,genre
0.0121944062411785,0.0144192576408386,0.0056369886733591,0.5992463231086731,0.2111716270446777,0.0285344384610652,0.1287969946861267,Comedy
0.1451145261526107,0.213810920715332,0.0089556705206632,0.0328168496489524,0.4655351340770721,0.1039425134658813,0.0298244059085845,Comedy
0.0101133761927485,0.0531946010887622,0.0397506058216095,0.0035266089253127,0.7589080929756165,0.1164980083703994,0.0180087629705667,Comedy
0.0092771677300333,0.0298341456800699,0.0524293482303619,0.3990761339664459,0.4529883563518524,0.0157116334885358,0.0406832732260227,Comedy
0.5705211162567139,0.2356040179729461,0.0073675261810421,0.0032846580725163,0.0398704446852207,0.14015993475914,0.0031922403723001,Comedy
0.0131400134414434,0.1439834982156753,0.0141153139993548,0.1537450104951858,0.6523510217666626,0.003038132097572,0.019627034664154,Comedy
0.0555067844688892,0.0457513518631458,0.3467167317867279,0.0060187536291778,0.4046083390712738,0.0276805590838193,0.1137174516916275,Comedy
0.0325899757444858,0.7697857618331909,0.0047870706766843,0.0033072475343942,0.1723306477069854,0.009995930828154,0.0072033223696053,Comedy
0.3289460837841034,0.1690814197063446,0.086360715329647,0.0067129987291991,0.3047618865966797,0.0801511704921722,0.0239857360720634,Comedy
0.4407107830047607,0.0996827110648155,0.2092670947313308,0.0032214086968451,0.103893905878067,0.1163244917988777,0.0268995575606822,Comedy
0.5447770357131958,0.1288005113601684,0.027800278738141,0.0042396457865834,0.2754319310188293,0.0165193527936935,0.0024312385357916,Comedy
0.7961304783821106,0.106318861246109,0.0055967732332646,0.0015487022465094,0.0622077845036983,0.0253345351666212,0.0028628406580537,Comedy
0.0111060952767729,0.0028441245667636,0.0054175253026187,0.3210533857345581,0.4954288899898529,0.0137415258213877,0.1504084169864654,Comedy
0.1675114780664444,0.2689879536628723,0.0209331400692462,0.0054377657361328,0.4424205124378204,0.0334949418902397,0.0612142086029052,Comedy
0.1728713512420654,0.4194286465644836,0.0070947161875665,0.0070516634732484,0.379332572221756,0.0098041696473956,0.0044168410822749,Comedy
0.0677110701799392,0.116923801600933,0.009992092847824,0.0758734494447708,0.6936142444610596,0.0326628722250461,0.0032224848400801,Comedy
0.0427755527198314,0.0390984453260898,0.0958601832389831,0.0044935354962944,0.7644549608230591,0.0104289380833506,0.0428884141147136,Comedy
0.1448550075292587,0.2482560873031616,0.0036672302521765,0.0094106839969754,0.5569391250610352,0.0345235578715801,0.0023483312688767,Comedy
0.0270623378455638,0.3297896087169647,0.0912074372172355,0.2551881670951843,0.2484147399663925,0.0368591509759426,0.0114786196500062,Comedy
0.1550547033548355,0.1544934958219528,0.0473082289099693,0.0154144503176212,0.3238503038883209,0.2976738512516022,0.0062049613334238,Comedy
0.5490370988845825,0.3254942297935486,0.0048784189857542,0.0018354537896811,0.0449857600033283,0.0714561715722084,0.0023128651082515,Comedy
0.641906201839447,0.076017640531063,0.0042451247572898,0.0099899005144834,0.2142229676246643,0.036634974181652,0.0169832035899162,Comedy
0.0258598588407039,0.0426724106073379,0.0037686959840357,0.0454633124172687,0.7381817698478699,0.1223671063780784,0.0216868612915277,Comedy
0.1681270748376846,0.0221343543380498,0.0191876366734504,0.0131073622033,0.7011167407035828,0.0369033440947532,0.0394235365092754,Comedy
0.1634292751550674,0.2132344990968704,0.0129324709996581,0.0122724557295441,0.5389010310173035,0.0205961130559444,0.0386341176927089,Comedy
0.0146944010630249,0.0131731256842613,0.0058818431571125,0.0156694538891315,0.8996315598487854,0.0109111052006483,0.0400384739041328,Comedy
0.0447418540716171,0.0920805260539054,0.0464257858693599,0.032010518014431,0.7491869926452637,0.0193091295659542,0.0162452086806297,Comedy
0.0155554991215467,0.038652915507555,0.0074571454897522,0.1840384006500244,0.687428891658783,0.0408491306006908,0.0260180383920669,Comedy
