anger,disgust,fear,joy,neutral,sadness,surprise,genre
0.01333022210747,0.0028594532050192,0.0555178634822368,0.0095980064943432,0.0777998566627502,0.789703369140625,0.0511912703514099,Western
0.0098982295021414,0.0172852631658315,0.719903826713562,0.0051646525971591,0.1740829199552536,0.0073254932649433,0.0663395300507545,Western
0.0170599743723869,0.0376070663332939,0.014956671744585,0.0368235856294631,0.8780486583709717,0.0048943334259092,0.0106097478419542,Western
0.0127685759216547,0.0034660738892853,0.8559428453445435,0.0037285257130861,0.1086027100682258,0.0101342480629682,0.0053570503368973,Western
0.2610445618629455,0.0618934482336044,0.5110437870025635,0.00176734814886,0.1389631479978561,0.0173590406775474,0.007928617298603,Western
0.1924978941679,0.0120129603892564,0.0141063341870903,0.0984746068716049,0.4974660575389862,0.0760057717561721,0.109436385333538,Western
0.0051512303762137,0.0016102209920063,0.9638632535934448,0.0027196591254323,0.0171393323689699,0.0057835625484585,0.0037328191101551,Western
0.0614039152860641,0.0314067415893077,0.5612318515777588,0.0028453266713768,0.2201249003410339,0.0162870958447456,0.1067001670598983,Western
0.2646000981330871,0.1817695200443267,0.099549613893032,0.005148930940777,0.4229854941368103,0.0191791616380214,0.0067671807482838,Western
0.0154921850189566,0.0370719321072101,0.7761936187744141,0.0025007457006722,0.0668335333466529,0.0898559018969535,0.0120520312339067,Western
0.6200220584869385,0.103680245578289,0.0743396282196044,0.0025016891304403,0.1621666550636291,0.0177025124430656,0.0195872168987989,Western
0.3329494893550873,0.2549844086170196,0.0062469555996358,0.0124364672228693,0.3499632477760315,0.0412814170122146,0.0021380726248025,Western
0.1061203330755233,0.7695961594581604,0.0047134235501289,0.002358129248023,0.097568579018116,0.0150922294706106,0.0045511173084378,Western
0.0075166546739637,0.6860964298248291,0.0624775812029838,0.0016569193685427,0.1766176074743271,0.0539613477885723,0.0116734933108091,Western
0.004797073546797,0.0137471435591578,0.0072016390040516,0.00447155861184,0.862490713596344,0.0045696338638663,0.1027223169803619,Western
0.0138911800459027,0.0267816595733165,0.0396073833107948,0.0208511538803577,0.8845119476318359,0.0051785223186016,0.0091782445088028,Western
0.2878860235214233,0.0424533896148204,0.4846284985542297,0.003036058275029,0.1617365777492523,0.0133382622152566,0.0069212284870445,Western
0.0288883540779352,0.0393053591251373,0.0037407174240797,0.0022237913217395,0.0158888027071952,0.0077234939672052,0.9022294282913208,Western
