anger,disgust,fear,joy,neutral,sadness,surprise,genre
0.0098329586908221,0.0228885915130376,0.6504695415496826,0.0188033822923898,0.2202529460191726,0.0207321345806121,0.0570204406976699,Thriller
0.2736391127109527,0.6184866428375244,0.0880492553114891,0.0007854495197534,0.0062818536534905,0.0106495702639222,0.0021081513259559,Thriller
0.0145297804847359,0.3340028822422027,0.0097198905423283,0.5296878218650818,0.0515102371573448,0.0583877339959144,0.0021616455633193,Thriller
0.2322151511907577,0.1655059605836868,0.0483809746801853,0.0034890826791524,0.0133515065535902,0.5342761278152466,0.0027811506297439,Thriller
0.0107239466160535,0.0105445394292473,0.0095647927373647,0.0361151657998561,0.9089382290840148,0.0049965097568929,0.0191169194877147,Thriller
0.1958017200231552,0.2036840915679931,0.0249742604792118,0.0033644444774836,0.4628909528255462,0.0832074657082557,0.0260770302265882,Thriller
0.6169994473457336,0.171529084444046,0.0529927462339401,0.0061896438710391,0.1089848726987838,0.0305296834558248,0.0127745550125837,Thriller
0.010726616717875,0.0473937913775444,0.0084398416802287,0.1354174315929412,0.7578961849212646,0.0093188099563121,0.0308073069900274,Thriller
0.1072108373045921,0.7949079275131226,0.0559644289314746,0.0009515666752122,0.0135150710120797,0.024651488289237,0.0027986653149127,Thriller
0.9011367559432985,0.0069688959047198,0.0094720730558037,0.0039876652881503,0.0138203930109739,0.0604206621646881,0.0041935113258659,Thriller
0.6219468116760254,0.2059389501810073,0.0214249789714813,0.0055314605124294,0.0581710152328014,0.0817233100533485,0.0052635339088737,Thriller
0.2343390882015228,0.1919005364179611,0.0967254489660263,0.0067645264789462,0.4280508160591125,0.0378633327782154,0.0043562958016991,Thriller
0.0222798604518175,0.0102224601432681,0.0197435356676578,0.0378729179501533,0.7982414960861206,0.0194451045244932,0.0921945869922638,Thriller
0.0563359968364238,0.128353551030159,0.0021672341972589,0.396131306886673,0.3907247185707092,0.0149613171815872,0.0113258538767695,Thriller
0.0095376288518309,0.1045427918434143,0.0025587056297808,0.0362152531743049,0.8234298229217529,0.0115406364202499,0.0121752023696899,Thriller
0.4281994998455047,0.1898394078016281,0.1335641294717788,0.0031849953811615,0.0951705798506736,0.1434806585311889,0.0065606394782662,Thriller
0.0120704276487231,0.0062932972796261,0.0044820802286267,0.0079420180991292,0.9435829520225524,0.0181211773306131,0.0075080799870193,Thriller
0.0103267664089798,0.0060215736739337,0.0007866093073971,0.8652265667915344,0.0737658590078353,0.006376733072102,0.0374959073960781,Thriller
0.0321420393884182,0.0853337347507476,0.0095216874033212,0.0293620564043521,0.5332911610603333,0.2913507521152496,0.0189986042678356,Thriller
0.12114018201828,0.0322141759097576,0.0199437253177166,0.0188253335654735,0.7288305163383484,0.0195726994425058,0.059473343193531,Thriller
0.9758352637290956,0.0052440208382904,0.0026400510687381,0.0005508849280886,0.0101604396477341,0.0031918841414153,0.0023772402200847,Thriller
0.2643961012363434,0.2172638326883316,0.0725917965173721,0.0024034394882619,0.1088731661438942,0.3256445527076721,0.0088271293789148,Thriller
0.4349434077739715,0.2295778542757034,0.0222088117152452,0.0175095349550247,0.2590089738368988,0.0144839268177747,0.0222675539553165,Thriller
0.0164503064006567,0.0103682829067111,0.0174912195652723,0.0164806991815567,0.9010853171348572,0.0180454570800066,0.0200787726789712,Thriller
0.1472302228212356,0.0636298805475235,0.0140665909275412,0.0028165588155388,0.6390821933746338,0.1172952875494957,0.0158792417496442,Thriller
0.9695093631744384,0.0141911031678318,0.0037874348927289,0.0004631784977391,0.0067016435787081,0.0027642948552966,0.0025830229278653,Thriller
0.5324182510375977,0.0715630203485488,0.1182010397315025,0.0107742482796311,0.1918265521526336,0.0710920765995979,0.0041246870532631,Thriller
0.6962339282035828,0.2126963585615158,0.0100563149899244,0.0016546912956982,0.0484569035470485,0.0294512100517749,0.0014505933504551,Thriller
0.4520489871501922,0.0419698916375637,0.1412642747163772,0.0015641073696315,0.0191866122186183,0.33339324593544,0.0105729028582572,Thriller
0.186311662197113,0.7838464379310608,0.006331720855087,0.0010497145121917,0.0154421841725707,0.0053984061814844,0.0016197920776903,Thriller
0.1565775722265243,0.311408519744873,0.0450818687677383,0.0016392760444432,0.0271191298961639,0.4491623044013977,0.0090114027261734,Thriller
0.0103499982506036,0.0026478085201233,0.0040790340863168,0.2438662201166153,0.6203317046165466,0.0155138308182358,0.1032114177942276,Thriller
0.0933975130319595,0.746902585029602,0.008396808989346,0.0021145180799067,0.1160566806793212,0.0103408247232437,0.0227910075336694,Thriller
0.0064866160973906,0.0145119717344641,0.0022328819613903,0.0169825982302427,0.9372166991233826,0.0069385198876261,0.0156306643038988,Thriller
0.1988040208816528,0.0164393857121467,0.7034682035446167,0.001552221016027,0.0491991303861141,0.0144420294091105,0.01609499566257,Thriller
0.7848911881446838,0.0399676486849784,0.1394425183534622,0.0013623528648167,0.0125589352101087,0.0122513715177774,0.0095260022208094,Thriller
0.0605620928108692,0.0761099085211753,0.0079191653057932,0.2267397791147232,0.5993195176124573,0.0113612385466694,0.0179882794618606,Thriller
