anger,disgust,fear,joy,neutral,sadness,surprise,genre
0.017046682536602,0.016868595033884,0.0089749367907643,0.0372977778315544,0.6890217661857605,0.2058598101139068,0.0249303486198186,Comedy
0.0761218219995498,0.7401585578918457,0.0123561024665832,0.0012870382051914,0.0681593269109726,0.0963575392961502,0.0055595044977962,Comedy
0.393072098493576,0.469268798828125,0.0115338861942291,0.0063696871511638,0.094897024333477,0.0212250370532274,0.0036334490869194,Comedy
0.0376070365309715,0.9094024896621704,0.0041519063524901,0.001223578932695,0.0337317138910293,0.0120375771075487,0.0018456840189173,Comedy
0.0069234916009008,0.0027959246654063,0.0028197080828249,0.0159708131104707,0.9434357285499572,0.0051200021989643,0.022934291511774,Comedy
0.0063213310204446,0.0037883885670453,0.002619489096105,0.0273693222552537,0.9087455868721008,0.0032487642019987,0.0479070991277694,Comedy
0.3297312259674072,0.4361617267131805,0.0180974919348955,0.0024649908300489,0.1860129833221435,0.0216681864112615,0.0058633568696677,Comedy
0.0739652514457702,0.1495573967695236,0.4627488255500793,0.0014154111267998,0.0279840789735317,0.2745835483074188,0.0097454655915498,Comedy
0.0215871185064315,0.1594474166631698,0.0041457456536591,0.0869322121143341,0.7057338356971741,0.0039660856127738,0.0181875806301832,Comedy
0.4414985775947571,0.4267348647117615,0.0407333336770534,0.0027281849179416,0.0634605586528778,0.0217447690665721,0.003099770983681,Comedy
0.1141592487692833,0.2286561280488968,0.1927308440208435,0.0038119240198284,0.320749431848526,0.1237351298332214,0.0161572750657796,Comedy
0.0555700734257698,0.023189814761281,0.0115249883383512,0.0009179814369417,0.025879681110382,0.8807787299156189,0.0021386691369116,Comedy
0.2131695747375488,0.6972717642784119,0.006712922360748,0.003092425642535,0.0435696542263031,0.0318138748407363,0.0043697878718376,Comedy
0.890022337436676,0.0687073469161987,0.0028692882042378,0.0014003543183207,0.0275341998785734,0.0066377390176057,0.0028286697342991,Comedy
0.3317192196846008,0.3062396347522735,0.0095160473138093,0.002891540993005,0.156132623553276,0.1907786130905151,0.0027223785873502,Comedy
0.0104247657582163,0.0271383952349424,0.0009478062856942,0.1407645940780639,0.702727198600769,0.109915018081665,0.0080821486189961,Comedy
0.0393516719341278,0.0158618222922086,0.003578363917768,0.0353591181337833,0.8948552012443542,0.0044054696336388,0.0065884073264896,Comedy
0.0154502009972929,0.4838979542255401,0.0274414122104644,0.0028803288005292,0.4056386053562164,0.0581277348101139,0.0065637081861495,Comedy
0.0959159433841705,0.0523240230977535,0.0048085441812872,0.009627784602344,0.8039782643318176,0.0290645938366651,0.0042808437719941,Comedy
0.0213696341961622,0.0109821474179625,0.022895922884345,0.0734672844409942,0.7744737863540649,0.015828363597393,0.0809828639030456,Comedy
0.1380971670150756,0.0773378014564514,0.0191733557730913,0.0054797041229903,0.4086783528327942,0.3379685282707214,0.0132650574669241,Comedy
