anger,disgust,fear,joy,neutral,sadness,surprise,genre
0.0020616957917809,0.0034279986284673,0.0031231069006025,0.0183467026799917,0.0824085623025894,0.8597350716590881,0.0308968927711248,Action_Adventure
0.0182444155216217,0.092595525085926,0.0076422826386988,0.0258292686194181,0.8150649070739746,0.0275091771036386,0.0131144355982542,Action_Adventure
0.0609365180134773,0.3592165410518646,0.0215432438999414,0.0049000526778399,0.0879152566194534,0.4627578258514404,0.0027305469848215,Action_Adventure
0.0695585831999778,0.0271304175257682,0.0982661917805671,0.004178094677627,0.130515456199646,0.5908888578414917,0.0794624239206314,Action_Adventure
0.0102790184319019,0.0138213690370321,0.0160908550024032,0.0975819528102874,0.7961491346359253,0.0610061474144458,0.0050715673714876,Action_Adventure
0.0745822191238403,0.439241498708725,0.0368646495044231,0.0019207319710403,0.0927298367023468,0.3058808743953705,0.0487800985574722,Action_Adventure
0.0315019376575946,0.0303510408848524,0.0263502597808837,0.0056469603441655,0.8771205544471741,0.0088022006675601,0.0202269479632377,Action_Adventure
0.1710740625858307,0.0237320642918348,0.0543953627347946,0.0095098754391074,0.2531818747520447,0.4659217894077301,0.0221850536763668,Action_Adventure
0.0664611980319023,0.0265698544681072,0.7878146767616272,0.0017709245439618,0.0348679162561893,0.0383243188261985,0.0441910661756992,Action_Adventure
0.1030204743146896,0.3720391690731048,0.0283015854656696,0.002227789722383,0.4537475407123565,0.0186421647667884,0.022021360695362,Action_Adventure
0.0926345214247703,0.1285299360752105,0.004453579429537,0.1190214678645134,0.6254303455352783,0.0190455503761768,0.0108846602961421,Action_Adventure
0.0145047577098011,0.0846860855817794,0.0081528052687644,0.0033422287087887,0.8193985223770142,0.0368594974279403,0.0330560393631458,Action_Adventure
0.6772836446762085,0.2421609014272689,0.0097128916531801,0.0021755793131887,0.040990974754095,0.0198236834257841,0.0078523652628064,Action_Adventure
0.0800826475024223,0.0122058596462011,0.8855064511299133,0.0009638663614168,0.0067662722431123,0.0072672893293201,0.007207712624222,Action_Adventure
0.0478606894612312,0.0544001646339893,0.7265294194221497,0.0029945338610559,0.0589395500719547,0.0142665989696979,0.0950091257691383,Action_Adventure
0.2609188556671142,0.2939814627170563,0.0159135926514863,0.0035971836186945,0.340047150850296,0.0814100503921508,0.0041316905990242,Action_Adventure
0.5555142760276794,0.181916207075119,0.0246073417365551,0.0023569869808852,0.0745183154940605,0.1549541056156158,0.0061327195726335,Action_Adventure
0.0281434636563062,0.0130629912018775,0.043155413120985,0.0114566348493099,0.3255906999111175,0.5563734173774719,0.0222173817455768,Action_Adventure
0.3884476721286773,0.117856353521347,0.224153459072113,0.0039481772109866,0.2196127921342849,0.0436673052608966,0.0023143498692661,Action_Adventure
0.0057882266119122,0.0058580823242664,0.00132692232728,0.0040148827247321,0.8975269198417664,0.0081945173442363,0.0772904232144355,Action_Adventure
0.0267656408250331,0.0179049465805292,0.0071647819131612,0.0074927224777638,0.9021101593971252,0.0217898916453123,0.0167719721794128,Action_Adventure
0.064785361289978,0.0119171496480703,0.0082032643258571,0.0069694900885224,0.8671329617500305,0.0333028472959995,0.0076890015043318,Action_Adventure
0.0860833525657653,0.0827889963984489,0.0252411514520645,0.0010682741412892,0.0415827371180057,0.7515069842338562,0.0117284627631306,Action_Adventure
0.0106573179364204,0.0438255630433559,0.0104930326342582,0.0261731706559658,0.8557811975479126,0.0082980478182435,0.0447716675698757,Action_Adventure
0.2836361229419708,0.162259429693222,0.1804044693708419,0.0039460305124521,0.0755271390080452,0.0114830350503325,0.2827438116073608,Action_Adventure
0.4828863441944122,0.034613762050867,0.0542588271200656,0.0051529193297028,0.0368050150573253,0.3377912640571594,0.0484917685389518,Action_Adventure
0.5936965942382812,0.284279465675354,0.0566181913018226,0.0022838553413748,0.0326901413500309,0.0282742902636528,0.0021574588026851,Action_Adventure
0.667664647102356,0.0170252546668052,0.0589081496000289,0.0010040128836408,0.0114630227908492,0.2249203324317932,0.0190144795924425,Action_Adventure
0.2371768057346344,0.009542467072606,0.6134737133979797,0.0031326687894761,0.0588903725147247,0.0482796244323253,0.0295043569058179,Action_Adventure
0.0114340018481016,0.2991175949573517,0.0173057951033115,0.0116497427225112,0.6277481317520142,0.0181518271565437,0.0145929222926497,Action_Adventure
0.0065490761771798,0.0052225640974938,0.0021919382270425,0.0172123573720455,0.4343772232532501,0.0314792320132255,0.5029675960540771,Action_Adventure
0.0086512276902794,0.0198605135083198,0.02908606082201,0.091511458158493,0.6891045570373535,0.1504108160734176,0.0113754142075777,Action_Adventure
0.1702708154916763,0.14948570728302,0.0156748853623867,0.0031540528871119,0.6382442712783813,0.0105352904647588,0.0126349134370684,Action_Adventure
0.3444076478481293,0.1671459674835205,0.0841980054974556,0.0039859237149357,0.2793333828449249,0.079994760453701,0.0409343615174293,Action_Adventure
0.197503387928009,0.2489315271377563,0.019516060128808,0.0207777954638004,0.4886594116687774,0.0216292738914489,0.0029825349338352,Action_Adventure
0.526538610458374,0.2869313955307007,0.0117536056786775,0.0021120021119713,0.1475009471178054,0.0216997750103473,0.0034636121708899,Action_Adventure
0.7035870552062988,0.0682749599218368,0.0752768963575363,0.0021929484792053,0.112086147069931,0.0358837991952896,0.0026981250848621,Action_Adventure
0.0480081290006637,0.0189373921602964,0.0086943106725811,0.0243592448532581,0.8637286424636841,0.0223657805472612,0.0139064844697713,Action_Adventure
0.1761227697134018,0.7096884846687317,0.0612267479300498,0.001015213667415,0.0363946892321109,0.0113873155787587,0.0041647027246654,Action_Adventure
0.213804692029953,0.0777096673846244,0.026132071390748,0.0051561128348112,0.6584644913673401,0.0148742934688925,0.0038586338050663,Action_Adventure
0.0133036989718675,0.0098625943064689,0.0061139240860939,0.0050200023688375,0.9428385496139526,0.0034983707591891,0.0193628761917352,Action_Adventure
0.0445199608802795,0.078098364174366,0.7466461062431335,0.0026249915827065,0.0882900431752204,0.0191690493375062,0.0206515043973922,Action_Adventure
0.2575959861278534,0.0674937963485717,0.184967502951622,0.0023253753315657,0.0709884837269783,0.3959994316101074,0.0206293370574712,Action_Adventure
0.9420336484909058,0.0106872282922267,0.0023135261144489,0.0008314324659295,0.0277950223535299,0.0137277981266379,0.0026114259380847,Action_Adventure
0.1503151804208755,0.7178601026535034,0.0274922400712966,0.0010870983824133,0.0429415442049503,0.0575993321835994,0.0027044939342886,Action_Adventure
0.0922588258981704,0.0485787130892276,0.148573949933052,0.0070159672759473,0.5578030347824097,0.0244174432009458,0.1213520541787147,Action_Adventure
0.0014174565440043,0.0019922910723835,0.000782370683737,0.967237949371338,0.016393119469285,0.0065438565798103,0.0056330496445298,Action_Adventure
