anger,disgust,fear,joy,neutral,sadness,surprise,genre
0.0398258343338966,0.1707453727722168,0.7303547263145447,0.0023020794615149,0.0122121637687087,0.0322330147027969,0.0123267918825149,Thriller
0.0170494429767131,0.005509054288268,0.0181309580802917,0.0085961045697331,0.8656328320503235,0.0552859604358673,0.029795641079545,Thriller
0.0036851710174232,0.0012326107826083,0.9857600331306458,0.0007622580160386,0.0044033364392817,0.002530253259465,0.0016263356665149,Thriller
0.13400898873806,0.0336011238396167,0.8092922568321228,0.0024023202713578,0.0044641690328717,0.0136168682947754,0.0026141789276152,Thriller
0.0288714580237865,0.0878882184624672,0.0065951440483331,0.0116319088265299,0.8547474145889282,0.0035513760522007,0.0067145349457859,Thriller
0.0122097674757242,0.1088368594646453,0.025080356746912,0.018667671829462,0.656413733959198,0.0147564960643649,0.1640351563692093,Thriller
0.006256494205445,0.0039241439662873,0.0009547708905301,0.0246834252029657,0.9487974643707277,0.0044331536628305,0.0109505271539092,Thriller
0.0845761969685554,0.0373311378061771,0.0176162347197532,0.0018977934960275,0.1049141436815261,0.7282531261444092,0.0254113096743822,Thriller
0.1304444968700409,0.0130633786320686,0.0531806088984012,0.001588957500644,0.0520766824483871,0.7253672480583191,0.0242786388844251,Thriller
0.0262756682932376,0.1174958869814872,0.0156254880130291,0.0169632267206907,0.7836378216743469,0.0223895274102687,0.0176123809069395,Thriller
0.004118182696402,0.0077370721846818,0.0039420230314135,0.7669281363487244,0.1324397772550583,0.0583672448992729,0.0264675114303827,Thriller
0.0068195788189768,0.0057233804836869,0.0024993629194796,0.0087367566302418,0.9633037447929382,0.0067693293094635,0.0061479345895349,Thriller
0.7938716411590576,0.0639716535806655,0.0300492588430643,0.0016194608760997,0.0666942968964576,0.0043356646783649,0.0394579619169235,Thriller
0.6908479928970337,0.1417748183012008,0.1103701815009117,0.0008199716685339,0.0166255086660385,0.0358024351298809,0.0037590852007269,Thriller
0.3533197045326233,0.4025355875492096,0.0173899549990892,0.0024537330027669,0.1847774982452392,0.034624844789505,0.0048986612819135,Thriller
