anger,disgust,fear,joy,neutral,sadness,surprise,genre
0.1238758713006973,0.0587897077202796,0.0174465477466583,0.0347869843244552,0.6415860652923584,0.0267643146216869,0.0967505648732185,Adventure
0.5137112140655518,0.4299052059650421,0.0206911638379097,0.0012877942062914,0.0175782553851604,0.0147002963349223,0.0021260615903884,Adventure
0.1128514409065246,0.600837767124176,0.008704318664968,0.0012303519761189,0.2491873800754547,0.0185057818889617,0.0086828451603651,Adventure
0.0034824737813323,0.0224952921271324,0.0031016003340482,0.0027421896811574,0.9282515048980712,0.0092426091432571,0.0306843817234039,Adventure
0.2372760027647018,0.1603823006153106,0.0058797374367713,0.0036811938043683,0.4922151863574981,0.087654024362564,0.0129115795716643,Adventure
0.8812111020088196,0.0578145273029804,0.0045461463741958,0.0019583972170948,0.0398413240909576,0.0127172237262129,0.0019112172303721,Adventure
0.0077318060211837,0.019487677142024,0.007153513841331,0.0051866974681615,0.7551568150520325,0.0702243596315383,0.1350591033697128,Adventure
0.0574269741773605,0.1202508807182312,0.0087008327245712,0.1190271005034446,0.6401236057281494,0.0506263449788093,0.003844165476039,Adventure
0.030401412397623,0.8287227153778076,0.0132707953453063,0.0017787897959351,0.1082227155566215,0.0141153959557414,0.0034882461186498,Adventure
0.1014623939990997,0.3379245400428772,0.5240647792816162,0.0019632545299828,0.015034107491374,0.0143539141863584,0.0051970952190458,Adventure
0.0113760102540254,0.0665478184819221,0.0050839339382946,0.0063424482941627,0.8797433376312256,0.0154933938756585,0.0154130961745977,Adventure
0.5245590806007385,0.2782690823078155,0.0774341076612472,0.0032007326371967,0.1016894429922103,0.0087842047214508,0.0060634007677435,Adventure
0.2844555079936981,0.0395303294062614,0.1109235882759094,0.0044453176669776,0.3114159107208252,0.1766212284564972,0.0726080685853958,Adventure
0.0629960149526596,0.103175051510334,0.0266994815319776,0.001677397522144,0.0841774195432663,0.6975595951080322,0.0237150285392999,Adventure
0.0204094368964433,0.0113147888332605,0.1134351938962936,0.0171299893409013,0.7370521426200867,0.0148833049461245,0.0857751592993736,Adventure
0.0417551584541797,0.4865523874759674,0.1167008951306343,0.0050525940023362,0.2804439961910248,0.0371704585850238,0.0323245115578174,Adventure
0.0081145176663994,0.3191021680831909,0.0141185177490115,0.0073335887864232,0.5928965210914612,0.0061897025443613,0.0522449947893619,Adventure
0.207933247089386,0.6466791033744812,0.1132743954658508,0.000794340565335,0.0176798868924379,0.0109449038282036,0.0026941350661218,Adventure
0.3731933832168579,0.055226482450962,0.0714405104517936,0.0057206363417208,0.2158614695072174,0.2566342055797577,0.0219232719391584,Adventure
0.0248457882553339,0.1175534799695015,0.0190251972526311,0.0062871240079402,0.6182188391685486,0.020706670358777,0.1933628618717193,Adventure
0.6759904623031616,0.2202798575162887,0.0308087579905986,0.0023531205952167,0.0468680933117866,0.0131220873445272,0.0105775520205497,Adventure
0.1671719998121261,0.2894754707813263,0.3947432041168213,0.0026080072857439,0.0565940141677856,0.0067951777018606,0.0826121196150779,Adventure
0.1794949918985366,0.0101825771853327,0.0572797767817974,0.0106911286711692,0.6178579330444336,0.0310703292489051,0.093423344194889,Adventure
0.0349091738462448,0.0224132537841796,0.0053504770621657,0.0010486770188435,0.0106583992019295,0.9177905321121216,0.0078295487910509,Adventure
0.9411969780921936,0.0355815105140209,0.0042771478183567,0.0009634679299779,0.0127270175144076,0.0021041820291429,0.0031497266609221,Adventure
0.7367038726806641,0.0523948930203914,0.0996098890900611,0.0011739458423107,0.0809113532304763,0.0200569070875644,0.0091491360217332,Adventure
0.0053643635474145,0.1458207368850708,0.0100088557228446,0.0252874158322811,0.7778849601745605,0.0076989610679447,0.0279347170144319,Adventure
0.0339751206338405,0.0310396440327167,0.0327494442462921,0.0277874264866113,0.8030707240104675,0.0686215087771415,0.0027561481110751,Adventure
0.8612082004547119,0.073685348033905,0.031070414930582,0.0009512258693575,0.0225383453071117,0.0077446005307137,0.0028018914163112,Adventure
0.0147474855184555,0.0792292281985282,0.004833607468754,0.0040649464353919,0.8540160655975342,0.0102109163999557,0.0328977182507514,Adventure
0.3960689306259155,0.5057804584503174,0.0070973364636301,0.0032762663904577,0.0578755438327789,0.0227777864784002,0.0071236742660403,Adventure
0.1149378791451454,0.0856903865933418,0.1142266318202018,0.0021198908798396,0.0945249795913696,0.577460527420044,0.0110397562384605,Adventure
0.0134760914370417,0.0469256937503814,0.0098433764651417,0.0923414751887321,0.8126019239425659,0.0222574137151241,0.0025539309717714,Adventure
