anger,disgust,fear,joy,neutral,sadness,surprise,genre
0.0111612835898995,0.0086575858294963,0.0029398703482002,0.0197483710944652,0.9088929891586304,0.022200783714652,0.0263991430401802,Drama
0.006706022657454,0.0028075024019926,0.0392049364745616,0.3029243648052215,0.0904499441385269,0.0200709179043769,0.5378363132476807,Drama
0.0129284933209419,0.006223595701158,0.0034701854456216,0.0488533191382885,0.8854409456253052,0.0139731680974364,0.0291102733463048,Drama
0.0182264968752861,0.00548364687711,0.0051225549541413,0.4843432009220123,0.4379788637161255,0.0184533838182687,0.0303919129073619,Drama
0.0115029644221067,0.0282704848796129,0.01663239300251,0.0717926770448684,0.7324162721633911,0.061638131737709,0.0777471512556076,Drama
0.0638710185885429,0.1756952404975891,0.0084934700280427,0.0119831888005137,0.1355842798948288,0.5662753582000732,0.038097396492958,Drama
0.0714605599641799,0.8467123508453369,0.0049925739876925,0.0081914085894823,0.040576834231615,0.0256607998162508,0.0024054977111518,Drama
0.0116836791858077,0.0156827103346586,0.0063254171982407,0.0026331194676458,0.0607415251433849,0.892316997051239,0.0106164580211043,Drama
0.1842765510082245,0.0836637318134307,0.0983465835452079,0.0072363754734396,0.4654887914657593,0.1477061510086059,0.0132817300036549,Drama
0.0088148666545748,0.0217983648180961,0.0127488495782017,0.003034523455426,0.0423142798244953,0.9090224504470824,0.0022666328586637,Drama
0.0031126027461141,0.007915492169559,0.0008686555083841,0.9173059463500975,0.0521665327250957,0.005735594779253,0.012895181775093,Drama
0.0277039855718612,0.0135915875434875,0.1424162983894348,0.4170225858688354,0.2099506855010986,0.0107878353446722,0.1785270124673843,Drama
0.0393225140869617,0.8779997229576111,0.0088753290474414,0.0020203276071697,0.0610868744552135,0.0083459699526429,0.0023492579348385,Drama
0.0244985148310661,0.0415796600282192,0.0011066007427871,0.0087080150842666,0.9035211205482484,0.0115532847121357,0.0090328240767121,Drama
0.0051080612465739,0.0208906177431345,0.0064463750459253,0.0022954307496547,0.0421681031584739,0.9188257455825806,0.004265668336302,Drama
0.0032323177438229,0.0024384087882936,0.0019995139446109,0.0729719996452331,0.7706656455993652,0.0481852181255817,0.1005067601799964,Drama
0.0070524965412914,0.0737205222249031,0.0125449365004897,0.0022998719941824,0.2748564183712005,0.6233346462249756,0.0061910641379654,Drama
0.0026923930272459,0.0082684326916933,0.0022708652541041,0.0027026070747524,0.0123320883139967,0.9682471752166748,0.0034863327164202,Drama
0.0163541622459888,0.242093950510025,0.0749860703945159,0.0014392697485163,0.0433026179671287,0.5888986587524414,0.0329252555966377,Drama
0.8702388405799866,0.0192550867795944,0.0362224131822586,0.0008148581837303,0.0303198061883449,0.0261175483465194,0.0170313902199268,Drama
0.0068343728780746,0.0038980916142463,0.0027602398768067,0.0337445028126239,0.7185407876968384,0.1617387533187866,0.0724832639098167,Drama
0.1002623066306114,0.0558337196707725,0.0023308093659579,0.3123043179512024,0.3500436246395111,0.17031329870224,0.0089119533076882,Drama
0.0062029189430177,0.0056747924536466,0.002875339007005,0.1896928995847702,0.7226158380508423,0.0430879071354866,0.0298503637313842,Drama
0.0089625557884573,0.0088055422529578,0.002064541215077,0.0101842647418379,0.9226602911949158,0.0068072904832661,0.0405154637992382,Drama
0.9583589434623718,0.0095078209415078,0.0040902672335505,0.0005634354893118,0.016760341823101,0.0071989628486335,0.0035201776772737,Drama
0.0995610207319259,0.0762540847063064,0.0045391926541924,0.0346084646880626,0.5521190166473389,0.2283907085657119,0.0045275520533323,Drama
0.0150288296863436,0.0058987056836485,0.0067815966904163,0.288704514503479,0.6532586216926575,0.0112402951344847,0.0190874002873897,Drama
0.0016543895471841,0.0120292101055383,0.0016095925820991,0.0374016277492046,0.0903986990451812,0.8474005460739136,0.0095059424638748,Drama
0.0091206654906272,0.0229553095996379,0.0077067585662007,0.4262741506099701,0.4656450748443603,0.0480949133634567,0.0202029962092638,Drama
0.0124001307412981,0.0270582623779773,0.0043023885227739,0.0421947985887527,0.4285496175289154,0.049749057739973,0.4357457160949707,Drama
