anger,disgust,fear,joy,neutral,sadness,surprise,genre
0.01003232691437,0.0690906047821044,0.0014831661246716,0.4323399364948272,0.468064934015274,0.008207312785089,0.0107816765084862,Crime_Fiction
0.0372495949268341,0.1900807619094848,0.6819473505020142,0.0019741957075893,0.0279222857207059,0.0153728602454066,0.0454529002308845,Crime_Fiction
0.0121980682015419,0.00396383786574,0.0832936838269233,0.0025654453784227,0.0175477098673582,0.0033680973574519,0.8770632147789001,Crime_Fiction
0.1256287992000579,0.1913414299488067,0.5481075644493103,0.0011047474108636,0.027970990166068,0.0869729369878768,0.0188735332340002,Crime_Fiction
0.0038299446459859,0.0011222956236451,0.9762020707130432,0.0012163794599473,0.0095948223024606,0.0062381811439991,0.0017964916769415,Crime_Fiction
0.135265976190567,0.0369535833597183,0.7696982026100159,0.0020690711680799,0.0362739637494087,0.0109464097768068,0.0087928185239434,Crime_Fiction
0.0949746146798133,0.7394994497299194,0.0365892648696899,0.001127457129769,0.1062656939029693,0.014087975025177,0.0074555347673594,Crime_Fiction
0.0903739482164383,0.0171793326735496,0.1399537473917007,0.0035269204527139,0.0216993130743503,0.0265494342893362,0.7007172703742981,Crime_Fiction
0.3813043236732483,0.5284301042556763,0.019475694745779,0.0008515632944181,0.0486651510000228,0.0193619057536125,0.0019112204900011,Crime_Fiction
0.0585174448788166,0.4733389317989349,0.0391213409602642,0.0080053247511386,0.114841528236866,0.3035621345043182,0.0026133600622415,Crime_Fiction
0.883669912815094,0.0852658972144126,0.0019817310385406,0.0006537872250191,0.0194386057555675,0.0072937398217618,0.0016964398091658,Crime_Fiction
0.0842004418373107,0.2125845253467559,0.0392328538000583,0.0019557825289666,0.6091286540031433,0.0488172844052314,0.0040804594755172,Crime_Fiction
0.0125786168500781,0.002625310095027,0.9790922403335572,0.0005964941810816,0.0021816249936819,0.0018369888421148,0.001088662771508,Crime_Fiction
0.8350041508674622,0.081253208220005,0.011930912733078,0.001181568717584,0.0470108911395072,0.021782761439681,0.0018365236464887,Crime_Fiction
0.3244273662567138,0.291915088891983,0.160601407289505,0.0012866709148511,0.07349494099617,0.14339180290699,0.0048825829289853,Crime_Fiction
0.0747936069965362,0.0620519071817398,0.0157937351614236,0.3395305275917053,0.1586407572031021,0.3433893918991089,0.0058000893332064,Crime_Fiction
0.0167125780135393,0.3288162052631378,0.014935758896172,0.0288197603076696,0.5769377946853638,0.0075210998766124,0.0262568183243274,Crime_Fiction
0.370108962059021,0.1820943802595138,0.0033021366689354,0.0055592260323464,0.4061864018440246,0.0297311935573816,0.0030177338048815,Crime_Fiction
