anger,disgust,fear,joy,neutral,sadness,surprise,genre
0.0055217519402503,0.0065508242696523,0.0007095827022567,0.850607693195343,0.1172272339463234,0.0089824981987476,0.0104004656895995,Short_Film
0.0209014806896448,0.0664001405239105,0.0018216826720163,0.1044224798679351,0.7948452234268188,0.0071494802832603,0.0044595571234822,Short_Film
0.1517628282308578,0.2696629166603088,0.4172955453395843,0.0048784832470119,0.1177967116236686,0.0192224401980638,0.0193811878561973,Short_Film
0.0125948283821344,0.0146037312224507,0.0093833627179265,0.0073376935906708,0.9318529963493348,0.0060742190107703,0.0181530304253101,Short_Film
0.0225775074213743,0.0280404221266508,0.0049650520086288,0.0048024822026491,0.9222128987312316,0.0094263311475515,0.0079751862213015,Short_Film
0.0217460058629512,0.0256312191486358,0.0392486229538917,0.4322737455368042,0.4367322921752929,0.0070863664150238,0.037281796336174,Short_Film
0.0267266128212213,0.0061916997656226,0.7663381099700928,0.0037951676640659,0.0464369133114814,0.0078839864581823,0.1426274478435516,Short_Film
0.0136159798130393,0.0072433184832334,0.0025153839960694,0.0434814468026161,0.9076821804046632,0.0062326667830348,0.0192290171980857,Short_Film
0.0110832750797271,0.0084461206570267,0.01690006069839,0.00277950335294,0.0740073695778846,0.0079574966803193,0.8788261413574219,Short_Film
0.0219782385975122,0.1043285951018333,0.2709727585315704,0.0078552765771746,0.4051878750324249,0.0170976463705301,0.1725796014070511,Short_Film
0.0649350807070732,0.4146492779254913,0.2707602679729461,0.0048737819306552,0.1408141106367111,0.0491474121809005,0.0548200272023677,Short_Film
0.0040622022934257,0.0034055276773869,0.0018775844946503,0.6415906548500061,0.2312473803758621,0.0863724797964096,0.0314441621303558,Short_Film
