anger,disgust,fear,joy,neutral,sadness,surprise,genre
0.0042191818356513,0.0043810731731355,0.0039099822752177,0.1964558362960815,0.7330580949783325,0.0098315402865409,0.0481443107128143,Family_Oriented_Adventure
0.005047199781984,0.0075761270709335,0.0056864721700549,0.0473928712308406,0.8930524587631226,0.0052821836434304,0.0359627120196819,Family_Oriented_Adventure
0.0011165050091221,0.0028192417230457,0.0025893514975905,0.0013547544367611,0.0163020398467779,0.9734365344047546,0.0023814942687749,Family_Oriented_Adventure
0.0098548997193574,0.0286468584090471,0.004404661245644,0.0229629389941692,0.9224491715431212,0.0076360036619007,0.0040453686378896,Family_Oriented_Adventure
0.006629392504692,0.0638079866766929,0.0012351506156846,0.4319661855697632,0.3059554398059845,0.1696793138980865,0.0207265317440032,Family_Oriented_Adventure
0.0031073996797204,0.0097580756992101,0.0033499782439321,0.0306109841912984,0.0783693715929985,0.8713164925575256,0.0034876626450568,Family_Oriented_Adventure
0.2545993030071258,0.0321567729115486,0.4350331723690033,0.0033787873107939,0.0557479448616504,0.2014566957950592,0.0176273360848426,Family_Oriented_Adventure
0.0086334543302655,0.0053336191922426,0.0122924391180276,0.0104389004409313,0.9385827779769896,0.0133555242791771,0.0113633517175912,Family_Oriented_Adventure
0.0087807504460215,0.0076282043009996,0.0219311341643333,0.0109555190429091,0.924187421798706,0.0151088433340191,0.0114081967622041,Family_Oriented_Adventure
0.2003907263278961,0.1645596027374267,0.0538927465677261,0.0047153634950518,0.1011800020933151,0.472948282957077,0.0023132965434342,Family_Oriented_Adventure
0.0167951453477144,0.0340620875358581,0.003577574621886,0.0029370721895247,0.920154631137848,0.0176273453980684,0.004846139345318,Family_Oriented_Adventure
0.0453964285552501,0.0526687428355217,0.0025270446203649,0.016630869358778,0.8663742542266846,0.0117352241650223,0.0046674800105392,Family_Oriented_Adventure
0.0278840027749538,0.1847120374441146,0.0019707041792571,0.1311414986848831,0.6428505778312683,0.0078149670735001,0.0036262040957808,Family_Oriented_Adventure
