anger,disgust,fear,joy,neutral,sadness,surprise,genre
0.0088958935812115,0.0172352865338325,0.008808434009552,0.2854270935058594,0.6407062411308289,0.0120709845796227,0.0268560796976089,Thriller
0.014548460021615,0.0251340065151453,0.0054948586039245,0.2948035001754761,0.6414369940757751,0.010304968804121,0.0082771480083465,Thriller
0.0275931730866432,0.0381619445979595,0.1445392668247223,0.6800828576087952,0.0925393030047416,0.0045650284737348,0.0125184124335646,Thriller
0.0042112139053642,0.0024578543379902,0.0028249355964362,0.0024326553102582,0.0066034100018441,0.0009251113515347,0.9805448055267334,Thriller
0.1564066559076309,0.0923839509487152,0.0036179285962134,0.18060003221035,0.3538287878036499,0.0090248147025704,0.204137846827507,Thriller
0.8782725930213928,0.0446589216589927,0.0062412926927208,0.0033076205290853,0.061388112604618,0.0051832408644258,0.0009482358000241,Thriller
0.5797874927520752,0.2828254699707031,0.0098553476855158,0.0056216847151517,0.0782770216464996,0.0378611870110034,0.0057717855088412,Thriller
0.5502183437347412,0.3113092482089996,0.0037944864016026,0.0126403467729687,0.0572377368807792,0.0583921000361442,0.0064077107235789,Thriller
0.0201653763651847,0.0052308570593595,0.0267899576574563,0.3031290769577026,0.6172547340393066,0.0060806944966316,0.0213492698967456,Thriller
