anger,disgust,fear,joy,neutral,sadness,surprise,genre
0.037553172558546,0.0511260256171226,0.0034663178957998,0.0022682559210807,0.0344008132815361,0.8681301474571228,0.0030552539974451,Parody
0.0110186534002423,0.0059863664209842,0.0050052083097398,0.0026264358311891,0.0134244663640856,0.959340751171112,0.0025980747304856,Parody
0.1955378204584121,0.3863685727119446,0.0139105478301644,0.0021233779843896,0.1174298599362373,0.2826996445655823,0.0019300959538668,Parody
0.8942102789878845,0.0359453558921813,0.0123517215251922,0.0016068767290562,0.0431097373366355,0.0107623189687728,0.0020137920510023,Parody
0.160461813211441,0.0775770097970962,0.032646257430315,0.0222950857132673,0.6871702671051025,0.0140522578731179,0.0057973628863692,Parody
0.4293964207172394,0.0269756447523832,0.3831884264945984,0.001961427507922,0.0429689735174179,0.0894325748085975,0.0260765571147203,Parody
0.0062185232527554,0.0536043904721736,0.0386248938739299,0.0919200628995895,0.4967797398567199,0.266004741191864,0.0468476191163063,Parody
0.6198355555534363,0.0556861124932765,0.1678739190101623,0.0017458677757531,0.1062463372945785,0.0296675916761159,0.0189445931464433,Parody
0.0421204157173633,0.0584765002131462,0.0067347367294132,0.0519860237836837,0.7834897637367249,0.0540665909647941,0.0031259411480277,Parody
0.002853208919987,0.0055399239063262,0.0026374962180852,0.8285486102104187,0.0460586883127689,0.0757240206003189,0.0386381112039089,Parody
0.5643984079360962,0.1304895579814911,0.0707287192344665,0.0017303834902122,0.1013662666082382,0.1250795572996139,0.0062070856802165,Parody
0.0890792459249496,0.1062685847282409,0.0250925011932849,0.0078587373718619,0.6670724749565125,0.0239818301051855,0.0806465223431587,Parody
0.4008923768997192,0.0260989665985107,0.0766884014010429,0.0030015914235264,0.0419822335243225,0.4364176094532013,0.0149189196527004,Parody
0.4197262227535248,0.0424129627645015,0.1235142648220062,0.0039864517748355,0.3681135177612304,0.0153449308127164,0.026901701465249,Parody
0.6905472278594971,0.2388548851013183,0.0066140592098236,0.00132902036421,0.041781511157751,0.0185208767652511,0.0023524714633822,Parody
0.2132081389427185,0.3695406913757324,0.0051044877618551,0.0140364049002528,0.3282070755958557,0.067858912050724,0.0020442139357328,Parody
0.4184124767780304,0.0651186034083366,0.2174745798110962,0.0027890785131603,0.1982062458992004,0.0519196391105651,0.0460794679820537,Parody
0.2152986228466034,0.0572811216115951,0.1436043083667755,0.0047296588309109,0.1379216909408569,0.4344212710857391,0.0067433379590511,Parody
0.008183991536498,0.0164929162710905,0.0009698452195152,0.70096755027771,0.2473795562982559,0.0069016185589134,0.0191045962274074,Parody
0.0104840835556387,0.0313467681407928,0.0029037310741841,0.2041344046592712,0.6934758424758911,0.0278797540813684,0.0297753307968378,Parody
