anger,disgust,fear,joy,neutral,sadness,surprise,genre
0.005156984552741,0.0652004405856132,0.8901340365409851,0.0059980247169733,0.0247945468872785,0.0053692772053182,0.00334681593813,Horror
0.034866701811552,0.8792428374290466,0.0288015902042388,0.0010715078096836,0.0480625852942466,0.0052228271961212,0.002731904387474,Horror
0.048868391662836,0.7310032844543457,0.0619202964007854,0.0083554117009043,0.0937719047069549,0.0204658079892396,0.0356148220598697,Horror
0.0118762766942381,0.939790666103363,0.0257963985204696,0.0014642261667177,0.0130909131839871,0.0040015783160924,0.0039798929356038,Horror
0.2231658995151519,0.4860056936740875,0.2341382056474685,0.0028293738141655,0.0409824065864086,0.0046643153764307,0.0082141598686575,Horror
0.0125876348465681,0.1131777167320251,0.0729182064533233,0.0029324674978852,0.3321190476417541,0.3988939523696899,0.0673709884285926,Horror
0.0180821679532527,0.8916186094284058,0.0111135225743055,0.0013631371548399,0.0670535266399383,0.0046561970375478,0.0061128777451813,Horror
0.058187261223793,0.7059271931648254,0.0244064293801784,0.0022250637412071,0.1874791830778122,0.0082190819084644,0.0135557781904935,Horror
0.0170789919793605,0.0286459829658269,0.001461385982111,0.0620207227766513,0.8727946281433105,0.0144268851727247,0.0035713063552975,Horror
0.0995315536856651,0.0474109575152397,0.0473516210913658,0.0021242555230855,0.0680376291275024,0.6950534582138062,0.0404905267059803,Horror
0.0845464840531349,0.383441686630249,0.0579691305756568,0.0350495837628841,0.4020929932594299,0.0177478268742561,0.0191522538661956,Horror
0.0100801941007375,0.7922934889793396,0.0292023010551929,0.001086636679247,0.118393450975418,0.0443578511476516,0.0045859478414058,Horror
0.0082728918641805,0.8503003120422363,0.0114813083782792,0.0012627482647076,0.1165006160736084,0.0074030491523444,0.0047789858654141,Horror
0.0810343027114868,0.7457996010780334,0.0133006228134036,0.0042844987474381,0.1477192193269729,0.0061111100949347,0.0017505778232589,Horror
0.9763079881668092,0.0067745065316557,0.0028040022589266,0.0006224220851436,0.0105197485536336,0.0009318270022049,0.0020395515020936,Horror
0.0376882180571556,0.7369201183319092,0.0011586731998249,0.0777978003025055,0.1268675327301025,0.0123022338375449,0.0072653898969292,Horror
0.0843252092599868,0.0538457706570625,0.0502834431827068,0.0036877293605357,0.5658378005027771,0.211815133690834,0.0302048791199922,Horror
0.9583089351654052,0.013095605187118,0.0041744532063603,0.0006761649274267,0.0187664851546287,0.0023068198934197,0.0026716014835983,Horror
0.0074685160070657,0.0026610759086906,0.0020075705833733,0.2643085718154907,0.7014650106430054,0.0065150773152709,0.0155741674825549,Horror
0.0040479549206793,0.0048424815759062,0.00605493132025,0.0192952007055282,0.8471477031707764,0.0691486597061157,0.0494631901383399,Horror
0.1297638118267059,0.2349486500024795,0.3929148912429809,0.0027438499964773,0.1277448832988739,0.093640312552452,0.0182436890900135,Horror
