anger,disgust,fear,joy,neutral,sadness,surprise,genre
0.0193674564361572,0.0438735149800777,0.0220248270779848,0.1004940271377563,0.7681480050086975,0.025219464674592,0.0208726413547992,Western
0.0295078512281179,0.0402331948280334,0.043490957468748,0.4295246601104736,0.4283202886581421,0.023447647690773,0.0054753348231315,Western
0.005971158389002,0.0032020511571317,0.0034720548428595,0.0161132831126451,0.0125364353880286,0.0088536217808723,0.949851393699646,Western
0.0189365111291408,0.2186208665370941,0.0100256539881229,0.4336638450622558,0.2192968875169754,0.0450043156743049,0.0544520244002342,Western
0.1629174947738647,0.5465383529663086,0.0034110317938029,0.0040884362533688,0.2674701809883117,0.0089988159015774,0.0065757329575717,Western
0.0023592428769916,0.0063583082519471,0.0013330891961231,0.010290028527379,0.0484848506748676,0.9126203060150146,0.0185541436076164,Western
0.0298175290226936,0.3496171832084656,0.0109409894794225,0.4196763634681701,0.1270775496959686,0.0566275343298912,0.006242839153856,Western
0.079004593193531,0.7975616455078125,0.0057537327520549,0.0009876698022708,0.0997518301010131,0.0136748272925615,0.0032656781841069,Western
0.7623032331466675,0.1425144523382187,0.0052185705862939,0.0021297542843967,0.0666550695896148,0.0187444891780614,0.0024344234261661,Western
0.4853004217147827,0.2839384377002716,0.0105277262628078,0.0022958470508456,0.2010322660207748,0.0125969126820564,0.0043084118515253,Western
0.0052366252057254,0.0054196119308471,0.9325902462005616,0.0042034452781081,0.0210138373076915,0.0296268016099929,0.0019094391027465,Western
0.0788861587643623,0.0478552468121051,0.0101644378155469,0.0076066982001066,0.7334301471710205,0.0995182543992996,0.0225391257554292,Western
0.025944834575057,0.0671859309077262,0.050568014383316,0.0181241929531097,0.7507365345954895,0.0829852893948555,0.0044551794417202,Western
0.0414686240255832,0.0448376946151256,0.0187289342284202,0.0071709705516695,0.4808892011642456,0.3472732305526733,0.0596313551068306,Western
0.0271480828523635,0.2403148561716079,0.0248551722615957,0.0037644347175955,0.4553928673267364,0.2312802970409393,0.0172442514449358,Western
0.0204257331788539,0.0996181294322013,0.0034394084941595,0.1408626437187194,0.7146987318992615,0.0175192356109619,0.0034361050929874,Western
0.0440684780478477,0.055517241358757,0.0180544201284647,0.1091517806053161,0.7136411666870117,0.0202653892338275,0.0393014475703239,Western
0.0049976888112723,0.0254332702606916,0.0140430182218551,0.5720394849777222,0.3483920097351074,0.0134489880874753,0.021645525470376,Western
0.0443165339529514,0.7205016016960144,0.0070151537656784,0.0062712542712688,0.1984795182943344,0.0041159745305776,0.0192998591810464,Western
0.0118918111547827,0.0119734676554799,0.0045827561989426,0.0088177248835563,0.9423817992210388,0.0134764267131686,0.0068760262802243,Western
