anger,disgust,fear,joy,neutral,sadness,surprise,genre
0.0155559908598661,0.0167004931718111,0.0005060019320808,0.8658704161643982,0.0856010839343071,0.0054808566346764,0.0102851130068302,Short_Film
0.0111353956162929,0.0674271658062934,0.0053439475595951,0.0042679635807871,0.0929098352789878,0.8107031583786011,0.0082125579938292,Short_Film
0.0029631392098963,0.0006908986833877,0.9827769994735718,0.0016363346949219,0.0067645288072526,0.0019411238608881,0.0032270420342683,Short_Film
0.1838351786136627,0.3337796032428741,0.0139051200821995,0.0075258300639688,0.4404539167881012,0.0146906115114688,0.0058097788132727,Short_Film
0.0145956855267286,0.8255557417869568,0.0973503515124321,0.0020389007404446,0.0515152439475059,0.0040582409128546,0.00488584022969,Short_Film
0.4777501225471496,0.376543790102005,0.0068275965750217,0.0069466698914766,0.1017896607518196,0.0206343661993742,0.0095077278092503,Short_Film
0.0305214077234268,0.0929191932082176,0.0026797312311828,0.0101464511826634,0.8344325423240662,0.0172617863863706,0.0120388884097337,Short_Film
0.1252469718456268,0.0330795906484127,0.0052098496817052,0.0054515721276402,0.7855506539344788,0.010443746112287,0.0350175388157367,Short_Film
0.3687206506729126,0.0571280010044574,0.0108350366353988,0.0242496058344841,0.4976842403411865,0.0328092761337757,0.008573168888688,Short_Film
