anger,disgust,fear,joy,neutral,sadness,surprise,genre
0.4138776659965515,0.5298278331756592,0.029188297688961,0.0018502252642065,0.0077843060716986,0.0165952797979116,0.0008763481746427,Romantic_comedy
0.3318730294704437,0.3728655576705932,0.0109379729256033,0.0076776570640504,0.2500205636024475,0.024573041126132,0.0020521839614957,Romantic_comedy
0.0164547283202409,0.0125514529645442,0.9416459798812866,0.0010900364723056,0.0208866503089666,0.0041188104078173,0.003252278547734,Romantic_comedy
0.3827061057090759,0.5314638018608093,0.0159915387630462,0.0024291281588375,0.0230832751840353,0.0436591170728206,0.0006669870344921,Romantic_comedy
0.0225316826254129,0.2293356657028198,0.0031696388032287,0.2372784316539764,0.4450375139713287,0.011171480640769,0.0514755845069885,Romantic_comedy
0.1127172857522964,0.2048988193273544,0.0047227232716977,0.3879364430904388,0.1548479497432708,0.1314739435911178,0.0034028294030576,Romantic_comedy
0.0132804280146956,0.120080716907978,0.0096584036946296,0.1969323754310608,0.5824146270751953,0.0120411645621061,0.0655922964215278,Romantic_comedy
0.4330127835273742,0.4473101794719696,0.0065898480825126,0.0049343723803758,0.0600968897342681,0.0462699644267559,0.0017860431689769,Romantic_comedy
0.3887484073638916,0.3888702988624573,0.0253824591636657,0.0038548840675503,0.1154568195343017,0.0703761130571365,0.0073111429810523,Romantic_comedy
0.9517292380332948,0.0307400841265916,0.0028340406715869,0.0004719860735349,0.0090947840362787,0.0038533692713826,0.0012766479048877,Romantic_comedy
0.6149886846542358,0.1583937257528305,0.0648389011621475,0.0011667006183415,0.0183971691876649,0.136403813958168,0.0058110482059419,Romantic_comedy
0.0058216974139213,0.0585113167762756,0.0047828000970184,0.3590254187583923,0.5496843457221985,0.0163447260856628,0.0058297091163694,Romantic_comedy
