anger,disgust,fear,joy,neutral,sadness,surprise,genre
0.320374459028244,0.2540601789951324,0.3789329826831817,0.0027136532589793,0.0269890781491994,0.0092596663162112,0.0076698781922459,Historical_Epic
0.13489630818367,0.1187950819730758,0.0840396955609321,0.0414499267935752,0.2980871498584747,0.3181371092796325,0.0045947884209454,Historical_Epic
0.1227303445339202,0.1763848811388015,0.1713950932025909,0.004084397573024,0.4840397834777832,0.0337227024137973,0.0076427632011473,Historical_Epic
0.0235019121319055,0.4312706887722015,0.0036774287000298,0.0134713742882013,0.5112693905830383,0.009885030798614,0.0069241011515259,Historical_Epic
0.4318161010742187,0.2011010348796844,0.0200066473335027,0.0087783494964241,0.2649360597133636,0.0699413493275642,0.0034205492120236,Historical_Epic
0.0040658130310475,0.0023699083831161,0.0018144863424822,0.0013650533510372,0.0066842418164014,0.0012723850086331,0.9824281334877014,Historical_Epic
0.1798918694257736,0.7392165660858154,0.0158824697136878,0.0010381065076217,0.0197738483548164,0.0434970334172248,0.0007001651683822,Historical_Epic
0.0077077257446944,0.0383482128381729,0.0030472159851342,0.0042711086571216,0.8634100556373596,0.0507996752858161,0.0324159786105155,Historical_Epic
0.0841630771756172,0.0191398430615663,0.0324342884123325,0.1143198013305664,0.2788988053798675,0.4550310373306274,0.0160131584852933,Historical_Epic
0.1761176288127899,0.164061889052391,0.0072952420450747,0.0037668738514184,0.6380904912948608,0.0060325935482978,0.0046352567151188,Historical_Epic
0.0164295379072427,0.7008387446403503,0.0240607727319002,0.0043691550381481,0.2293223738670349,0.0042666755616664,0.0207128021866083,Historical_Epic
0.3862449526786804,0.5482120513916016,0.0050608380697667,0.0037035772111266,0.0479251556098461,0.0071999630890786,0.0016534776659682,Historical_Epic
0.0619756616652011,0.1059655621647834,0.3631702363491058,0.0108347134664654,0.377206951379776,0.047031745314598,0.0338152386248111,Historical_Epic
0.0424114279448986,0.1967664211988449,0.0064539653249084,0.0048430231399834,0.7325723171234131,0.0115050757303833,0.0054477746598422,Historical_Epic
0.1313510090112686,0.0067012547515332,0.771072506904602,0.0020913777407258,0.0393156930804252,0.0441166646778583,0.0053515760228037,Historical_Epic
0.0041543855331838,0.0061682173982262,0.001438231091015,0.0078481268137693,0.9598724842071532,0.0119599178433418,0.0085586523637175,Historical_Epic
0.0894307270646095,0.0586184188723564,0.4411461651325226,0.0042766649276018,0.2021646350622177,0.0113338716328144,0.193029448390007,Historical_Epic
0.20534648001194,0.0592020191252231,0.3494665920734405,0.0040172175504267,0.2622631192207336,0.0753084868192672,0.0443961471319198,Historical_Epic
0.0321014784276485,0.118196316063404,0.0220550466328859,0.0016963209491223,0.077588640153408,0.7298593521118164,0.0185028724372386,Historical_Epic
0.0681786388158798,0.0758125111460685,0.0083493748679757,0.0838325470685958,0.7042928338050842,0.0247855447232723,0.0347485281527042,Historical_Epic
0.018343960866332,0.0196359325200319,0.0140206161886453,0.0023880265653133,0.1460698843002319,0.7773498892784119,0.0221916902810335,Historical_Epic
0.8179481625556946,0.0274282153695821,0.0025394998956471,0.029588047415018,0.0735805332660675,0.0467870384454727,0.0021284609101712,Historical_Epic
