anger,disgust,fear,joy,neutral,sadness,surprise,genre
0.0649875402450561,0.0294475443661212,0.4167976677417755,0.241039901971817,0.2005601376295089,0.0404538922011852,0.0067134322598576,Historical_Epic
0.1209940835833549,0.0102737853303551,0.7332973480224609,0.0399976335465908,0.0548584274947643,0.0335521437227726,0.0070266081020236,Historical_Epic
0.4574954807758331,0.4440738558769226,0.0096227396279573,0.0010510931024327,0.0623083002865314,0.0235596373677253,0.0018888633931055,Historical_Epic
0.1354697942733764,0.1557835936546325,0.0840661823749542,0.0089762089774012,0.5677230358123779,0.0339741073548793,0.0140070598572492,Historical_Epic
0.0504126548767089,0.1405428946018219,0.0910296589136123,0.0137086547911167,0.6438255906105042,0.0070011680945754,0.0534794144332408,Historical_Epic
0.0414824746549129,0.9362346529960632,0.0142991924658417,0.0003382922441232,0.0031104639638215,0.0038519371300935,0.0006829134072177,Historical_Epic
0.1141010150313377,0.2653259336948395,0.0284948833286762,0.0230337884277105,0.5322533845901489,0.0294330399483442,0.0073579405434429,Historical_Epic
0.1530720144510269,0.431278645992279,0.0356411784887313,0.0077100261114537,0.3523065745830536,0.0150764780119061,0.0049150148406624,Historical_Epic
0.2721020877361297,0.6874138116836548,0.0049173654988408,0.0010005189105868,0.0279763042926788,0.005267443601042,0.0013224948197603,Historical_Epic
0.1684711426496505,0.2617852389812469,0.0161827895790338,0.0039281421341001,0.103569321334362,0.4437571763992309,0.0023062471300363,Historical_Epic
0.1467080414295196,0.4959820508956909,0.0102692926302552,0.0033383488189429,0.0454959906637668,0.2948505580425262,0.0033557373099029,Historical_Epic
