anger,disgust,fear,joy,neutral,sadness,surprise,genre
0.0039566862396895,0.0055372598581016,0.0094170132651925,0.0156614147126674,0.124419130384922,0.8116270303726196,0.0293814353644847,Thriller
0.3787652254104614,0.2289653867483139,0.0049471105448901,0.0019385139457881,0.3516546487808227,0.0164217296987772,0.0173073839396238,Thriller
0.0496547110378742,0.0137545373290777,0.1186080947518348,0.0526280663907527,0.7003200054168701,0.0304837934672832,0.0345508232712745,Thriller
0.0599273517727851,0.6115841865539551,0.2669445276260376,0.0016704057343304,0.0070371287874877,0.0503073744475841,0.0025290045887231,Thriller
0.0456919893622398,0.2125008106231689,0.003119851462543,0.097452312707901,0.6170273423194885,0.0198751371353864,0.0043325442820787,Thriller
0.0106397718191146,0.0151753416284918,0.7209316492080688,0.0036003689747303,0.2321999967098236,0.0090352799743413,0.0084175309166312,Thriller
0.2019582539796829,0.391061931848526,0.0114470096305012,0.0022204229608178,0.1051710024476051,0.2808560729026794,0.007285295985639,Thriller
0.4761354029178619,0.1278539896011352,0.1929466426372528,0.0028911556582897,0.0583120621740818,0.1345919817686081,0.0072688092477619,Thriller
0.0885208845138549,0.255244493484497,0.1157231926918029,0.0045093884691596,0.409756988286972,0.1227019280195236,0.003543154336512,Thriller
0.09002685546875,0.0148374177515506,0.7871000170707703,0.0049673500470817,0.0795477032661438,0.0177489761263132,0.0057716066949069,Thriller
0.0154471611604094,0.0239051207900047,0.0056708985939621,0.1083610951900482,0.6787365078926086,0.1028544679284095,0.0650246515870094,Thriller
0.0780283212661743,0.0126427821815013,0.197309985756874,0.0029556306544691,0.6220729351043701,0.0597510822117328,0.0272393133491277,Thriller
0.0108018834143877,0.0227206237614154,0.417762815952301,0.0031225935090333,0.0702604502439498,0.4655451476573944,0.0097865583375096,Thriller
