anger,disgust,fear,joy,neutral,sadness,surprise,genre
0.0125041184946894,0.010107098147273,0.0263573080301284,0.2623107433319092,0.1415357738733291,0.5179470777511597,0.0292378645390272,Romance_Film
0.0107633499428629,0.4544978141784668,0.0037940323818475,0.1779234111309051,0.3161968886852264,0.0122748054563999,0.0245496574789285,Romance_Film
0.0238550845533609,0.0831774249672889,0.0121482834219932,0.3704509437084198,0.157021552324295,0.3409072756767273,0.0124393813312053,Romance_Film
0.008691843599081,0.0118373269215226,0.5942512154579163,0.0062268027104437,0.0945058017969131,0.101250872015953,0.1832362115383148,Romance_Film
0.121502585709095,0.0804445892572403,0.0043262806721031,0.1133598759770393,0.2537389695644378,0.4163800776004791,0.0102476673200726,Romance_Film
0.3150291740894317,0.5948939323425293,0.0054655983112752,0.0028296802192926,0.0600873231887817,0.0185026619583368,0.0031917712185531,Romance_Film
0.1167561933398246,0.0256913620978593,0.6318362951278687,0.0429695956408977,0.1541944593191146,0.0217193849384784,0.006832730025053,Romance_Film
0.0269583594053983,0.0265148114413023,0.0266110710799694,0.0127695556730031,0.7887792587280273,0.0256664678454399,0.0927004739642143,Romance_Film
0.0037179356440901,0.0157106574624776,0.0013958634808659,0.0011580721475183,0.006940403021872,0.9678561687469482,0.0032208438497036,Romance_Film
0.0209012385457754,0.5336481332778931,0.3897109627723694,0.0139136491343379,0.0168165136128664,0.0054486533626914,0.0195608232170343,Romance_Film
0.0117879416793584,0.0409457199275493,0.6302517056465149,0.0033348514698445,0.0379380136728286,0.0076153804548084,0.2681263983249664,Romance_Film
0.0253828726708889,0.0456944666802883,0.1186832264065742,0.0030374969355762,0.4782538115978241,0.0194324497133493,0.3095156848430633,Romance_Film
0.0137516679242253,0.7836996912956238,0.0136020630598068,0.0010409224778413,0.0149410739541053,0.1692522168159485,0.0037122671492397,Romance_Film
0.0390012674033641,0.125944122672081,0.0293944720178842,0.0020024322438985,0.7611458897590637,0.0311892833560705,0.0113225812092423,Romance_Film
0.0537385717034339,0.4942448437213897,0.007852915674448,0.0031079107429832,0.3886692225933075,0.0259164832532405,0.0264701601117849,Romance_Film
0.0697909370064735,0.4332018494606018,0.0702001973986625,0.0021890474017709,0.0571362040936946,0.2242595851421356,0.1432221829891204,Romance_Film
0.0064510069787502,0.2192535400390625,0.0461014918982982,0.5509042739868164,0.1286698281764984,0.0165156796574592,0.0321042314171791,Romance_Film
0.0757995471358299,0.4839047491550445,0.00259206793271,0.2324744313955307,0.1903462707996368,0.0117827951908111,0.0030999921727925,Romance_Film
0.0346836298704147,0.153092011809349,0.0120659843087196,0.018044076859951,0.70979905128479,0.0276196226477623,0.0446956008672714,Romance_Film
0.0035275176633149,0.0024916874244809,0.0004377284494694,0.0017209168290719,0.0051288069225847,0.9826510548591614,0.0040422482416033,Romance_Film
0.0165459364652633,0.5948490500450134,0.0130515350028872,0.047721330076456,0.2966200709342956,0.0195844583213329,0.0116275008767843,Romance_Film
0.0344639830291271,0.070854477584362,0.0075021963566541,0.0135474875569343,0.856541633605957,0.0054994095116853,0.0115908253937959,Romance_Film
0.0105939833447337,0.008573193103075,0.0097828293219208,0.0019333781674504,0.0145571455359458,0.9508066773414612,0.0037527370732277,Romance_Film
0.0013360893353819,0.0037018740549683,0.0011591525981202,0.960946559906006,0.0187166258692741,0.0072489194571971,0.0068906969390809,Romance_Film
0.0109807895496487,0.9208459258079528,0.0037902640178799,0.0040002353489398,0.0524566359817981,0.0059320898726582,0.0019941057544201,Romance_Film
0.2731819748878479,0.4407601058483124,0.0872427299618721,0.001804880448617,0.0866076499223709,0.0809345766901969,0.0294680316001176,Romance_Film
0.0243420004844665,0.0399926006793975,0.0023155042435973,0.0910096988081932,0.7974443435668945,0.0101467808708548,0.0347490534186363,Romance_Film
0.027819700539112,0.0583535619080066,0.0385549999773502,0.0037394652608782,0.2230317890644073,0.6309911608695984,0.0175093673169612,Romance_Film
0.1249052882194519,0.5055264830589294,0.0023718201555311,0.040393017232418,0.314724713563919,0.0074614626355469,0.0046172137372195,Romance_Film
0.0020187355112284,0.0096182497218251,0.0008397771744057,0.9459782838821412,0.0349027141928672,0.0041489424183964,0.0024933782406151,Romance_Film
0.2145533710718155,0.5190431475639343,0.0138348117470741,0.0153045980259776,0.2095609903335571,0.0188659280538558,0.0088371308520436,Romance_Film
0.356937050819397,0.4954292476177215,0.0104934638366103,0.002166274935007,0.1102151274681091,0.0229234509170055,0.0018354200292378,Romance_Film
0.0815322175621986,0.1382061094045639,0.0788701027631759,0.0031399263534694,0.2413776069879531,0.4134906530380249,0.0433834306895732,Romance_Film
0.0468156337738037,0.8929916024208069,0.0044498685747385,0.0014834573958069,0.0321911238133907,0.0204203277826309,0.0016479770420119,Romance_Film
0.5821313858032227,0.2106380611658096,0.0098386975005269,0.0013531118165701,0.0189087837934494,0.174796387553215,0.0023335427977144,Romance_Film
0.0478421188890934,0.1864988505840301,0.0011538722319528,0.4661769866943359,0.2392738461494445,0.055553413927555,0.0035008266568183,Romance_Film
0.1359423995018005,0.590829610824585,0.0042499848641455,0.0040836739353835,0.2417977750301361,0.0182569492608308,0.0048396112397313,Romance_Film
0.0205080993473529,0.0614490695297718,0.8113294839859009,0.0008316716412082,0.0170438736677169,0.0843162909150123,0.0045215846039354,Romance_Film
0.0048642326146364,0.0238374341279268,0.006949289701879,0.1365367025136947,0.2985694110393524,0.5137744545936584,0.0154684344306588,Romance_Film
0.0050585041753947,0.004285427276045,0.0011178234126418,0.8264755010604858,0.1365238577127456,0.010197028517723,0.0163419060409069,Romance_Film
0.0111566726118326,0.0451417788863182,0.0030893336515873,0.0979084521532058,0.8054471611976624,0.0129373464733362,0.0243193246424198,Romance_Film
0.0179786644876003,0.0259640291333198,0.0081231156364083,0.0208420623093843,0.6164531111717224,0.0081879589706659,0.3024510443210602,Romance_Film
0.0322234071791172,0.0716260895133018,0.0018504704348742,0.1255078166723251,0.6733342409133911,0.0814521983265876,0.0140057438984513,Romance_Film
