anger,disgust,fear,joy,neutral,sadness,surprise,genre
0.0112549001350998,0.1135349869728088,0.0031562920194119,0.1672996580600738,0.661554753780365,0.0313669666647911,0.0118324449285864,Romance_Film
0.0040372093208134,0.0164172295480966,0.0161524955183267,0.013179987668991,0.9033163189888,0.0205386877059936,0.0263580400496721,Romance_Film
0.0150747112929821,0.0409550964832305,0.0033730189315974,0.1876586824655532,0.7189738154411316,0.0243771709501743,0.0095874825492501,Romance_Film
0.0119745144620537,0.0210986174643039,0.0017186291515827,0.7393872141838074,0.2062742114067077,0.012543081305921,0.0070037893019616,Romance_Film
0.0346194766461849,0.0777851492166519,0.01909682713449,0.0031543055083602,0.8346683979034424,0.0243197306990623,0.0063560442067682,Romance_Film
0.0585969537496566,0.0283204987645149,0.0019343873718753,0.7552268505096436,0.1045922487974166,0.0445193871855735,0.0068096863105893,Romance_Film
0.013953560963273,0.005232451017946,0.0044187009334564,0.1819597631692886,0.675578236579895,0.0076622390188276,0.1111951023340225,Romance_Film
0.210322692990303,0.1110825687646865,0.0138865122571587,0.007886754348874,0.1851903200149536,0.4466539919376373,0.0249771699309349,Romance_Film
0.3923709690570831,0.0521242916584014,0.1493494361639022,0.0053743440657854,0.1799904257059097,0.0683245360851287,0.1524659246206283,Romance_Film
0.0209513083100318,0.0048811053857207,0.007779617793858,0.0036312234587967,0.6534108519554138,0.0073693986050784,0.3019764721393585,Romance_Film
0.0083211008459329,0.0089625883847475,0.7751283645629883,0.0053642634302377,0.182518646121025,0.0130117321386933,0.0066932421177625,Romance_Film
