anger,disgust,fear,joy,neutral,sadness,surprise,genre
0.0119782909750938,0.021872192621231,0.001356063876301,0.6000834703445435,0.3466171026229858,0.0084720496088266,0.0096208164468407,Action
0.0163963697850704,0.0385886393487453,0.0067055830731987,0.0575075447559356,0.7899443507194519,0.0545958392322063,0.0362616591155529,Action
0.0009018381824716,0.0013231124030426,0.0005883380072191,0.9786183834075928,0.0122092738747596,0.0045008775778114,0.0018581798067316,Action
0.0131416134536266,0.0149652669206261,0.0259150899946689,0.4813494086265564,0.4248470962047577,0.01152856182307,0.0282529629766941,Action
0.0079549839720129,0.0115895606577396,0.0162225235253572,0.0325978584587574,0.8512415885925293,0.0163628179579973,0.064030647277832,Action
0.0756237357854843,0.0194598250091075,0.5945820808410645,0.0179522205144166,0.1794320940971374,0.0527838729321956,0.0601661913096904,Action
0.5226606726646423,0.435981810092926,0.0041732098907232,0.0016043268842622,0.0275549627840518,0.0069594141095876,0.0010656608501449,Action
0.3499374389648437,0.3632689118385315,0.003843889106065,0.0058894171379506,0.2565053105354309,0.0160946641117334,0.0044604414142668,Action
0.0104887187480926,0.0103580821305513,0.0036622926127165,0.0006557293236255,0.007987855002284,0.9630195498466492,0.0038277581334114,Action
0.0011197965359315,0.0007760387961752,0.0003185297246091,0.9869644045829772,0.0045065823942422,0.0018476156983524,0.0044670021161437,Action
0.0144719816744327,0.0073927761986851,0.007179798092693,0.7634056210517883,0.1548200994729995,0.0173635203391313,0.0353662446141243,Action
0.3798949122428894,0.285587877035141,0.0187339875847101,0.0054684495553374,0.2902730703353882,0.017761318013072,0.002280359622091,Action
0.0166572649031877,0.0600804276764392,0.002258630702272,0.0012543580960482,0.021164309233427,0.8932019472122192,0.0053830705583095,Action
0.0217483714222908,0.1333332508802414,0.0304242502897977,0.0054612848907709,0.4603727161884308,0.3334500193595886,0.015210123732686,Action
0.009627966210246,0.0344972908496856,0.0017011194722726,0.086429663002491,0.8400577902793884,0.0216108784079551,0.0060752746649086,Action
0.1299395412206649,0.156737670302391,0.4981805384159088,0.0018663997761905,0.0685228258371353,0.1339613497257232,0.0107916509732604,Action
0.0517371259629726,0.0312140677124261,0.0502077080309391,0.0189935192465782,0.778099536895752,0.0510460324585437,0.0187020041048526,Action
0.640311598777771,0.2237260192632675,0.0064595728181302,0.0019580686930567,0.0739123448729515,0.0497822687029838,0.0038501692470163,Action
0.0136033659800887,0.0504719614982605,0.0129848467186093,0.0347013548016548,0.3725373148918152,0.5106567144393921,0.0050444239750504,Action
