anger,disgust,fear,joy,neutral,sadness,surprise,genre
0.0130460169166326,0.0033169591333717,0.0036403175909072,0.0015365654835477,0.0051173684187233,0.9716414213180542,0.0017012925818562,Drama
0.0153659749776124,0.9211000204086304,0.0177618861198425,0.0007947896956466,0.0089332703500986,0.0337159819900989,0.002328154630959,Drama
0.2631533741950989,0.1147670894861221,0.2991120815277099,0.0025724684819579,0.0964025482535362,0.2101375609636306,0.0138549273833632,Drama
0.0168880298733711,0.0112722376361489,0.0195898748934268,0.004755028989166,0.9079291224479676,0.0054997252300381,0.0340659730136394,Drama
0.012817408889532,0.0085910893976688,0.0061920741572976,0.0074031995609402,0.9139482975006104,0.0212695300579071,0.0297783426940441,Drama
0.0540907457470893,0.5254960060119629,0.0327922962605953,0.0037683872506022,0.3312402665615082,0.0291072260588407,0.0235050469636917,Drama
0.0344024412333965,0.0452318675816059,0.005526112858206,0.0620237775146961,0.7207025289535522,0.0781736001372337,0.0539396479725837,Drama
0.4239580333232879,0.5097619891166687,0.0408719554543495,0.000954634451773,0.0146904196590185,0.0084546841681003,0.001308255828917,Drama
0.0224293004721403,0.0712881609797477,0.0075555616058409,0.0023941230028867,0.856838583946228,0.0088332165032625,0.0306609719991683,Drama
0.062530905008316,0.0312396418303251,0.5288291573524475,0.0092642437666654,0.2288957834243774,0.0091927228495478,0.130047470331192,Drama
0.0056059900671243,0.0035286673810333,0.0017760004848241,0.0229377355426549,0.9330042004585266,0.0033274760935455,0.0298199020326137,Drama
0.0177269391715526,0.0276220589876174,0.0056501133367419,0.0054234121926128,0.8213077187538147,0.0077141067013144,0.1145556047558784,Drama
0.6583085060119629,0.0642987415194511,0.1047249808907508,0.0026658861897885,0.0905720293521881,0.0738441422581672,0.0055856592953205,Drama
0.0108884628862142,0.0743983536958694,0.5175594687461853,0.0028873740229755,0.0861351713538169,0.2997508347034454,0.0083802975714206,Drama
0.0244955960661172,0.0310645848512649,0.0028223746921867,0.0341515503823757,0.8905971050262451,0.0107612879946827,0.0061076371930539,Drama
0.422730416059494,0.4296656847000122,0.0144765274599194,0.0021224250085651,0.1096123158931732,0.0163330696523189,0.0050595346838235,Drama
0.1032808497548103,0.1941146701574325,0.0157345961779356,0.0039043519645929,0.6420178413391113,0.0392567962408065,0.0016908384859561,Drama
0.5016797780990601,0.1051688492298126,0.018867053091526,0.0044361199252307,0.353426069021225,0.0140208546072244,0.0024012147914618,Drama
0.4210595488548279,0.3968890607357025,0.028871277347207,0.0030575557611882,0.0693522617220878,0.0782222300767898,0.0025480322074145,Drama
0.4234964251518249,0.208200454711914,0.0727173909544944,0.001269047614187,0.1277969926595688,0.0367802828550338,0.1297394186258316,Drama
0.071084089577198,0.5200486183166504,0.0326588787138462,0.0019060575868934,0.1616966724395752,0.0625154376029968,0.1500902026891708,Drama
0.0074426308274269,0.0472486354410648,0.0022165812551975,0.0916638523340225,0.5492449402809143,0.2322222888469696,0.0699610337615013,Drama
0.2111058086156845,0.0157608296722173,0.1295786798000335,0.001753433374688,0.0689160525798797,0.5356296300888062,0.0372555218636989,Drama
0.0351218432188034,0.2336036562919616,0.0043553356081247,0.0037408645730465,0.7003434300422668,0.0076451539061963,0.0151898255571722,Drama
0.0049668853171169,0.0448051318526268,0.0133468676358461,0.00745828775689,0.086054541170597,0.7786139249801636,0.0647543668746948,Drama
0.0875341445207595,0.1876255720853805,0.0043521951884031,0.0017196452245116,0.6721130609512329,0.0386140048503875,0.0080414898693561,Drama
0.0174008421599864,0.0267577320337295,0.0027444672305136,0.0096976654604077,0.9184796810150146,0.0215134248137474,0.0034062722697854,Drama
0.0622093938291072,0.2978209853172302,0.0466307289898395,0.0025898017920553,0.5355340242385864,0.0498533770442009,0.0053616357035934,Drama
0.0280785392969846,0.017925938591361,0.1030028387904167,0.0015584343345835,0.0426714047789573,0.7868340611457825,0.0199287962168455,Drama
0.0032966930884867,0.0081077143549919,0.0019109770655632,0.0139444274827837,0.1485669910907745,0.8167670369148254,0.0074062077328562,Drama
0.1045750826597213,0.0206208601593971,0.7277867794036865,0.0031542601063847,0.0103231854736804,0.0497526042163372,0.0837871953845024,Drama
0.2505297064781189,0.2904538512229919,0.3179667294025421,0.0065454607829451,0.0992605090141296,0.0326343774795532,0.0026093428023159,Drama
0.0243584606796503,0.0135092195123434,0.0430011115968227,0.0123330568894743,0.8674017786979675,0.0174089036881923,0.0219874437898397,Drama
