anger,disgust,fear,joy,neutral,sadness,surprise,genre
0.0210150778293609,0.035650435835123,0.9238610863685608,0.0018308566650375,0.0091664083302021,0.0026374305598437,0.0058386442251503,Action
0.1306036561727523,0.5279377102851868,0.2262910902500152,0.0046796109527349,0.0930679515004158,0.0144321806728839,0.002987784333527,Action
0.2036238312721252,0.39766725897789,0.0960472449660301,0.0021258895285427,0.0447837971150875,0.2514696419239044,0.004282338079065,Action
0.4396733045578003,0.4076943099498749,0.052025768905878,0.0021535742562264,0.0490511730313301,0.0466805808246135,0.0027213243301957,Action
0.0260670073330402,0.4191441535949707,0.1065558195114135,0.0035579237155616,0.0682889521121978,0.3268629312515259,0.0495232008397579,Action
0.2563523650169372,0.716580867767334,0.0080279074609279,0.000816244049929,0.0113955540582537,0.0054524238221347,0.0013747988268733,Action
0.003386847442016,0.9717376828193665,0.006673770956695,0.0005550121422857,0.0110753774642944,0.0054897358641028,0.0010816073045134,Action
0.9608327746391296,0.0232318714261055,0.0078076194040477,0.0006361818523146,0.0042795953340828,0.0027144351042807,0.0004975261981599,Action
0.0527234636247158,0.3344443142414093,0.0131522240117192,0.0008506534504704,0.0265477541834115,0.5679876208305359,0.0042940117418766,Action
0.3323105871677398,0.085788182914257,0.0925613716244697,0.131023034453392,0.3041872680187225,0.0415748693048954,0.0125547079369425,Action
0.0007628659368492,0.002988809486851,0.0118584632873535,0.0027854037471115,0.0070416610687971,0.9732507467269896,0.0013121280353516,Action
0.202830821275711,0.0886944904923439,0.1603951454162597,0.0089990822598338,0.4701010286808014,0.0671145543456077,0.0018649388803169,Action
0.381726861000061,0.2088347524404525,0.033745177090168,0.0060239825397729,0.2922167479991913,0.0762160941958427,0.0012363862479105,Action
0.4027874767780304,0.1151292920112609,0.4512860476970672,0.0014405607944354,0.0163646358996629,0.0108450297266244,0.0021468745544552,Action
0.0167473778128623,0.3494753837585449,0.085561916232109,0.0033313338644802,0.2187025547027588,0.2815068364143371,0.0446746312081813,Action
0.1411811709403991,0.3647786974906921,0.0038037407211959,0.0061414674855768,0.0995811149477958,0.3795225620269775,0.0049912282265722,Action
0.0021363697014749,0.0049431333318352,0.0002491875493433,0.9753134846687316,0.0102313598617911,0.0043640849180519,0.0027623181231319,Action
0.0368707254528999,0.5811632871627808,0.1598885953426361,0.0046096285805106,0.1924854964017868,0.0208334755152463,0.0041487449780106,Action
0.2887833416461944,0.0230059716850519,0.6493964195251465,0.0013454180443659,0.0131098385900259,0.0205170474946498,0.0038420020136982,Action
0.0338676609098911,0.5392912030220032,0.162465214729309,0.0074730776250362,0.1789714395999908,0.0079855537042021,0.0699459314346313,Action
0.0518815293908119,0.0091028437018394,0.7224743366241455,0.0031138670165091,0.1884132474660873,0.0199019778519868,0.0051122359000146,Action
