anger,disgust,fear,joy,neutral,sadness,surprise,genre
0.455258309841156,0.1273256689310073,0.3025072515010834,0.0070327981375157,0.0164661519229412,0.0894752368330955,0.0019345304463058,World_cinema
0.7329596877098083,0.1067696809768676,0.0286593977361917,0.003164772177115,0.0267901998013257,0.0992552042007446,0.0024011032655835,World_cinema
0.0061428002081811,0.0083871614187955,0.0024835825897753,0.4248086810111999,0.5112823843955994,0.0200846120715141,0.0268107745796442,World_cinema
0.0168113932013511,0.0264262538403272,0.2659181356430053,0.0216920729726552,0.5789670944213867,0.085403598845005,0.0047814715653657,World_cinema
0.0255889035761356,0.4445498883724212,0.4968074560165405,0.002767430152744,0.0134450569748878,0.0139960227534174,0.0028452328406274,World_cinema
0.1343766748905182,0.0432810485363006,0.3590332865715027,0.0032388877589255,0.3182303607463836,0.1352035254240036,0.0066361343488097,World_cinema
0.1503013521432876,0.0928144603967666,0.0032972253393381,0.0170926246792078,0.079869769513607,0.6505709290504456,0.0060536679811775,World_cinema
0.8021442294120789,0.1684649884700775,0.0024182759225368,0.0017266955692321,0.0124448714777827,0.0115483812987804,0.0012525443453341,World_cinema
0.0136877633631229,0.0036520541179925,0.6841863989830017,0.0155275939032435,0.250365138053894,0.0249856282025575,0.0075956019572913,World_cinema
0.7663087844848633,0.1478523463010788,0.0255352277308702,0.0011504056164994,0.0263244099915027,0.0314135551452636,0.0014154125237837,World_cinema
0.0991431102156639,0.2092028558254242,0.0131866792216897,0.0151768559589982,0.5496841073036194,0.1092159450054168,0.0043904394842684,World_cinema
0.0691466480493545,0.0163878500461578,0.0144263766705989,0.0208097510039806,0.1011668890714645,0.7699642181396484,0.0080982651561498,World_cinema
0.0098359268158674,0.9740851521492004,0.0026176311075687,0.0003116804582532,0.0075719291344285,0.0043933289125561,0.0011844804976135,World_cinema
0.9799124598503112,0.0074226725846529,0.0068588745780289,0.000514687213581,0.0027797378133982,0.0012940432643517,0.0012175537412986,World_cinema
0.0428849719464778,0.0188062414526939,0.0286605153232812,0.0079079130664467,0.8500300049781799,0.0233635995537042,0.0283467713743448,World_cinema
