anger,disgust,fear,joy,neutral,sadness,surprise,genre
0.0155935557559132,0.1612949222326278,0.0038036438636481,0.0174034927040338,0.6691110730171204,0.1063489466905593,0.0264443028718233,Drama
0.5054208040237427,0.0566974766552448,0.0152483852580189,0.0066267671063542,0.3680721223354339,0.0423176698386669,0.0056167687289416,Drama
0.1471008211374282,0.0735401511192321,0.0016990979202091,0.0256827808916568,0.6915686130523682,0.0531599931418895,0.0072486028075218,Drama
0.0076094861142337,0.0114250220358371,0.0066538015380501,0.7223322987556458,0.2142506241798401,0.0110993459820747,0.0266294311732053,Drama
0.0452538430690765,0.2120360285043716,0.0061073629185557,0.0985143110156059,0.5999743342399597,0.0325958803296089,0.0055182478390634,Drama
0.0043872497044503,0.0134301437065005,0.0010885561350733,0.0352447144687175,0.8512228727340698,0.0243169330060482,0.0703095719218254,Drama
0.0193746667355299,0.1650943607091903,0.0328028835356235,0.0156862623989582,0.7168329954147339,0.0372425653040409,0.0129662863910198,Drama
0.0103722531348466,0.0199694149196147,0.0497232526540756,0.0053293090313673,0.8636772036552429,0.0427105762064456,0.0082179093733429,Drama
0.0073067438788712,0.0021461190190166,0.0061433175578713,0.0610571801662445,0.0543956458568573,0.0049841594882309,0.8639668226242065,Drama
0.9565504789352416,0.0161588247865438,0.0020395619794726,0.0004801105242222,0.0192186925560235,0.002098184544593,0.0034542581997811,Drama
0.0284099373966455,0.0597900561988353,0.0045056254602968,0.0048692692071199,0.5060200691223145,0.0243209563195705,0.3720841407775879,Drama
0.0842271223664283,0.2394235879182815,0.1590307503938675,0.0025044246576726,0.2359169274568557,0.2640520334243774,0.0148451384156942,Drama
0.0063975816592574,0.037567850202322,0.792052686214447,0.0036672463174909,0.1409306973218917,0.0150000480934977,0.0043838103301823,Drama
0.5280926823616028,0.069180816411972,0.1628055423498153,0.0041010160930454,0.2028773128986358,0.0209203083068132,0.0120222782716155,Drama
0.0519957765936851,0.901479959487915,0.0116632906720042,0.0005721802590414,0.0256591383367776,0.0076551833190023,0.0009746099822223,Drama
0.1263533383607864,0.0961154773831367,0.0317337848246097,0.0042643845081329,0.7114777565002441,0.0236960239708423,0.006359230261296,Drama
0.043639663606882,0.1188872382044792,0.009575480595231,0.004283987917006,0.67033851146698,0.1477179527282714,0.0055571258999407,Drama
0.0181802418082952,0.1526572257280349,0.5652372241020203,0.003723703790456,0.1655596941709518,0.0894714593887329,0.0051704044453799,Drama
0.0047320169396698,0.025007763877511,0.0096250111237168,0.0238297414034605,0.5471242070198059,0.381884217262268,0.007797036319971,Drama
0.017793757840991,0.0573536455631256,0.0017255546990782,0.0074187624268233,0.8838214874267578,0.018193295225501,0.0136934574693441,Drama
0.3400069177150726,0.0957686379551887,0.0157834850251674,0.0026198138948529,0.5180328488349915,0.011610897257924,0.0161773767322301,Drama
0.8353471755981445,0.1429228037595749,0.0025951953139156,0.0010260046692565,0.0108550144359469,0.0060154604725539,0.0012383048888295,Drama
0.0307674575597047,0.1965127438306808,0.3495921492576599,0.004443880636245,0.3390816748142242,0.0264419931918382,0.0531601384282112,Drama
0.4228225350379944,0.3039831221103668,0.0667800679802894,0.001809780835174,0.1388463526964187,0.0609166100621223,0.0048415041528642,Drama
0.6638065576553345,0.2254295200109481,0.009230637922883,0.0008277703891508,0.0344840846955776,0.0611709803342819,0.0050503495149314,Drama
0.0133933769538998,0.3398023545742035,0.0044822422787547,0.1008609011769294,0.4231638610363006,0.1100439354777336,0.0082532679662108,Drama
0.801424503326416,0.1391162425279617,0.0384383760392665,0.0011787654366344,0.0137742226943373,0.0036448175087571,0.0024231071583926,Drama
0.7742446064949036,0.0983473062515258,0.0045591248199343,0.0016413570847362,0.0877624452114105,0.0285099204629659,0.0049352818168699,Drama
0.6245858073234558,0.0302046705037355,0.0375972539186477,0.0150080285966396,0.2781826257705688,0.0109698688611388,0.0034517117310315,Drama
0.0090522952377796,0.0023446895647794,0.0020868252031505,0.5104888677597046,0.2611355781555176,0.0141316475346684,0.2007600516080856,Drama
0.013377764262259,0.9312548041343688,0.0113921388983726,0.0004097180499229,0.024114940315485,0.0123371081426739,0.0071134869940578,Drama
0.0181488897651433,0.3895909786224365,0.0022912754211574,0.2994357049465179,0.2616607248783111,0.0208142884075641,0.0080581177026033,Drama
0.0086244596168398,0.0639049336314201,0.0020552983041852,0.1418535411357879,0.75859135389328,0.0049689100123941,0.0200014635920524,Drama
0.3360165655612945,0.0818914622068405,0.1648717075586319,0.0032925466075539,0.3360583782196045,0.0750516876578331,0.0028176261112093,Drama
0.0160915907472372,0.0936596393585205,0.0060058268718421,0.0187553204596042,0.7954524755477905,0.0667131245136261,0.0033220003824681,Drama
0.4490241408348083,0.3441778123378753,0.139985054731369,0.0015643803635612,0.0241351518779993,0.0373721942305564,0.0037412433885037,Drama
0.0360763072967529,0.0478813238441944,0.0063587706536054,0.0315262489020824,0.7527458071708679,0.0793715193867683,0.0460400208830833,Drama
0.0056739295832812,0.0151487328112125,0.0011217716382816,0.200846329331398,0.7545061707496643,0.0097656408324837,0.0129375029355287,Drama
0.0064407181926071,0.0598746016621589,0.0107166757807135,0.0048494837246835,0.1541713625192642,0.7505042552947998,0.0134429791942238,Drama
0.0567970760166645,0.0545313395559787,0.4078224897384643,0.0051035960204899,0.4297560751438141,0.0147616900503635,0.0312277525663375,Drama
0.6901513338088989,0.0724875703454017,0.1721870899200439,0.0019473797874525,0.0422038957476615,0.0178254079073667,0.0031973517034202,Drama
0.2642520368099212,0.0161525569856166,0.0093463882803916,0.0076043931767344,0.1892249137163162,0.0183297041803598,0.4950900673866272,Drama
0.0363769456744194,0.0751911550760269,0.0036432885099202,0.0032687084749341,0.81959468126297,0.0407154038548469,0.0212098266929388,Drama
0.0091779772192239,0.0156532861292362,0.007097637746483,0.0143289780244231,0.940423309803009,0.008769785054028,0.0045490060001611,Drama
0.5466713905334473,0.0590184107422828,0.2150512039661407,0.0026738597080111,0.1546634882688522,0.0191652029752731,0.0027564449701458,Drama
0.0406501404941082,0.1321526169776916,0.0310970526188612,0.005232541821897,0.6719409227371216,0.1086700707674026,0.01025659032166,Drama
