anger,disgust,fear,joy,neutral,sadness,surprise,genre
0.0099380714818835,0.949240267276764,0.0052013378590345,0.010485609062016,0.0158291421830654,0.0084513323381543,0.0008541939314454,Family_Drama
0.0255188159644603,0.4204887747764587,0.4348011016845703,0.0022383797913789,0.0740793719887733,0.0102343652397394,0.0326391272246837,Family_Drama
0.1587072312831878,0.7927922606468201,0.0152462851256132,0.0013135594781488,0.0131283262744545,0.0178223755210638,0.0009899601573124,Family_Drama
0.0218771025538444,0.3781942725181579,0.0460681468248367,0.0013338011922314,0.0410274751484394,0.4705918729305267,0.0409073717892169,Family_Drama
0.0226182416081428,0.834638774394989,0.0038513939362019,0.003148925025016,0.1188549101352691,0.0092134485021233,0.007674210704863,Family_Drama
0.0942758619785308,0.7957727909088135,0.0044240704737603,0.0030883648432791,0.0603733919560909,0.0321487113833427,0.00991684012115,Family_Drama
0.0054472438059747,0.0086296126246452,0.0013423798372969,0.0335980877280235,0.9355455040931702,0.0050758481957018,0.010361292399466,Family_Drama
0.0439504943788051,0.7248015403747559,0.0511396117508411,0.0070042423903942,0.0610338263213634,0.0105218598619103,0.1015484482049942,Family_Drama
0.0078241126611828,0.777592122554779,0.0071253175847232,0.0486793592572212,0.1124499961733818,0.0433851182460784,0.0029440091457217,Family_Drama
0.0476849935948848,0.1425330936908722,0.023351714015007,0.0022693113423883,0.3959794044494629,0.3696828484535217,0.0184986758977174,Family_Drama
0.1349753588438034,0.5752155184745789,0.0978462919592857,0.0019382915925234,0.1002054661512374,0.0875767096877098,0.002242335351184,Family_Drama
0.0084901098161935,0.0193038117140531,0.9099650979042052,0.0012363083660602,0.0130234528332948,0.0201315768063068,0.0278496704995632,Family_Drama
0.0250124353915452,0.2750121653079986,0.0018868901534006,0.0725099444389343,0.5649337768554688,0.0130853401497006,0.0475594773888587,Family_Drama
0.6616773009300232,0.1060728505253791,0.0037186082918196,0.0191774107515811,0.1949963867664337,0.0113102467730641,0.0030471440404653,Family_Drama
0.0180479660630226,0.1435261815786361,0.0019888589158654,0.4884478449821472,0.3264118134975433,0.0131681971251964,0.0084092328324913,Family_Drama
0.0390509963035583,0.4330416023731231,0.3706149756908417,0.0033347739372402,0.1197003647685051,0.0299502853304147,0.0043070381507277,Family_Drama
0.0458223931491375,0.2452583014965057,0.0923840478062629,0.0266351588070392,0.5293706059455872,0.0496425181627273,0.0108869494870305,Family_Drama
0.0023807829711586,0.0027795226778835,0.6261064410209656,0.0054922825656831,0.0121294353157281,0.3487359881401062,0.0023755535949021,Family_Drama
0.0098834708333015,0.024123441427946,0.0175719782710075,0.0453462414443492,0.8714451193809509,0.0200461260974407,0.0115836402401328,Family_Drama
0.0681592673063278,0.2409363240003585,0.1834022551774978,0.0047459625639021,0.2102766335010528,0.2888186573982239,0.0036609342787414,Family_Drama
0.01614635810256,0.6819916367530823,0.0190445333719253,0.0012622675858438,0.044606115669012,0.2302643805742263,0.0066847037523984,Family_Drama
0.0068600014783442,0.040822759270668,0.0353876613080501,0.0024795497301965,0.0344076566398143,0.8764575719833374,0.0035848207771778,Family_Drama
0.1072654798626899,0.7348952293395996,0.0026140445843338,0.0015655673341825,0.1290294229984283,0.0209765546023845,0.0036537405103445,Family_Drama
0.0551936663687229,0.4932838678359985,0.1347547471523285,0.0020044590346515,0.2875037789344787,0.0109440572559833,0.0163153763860464,Family_Drama
0.0028079063631594,0.0063987942412495,0.0055203787051141,0.0011963571887463,0.0117834592238068,0.9688558578491212,0.0034371283836662,Family_Drama
0.6645476222038269,0.0794505625963211,0.1884350478649139,0.0033504548482596,0.0367017909884452,0.0224758181720972,0.0050387354567646,Family_Drama
0.227215364575386,0.5974218249320984,0.0912023410201072,0.001163865905255,0.0485107377171516,0.031800664961338,0.0026852642185986,Family_Drama
0.0117541356012225,0.0880994126200676,0.0927071943879127,0.0031923048663884,0.2393550276756286,0.0345849506556987,0.5303069949150085,Family_Drama
0.1153137981891632,0.0283211637288332,0.0197944734245538,0.5333697199821472,0.2837604284286499,0.0108668357133865,0.0085735395550727,Family_Drama
