anger,disgust,fear,joy,neutral,sadness,surprise,genre
0.0036630916874855,0.0084689259529113,0.0183348283171653,0.0141249094158411,0.8781864047050476,0.0152469305321574,0.06197489798069,Documentary
0.0106521025300025,0.00435839779675,0.005634709727019,0.3286888301372528,0.5937202572822571,0.0050676320679485,0.0518780760467052,Documentary
0.0108126830309629,0.0286677367985248,0.0029475358314812,0.2722217738628387,0.6398096680641174,0.0201133005321025,0.0254272762686014,Documentary
0.0048059108667075,0.0116856498643755,0.0005543684237636,0.9242925047874452,0.0491690970957279,0.0050570983439683,0.0044353026896715,Documentary
0.9176947474479676,0.0331398993730545,0.0146344499662518,0.0007038903422653,0.0119927087798714,0.0197657197713851,0.0020686318166553,Documentary
0.1354964077472686,0.0944682359695434,0.0041920319199562,0.0061262659728527,0.0541691109538078,0.7021223902702332,0.0034255706705152,Documentary
0.0407778620719909,0.1836722493171692,0.011480389162898,0.0447370111942291,0.5984926819801331,0.0988822132349014,0.021957604214549,Documentary
0.0600133202970027,0.9157138466835022,0.0048691243864595,0.0006470738444477,0.0138756884261965,0.0036031680647283,0.0012777195079252,Documentary
0.0134439086541533,0.0288056768476963,0.8008658289909363,0.003177111968398,0.0960820317268371,0.0527646504342556,0.0048609352670609,Documentary
0.0084876809269189,0.007636338006705,0.0014844785910099,0.0014526608865708,0.0283695813268423,0.9459148049354552,0.0066543729044497,Documentary
0.0084725646302104,0.0055263312533497,0.0020512214396148,0.2422211468219757,0.6660957932472229,0.0224957522004842,0.0531371459364891,Documentary
0.0068959374912083,0.0163557585328817,0.0031059607863426,0.0057851006276905,0.8700534105300903,0.0645391270518302,0.0332647375762462,Documentary
0.0145257078111171,0.0390506200492382,0.003903352189809,0.0539882406592369,0.3457226455211639,0.5141043066978455,0.0287051200866699,Documentary
0.0204155370593071,0.0426722764968872,0.0039029703475534,0.6537829041481018,0.255816251039505,0.0188624188303947,0.004547731950879,Documentary
