anger,disgust,fear,joy,neutral,sadness,surprise,genre
0.0674155130982399,0.8208852410316467,0.0908519178628921,0.0039764903485774,0.0084033189341425,0.0066895647905766,0.0017778980545699,Romance_Film
0.0299651324748992,0.3254684507846832,0.0065716528333723,0.1797941923141479,0.2905487418174743,0.1457866877317428,0.021865140646696,Romance_Film
0.0188710950314998,0.515112578868866,0.0032686698250472,0.2058304697275161,0.1642699390649795,0.0799368172883987,0.0127104129642248,Romance_Film
0.618922233581543,0.2865928113460541,0.0114166028797626,0.001480596140027,0.0524696968495845,0.0269148219376802,0.0022032076958566,Romance_Film
0.8838290572166443,0.0884778797626495,0.0029459183569997,0.000658442499116,0.0170132759958505,0.0056697367690503,0.0014056983636692,Romance_Film
0.8982638120651245,0.0651279613375663,0.0024199946783483,0.0006318865343928,0.023556500673294,0.0072774668224155,0.0027223292272537,Romance_Film
0.024810804054141,0.0997953787446022,0.0145703256130218,0.2946963012218475,0.4681968986988067,0.0801161974668502,0.0178140867501497,Romance_Film
0.0722779035568237,0.1356415748596191,0.0564514473080635,0.0112975751981139,0.6917209029197693,0.0257973670959472,0.0068132537417113,Romance_Film
0.5449983477592468,0.3917197585105896,0.034056469798088,0.0008738044416531,0.0145642459392547,0.0119336359202861,0.0018536632414907,Romance_Film
0.0772019475698471,0.8263616561889648,0.0097684497013688,0.0058765280991792,0.0757454857230186,0.0027237562462687,0.0023221117444336,Romance_Film
0.0159320645034313,0.8822644948959351,0.0151699744164943,0.0009158613393083,0.0566812679171562,0.0258011203259229,0.0032351438421756,Romance_Film
