anger,disgust,fear,joy,neutral,sadness,surprise,genre
0.0133738629519939,0.1015230417251586,0.0760675817728042,0.1448991596698761,0.6159394383430481,0.023801514878869,0.024395428597927,Drama
0.008089461363852,0.0249750781804323,0.0039492473006248,0.4937708675861358,0.431887537240982,0.0175656992942094,0.0197621993720531,Drama
0.0082299225032329,0.0153667628765106,0.0038992103654891,0.2280359864234924,0.7064922451972961,0.0224895998835563,0.01548617426306,Drama
0.0414199605584144,0.0116110183298587,0.0521209761500358,0.0076563511975109,0.1991881728172302,0.6451532244682312,0.0428503155708313,Drama
0.0729658976197242,0.1183321848511695,0.008194182999432,0.0729714557528495,0.6900619268417358,0.0341907478868961,0.0032836429309099,Drama
0.009736887179315,0.0109074646607041,0.0176380146294832,0.0949611589312553,0.7815118432044983,0.0029948852024972,0.0822497084736824,Drama
0.0023922561667859,0.0034194735344499,0.0004611363401636,0.9641565084457396,0.0186666119843721,0.0064987409859895,0.0044053080491721,Drama
0.0048565636388957,0.0036097234115004,0.0004945275723002,0.8975682258605957,0.0729944035410881,0.0169934891164302,0.0034831461962312,Drama
0.0963378250598907,0.0044479561038315,0.2439774423837661,0.0133944908156991,0.0775321424007415,0.0550293810665607,0.5092807412147522,Drama
0.0183793418109416,0.0080259768292307,0.0083349216729402,0.1232066750526428,0.7692471146583557,0.0074606775306165,0.0653452798724174,Drama
0.4406431913375854,0.0261187870055437,0.06052266061306,0.0208136718720197,0.405569851398468,0.0427659638226032,0.0035658448468893,Drama
0.0395026244223117,0.4082632660865783,0.0300217773765325,0.0060909413732588,0.339407354593277,0.1697701066732406,0.0069438414648175,Drama
0.0149275064468383,0.5971882939338684,0.1076893284916877,0.0029138373211026,0.2046354860067367,0.0234725214540958,0.0491730608046054,Drama
0.0349893048405647,0.457175076007843,0.0053726355545222,0.011326870881021,0.4784066379070282,0.0075511247850954,0.0051783788949251,Drama
0.0032754773274064,0.00446222955361,0.8548766374588013,0.0057107382453978,0.1031850576400756,0.0250085312873125,0.0034814425744116,Drama
0.7725842595100403,0.0457275286316871,0.0496032238006591,0.0015093733090907,0.0752736032009124,0.0501031726598739,0.0051987161859869,Drama
0.0010943856323137,0.0109871253371238,0.0036746459081768,0.0025087627582252,0.0268373060971498,0.9474539160728456,0.0074439239688217,Drama
0.0063782432116568,0.0224645715206861,0.0060698366723954,0.0059453570283949,0.9384584426879884,0.0145995756611227,0.0060839420184493,Drama
