anger,disgust,fear,joy,neutral,sadness,surprise,genre
0.0202796831727027,0.2068457156419754,0.1914856433868408,0.0026646046899259,0.1474828869104385,0.4267571866512298,0.0044842879287898,Action_Adventure
0.0519144497811794,0.2657941877841949,0.0316677093505859,0.0138704515993595,0.5927705764770508,0.0380803495645523,0.0059023322537541,Action_Adventure
0.7615359425544739,0.1547631919384002,0.0464113391935825,0.0017567879986017,0.0206005927175283,0.0120426481589674,0.0028894611168652,Action_Adventure
0.3576937317848205,0.3934540748596191,0.0047124386765062,0.0015906476182863,0.2173303812742233,0.019328398630023,0.0058902753517031,Action_Adventure
0.432616651058197,0.0890789330005645,0.0080472528934478,0.0015436236280947,0.0845061168074607,0.3724779486656189,0.0117295058444142,Action_Adventure
0.1783495247364044,0.7882391810417175,0.0029792052228003,0.0009330504690296,0.0105768255889415,0.0181105509400367,0.0008117143879644,Action_Adventure
0.0178800448775291,0.0217945016920566,0.0143773267045617,0.0029587741009891,0.0417609550058841,0.8851062059402466,0.0161222554743289,Action_Adventure
0.0114021562039852,0.0491264276206493,0.0072429217398166,0.0022955611348152,0.8583553433418274,0.0587738677859306,0.0128038134425878,Action_Adventure
0.5420083403587341,0.1239948570728302,0.2120862007141113,0.0076389405876398,0.0641067922115325,0.0450031086802482,0.005161736626178,Action_Adventure
0.0249144248664379,0.0073428638279438,0.051186416298151,0.010791658423841,0.8851776123046875,0.0165247060358524,0.0040622190572321,Action_Adventure
0.0306373927742242,0.0655181109905242,0.7102435231208801,0.0019064948428422,0.0331102199852466,0.1551590114831924,0.0034253478515893,Action_Adventure
0.0019420450553297,0.0151764545589685,0.0580365881323814,0.0027525858022272,0.0529039576649665,0.8524162769317627,0.016772162169218,Action_Adventure
0.0043481299653649,0.0344858020544052,0.0090169236063957,0.0071261222474277,0.9057067632675172,0.0192504171282053,0.0200658403337001,Action_Adventure
0.0060221906751394,0.025042537599802,0.0489089339971542,0.08414176851511,0.8035508990287781,0.0153359398245811,0.0169978067278862,Action_Adventure
0.0413501411676406,0.0735310912132263,0.0610331483185291,0.0125124296173453,0.7747699022293091,0.023481011390686,0.0133222779259085,Action_Adventure
0.4039541482925415,0.1482017636299133,0.0142173590138554,0.0012584932846948,0.0589873827993869,0.3689905405044555,0.0043903198093175,Action_Adventure
0.0306348782032728,0.1010506302118301,0.0078042992390692,0.0211461316794157,0.6036708354949951,0.2330089807510376,0.0026843298692256,Action_Adventure
0.0277695078402757,0.199636772274971,0.0096669364720582,0.0868159458041191,0.380042552947998,0.2901317179203033,0.0059365564957261,Action_Adventure
0.0292007010430097,0.2247521579265594,0.0237583443522453,0.0031799916177988,0.2081492692232132,0.502605140209198,0.0083544487133622,Action_Adventure
0.0084780743345618,0.0075787184759974,0.0041089486330747,0.0189504791051149,0.0327101424336433,0.9206203818321228,0.0075533129274845,Action_Adventure
0.4885096251964569,0.0466066114604473,0.0358894802629947,0.0078876493498682,0.3752269744873047,0.0403783321380615,0.0055012861266732,Action_Adventure
0.0021527220960706,0.0110921105369925,0.0029999238904565,0.0032141329720616,0.0545048490166664,0.9216855764389038,0.0043506543152034,Action_Adventure
0.0095282513648271,0.0123745556920766,0.0050977929495275,0.0372609943151474,0.8519653677940369,0.0066313743591308,0.077141523361206,Action_Adventure
0.4791122078895569,0.0429224632680416,0.3462487161159515,0.0088056568056344,0.0544691309332847,0.0443247519433498,0.0241171531379222,Action_Adventure
0.2584666609764099,0.4016660749912262,0.0936485826969146,0.0055621550418436,0.2135947793722152,0.0143463695421814,0.0127153182402253,Action_Adventure
0.0160718448460102,0.0017517483793199,0.0120149124413728,0.0760403573513031,0.2392880469560623,0.0057629025541245,0.6490702033042908,Action_Adventure
0.5747365355491638,0.0308987461030483,0.2321897000074386,0.0037462073378264,0.12178485840559,0.0189192853868007,0.0177246015518903,Action_Adventure
0.027839558199048,0.0142789855599403,0.0037969066761434,0.0097435945644974,0.9222090244293212,0.0142074413597583,0.0079244971275329,Action_Adventure
0.0059706759639084,0.0035984562709927,0.0024660122580826,0.8926920294761658,0.0600061938166618,0.0183591935783624,0.0169074796140193,Action_Adventure
