anger,disgust,fear,joy,neutral,sadness,surprise,genre
0.0106955366209149,0.1025351285934448,0.0686807632446289,0.0156653337180614,0.7709149122238159,0.0118216760456562,0.019686609506607,Coming_of_age
0.0789427980780601,0.5738040208816528,0.2688311338424682,0.0014456602511927,0.0415580086410045,0.0330927111208438,0.0023255634587258,Coming_of_age
0.6530846953392029,0.2579084634780884,0.0060933893546462,0.0015686048427596,0.0599318780004978,0.0177241209894418,0.0036888271570205,Coming_of_age
0.0153492456302046,0.6070757508277893,0.0087920892983675,0.0865887701511383,0.2562139928340912,0.0136021338403224,0.0123779205605387,Coming_of_age
0.0151587892323732,0.0277226213365793,0.0035581614356487,0.841553270816803,0.0932667404413223,0.0052888765931129,0.0134515231475234,Coming_of_age
0.0149166686460375,0.007748638279736,0.0019434657879173,0.0330677181482315,0.8440034985542297,0.0031046797521412,0.0952152237296104,Coming_of_age
0.0124030075967311,0.0402229167520999,0.1926039159297943,0.2166761457920074,0.4478189051151275,0.0135495271533727,0.0767256394028663,Coming_of_age
0.028440237045288,0.0388525947928428,0.0280159283429384,0.0104340082034468,0.1047531589865684,0.7793716192245483,0.0101324981078505,Coming_of_age
0.9620457291603088,0.0112740164622664,0.0062414295971393,0.0007123539689928,0.0132607230916619,0.0028293437790125,0.003636420937255,Coming_of_age
0.0040968302637338,0.0092484718188643,0.0059201433323323,0.2719393670558929,0.3133275210857391,0.3640177547931671,0.0314499586820602,Coming_of_age
0.2420609891414642,0.4593042135238647,0.0115095935761928,0.0040637026540935,0.105786845088005,0.1741139590740203,0.0031608359422534,Coming_of_age
0.03030576556921,0.0752524957060813,0.0033468825276941,0.0230361092835664,0.8551456928253174,0.0089347977191209,0.0039784009568393,Coming_of_age
0.0346629545092582,0.3635709881782532,0.0795269683003425,0.0186125747859478,0.4599147737026214,0.019115412607789,0.0245962608605623,Coming_of_age
0.0180243477225303,0.0325752608478069,0.0015609738184139,0.6740047931671143,0.2207265198230743,0.008124248124659,0.0449838377535343,Coming_of_age
0.0165206789970397,0.6217394471168518,0.0101498067378997,0.0013989529106765,0.0325649715960025,0.3116700649261474,0.0059560579247772,Coming_of_age
0.1837092190980911,0.7734219431877136,0.0022790883667767,0.001682138768956,0.0298396851867437,0.0072522242553532,0.0018156487494707,Coming_of_age
0.0798030793666839,0.0722076743841171,0.0034416404087096,0.0324772745370864,0.7967079877853394,0.0124524924904108,0.0029097986407577,Coming_of_age
0.0255753435194492,0.0090082734823226,0.0113657927140593,0.6007199883460999,0.2252881675958633,0.0081731490790843,0.1198692396283149,Coming_of_age
0.0059327417984604,0.0052304505370557,0.0013346204068511,0.8955123424530029,0.0579151138663291,0.01789709366858,0.0161776430904865,Coming_of_age
0.0033662023488432,0.0206448417156934,0.002564436988905,0.0030315052717924,0.0712966099381446,0.8943853974342346,0.004710994195193,Coming_of_age
0.0264972168952226,0.0340623781085014,0.0012256287736818,0.0105171194300055,0.9070259928703308,0.0099902963265776,0.0106814764440059,Coming_of_age
0.0054047391749918,0.0059065693058073,0.0020667035132646,0.3178257048130035,0.5720848441123962,0.051421083509922,0.0452903285622596,Coming_of_age
0.5751107931137085,0.120455726981163,0.0078638605773448,0.002251079538837,0.0872038751840591,0.2019083052873611,0.0052064014598727,Coming_of_age
0.0300410818308591,0.0398454628884792,0.0483665354549884,0.0027803459670394,0.0303783919662237,0.8460756540298462,0.0025125183165073,Coming_of_age
0.0488195866346359,0.0839956477284431,0.0034542966168373,0.0755538269877433,0.7508217096328735,0.0076556201092898,0.0296993386000394,Coming_of_age
0.0214622467756271,0.0043987496756017,0.0468162931501865,0.0023417614866048,0.0376530922949314,0.0026632654480636,0.8846645951271057,Coming_of_age
0.0614587515592575,0.0268440134823322,0.0530037246644496,0.0306249149143695,0.715949296951294,0.0328173153102397,0.0793019607663154,Coming_of_age
0.0186728704720735,0.027460029348731,0.0019971863366663,0.6100594401359558,0.2799275517463684,0.0509889759123325,0.0108939660713076,Coming_of_age
0.0055279778316617,0.0550361238420009,0.1046996638178825,0.0057556666433811,0.1728769689798355,0.6216568350791931,0.0344467535614967,Coming_of_age
0.1583466827869415,0.200776994228363,0.0047344379127025,0.2197296619415283,0.3777705729007721,0.0264336019754409,0.0122080519795417,Coming_of_age
0.0015331560280174,0.0035671349614858,0.0015738657675683,0.0030983248725533,0.0164096821099519,0.9680078625679016,0.0058099054731428,Coming_of_age
0.0741730332374572,0.151883915066719,0.1927047371864318,0.005196364596486,0.499636560678482,0.0294680017977952,0.046937383711338,Coming_of_age
