anger,disgust,fear,joy,neutral,sadness,surprise,genre
0.0214089788496494,0.0034812281373888,0.9591889381408693,0.000627914443612,0.0021646732930094,0.0088406894356012,0.004287663847208,Horror
0.0480058565735816,0.0063211037777364,0.5064117908477783,0.006726621184498,0.1981143355369568,0.1194133833050727,0.1150069236755371,Horror
0.0127728851512074,0.5875328183174133,0.2021515369415283,0.0030859264079481,0.0834620893001556,0.0045266295783221,0.1064680889248848,Horror
0.0115914922207593,0.0060740113258361,0.0278357304632663,0.1367993056774139,0.4178293645381927,0.372679054737091,0.0271910037845373,Horror
0.3101511597633362,0.0917036905884742,0.0090159056708216,0.002559634624049,0.0999549999833107,0.4800634086132049,0.0065511716529726,Horror
0.0365064516663551,0.0117225470021367,0.0393338240683078,0.0019586514681577,0.2750902771949768,0.6160523295402527,0.0193358622491359,Horror
0.0295252464711666,0.0692273899912834,0.031535618007183,0.0039266273379325,0.5772726535797119,0.2833048701286316,0.0052076294086873,Horror
0.021768182516098,0.0231336299329996,0.0403686352074146,0.0041388724930584,0.5729312300682068,0.314549446105957,0.0231100283563137,Horror
0.0069503774866461,0.0079052196815609,0.0031150125432759,0.0239445809274911,0.9399726986885072,0.0030801678076386,0.0150319710373878,Horror
0.0112731959670782,0.0069865486584603,0.0041993539780378,0.1177471727132797,0.8370444774627686,0.0072595211677253,0.015489718876779,Horror
0.0222526043653488,0.7670904397964478,0.0107945669442415,0.0034155647736042,0.1620175689458847,0.017729764804244,0.016699569299817,Horror
0.0167163833975791,0.0224625170230865,0.0440359227359294,0.0567417442798614,0.8296806216239929,0.0113230114802718,0.019039761275053,Horror
0.0456800684332847,0.0760150924324989,0.0285104028880596,0.0025219053495675,0.6943575739860535,0.1457306146621704,0.0071843322366476,Horror
0.1299886107444763,0.0319142490625381,0.4486852288246155,0.0582239478826522,0.2671665847301483,0.0449837557971477,0.019037565216422,Horror
0.0094555169343948,0.112452358007431,0.0070868511684238,0.0278227552771568,0.8175501823425293,0.0077596181072294,0.0178726576268672,Horror
0.4217092394828796,0.1955678910017013,0.0203928872942924,0.004170024767518,0.285783052444458,0.0253161173313856,0.0470607578754425,Horror
0.1302860826253891,0.377575010061264,0.0462742708623409,0.0049383682198822,0.3630149960517883,0.0707477480173111,0.0071635083295404,Horror
0.1474688053131103,0.6880227327346802,0.0314154326915741,0.0011741033522412,0.0770249888300895,0.0185243170708417,0.0363695621490478,Horror
0.0053213387727737,0.9735518097877502,0.0046446723863482,0.0003378334513399,0.0114746447652578,0.0031461315229535,0.0015235744649544,Horror
0.0928626805543899,0.2131151407957077,0.1390728503465652,0.0024560284800827,0.0649404674768447,0.4791764616966247,0.0083764102309942,Horror
0.0848032310605049,0.0681369081139564,0.2061695903539657,0.0047919885255396,0.5459543466567993,0.0783400312066078,0.0118039716035127,Horror
0.019847197458148,0.0570348016917705,0.7043774724006653,0.0013328081695362,0.0732257142663002,0.1083756536245346,0.0358063839375972,Horror
0.0578954294323921,0.6047294735908508,0.0382716655731201,0.0013392022810876,0.221961110830307,0.0388377606868743,0.0369653441011905,Horror
0.7152757048606873,0.078491672873497,0.1287339776754379,0.0021925528999418,0.0657575950026512,0.0053150770254433,0.0042334245517849,Horror
0.0084656309336423,0.0120022213086485,0.0083742355927824,0.0128207327798008,0.9405041933059692,0.009495879523456,0.0083371298387646,Horror
0.0664958730340004,0.1524152904748916,0.0482576116919517,0.0039524026215076,0.2609120309352875,0.4275920689105987,0.0403747484087944,Horror
0.3899954259395599,0.5481555461883545,0.029109563678503,0.0010986501583829,0.0184838827699422,0.0082724820822477,0.0048845126293599,Horror
0.0076341638341546,0.0745372474193573,0.0053040240891277,0.0116659877821803,0.6790225505828857,0.2119866609573364,0.0098493192344903,Horror
0.1031379103660583,0.1153055429458618,0.0087989149615168,0.001882575219497,0.7510892748832703,0.0132928024977445,0.0064929141663014,Horror
0.3104192018508911,0.1033445298671722,0.4939945936203003,0.0015797615051269,0.0396131128072738,0.0260517131537199,0.0249971114099025,Horror
0.0243295393884181,0.1699141710996627,0.0124345878139138,0.0030884332954883,0.7555489540100098,0.0150938928127288,0.0195904150605201,Horror
0.0085925916209816,0.0317529588937759,0.0113562447950243,0.0042904857546091,0.7546050548553467,0.0313065946102142,0.1580961197614669,Horror
0.0341044887900352,0.226251795887947,0.0439487062394619,0.0027996324934065,0.4605597257614136,0.1899256706237793,0.0424099452793598,Horror
0.4661412537097931,0.3622720241546631,0.0239707939326763,0.0016507607651874,0.1302157789468765,0.0125864651054143,0.003162911394611,Horror
0.1267423331737518,0.8333117961883545,0.0094875302165746,0.0006235727923922,0.0210483632981777,0.0069357003085315,0.0018508123466745,Horror
0.0161481462419033,0.039949856698513,0.0097300121560692,0.0108599867671728,0.7473878264427185,0.1411897391080856,0.0347343683242797,Horror
0.0912805944681167,0.0463308952748775,0.6431300044059753,0.0060280296020209,0.1310481578111648,0.0344893373548984,0.0476929768919944,Horror
0.110477976500988,0.0601032525300979,0.0069066565483808,0.004758333787322,0.7249098420143127,0.0822135731577873,0.010630352422595,Horror
0.1658069789409637,0.3758434951305389,0.016314847394824,0.0052842474542558,0.4206943213939667,0.0075839632190763,0.0084720170125365,Horror
0.0254988316446542,0.937463402748108,0.0106606343761086,0.0004382467304822,0.0139204151928424,0.0092540951445698,0.0027644052170217,Horror
0.00706272944808,0.0039922520518302,0.0067319902591407,0.0041938875801861,0.9645610451698304,0.0062864804640412,0.0071717211976647,Horror
0.0816329941153526,0.7325564622879028,0.0210812836885452,0.0027340368833392,0.1519538462162017,0.0057226005010306,0.004318768158555,Horror
0.0781899243593216,0.5657439827919006,0.0097998119890689,0.001936669810675,0.3249033987522125,0.0154850725084543,0.0039412104524672,Horror
0.5509516000747681,0.333957314491272,0.0173366665840148,0.001539901131764,0.0765303596854209,0.016180021688342,0.003504192456603,Horror
0.16999551653862,0.0126867797225713,0.3530400693416595,0.0036062048748135,0.2049926966428756,0.0240873005241155,0.2315914332866668,Horror
0.279237687587738,0.2048976570367813,0.0686278343200683,0.0023148821201175,0.2720792293548584,0.028850944712758,0.1439917385578155,Horror
0.3798413574695587,0.0603529512882232,0.1778662949800491,0.0061013554222881,0.3490542471408844,0.0237714760005474,0.0030123211909085,Horror
0.1115371584892273,0.2142903208732605,0.0356231033802032,0.0077944700606167,0.6044788360595703,0.0124457227066159,0.0138302715495228,Horror
0.0665516555309295,0.3005501925945282,0.008769747801125,0.0027527918573468,0.5453923940658569,0.0409350022673606,0.0350481979548931,Horror
0.043299451470375,0.6993167400360107,0.0193826984614133,0.0021791993640363,0.0916826799511909,0.1295391172170639,0.0146000608801841,Horror
0.0716320499777793,0.0654952898621559,0.4143884479999542,0.0036593845579773,0.3927655816078186,0.0362887904047966,0.0157704316079616,Horror
0.0690198317170143,0.0351057834923267,0.0479479730129241,0.2076629996299743,0.6019511818885803,0.0089814011007547,0.0293307900428771,Horror
0.1151596456766128,0.6834703683853149,0.0496454760432243,0.001904958859086,0.1165097430348396,0.0090016173198819,0.0243081413209438,Horror
0.5908187627792358,0.159516155719757,0.0876935869455337,0.0021730083972215,0.0188306216150522,0.1111070662736892,0.0298608224838972,Horror
0.0381480678915977,0.393811970949173,0.0437692292034626,0.0146841499954462,0.4622469544410705,0.0387850366532802,0.0085545517504215,Horror
