anger,disgust,fear,joy,neutral,sadness,surprise,genre
0.0132876029238104,0.044588066637516,0.7019699215888977,0.007795266341418,0.049494557082653,0.0286273434758186,0.154237300157547,Zombie_Film
0.0145460264757275,0.5334352254867554,0.1420428454875946,0.0051077520474791,0.1198186129331588,0.1209396049380302,0.0641099140048027,Zombie_Film
0.0231553819030523,0.013490779325366,0.004879203159362,0.5355318784713745,0.338498443365097,0.0495529882609844,0.0348913632333278,Zombie_Film
0.0029716298449784,0.0014868453145027,0.9499530792236328,0.0042342511005699,0.0210961811244487,0.0179647617042064,0.0022932204883545,Zombie_Film
0.0050596441142261,0.0035508985165506,0.0017207021592184,0.7512271404266357,0.165713757276535,0.0106419008225202,0.0620860047638416,Zombie_Film
0.8711264729499817,0.0508946515619754,0.0115039525553584,0.0017551246564835,0.0491432249546051,0.0140753658488392,0.0015011997893452,Zombie_Film
0.4137346744537353,0.0861652418971061,0.0043211001902818,0.0033266658429056,0.4676282405853271,0.0201025363057851,0.0047215740196406,Zombie_Film
0.0414070263504982,0.0762137547135353,0.0551045574247837,0.0048736040480434,0.8025696277618408,0.0108286058530211,0.0090027814731001,Zombie_Film
0.8514997959136963,0.0238120295107364,0.0032347869127988,0.001569413812831,0.1017639935016632,0.0084971990436315,0.009622735902667,Zombie_Film
0.088244043290615,0.3724137246608734,0.2895554006099701,0.0082753039896488,0.1669041514396667,0.0682521685957908,0.0063552325591444,Zombie_Film
0.0490377321839332,0.6798465251922607,0.0591658353805542,0.0023146234452724,0.0990330800414085,0.1058105155825614,0.004791613202542,Zombie_Film
0.3468979001045227,0.5506076216697693,0.0277599915862083,0.0014609153149649,0.0494994409382343,0.0197509732097387,0.0040231305174529,Zombie_Film
0.0108020715415477,0.3081202805042267,0.0653179511427879,0.0038945223204791,0.3050866723060608,0.2998178601264953,0.0069606327451765,Zombie_Film
0.0250422228127717,0.1815661042928695,0.2491620033979416,0.0174817014485597,0.4854191541671753,0.0282142776995897,0.0131145315244793,Zombie_Film
0.5909168720245361,0.1682416200637817,0.0910310968756675,0.0029765591025352,0.131048172712326,0.0101909339427948,0.0055947974324226,Zombie_Film
0.0640373528003692,0.5443397164344788,0.0867225676774978,0.0024731680750846,0.2616221308708191,0.0245459899306297,0.0162590444087982,Zombie_Film
0.1663530319929123,0.0721540674567222,0.3983383178710937,0.0022198993247002,0.1212491020560264,0.2295631319284439,0.0101224491372704,Zombie_Film
0.0309094693511724,0.0261266008019447,0.1066791862249374,0.0056487303227186,0.4608364105224609,0.0839051753282547,0.2858944535255432,Zombie_Film
0.258271723985672,0.0948598459362983,0.0194591097533702,0.0013013242278248,0.0569703616201877,0.5626588463783264,0.0064787757582962,Zombie_Film
0.0206614471971988,0.0129753546789288,0.0367293283343315,0.0065330225042998,0.8407047986984253,0.0559064745903015,0.0264895390719175,Zombie_Film
0.0312681794166564,0.1887004673480987,0.0310985706746578,0.002088364213705,0.6580024361610413,0.0673839226365089,0.0214580744504928,Zombie_Film
0.0174037087708711,0.4118783175945282,0.3206329345703125,0.0078248428180813,0.1799293756484985,0.0115476176142692,0.0507831946015358,Zombie_Film
0.019664654508233,0.5469173192977905,0.1342072635889053,0.0041555762290954,0.2192397117614746,0.0156880728900432,0.0601274892687797,Zombie_Film
0.0087683834135532,0.0291130077093839,0.0052449381910264,0.0041337381117045,0.9245157837867736,0.0096136666834354,0.0186104811728,Zombie_Film
0.5292921662330627,0.0832783952355384,0.1617770045995712,0.0062808017246425,0.1681103706359863,0.0359683409333229,0.0152928549796342,Zombie_Film
0.012442784383893,0.0044504683464765,0.0075642452575266,0.0333746522665023,0.9084577560424804,0.0074350507929921,0.0262750759720802,Zombie_Film
0.5262781977653503,0.0660744458436966,0.1094097271561622,0.0023700504098087,0.1227017119526863,0.1593738496303558,0.0137920323759317,Zombie_Film
0.1433417946100235,0.0120525415986776,0.77333003282547,0.0015997864538803,0.0206969883292913,0.0368388481438159,0.0121400356292724,Zombie_Film
0.1172771975398063,0.0100787933915853,0.8455138802528381,0.0010291030630469,0.0015752726467326,0.0221952646970748,0.0023304666392505,Zombie_Film
0.022554937750101,0.8384204506874084,0.1048349440097808,0.0006141550838947,0.0181337613612413,0.0129918726161122,0.0024498424027115,Zombie_Film
0.0788778215646743,0.1544981151819229,0.0079011684283614,0.0051838844083249,0.725814700126648,0.0245927534997463,0.0031315714586526,Zombie_Film
0.0921270623803138,0.2589268088340759,0.2946125864982605,0.0052102115005254,0.3092918395996094,0.0296915173530578,0.0101399458944797,Zombie_Film
0.0372663848102092,0.8702372312545776,0.0214209668338298,0.0010785938939079,0.053507175296545,0.0073368269950151,0.0091528687626123,Zombie_Film
0.0597082190215587,0.0104096392169594,0.2887555956840515,0.0091209858655929,0.4924221336841583,0.0195854417979717,0.1199980303645134,Zombie_Film
0.0263710878789424,0.0388104021549224,0.5760125517845154,0.0067023611627519,0.3204356431961059,0.0256727524101734,0.0059952004812657,Zombie_Film
0.2185710072517395,0.0415460653603076,0.2866882085800171,0.0134685616940259,0.3133040070533752,0.0888289511203765,0.0375932790338993,Zombie_Film
0.1041978374123573,0.2303521633148193,0.0521335080265998,0.005394659936428,0.5768172144889832,0.0251966193318367,0.0059080407954752,Zombie_Film
0.0775244757533073,0.0486349649727344,0.2305712848901748,0.0066720750182867,0.3001164495944977,0.2834011316299438,0.0530796013772487,Zombie_Film
0.1748888194561004,0.4936111271381378,0.0804568603634834,0.0029452359303832,0.2323225140571594,0.0104480981826782,0.0053274040110409,Zombie_Film
0.1557572931051254,0.1600180715322494,0.0967201292514801,0.0109872017055749,0.5289493203163147,0.0383256040513515,0.0092423958703875,Zombie_Film
0.1957564055919647,0.0410779975354671,0.0349243730306625,0.0508268103003501,0.5124076008796692,0.1355610787868499,0.0294457413256168,Zombie_Film
0.0193976536393165,0.6800510287284851,0.044603157788515,0.0017653929535299,0.1689849346876144,0.079524427652359,0.0056733186356723,Zombie_Film
0.1924749314785003,0.4081053435802459,0.2601913511753082,0.0019596256315708,0.1117282435297966,0.0210523251444101,0.0044882856309413,Zombie_Film
0.6023412346839905,0.0136805539950728,0.0555077157914638,0.0053497003391385,0.2636905610561371,0.0114385625347495,0.0479916259646415,Zombie_Film
