anger,disgust,fear,joy,neutral,sadness,surprise,genre
0.004786716774106,0.0026291403919458,0.0029176126699894,0.7652493715286255,0.1651937365531921,0.0265365988016128,0.0326867774128913,Science_Fiction
0.1225585043430328,0.0316199697554111,0.272738516330719,0.002658947603777,0.0730158984661102,0.3959122002124786,0.1014958471059799,Science_Fiction
0.4162239730358124,0.1114321798086166,0.0629788115620613,0.0031826677732169,0.2032555937767028,0.196568101644516,0.0063586523756384,Science_Fiction
0.0385933779180049,0.9165878891944884,0.0250776205211877,0.0007209458854049,0.0134446015581488,0.0022864248603582,0.0032891749870032,Science_Fiction
0.1018138229846954,0.6394487023353577,0.0471444576978683,0.0014487210428342,0.153637558221817,0.0086241355165839,0.0478825233876705,Science_Fiction
0.0390696302056312,0.009669791907072,0.936165452003479,0.0006883043679408,0.0046938871964812,0.0052167405374348,0.0044961376115679,Science_Fiction
0.1621129959821701,0.0519784912467002,0.0770304128527641,0.0095462203025817,0.2157524973154068,0.4322247207164764,0.0513546168804168,Science_Fiction
0.1746542602777481,0.0151553219184279,0.7767102122306824,0.000869573035743,0.0039915703237056,0.0189794544130563,0.0096395257860422,Science_Fiction
0.0380212366580963,0.0043601091019809,0.6321426033973694,0.0055799526162445,0.2178105264902115,0.0445550382137298,0.0575304664671421,Science_Fiction
0.4534249305725097,0.2673957347869873,0.0703114420175552,0.0028112127911299,0.1511634439229965,0.0399191081523895,0.0149741359055042,Science_Fiction
0.1082681789994239,0.7204758524894714,0.0388318113982677,0.0028044991195201,0.0684614852070808,0.0581760630011558,0.0029821030329912,Science_Fiction
0.0032667615450918,0.0065134936012327,0.0045181871391832,0.031010128557682,0.9318073987960817,0.005786377005279,0.0170976240187883,Science_Fiction
0.0013046349631622,0.0020367715042084,0.0172865074127912,0.0020377615001052,0.0079432856291532,0.9630501866340636,0.0063408459536731,Science_Fiction
0.0963456556200981,0.7922121286392212,0.0106448447331786,0.0010721394792199,0.0807382091879844,0.012723577208817,0.0062633464112877,Science_Fiction
0.0121030965819954,0.5674614906311035,0.0416348613798618,0.002357016550377,0.1848389506340026,0.1405302286148071,0.0510744713246822,Science_Fiction
0.1533901840448379,0.1820597350597381,0.0066176704131066,0.0021787551231682,0.2012043595314026,0.4404166936874389,0.0141326682642102,Science_Fiction
0.0035244326572865,0.9770345687866212,0.0035891847219318,0.0005021425313316,0.0106882294639945,0.0032217872794717,0.0014396313345059,Science_Fiction
0.0086004473268985,0.9682515263557434,0.0085910912603139,0.0002234007406514,0.0077825165353715,0.0051685920916497,0.0013825610512867,Science_Fiction
0.0723177045583725,0.079727403819561,0.1111793667078018,0.0043138354085385,0.203145682811737,0.2165795117616653,0.3127365112304687,Science_Fiction
0.0064590154215693,0.0052330452017486,0.0022622994147241,0.0944937691092491,0.7780895233154297,0.0328132100403308,0.0806491300463676,Science_Fiction
0.2346081435680389,0.0190611649304628,0.0238876715302467,0.0071817310526967,0.6783024072647095,0.0171356033533811,0.0198233015835285,Science_Fiction
0.070787563920021,0.0957389771938324,0.0246386621147394,0.002133606467396,0.733757495880127,0.0455823577940464,0.0273612570017576,Science_Fiction
0.271860271692276,0.0544468462467193,0.5993911623954773,0.0022612933535128,0.0431693345308303,0.0119310924783349,0.0169399715960025,Science_Fiction
0.0701754763722419,0.0098369615152478,0.851530134677887,0.0018406410235911,0.0453109368681907,0.0158992260694503,0.0054065459407866,Science_Fiction
0.9423892498016356,0.0245109144598245,0.0098664006218314,0.000646335829515,0.0160115789622068,0.0031363535672426,0.0034391731023788,Science_Fiction
0.0810109972953796,0.0134098147973418,0.1807235777378082,0.0147538799792528,0.6223987340927124,0.0724235400557518,0.0152795147150754,Science_Fiction
0.4227115213871002,0.0252377390861511,0.3018299043178558,0.0024289656430482,0.1557621359825134,0.0757978484034538,0.0162319354712963,Science_Fiction
0.1090046316385269,0.0938697457313537,0.0240206513553857,0.0049810027703642,0.6286311745643616,0.0148725025355815,0.1246203631162643,Science_Fiction
0.7858831882476807,0.0787405669689178,0.0176293849945068,0.0034242018591612,0.068526953458786,0.0347315073013305,0.0110641997307538,Science_Fiction
0.0857072919607162,0.5210228562355042,0.2178320288658142,0.0025629005394876,0.1372495591640472,0.0216288212686777,0.0139965061098337,Science_Fiction
0.6410365104675293,0.168400228023529,0.0148697523400187,0.0008775045280344,0.0613831281661987,0.1021712347865104,0.0112617146223783,Science_Fiction
0.091092936694622,0.0373383425176143,0.1459544748067855,0.0038135405629873,0.1647527366876602,0.0798453837633133,0.4772025346755981,Science_Fiction
0.0811633616685867,0.1169620379805564,0.0093019744381308,0.0093001369386911,0.7520112991333008,0.0082815093919634,0.0229797177016735,Science_Fiction
0.0583923943340778,0.0396910682320594,0.3317711055278778,0.0027407919988036,0.2147998660802841,0.3304720818996429,0.0221327468752861,Science_Fiction
0.019028628244996,0.741237998008728,0.0543662644922733,0.0013191273901611,0.0516466982662677,0.0795459300279617,0.0528554134070873,Science_Fiction
0.541982889175415,0.2056394219398498,0.0639238953590393,0.0014102720888331,0.0924163311719894,0.0650041401386261,0.029623094946146,Science_Fiction
0.5812723636627197,0.0716394111514091,0.0642546489834785,0.0009666547994129,0.0355230495333671,0.2154687345027923,0.0308751799166202,Science_Fiction
0.0095744561403989,0.0172544568777084,0.0065254643559455,0.0080231027677655,0.9401518106460572,0.0154049582779407,0.0030657926108688,Science_Fiction
0.6344189643859863,0.1530978679656982,0.0332964360713958,0.0034656370989978,0.0892876461148262,0.0810042545199394,0.0054292785935103,Science_Fiction
0.6067162156105042,0.1142040267586708,0.0084485402330756,0.0025278669781982,0.2048735171556472,0.050633005797863,0.0125968176871538,Science_Fiction
0.0597292818129062,0.6560631990432739,0.0368541106581687,0.015659412369132,0.1963805705308914,0.0240987855941057,0.0112146260216832,Science_Fiction
