anger,disgust,fear,joy,neutral,sadness,surprise,genre
0.0333699211478233,0.1450807452201843,0.0068686767481267,0.0091306697577238,0.0410000085830688,0.762941837310791,0.0016081737121567,Family_Film
0.0202164184302091,0.1720609962940216,0.0077853947877883,0.0157285202294588,0.4400372207164764,0.2837249934673309,0.0604464784264564,Family_Film
0.016452444717288,0.0241607222706079,0.0544351004064083,0.0015496871201321,0.0061269402503967,0.8956281542778015,0.0016469467664137,Family_Film
0.2520203292369842,0.0108441477641463,0.2861210703849792,0.0033544958569109,0.1994770914316177,0.1988324970006942,0.0493503920733928,Family_Film
0.0033807421568781,0.0044619962573051,0.9664577841758728,0.0011418712092563,0.0077362819574773,0.0015294214244931,0.0152919543907046,Family_Film
0.0175740420818328,0.8023605942726135,0.0249895676970481,0.0006157152820378,0.0458378717303276,0.0981497168540954,0.010472516529262,Family_Film
0.0560705736279487,0.4901543855667114,0.0151465078815817,0.0107862660661339,0.3193108439445495,0.0786281004548072,0.0299032721668481,Family_Film
0.0105785392224788,0.0063514434732496,0.0013102851808071,0.8418024778366089,0.1259947568178177,0.009645901620388,0.0043165935203433,Family_Film
0.014122687280178,0.1965474635362625,0.0032923843245953,0.4936796724796295,0.2342230826616287,0.0481565110385417,0.0099782776087522,Family_Film
0.0525199919939041,0.8818101286888123,0.0097029097378253,0.0032106162980198,0.0447805672883987,0.006390169262886,0.0015856733079999,Family_Film
0.0385191664099693,0.0601336471736431,0.0060558659024536,0.0907575860619545,0.7705994248390198,0.0269383415579795,0.0069959950633347,Family_Film
0.015581059269607,0.0608289092779159,0.0109355691820383,0.0893740504980087,0.1334501206874847,0.6850520372390747,0.0047783148474991,Family_Film
0.0175991170108318,0.0139392018318176,0.0039436360821127,0.3058874309062958,0.6171936392784119,0.0241596419364213,0.0172773133963346,Family_Film
0.029383111745119,0.0258870478719472,0.005179414525628,0.41843381524086,0.4990478456020355,0.0180111229419708,0.0040577095933258,Family_Film
0.148160919547081,0.1592894941568374,0.0035794398281723,0.0216189678758382,0.6269509196281433,0.0364123284816741,0.0039879633113741,Family_Film
0.0383924469351768,0.4955118894577026,0.0071012917906045,0.0116024371236562,0.3912610709667206,0.0079039745032787,0.0482268705964088,Family_Film
0.0133990924805402,0.0043117087334394,0.0026477773208171,0.5931280851364136,0.3336924910545349,0.0107765952125191,0.0420443639159202,Family_Film
0.0269780699163675,0.1113119125366211,0.0069964164867997,0.0089822066947817,0.3853591084480285,0.4235913753509521,0.0367808602750301,Family_Film
