anger,disgust,fear,joy,neutral,sadness,surprise,genre
0.0458823889493942,0.0171752590686082,0.0290201436728239,0.0194256454706192,0.0709161534905433,0.8028593063354492,0.0147211216390132,World_cinema
0.146669328212738,0.1137377470731735,0.5486250519752502,0.0046082474291324,0.167939156293869,0.0126123242080211,0.0058081517927348,World_cinema
0.0098855011165142,0.0204458273947238,0.0017529622418805,0.025147795677185,0.931978702545166,0.0047791488468647,0.0060100890696048,World_cinema
0.4701155424118042,0.2745084166526794,0.0570553913712501,0.0022055460140109,0.1697189956903457,0.0226293858140707,0.0037667730357497,World_cinema
0.0635082572698593,0.9167019724845886,0.0080695552751421,0.000631806848105,0.0070022447034716,0.0032651105429977,0.0008209136431105,World_cinema
0.0241535734385252,0.0895391032099723,0.8550047278404236,0.0024432868231087,0.0200982652604579,0.0071862479671835,0.0015746193239465,World_cinema
0.0504482090473175,0.0080639719963073,0.9211050868034364,0.0031873213592916,0.0121190063655376,0.0043213772587478,0.0007550787995569,World_cinema
0.07879638671875,0.5924519896507263,0.0274393446743488,0.0049897376447916,0.0791023001074791,0.2013046741485595,0.0159156527370214,World_cinema
0.0043182214722037,0.0089128874242305,0.0019172024913132,0.0358616225421428,0.8884733319282532,0.0329192392528057,0.0275975372642278,World_cinema
0.0059325364418327,0.0081796031445264,0.0074450210668146,0.0223166905343532,0.7963554859161377,0.0406478010118007,0.1191228926181793,World_cinema
0.050723236054182,0.2276642918586731,0.1270564943552017,0.0547142028808593,0.4009637832641601,0.0927695780992508,0.0461084768176078,World_cinema
0.0030416594818234,0.0027896028477698,0.0019516855245456,0.0223392993211746,0.9244113564491272,0.0161859150975942,0.0292804297059774,World_cinema
0.0135559132322669,0.0375879555940628,0.0146518666297197,0.0367584750056266,0.7578350901603699,0.0673594549298286,0.0722512975335121,World_cinema
