anger,disgust,fear,joy,neutral,sadness,surprise,genre
0.017138535156846,0.0329799279570579,0.0100005324929952,0.0132251679897308,0.2856583893299103,0.6040395498275757,0.0369578972458839,Anime
0.0115232663229107,0.1642116606235504,0.0028322655707597,0.0310449246317148,0.7650327682495117,0.0135195693001151,0.0118355406448245,Anime
0.6342336535453796,0.1710950881242752,0.0120968567207455,0.0010560852242633,0.0714664012193679,0.1014415174722671,0.0086104376241564,Anime
0.0020635416731238,0.0060128350742161,0.0049357372336089,0.0027992601972073,0.041898388415575,0.9347403645515442,0.0075497878715395,Anime
0.0139324842020869,0.0702489838004112,0.087672159075737,0.0161065347492694,0.777431845664978,0.027227384969592,0.0073804827407002,Anime
0.0315966121852397,0.0153502896428108,0.0049238302744925,0.0931140556931495,0.752589225769043,0.0902811214327812,0.0121448943391442,Anime
0.0990274474024772,0.0596537441015243,0.0102218575775623,0.0023650957737118,0.1133408993482589,0.7021126747131348,0.0132782245054841,Anime
0.215183824300766,0.108693927526474,0.007444464135915,0.0043934867717325,0.6309689879417419,0.0289500076323747,0.0043652206659317,Anime
0.0477358028292655,0.0956164896488189,0.8244075179100037,0.00112809415441,0.0129603222012519,0.0149400886148214,0.0032116868533194,Anime
0.0099249919876456,0.0085564814507961,0.0063741039484739,0.0192652586847543,0.9377895593643188,0.0127484211698174,0.0053411065600812,Anime
0.0018558406736701,0.0085308067500591,0.0018543694168329,0.0019105175742879,0.0371406599879264,0.944238781929016,0.0044690971262753,Anime
0.0073778540827333,0.0091380653902888,0.0094047198072075,0.2336406409740448,0.5902854800224304,0.064486376941204,0.0856668129563331,Anime
0.0326100587844848,0.8938460946083069,0.0033337734639644,0.0018905557226389,0.0314807891845703,0.0354290306568145,0.0014097560197114,Anime
0.0145196337252855,0.0065679769031703,0.0087785366922616,0.0049732849001884,0.0895683094859123,0.109462134540081,0.7661301493644714,Anime
0.0314827226102352,0.1649525761604309,0.0261221956461668,0.0083411494269967,0.7195333242416382,0.0311210192739963,0.0184470359236001,Anime
0.0294416882097721,0.5622395277023315,0.0146277956664562,0.0437978357076644,0.3267180621623993,0.017607893794775,0.0055671874433755,Anime
0.1356872320175171,0.1120224669575691,0.0139022869989275,0.0041020796634256,0.7146676778793335,0.0069041587412357,0.0127140628173947,Anime
0.0037397306878119,0.0190850440412759,0.0010338990250602,0.0133235258981585,0.9402615427970886,0.0037332435604184,0.018823018297553,Anime
0.0792775303125381,0.7210789918899536,0.0161207001656293,0.0009491315577179,0.0245244577527046,0.1555624604225158,0.0024866878520697,Anime
0.905803382396698,0.068158783018589,0.0046628583222627,0.0006200245697982,0.0103824324905872,0.0088812047615647,0.0014913278864696,Anime
0.9758742451667786,0.0088263461366295,0.002867761068046,0.0004699630662798,0.0074638286605477,0.0028773013036698,0.0016205888241529,Anime
0.8680630326271057,0.0439862385392189,0.0032436153851449,0.0020407615229487,0.0627517029643058,0.0171174854040145,0.0027971579693257,Anime
0.0276671107858419,0.0564363300800323,0.0129634644836187,0.0187015384435653,0.8186386823654175,0.0461856797337532,0.0194070786237716,Anime
0.1963177919387817,0.616148054599762,0.0411190539598465,0.0013137748464941,0.0379633009433746,0.1029416173696518,0.0041963718831539,Anime
0.1214378923177719,0.0920534655451774,0.04985211789608,0.0039876797236502,0.5417144894599915,0.1768659949302673,0.0140883671119809,Anime
0.0062683587893843,0.3468541502952575,0.0062847528606653,0.0080175092443823,0.2726178467273712,0.3487386703491211,0.0112188113853335,Anime
0.0196017045527696,0.0149262612685561,0.0143968639895319,0.0017399924108758,0.0391335189342498,0.9000301957130432,0.010171465575695,Anime
0.0179077889770269,0.0595705956220626,0.0024506961926817,0.0056824791245162,0.0496645346283912,0.8610272407531738,0.0036966616753488,Anime
0.051673375070095,0.0165727343410253,0.0299217347055673,0.0080514326691627,0.8104148507118225,0.0175975281745195,0.0657683610916137,Anime
0.4287538528442383,0.0892153084278106,0.0180984586477279,0.0071102255024015,0.0666397586464881,0.3866967856884002,0.0034856207203119,Anime
0.2916048467159271,0.0517353005707263,0.3989967703819275,0.004051161929965,0.0785682275891304,0.1697854250669479,0.0052582453936338,Anime
0.7487921118736267,0.1053928881883621,0.0047193150967359,0.002298557665199,0.0894741415977478,0.0457871593534946,0.0035357887391,Anime
0.0659650415182113,0.1369829475879669,0.0052276658825576,0.200322538614273,0.5476146936416626,0.0324070155620574,0.0114800864830613,Anime
0.0076405708678066,0.0161162056028842,0.2337177991867065,0.0139191858470439,0.3846521377563476,0.0591830797493457,0.2847709357738495,Anime
0.0167895667254924,0.027156438678503,0.0069991401396691,0.0005594955873675,0.0186840314418077,0.9265804290771484,0.0032309032976627,Anime
0.4025919735431671,0.1035779789090156,0.0251465681940317,0.0044355830177664,0.4173335134983063,0.0176088567823171,0.0293055698275566,Anime
0.0074638659134507,0.0112959751859307,0.0019913476426154,0.6650010347366333,0.3007012605667114,0.0055834613740444,0.007963104173541,Anime
0.160568818449974,0.0455598086118698,0.0027622105553746,0.002172531792894,0.0447496362030506,0.7378423810005188,0.0063446802087128,Anime
0.0056763426400721,0.0041555552743375,0.3861563205718994,0.0971660986542701,0.4758460521697998,0.0205922778695821,0.0104074301198124,Anime
0.0028213050682097,0.0119455158710479,0.0136322360485792,0.0589955784380435,0.3443292379379272,0.5290108919143677,0.0392652116715908,Anime
0.0741793364286422,0.0268273521214723,0.0035949619486927,0.0499335266649723,0.8328070640563965,0.0056871036067605,0.0069707632064819,Anime
0.0339859277009964,0.0667569637298584,0.0062558972276747,0.0324749760329723,0.7811628580093384,0.0643318146467208,0.0150315891951322,Anime
0.0105928909033536,0.0035602967254817,0.0114454608410596,0.2450708001852035,0.6788812279701233,0.0070985076017677,0.0433508157730102,Anime
0.9154130220413208,0.0396630428731441,0.0166849307715892,0.000942297221627,0.0223296862095594,0.0031985715031623,0.0017685064813122,Anime
0.0293862074613571,0.3955530822277069,0.0193413812667131,0.0028926215600222,0.1665064841508865,0.379397839307785,0.0069223386235535,Anime
0.0025254716165363,0.0091207604855299,0.0021340223029255,0.8104324340820312,0.0651765391230583,0.0903971195220947,0.0202136375010013,Anime
0.0182514730840921,0.4416528344154358,0.2331928461790084,0.0266790706664323,0.2410546243190765,0.01565264724195,0.0235164407640695,Anime
0.0082393353804945,0.0041152499616146,0.0011219786247238,0.0251855086535215,0.9307777285575868,0.005210060160607,0.0253500659018754,Anime
