anger,disgust,fear,joy,neutral,sadness,surprise,genre
0.3528971672058105,0.3704564571380615,0.0427589751780033,0.0017006488051265,0.0163629408925771,0.2112834602594375,0.0045403214171528,Sports
0.0228803493082523,0.0108099002391099,0.0727701559662818,0.1098787784576416,0.6432386636734009,0.0665624588727951,0.0738596394658088,Sports
0.0029892469756305,0.0092455279082059,0.0011041972320526,0.0055071134120225,0.9605053663253784,0.0054015927016735,0.0152469314634799,Sports
0.0183894112706184,0.316017746925354,0.0114630833268165,0.0094163622707128,0.6030809283256531,0.0222817063331604,0.0193507894873619,Sports
0.0490272566676139,0.9215143918991088,0.0021979962475597,0.0006021935259923,0.0191411860287189,0.006534154061228,0.0009827573085203,Sports
0.1828097701072693,0.1548453569412231,0.0142455846071243,0.0046414993703365,0.3044878542423248,0.3344376385211944,0.0045322570949792,Sports
0.0345806032419204,0.3423216938972473,0.0103440359234809,0.0040857684798538,0.5338684916496277,0.0310005471110343,0.0437987744808197,Sports
0.2991838455200195,0.1536731123924255,0.0254568960517644,0.1060540154576301,0.3609300851821899,0.0358413159847259,0.0188606828451156,Sports
0.2636022865772247,0.1803529262542724,0.3161556720733642,0.0026582181453704,0.093223713338375,0.1101672127842903,0.0338400229811668,Sports
0.23567995429039,0.1221713349223136,0.0295514054596424,0.0022563023958355,0.4684790372848511,0.061699703335762,0.080162264406681,Sports
0.0088611813262104,0.0225937161594629,0.0059225633740425,0.6822077631950378,0.255825400352478,0.0051476587541401,0.019441744312644,Sports
