anger,disgust,fear,joy,neutral,sadness,surprise,genre
0.0033040414564311,0.0014026068383827,0.0021689012646675,0.8356874585151672,0.0824377313256263,0.0408542156219482,0.0341450311243534,Coming_of_age
0.0296212956309318,0.7368813157081604,0.1689369231462478,0.0066761993803083,0.0344201661646366,0.0216097943484783,0.0018543301848694,Coming_of_age
0.207323282957077,0.7438815832138062,0.0034860684536397,0.0017357221804559,0.0273677557706832,0.0148198325186967,0.0013858512975275,Coming_of_age
0.9003748893737793,0.0403988286852836,0.0095966001972556,0.0005711434641852,0.0137086994946002,0.0336138494312763,0.0017359853954985,Coming_of_age
0.4943601191043854,0.3034580647945404,0.0769013985991478,0.0022226946894079,0.0726522281765937,0.0453430823981761,0.0050623682327568,Coming_of_age
0.0253828708082437,0.1054556220769882,0.1505885422229766,0.0042014182545244,0.1958113312721252,0.5050325989723206,0.0135275954380631,Coming_of_age
0.0122550074011087,0.0271444451063871,0.0586946308612823,0.0428392402827739,0.6876970529556274,0.1675083339214325,0.0038612852804362,Coming_of_age
0.0307720843702554,0.5003127455711365,0.0086257206276059,0.011462184600532,0.3809232115745544,0.0458473861217498,0.0220566857606172,Coming_of_age
0.0565589815378189,0.0090742148458957,0.8897596597671509,0.002483574906364,0.0341071039438247,0.0041823987849056,0.0038340908940881,Coming_of_age
0.6128843426704407,0.3461304306983948,0.0108163636177778,0.0024883593432605,0.0201065633445978,0.0063684866763651,0.0012055477127432,Coming_of_age
0.0526291467249393,0.3146265745162964,0.0878828316926956,0.0023443407844752,0.2090906351804733,0.3198118209838867,0.0136146917939186,Coming_of_age
0.5592036843299866,0.0367082245647907,0.2846922874450683,0.0030265469104051,0.089640274643898,0.0151246339082717,0.0116043910384178,Coming_of_age
0.2924053072929382,0.0180138889700174,0.5693211555480957,0.0022659748792648,0.0370940901339054,0.0676185190677642,0.013281013816595,Coming_of_age
0.0561228320002555,0.0843783095479011,0.1183881163597107,0.1440961956977844,0.5675926804542542,0.0069981603883206,0.0224236994981765,Coming_of_age
0.0204775594174861,0.9501835703849792,0.0046142246574163,0.000740171293728,0.0169430933892726,0.0050233025103807,0.0020180193241685,Coming_of_age
0.7646844983100891,0.1650346964597702,0.0147637771442532,0.0017845025286078,0.0376526676118373,0.0127347903326153,0.0033450662158429,Coming_of_age
0.8444002270698547,0.0592233464121818,0.0257743615657091,0.0020082157570868,0.0569032207131385,0.0093414708971977,0.0023492139298468,Coming_of_age
0.0112430639564991,0.0205264817923307,0.8140690326690674,0.0019968091510236,0.0688734427094459,0.0801469832658767,0.0031441508326679,Coming_of_age
0.0064375391229987,0.0034927087835967,0.9692494869232178,0.0011137904366478,0.014862397685647,0.0034982138313353,0.0013458882458508,Coming_of_age
0.0045496872626245,0.0229095853865146,0.0013853582786396,0.6238918900489807,0.3041892349720001,0.0290123503655195,0.0140618812292814,Coming_of_age
0.0043484126217663,0.0125553449615836,0.0011780466884374,0.1572083830833435,0.8013690710067749,0.0139200165867805,0.0094206407666206,Coming_of_age
