anger,disgust,fear,joy,neutral,sadness,surprise,genre
0.0898287594318389,0.0423262193799018,0.0055537647567689,0.0401239730417728,0.038126491010189,0.7427954077720642,0.0412453487515449,Drama
0.2200229316949844,0.2005534470081329,0.0106930145993828,0.002506790915504,0.4568494260311126,0.0690247789025306,0.0403495728969574,Drama
0.037465538829565,0.0230974312871694,0.0024648008402436,0.0715424343943595,0.69657963514328,0.1649486571550369,0.0039014993235468,Drama
0.0141057129949331,0.0715671479701995,0.0262559410184621,0.0062126996926963,0.789650559425354,0.088956594467163,0.0032512410543859,Drama
0.3008694946765899,0.1641102135181427,0.0830241441726684,0.0024714570026844,0.1203444451093673,0.3184985220432281,0.0106817670166492,Drama
0.0107516534626483,0.0193334203213453,0.0106462631374597,0.0310007464140653,0.4820165932178497,0.4092915058135986,0.0369597971439361,Drama
0.428188145160675,0.348239928483963,0.0041188090108335,0.0024369563907384,0.1683769822120666,0.0437583439052104,0.0048808041028678,Drama
0.0508694387972354,0.0583474859595298,0.5700146555900574,0.0081364074721932,0.2318928092718124,0.0764236897230148,0.004315513651818,Drama
0.920656442642212,0.0283860843628644,0.001842685509473,0.00132144568488,0.0205242838710546,0.0253091491758823,0.001959937158972,Drama
0.027323530986905,0.0159774869680404,0.0018055452965199,0.3949895799160003,0.1881318986415863,0.022087275981903,0.3496847450733185,Drama
0.0300754662603139,0.0931580066680908,0.0032038229983299,0.0452673807740211,0.6477395296096802,0.176410973072052,0.00414485251531,Drama
0.0243030693382024,0.0191535856574773,0.0013778504217043,0.2441051602363586,0.1187629625201225,0.5819435119628906,0.0103538846597075,Drama
0.0055709886364638,0.0094623966142535,0.0096155386418104,0.0231927037239074,0.9416446089744568,0.0071803596802055,0.0033334156032651,Drama
0.0052797361277043,0.0380978435277938,0.2276646047830581,0.0022702417336404,0.0504408925771713,0.6654934883117676,0.0107531826943159,Drama
0.0212406814098358,0.0660732761025428,0.0930410772562027,0.001525507774204,0.3924505114555359,0.3895486891269684,0.0361202731728553,Drama
