anger,disgust,fear,joy,neutral,sadness,surprise,genre
0.0072953584603965,0.0105412891134619,0.0422806516289711,0.0611403435468673,0.7609833478927612,0.0036898378748446,0.1140692010521888,Drama
0.006374801043421,0.0165331233292818,0.0035438134800642,0.0048054927028715,0.9438198804855348,0.0104229506105184,0.0144999958574771,Drama
0.0099879764020442,0.0862915813922882,0.0029873622115701,0.1411317884922027,0.7444871664047241,0.0082640945911407,0.0068501043133437,Drama
0.0157171748578548,0.1252598166465759,0.0088496664538979,0.0015276793856173,0.0360559485852718,0.8101487159729004,0.0024410290643572,Drama
0.0054233809933066,0.005884694866836,0.0038317081052809,0.735669732093811,0.2193863242864608,0.0211986992508173,0.0086055435240268,Drama
0.4014391899108886,0.3429991900920868,0.0117072165012359,0.0026236264966428,0.1182766184210777,0.1194770485162735,0.0034771743230521,Drama
0.0059557971544563,0.0521299466490745,0.0059276996180415,0.0030838155653327,0.1186509281396865,0.810845136642456,0.0034067293163388,Drama
0.0198233574628829,0.1051942110061645,0.0224622804671525,0.0076413555070757,0.8287290930747986,0.0062804808840155,0.0098691880702972,Drama
0.0048636216670274,0.0035271998494863,0.0014090599725022,0.0087185213342309,0.9500992894172668,0.0075542340055108,0.0238279867917299,Drama
0.901310920715332,0.0497863180935382,0.008808990009129,0.0010286595206707,0.0299522895365953,0.0071309343911707,0.0019819273147732,Drama
0.5174736976623535,0.4025377035140991,0.0054401797242462,0.001439056941308,0.0597209930419921,0.0086454367265105,0.004742844030261,Drama
0.022877337411046,0.0427064932882785,0.8128015398979187,0.0022295601665973,0.0946085825562477,0.0204810425639152,0.004295524675399,Drama
0.0892468988895416,0.5784253478050232,0.0133594628423452,0.0012062403839081,0.2940847873687744,0.020874299108982,0.0028030958492308,Drama
0.1559523493051529,0.7103980183601379,0.0172644201666116,0.0015737354988232,0.0194470565766096,0.0946296080946922,0.0007348314975388,Drama
0.0583341680467128,0.0118591878563165,0.1818437129259109,0.0029405171517282,0.0422357581555843,0.7002672553062439,0.0025194019544869,Drama
0.0596306063234806,0.2617705166339874,0.2253226786851883,0.0022220218088477,0.1353001296520233,0.3091295063495636,0.0066246027126908,Drama
0.011452636681497,0.2577160894870758,0.0455079339444637,0.0081043513491749,0.2840054631233215,0.3880497515201568,0.0051637995056807,Drama
0.3886391520500183,0.4261902868747711,0.010399148799479,0.0073336805216968,0.1410605013370514,0.0220926608890295,0.0042845201678574,Drama
0.0276630148291587,0.033463466912508,0.0693058669567108,0.0102154444903135,0.6170636415481567,0.0322495363652706,0.2100390344858169,Drama
0.0047315680421888,0.0145831191912293,0.0032986542209982,0.0269007589668035,0.8855791091918945,0.0113077377900481,0.0535990521311759,Drama
0.9064289331436156,0.0502239763736724,0.006643577478826,0.0005464163841679,0.0222628116607666,0.0124171450734138,0.0014772018184885,Drama
0.0065192976035177,0.0105425445362925,0.0087200161069631,0.0100578041747212,0.9377695322036744,0.0129612516611814,0.013429507613182,Drama
0.0037203016690909,0.0168538112193346,0.0021573742851614,0.6808264851570129,0.2786032855510711,0.0036809146404266,0.0141578326001763,Drama
0.013284889049828,0.9275466799736024,0.005350362509489,0.0029799039475619,0.0467966794967651,0.0022070994600653,0.0018342466792091,Drama
0.4618032574653625,0.3541741669178009,0.0325886197388172,0.0018741694511845,0.1077847108244896,0.0068232552148401,0.0349518582224845,Drama
0.062876172363758,0.0497948043048381,0.777289092540741,0.0019954475574195,0.0719450935721397,0.0057300333864986,0.0303694568574428,Drama
0.0201656389981508,0.0309254378080368,0.9281917214393616,0.0007787270005792,0.0070934644900262,0.0054996265098452,0.0073452754877507,Drama
0.0962905511260032,0.083142764866352,0.0064375498332083,0.0465430580079555,0.7517905235290527,0.014277184382081,0.0015184578951448,Drama
0.008387348614633,0.0888389945030212,0.1472453474998474,0.0027027600444853,0.1171877905726432,0.5774478316307068,0.0581899248063564,Drama
0.0113076111301779,0.0094801159575581,0.0150998160243034,0.0334731675684452,0.904528260231018,0.0190810766071081,0.0070299464277923,Drama
0.0042104674503207,0.0044955587945878,0.0073153865523636,0.0015772546175867,0.0122525561600923,0.0431968346238136,0.9269518852233888,Drama
0.0128375748172402,0.0403046235442161,0.0384179390966892,0.003653377527371,0.8813314437866211,0.0084197698161005,0.0150353657081723,Drama
0.0088116126134991,0.0885380208492279,0.0153584796935319,0.0056482395157217,0.8492021560668945,0.0157776251435279,0.0166638977825641,Drama
0.0143607817590236,0.0795972272753715,0.004816944245249,0.0475656986236572,0.731323778629303,0.1184825003147125,0.0038530004676431,Drama
0.0652304664254188,0.8451188802719116,0.0251815319061279,0.0007277099066413,0.0422083996236324,0.0128158498555421,0.008717275224626,Drama
