anger,disgust,fear,joy,neutral,sadness,surprise,genre
0.0080488268285989,0.0080695999786257,0.0473284088075161,0.5972106456756592,0.2975771427154541,0.0307673718780279,0.0109980190172791,Comedy
0.0438084341585636,0.1061920523643493,0.0021196242887526,0.0610884204506874,0.767703115940094,0.0084814000874757,0.0106070190668106,Comedy
0.0129506895318627,0.0251852869987487,0.0011902062688022,0.2702469527721405,0.5771321654319763,0.0937051996588707,0.0195894632488489,Comedy
0.0129760839045047,0.0114390971139073,0.010972979478538,0.0652898028492927,0.725968599319458,0.0183824747800827,0.1549708247184753,Comedy
0.211691677570343,0.3091099858283996,0.014048489741981,0.0032933768816292,0.3823743462562561,0.024954343214631,0.0545278117060661,Comedy
0.1877162307500839,0.2079923003911972,0.0042337700724601,0.007547331508249,0.5680754780769348,0.0196755528450012,0.0047592595219612,Comedy
0.1606509834527969,0.2620297968387604,0.0113936932757496,0.0063704214990139,0.4010973274707794,0.0484154224395751,0.1100423485040664,Comedy
0.0422199293971061,0.0343123786151409,0.5918447971343994,0.006057649385184,0.2098110914230346,0.1073323413729667,0.0084218028932809,Comedy
0.0183130707591772,0.8027587532997131,0.1200713142752647,0.0048022717237472,0.0383258126676082,0.0125652002170681,0.0031636515632271,Comedy
0.1603997647762298,0.4243802726268768,0.0886527001857757,0.0033912656363099,0.0405752286314964,0.2750049531459808,0.0075957807712256,Comedy
0.0507431216537952,0.1633742004632949,0.0084096640348434,0.0369906201958656,0.7188147902488708,0.0113282520323991,0.0103393783792853,Comedy
0.561543881893158,0.1249966919422149,0.017153263092041,0.006127773784101,0.2437422424554824,0.0259322635829448,0.0205037649720907,Comedy
0.0559250600636005,0.4489756524562835,0.0148395700380206,0.0019872221164405,0.4446874856948852,0.027343139052391,0.0062418919987976,Comedy
0.1439934521913528,0.723827600479126,0.0166457872837781,0.0023573040962219,0.0492145903408527,0.0617863200604915,0.0021750454325228,Comedy
0.0298359431326389,0.8220103979110718,0.0077002760954201,0.00230254069902,0.0890089198946952,0.0387757681310176,0.0103662116453051,Comedy
0.0227465387433767,0.1402433812618255,0.4908576011657715,0.0023591818753629,0.082067959010601,0.2278707176446914,0.0338546074926853,Comedy
0.014836804009974,0.36504927277565,0.0209844764322042,0.3136633336544037,0.1885922849178314,0.0788996294140815,0.0179742723703384,Comedy
0.0092846732586622,0.203381210565567,0.0504166558384895,0.0054434980265796,0.6512511372566223,0.0260576028376817,0.0541651844978332,Comedy
0.0163579676300287,0.1605677604675293,0.0046697133220732,0.0373698696494102,0.7151386141777039,0.0216669682413339,0.0442291013896465,Comedy
0.0124092260375618,0.0088548930361866,0.1114911884069442,0.0020390155259519,0.0174634605646133,0.8313937187194824,0.0163485128432512,Comedy
0.0691161751747131,0.8497041463851929,0.004098983015865,0.0026468960568308,0.0396832264959812,0.0333671569824218,0.0013834772398695,Comedy
0.0214599631726741,0.1703714877367019,0.0052684545516967,0.0032080335076898,0.0282231457531452,0.7700492739677429,0.0014196672709658,Comedy
0.0076624364592134,0.0327323377132415,0.0036058742552995,0.0389750450849533,0.8801336884498596,0.0309970900416374,0.0058935959823429,Comedy
0.0209756251424551,0.0935326963663101,0.0025616015773266,0.0666337013244628,0.7972127795219421,0.0051789837889373,0.0139046180993318,Comedy
