anger,disgust,fear,joy,neutral,sadness,surprise,genre
0.8663738965988159,0.0144373821094632,0.0062141208909451,0.0024165706709027,0.0690729841589927,0.0206264220178127,0.0208586417138576,Musical
0.0474922023713588,0.0273545645177364,0.0076828319579362,0.0093755247071385,0.8404651880264282,0.0527539066970348,0.0148758422583341,Musical
0.0109536349773406,0.0042464602738618,0.0021427706815302,0.0264390464872121,0.93770569562912,0.0120771201327443,0.0064352666959166,Musical
0.0149246286600828,0.0022313932422548,0.0026151987258344,0.1224253848195076,0.7052715420722961,0.003408535150811,0.1491233855485916,Musical
0.6349853277206421,0.1293548345565796,0.0190025083720684,0.0082467086613178,0.1931324899196624,0.0103027010336518,0.0049753589555621,Musical
0.0075017074123024,0.055258210748434,0.0056500490754842,0.0224962066859006,0.4611752927303314,0.3641987442970276,0.0837197750806808,Musical
0.1128413900732994,0.3278404772281647,0.0251086708158254,0.0032245120964944,0.4007092118263244,0.1264046132564544,0.0038710599765181,Musical
0.7775127291679382,0.0545924715697765,0.0036000625696033,0.0094589805230498,0.129791110754013,0.0227057058364152,0.0023389512207359,Musical
0.0091468961909413,0.0151598826050758,0.0158701725304126,0.0114918267354369,0.621148943901062,0.0087337614968419,0.3184484839439392,Musical
0.0070305499248206,0.009198872372508,0.0016654048813506,0.333032876253128,0.5128852725028992,0.0873354449868202,0.0488515645265579,Musical
0.0081676617264747,0.0399337038397789,0.0170730128884315,0.0533833466470241,0.1224811151623725,0.7553564310073853,0.0036046782042831,Musical
0.0365973487496376,0.1231470555067062,0.0996741652488708,0.0043679643422365,0.2363937646150589,0.4821411967277527,0.0176784731447696,Musical
0.0069881230592727,0.0153890056535601,0.0036914781667292,0.4175067245960235,0.4800167679786682,0.0687951892614364,0.0076126209460198,Musical
