anger,disgust,fear,joy,neutral,sadness,surprise,genre
0.007396818138659,0.0158995166420936,0.0036022150889039,0.0212350916117429,0.9293996691703796,0.0092543642967939,0.0132123548537492,Action_Adventure
0.0457645654678344,0.0505769476294517,0.0300533939152956,0.0239634662866592,0.7329597473144531,0.0548602044582366,0.0618216916918754,Action_Adventure
0.2494518607854843,0.2271682173013687,0.0111181354150176,0.0037696894723922,0.0267804730683565,0.4782275259494781,0.0034841813612729,Action_Adventure
0.0883389562368393,0.8836100697517395,0.0131780365481972,0.0006376138189807,0.0081831738352775,0.0032093906775116,0.0028428151272237,Action_Adventure
0.0041309357620775,0.0019202854018658,0.97891366481781,0.0009472188539803,0.0062150112353265,0.0025203307159245,0.0053525469265878,Action_Adventure
0.024367893114686,0.9520888328552246,0.0161909721791744,0.0002533446531742,0.0015917411074042,0.0047734202817082,0.0007339938310906,Action_Adventure
0.4007128179073334,0.2523294985294342,0.1554222255945205,0.0015752098988741,0.0703897103667259,0.0911207497119903,0.0284496769309043,Action_Adventure
0.0702862441539764,0.4691124558448791,0.2500628232955932,0.0027947728522121,0.1609701216220855,0.0400605238974094,0.0067128972150385,Action_Adventure
0.2763399183750152,0.2263653576374054,0.0259523354470729,0.0025021971669048,0.233459860086441,0.2253540307283401,0.0100262919440865,Action_Adventure
0.0020600906573235,0.0046615721657872,0.003505599219352,0.0009438508423045,0.0121871111914515,0.975428819656372,0.0012128932867199,Action_Adventure
0.2833764553070068,0.0290109571069479,0.0718822330236435,0.0043297968804836,0.141174703836441,0.152956947684288,0.3172688782215118,Action_Adventure
0.0401673875749111,0.133430927991867,0.3334299623966217,0.0084101632237434,0.0688561201095581,0.4086171984672546,0.007088188547641,Action_Adventure
0.1440547406673431,0.7427703142166138,0.0119589986279606,0.0028177299536764,0.0810466259717941,0.013876212760806,0.0034753729123622,Action_Adventure
0.9144325256347656,0.0197901017963886,0.0078335357829928,0.0013311532093212,0.0461500734090805,0.0059302086010575,0.0045324927195906,Action_Adventure
0.1862082183361053,0.7503761053085327,0.0192709565162658,0.0015610068803653,0.0356844551861286,0.0052822134457528,0.0016169840237125,Action_Adventure
0.0288866516202688,0.017578087747097,0.6586214303970337,0.0023659772705286,0.2322553545236587,0.0421557463705539,0.018136715516448,Action_Adventure
0.6605916023254395,0.1661816090345382,0.0045275473967194,0.0031157673802226,0.1408930271863937,0.0231136083602905,0.0015767962904646,Action_Adventure
0.0242637526243925,0.0477815717458725,0.0291200317442417,0.0079157520085573,0.6737228035926819,0.2125162631273269,0.0046797860413789,Action_Adventure
0.0228778105229139,0.054785918444395,0.0035520689561963,0.2456455826759338,0.5382117629051208,0.09387718886137,0.0410496778786182,Action_Adventure
0.9080120921134948,0.0670002922415733,0.0025743101723492,0.0012308381265029,0.0117792151868343,0.0077207339927554,0.0016825182829052,Action_Adventure
0.7659235596656799,0.1347461938858032,0.0526655837893486,0.0015362593112513,0.029515566304326,0.0097581595182418,0.0058545642532408,Action_Adventure
0.0639190375804901,0.0190856084227561,0.6033051609992981,0.0049907471984624,0.0715483874082565,0.2102185487747192,0.0269325487315654,Action_Adventure
0.1673427522182464,0.1261746436357498,0.0131550058722496,0.0109374178573489,0.5717818140983582,0.107840821146965,0.0027675754390656,Action_Adventure
0.7438594102859497,0.0947526097297668,0.1009324863553047,0.0024464428424835,0.045191042125225,0.0047273761592805,0.0080905957147479,Action_Adventure
0.0166769754141569,0.940366268157959,0.023549472913146,0.0007943118107505,0.0124977761879563,0.0035678630229085,0.0025473695714026,Action_Adventure
0.4956929683685303,0.3176514208316803,0.0545675158500671,0.0022871140390634,0.1134494245052337,0.012696212157607,0.0036554282996803,Action_Adventure
0.0943632125854492,0.0758820325136184,0.0060681784525513,0.0169858243316411,0.7927910685539246,0.0073525966145098,0.0065570888109505,Action_Adventure
0.012360269203782,0.8841050267219543,0.0094008836895227,0.0241210740059614,0.0623939484357833,0.0040726969018578,0.0035460465587675,Action_Adventure
0.0369230210781097,0.8459832072257996,0.0099684502929449,0.0099316323176026,0.0539183989167213,0.041141428053379,0.0021337992511689,Action_Adventure
0.4496969878673553,0.4073401987552643,0.0454008840024471,0.0030849678441882,0.0584444291889667,0.0265879090875387,0.0094446614384651,Action_Adventure
0.3550659418106079,0.5402354598045349,0.0165908206254243,0.0055024717003107,0.037631556391716,0.0138801112771034,0.0310935974121093,Action_Adventure
0.2524919509887695,0.4188499450683594,0.0315557308495044,0.0029518408700823,0.2013622969388961,0.0398251377046108,0.0529631115496158,Action_Adventure
0.00813296623528,0.9769524335861206,0.0056894933804869,0.0002915061486419,0.004908800125122,0.0028871605172753,0.0011375969043001,Action_Adventure
0.0373143255710601,0.9393457174301147,0.0035384346265345,0.0002762459916993,0.0122015420347452,0.0062333405949175,0.0010904318187385,Action_Adventure
0.008674269542098,0.9663406610488892,0.0099589088931679,0.0007067329715937,0.005797647871077,0.0072353133000433,0.001286492566578,Action_Adventure
0.0344247929751873,0.9450733661651612,0.0041781440377235,0.0003599561750888,0.0121948607265949,0.0025384512264281,0.0012305013369768,Action_Adventure
0.0620139501988887,0.4507448971271515,0.0196027122437953,0.0017471609171479,0.4465649724006653,0.0106239635497331,0.0087022827938199,Action_Adventure
