anger,disgust,fear,joy,neutral,sadness,surprise,genre
0.0618175454437732,0.0788474008440971,0.0113370716571807,0.0025336020626127,0.0843635648488998,0.7573863863945007,0.0037143975496292,Fantasy
0.0375159382820129,0.0273247826844453,0.4703713357448578,0.0048133945092558,0.3581367433071136,0.0955627560615539,0.0062751262448728,Fantasy
0.0419600270688533,0.049800306558609,0.0018775173230096,0.382967084646225,0.4902149438858032,0.0257483012974262,0.0074318666011095,Fantasy
0.7575638294219971,0.1747363060712814,0.0025432140100747,0.0012238123454153,0.019577469676733,0.0411680936813354,0.0031873900443315,Fantasy
0.0073509593494236,0.0126500157639384,0.0035575542133301,0.0886299312114715,0.7158774137496948,0.0615978315472602,0.1103361919522285,Fantasy
0.0098473830148577,0.9694520235061646,0.0069147986359894,0.0011196463601663,0.0081913974136114,0.0025732913054525,0.0019014520803466,Fantasy
0.1443044990301132,0.3203319013118744,0.0219097547233104,0.0025586900301277,0.4714702367782593,0.0304950904101133,0.00892985612154,Fantasy
0.0926052257418632,0.3368177115917206,0.0156541727483272,0.0065092607401311,0.1727416664361953,0.3713379502296448,0.0043340288102626,Fantasy
0.0068832724355161,0.0113127455115318,0.0338447466492652,0.0623193010687828,0.1241018325090408,0.7574121356010437,0.0041260053403675,Fantasy
0.9024539589881896,0.0183200780302286,0.0142494551837444,0.002316175494343,0.0559152625501155,0.0036115061957389,0.0031335712410509,Fantasy
0.0227272268384695,0.0241516530513763,0.1821126341819763,0.0021124272607266,0.1408707946538925,0.6211162209510803,0.0069090649485588,Fantasy
0.0124307069927454,0.0257211830466985,0.0693394467234611,0.0026493496261537,0.0742711499333381,0.8022569417953491,0.0133312474936246,Fantasy
0.0363156422972679,0.0312512256205081,0.7029139995574951,0.0075118658132851,0.141118049621582,0.0775575265288353,0.0033317180350422,Fantasy
0.0351115390658378,0.008373761549592,0.1367268115282058,0.0079307537525892,0.7865720391273499,0.008915769867599,0.0163693241775035,Fantasy
0.0247330982238054,0.539436399936676,0.386467307806015,0.0024397722445428,0.0355535969138145,0.0079243211075663,0.0034455298446118,Fantasy
0.4341008067131042,0.5038723945617676,0.0054756067693233,0.0018770192982628,0.0304487235844135,0.0211869943886995,0.0030384389683604,Fantasy
0.0084405988454818,0.0039005568251013,0.9616031050682068,0.0014064954593777,0.0127764251083135,0.0100414948537945,0.001831273199059,Fantasy
0.006851730402559,0.0022350451909005,0.975941002368927,0.0011130342027172,0.0092186965048313,0.0033732522279024,0.0012673477176576,Fantasy
0.8113912343978882,0.1305146217346191,0.0061574517749249,0.0013208977179601,0.0403378680348396,0.0086455782875418,0.0016323077725246,Fantasy
0.0286982655525207,0.1508324146270752,0.0062857470475137,0.0199445206671953,0.5734492540359497,0.217670127749443,0.0031196034979075,Fantasy
0.1990043669939041,0.3766485154628753,0.0161201693117618,0.0388869754970073,0.272942453622818,0.089399367570877,0.0069981575943529,Fantasy
0.7647984027862549,0.0295370947569608,0.006243378855288,0.0018498981371521,0.0837982892990112,0.1101915165781974,0.0035815157461911,Fantasy
0.3824989199638366,0.0660449787974357,0.0029667720664292,0.087751880288124,0.4399328231811523,0.0168246515095233,0.0039799762889742,Fantasy
0.0873508229851722,0.1997883319854736,0.0609181933104991,0.0034749219194054,0.1895999014377594,0.0568786226212978,0.4019891321659088,Fantasy
0.1365336924791336,0.0454801805317401,0.2000083178281784,0.0040639555081725,0.2856989800930023,0.3177049458026886,0.0105099752545356,Fantasy
0.3741242289543152,0.5664596557617188,0.0114554977044463,0.0036340162623673,0.0216874815523624,0.0188514478504657,0.0037876237183809,Fantasy
