anger,disgust,fear,joy,neutral,sadness,surprise,genre
0.0044147307053208,0.0018456852994859,0.0007403399795293,0.9468325972557068,0.0261425860226154,0.0042604743503034,0.015763659030199,Family_Film
0.0059831836260855,0.0061815348453819,0.0025647648144513,0.0776868090033531,0.7489836812019348,0.0285183787345886,0.1300817281007766,Family_Film
0.1087110936641693,0.0075488155707716,0.8641303777694702,0.0007791597163304,0.0081248441711068,0.0062476592138409,0.0044579864479601,Family_Film
0.131643608212471,0.0168343316763639,0.0591904930770397,0.1182351186871528,0.6490010023117065,0.0162076111882925,0.0088878078386187,Family_Film
0.0476096644997596,0.0048310360871255,0.9181836247444152,0.0047709383070468,0.0138071104884147,0.009034102782607,0.0017635815311223,Family_Film
0.2010958194732666,0.2215090990066528,0.0330492407083511,0.0062857470475137,0.3028053939342499,0.0313244611024856,0.2039303183555603,Family_Film
0.0469329319894313,0.1151877418160438,0.071048654615879,0.0078314403071999,0.6293186545372009,0.1157672405242919,0.0139132905751466,Family_Film
0.0175396464765071,0.0520038604736328,0.0245850309729576,0.0045934240333735,0.8746357560157776,0.018999982625246,0.0076423222199082,Family_Film
0.9632998704910278,0.0059161633253097,0.0135607784613966,0.000651657639537,0.0122504867613315,0.0028042928315699,0.001516718766652,Family_Film
0.0837193801999092,0.0166918989270925,0.0660378411412239,0.0120025221258401,0.4617388844490051,0.3069265186786651,0.0528828687965869,Family_Film
0.0334176160395145,0.0101876081898808,0.0057249036617577,0.0027973884716629,0.9241989254951476,0.0155973443761467,0.0080762691795825,Family_Film
0.0100717330351471,0.0043188673444092,0.0036573749966919,0.128987580537796,0.8295637965202332,0.0047045960091054,0.0186960566788911,Family_Film
0.7991511225700378,0.0483231768012046,0.0638182014226913,0.0014190034708008,0.0452156588435173,0.0378069728612899,0.0042659044265747,Family_Film
0.0106779756024479,0.2342676073312759,0.0118411658331751,0.0084642311558127,0.3584737181663513,0.371293306350708,0.004981979727745,Family_Film
0.0430456846952438,0.0118119036778807,0.0211299862712621,0.0381813496351242,0.8575872182846069,0.0100785000249743,0.018165361136198,Family_Film
0.0552242584526538,0.0207307189702987,0.0560096651315689,0.0088206911459565,0.8093006014823914,0.0101979924365878,0.0397160500288009,Family_Film
0.2426051944494247,0.4862460494041443,0.0938388258218765,0.0024657396133989,0.1182660087943077,0.0440735630691051,0.012504712678492,Family_Film
0.004522799514234,0.0093934787437319,0.0011770230485126,0.6602073907852173,0.2440671026706695,0.0731437280774116,0.007488434202969,Family_Film
0.2161684334278106,0.2383620142936706,0.0077776662074029,0.0052300011739134,0.5085845589637756,0.0177585016936063,0.0061188135296106,Family_Film
