anger,disgust,fear,joy,neutral,sadness,surprise,genre
0.0156391579657793,0.0189187638461589,0.0158345028758049,0.0184217430651187,0.9011067152023317,0.0076741795055568,0.0224048718810081,Science_Fiction
0.0074201305396854,0.8368614315986633,0.050062071532011,0.006218162830919,0.0758523717522621,0.0059628817252814,0.0176229178905487,Science_Fiction
0.1464306116104126,0.2850096225738525,0.0167013071477413,0.0361067317426204,0.4320151209831238,0.0605760179460048,0.0231605302542448,Science_Fiction
0.0029680794104933,0.0034646762069314,0.0013003513449802,0.0061316471546888,0.960448920726776,0.0078710056841373,0.0178153701126575,Science_Fiction
0.0330812744796276,0.0207834970206022,0.0067197745665907,0.0187196116894483,0.8216118216514587,0.0628756284713745,0.0362084358930587,Science_Fiction
0.0027588291559368,0.0040909755043685,0.0021853856742382,0.029571721330285,0.8906697034835815,0.009639699012041,0.0610836781561374,Science_Fiction
0.1281473636627197,0.4713901877403259,0.0622027069330215,0.0020793850999325,0.087749645113945,0.1199110895395279,0.1285196095705032,Science_Fiction
0.0818391591310501,0.6477226614952087,0.0232868958264589,0.0017534377984702,0.1761700809001922,0.0162132922559976,0.0530144087970256,Science_Fiction
0.1301560550928115,0.064460702240467,0.0727643594145774,0.0091864066198468,0.2355038374662399,0.4456162452697754,0.0423123911023139,Science_Fiction
0.115303561091423,0.065280832350254,0.0084168575704097,0.0094934776425361,0.7510525584220886,0.048114325851202,0.0023383994121104,Science_Fiction
0.0194777641445398,0.0070099597796797,0.0146279437467455,0.0328703857958316,0.6940546035766602,0.0187218282371759,0.2132374346256256,Science_Fiction
0.1371417492628097,0.3263248205184936,0.2223382592201233,0.0054589845240116,0.1778982281684875,0.1253785043954849,0.0054593435488641,Science_Fiction
0.0860326662659645,0.0528746359050273,0.0018434263765811,0.030421232804656,0.8054636120796204,0.0187585745006799,0.0046058306470513,Science_Fiction
0.0038589581381529,0.0135037880390882,0.0019136732444167,0.0574476867914199,0.8529180884361267,0.04610076546669,0.0242569837719202,Science_Fiction
0.0138307278975844,0.0048936931416392,0.0061989347450435,0.2522185146808624,0.4695029854774475,0.1748847067356109,0.0784705355763435,Science_Fiction
