anger,disgust,fear,joy,neutral,sadness,surprise,genre
0.0368892811238765,0.826568067073822,0.0391788519918918,0.0033249009866267,0.0758535340428352,0.0110430745407938,0.0071423887275159,Creature_Film
0.0786357074975967,0.0801628828048706,0.0546592399477958,0.0042431764304637,0.7168290615081787,0.0337314344942569,0.03173853084445,Creature_Film
0.0200323108583688,0.694427490234375,0.004478289745748,0.005853867623955,0.2495879530906677,0.0038107428699731,0.0218093805015087,Creature_Film
0.0957090854644775,0.5459391474723816,0.0248323827981948,0.0022946819663047,0.2374246269464492,0.0824339538812637,0.0113661177456378,Creature_Film
0.2326724231243133,0.698303759098053,0.0171331595629453,0.001807882101275,0.0234827008098363,0.0207154247909784,0.0058845002204179,Creature_Film
0.3762417137622833,0.3240296840667724,0.0106139834970235,0.0031713335774838,0.2347637116909027,0.0168654546141624,0.0343142226338386,Creature_Film
0.0044184434227645,0.002749437931925,0.0015813597710803,0.027670219540596,0.9210711717605592,0.0038345328066498,0.0386748574674129,Creature_Film
0.0239134281873703,0.0519592352211475,0.834499716758728,0.0012523590121418,0.0539474785327911,0.0132431285455822,0.0211846847087144,Creature_Film
0.0250068791210651,0.0211798045784235,0.0228813216090202,0.0149992993101477,0.400664359331131,0.0053929504938423,0.5098753571510315,Creature_Film
0.8651005029678345,0.0604788437485694,0.0174792222678661,0.001171265845187,0.0343470983207225,0.0051859663799405,0.0162371080368757,Creature_Film
0.3446345031261444,0.2913512587547302,0.0143354600295424,0.0016865098150447,0.0363248363137245,0.3037472367286682,0.0079201664775609,Creature_Film
0.2034987807273864,0.035712145268917,0.0401090718805789,0.0027907073963433,0.537929117679596,0.0354504399001598,0.1445097625255584,Creature_Film
0.0036303475499153,0.0023601660504937,0.0069129904732108,0.0619293674826622,0.8541587591171265,0.0064342333935201,0.0645741745829582,Creature_Film
0.0182048380374908,0.0798475369811058,0.0015504795592278,0.2475999742746353,0.6070758700370789,0.0156667586416006,0.0300546158105134,Creature_Film
0.0175256170332431,0.9272291660308838,0.0124324578791856,0.0008316710591316,0.0325050577521324,0.0073239393532276,0.0021521570160984,Creature_Film
0.1142887771129608,0.0301721263676881,0.0011309810215607,0.0260804966092109,0.7935855388641357,0.0149753512814641,0.0197667572647333,Creature_Film
0.0012681682128459,0.0034156108740717,0.9818238615989684,0.0006669709691777,0.0055539160966873,0.0053344652988016,0.0019369390793144,Creature_Film
0.3300515711307525,0.1868363618850708,0.0166701208800077,0.0015992947155609,0.1203934103250503,0.3248203098773956,0.019628943875432,Creature_Film
0.0354792587459087,0.1404168307781219,0.0115478131920099,0.0046108644455671,0.4534741044044494,0.0106255551800131,0.3438456356525421,Creature_Film
0.2533280551433563,0.556961715221405,0.0066547766327857,0.0025623275432735,0.1692420393228531,0.0070391506887972,0.0042119766585528,Creature_Film
0.2889668047428131,0.1851829141378402,0.0353774763643741,0.0071938089095056,0.4416985511779785,0.0312490053474903,0.0103314835578203,Creature_Film
0.0047762393951416,0.0081177484244108,0.0029054265469312,0.0043608928099274,0.9589331150054932,0.0028475504368543,0.0180590357631444,Creature_Film
0.0067581329494714,0.0035746532958,0.9727178812026978,0.0013906495878472,0.0089032649993896,0.0017220602603629,0.0049332701601088,Creature_Film
0.0053859576582908,0.0779489129781723,0.0274926479905843,0.0028918995521962,0.1299159526824951,0.7472714185714722,0.0090932166203856,Creature_Film
0.2389880716800689,0.0088180042803287,0.6981572508811951,0.0019614540506154,0.042170625180006,0.0067746466957032,0.0031299202237278,Creature_Film
0.0177827067673206,0.0054773022420704,0.0024279805365949,0.0486568659543991,0.8999054431915283,0.0054442430846393,0.0203054621815681,Creature_Film
0.4201611578464508,0.3184588551521301,0.1578389108180999,0.0031500020995736,0.0728890225291252,0.0191326718777418,0.0083693638443946,Creature_Film
0.0298611316829919,0.0090177319943904,0.7532373666763306,0.0059395064599812,0.1701553016901016,0.0122613320127129,0.0195276252925395,Creature_Film
0.0038840845227241,0.0178135689347982,0.0042867264710366,0.0133394887670874,0.3699823021888733,0.5700005292892456,0.0206933133304119,Creature_Film
0.0052086827345192,0.0689798817038536,0.0026001061778515,0.0536808222532272,0.8400052785873413,0.0233549401164054,0.0061702812090516,Creature_Film
0.0048495610244572,0.0121747218072414,0.0028234228957444,0.2690314948558807,0.6572241187095642,0.0180352479219436,0.0358614586293697,Creature_Film
0.0167824532836675,0.1003690510988235,0.0025129006244242,0.0430502034723758,0.4586604535579681,0.0059163318946957,0.3727086782455444,Creature_Film
0.0081348093226552,0.0250981543213129,0.0050299800932407,0.0275884717702865,0.865924596786499,0.0033040172420442,0.0649199560284614,Creature_Film
