anger,disgust,fear,joy,neutral,sadness,surprise,genre
0.0015524406917393,0.0111867012456059,0.7747937440872192,0.0047025983221828,0.0076716067269444,0.1968725621700287,0.003220327431336,Black_comedy
0.0010198302334174,0.0008973046788014,0.0009688622085377,0.0051637254655361,0.0068068415857851,0.9756178259849548,0.0095256147906184,Black_comedy
0.199482724070549,0.0636345744132995,0.5184890031814575,0.0024295481853187,0.1080220937728881,0.096985712647438,0.0109562743455171,Black_comedy
0.0187561977654695,0.2316152900457382,0.3165867924690246,0.0323278792202472,0.2652404606342315,0.1246895864605903,0.0107836769893765,Black_comedy
0.0126879764720797,0.409842699766159,0.1396096348762512,0.0025795605033636,0.3448840677738189,0.0796974152326583,0.0106987245380878,Black_comedy
0.0136728091165423,0.0392662845551967,0.0052898763678967,0.0298898257315158,0.1774786859750747,0.7290949821472168,0.0053075570613145,Black_comedy
0.0021616148296743,0.0095793921500444,0.0022890984546393,0.0459737367928028,0.880091667175293,0.0433247089385986,0.0165797863155603,Black_comedy
0.0031271672341972,0.0120721254497766,0.9535245299339294,0.0011189454235136,0.0145792011171579,0.0106627447530627,0.004915433935821,Black_comedy
0.0042186342179775,0.0295625943690538,0.0035696709528565,0.0071277939714491,0.1130102574825286,0.8295722603797913,0.0129387797787785,Black_comedy
0.0051993415690958,0.0334299057722091,0.8548439145088196,0.0022578102070838,0.0505361557006835,0.0127478241920471,0.0409850254654884,Black_comedy
0.0876419916749,0.0237004701048135,0.7679923176765442,0.0039261882193386,0.0645986050367355,0.0324977971613407,0.0196426473557949,Black_comedy
0.018612278625369,0.6427199840545654,0.2952075004577636,0.002053206320852,0.0190624091774225,0.0051837372593581,0.0171609129756689,Black_comedy
0.0147235710173845,0.4915943443775177,0.1698761582374572,0.0038950592279434,0.2351452708244323,0.0120446775108575,0.0727209448814392,Black_comedy
0.0105951884761452,0.0596353523433208,0.7474642992019653,0.0020302494522184,0.0733304545283317,0.0522624440491199,0.0546819865703582,Black_comedy
0.0136433439329266,0.0528130047023296,0.3508592844009399,0.0035799711477011,0.3121358752250671,0.2511703670024872,0.0157982502132654,Black_comedy
0.5841082334518433,0.0285578519105911,0.3369441926479339,0.0011087803868576,0.023958595469594,0.0214397516101598,0.0038824665825814,Black_comedy
0.6301923394203186,0.2127921730279922,0.0142895644530653,0.0023571257479488,0.0990114286541938,0.0361754596233367,0.0051819346845149,Black_comedy
0.0784144848585128,0.0428135506808757,0.0016623111441731,0.6903597712516785,0.1763727664947509,0.0043182265944778,0.0060588549822568,Black_comedy
