anger,disgust,fear,joy,neutral,sadness,surprise,genre
0.010053270496428,0.0311054978519678,0.0456671044230461,0.7297387719154358,0.0854369401931762,0.0175405126065015,0.0804579854011535,Romance_Film
0.1016817241907119,0.4719137251377105,0.1656385511159896,0.009200488217175,0.2065308392047882,0.0418509989976882,0.0031836407724767,Romance_Film
0.0279392786324024,0.0147341024130582,0.88670414686203,0.0014288231031969,0.0247764475643634,0.0333577580749988,0.0110594006255269,Romance_Film
0.0043362947180867,0.0077750151976943,0.0019119848730042,0.013330403715372,0.0211102813482284,0.9332465529441832,0.0182894170284271,Romance_Film
0.5823895335197449,0.331008642911911,0.0109884226694703,0.0015394573565572,0.0420346744358539,0.0292769651859998,0.0027622783090919,Romance_Film
0.0048911343328654,0.0123595157638192,0.0186756215989589,0.1704422384500503,0.7469456791877747,0.0232820603996515,0.0234037451446056,Romance_Film
0.023647166788578,0.0524079985916614,0.0036072577349841,0.2892719209194183,0.358763724565506,0.2605964839458465,0.0117054460570216,Romance_Film
0.0126561988145113,0.065279334783554,0.2997340261936188,0.006459689233452,0.2755737006664276,0.3226218223571777,0.0176751911640167,Romance_Film
0.0415378585457801,0.8228817582130432,0.0095746191218495,0.0015015830285847,0.0194962061941623,0.101682461798191,0.0033255466260015,Romance_Film
0.0726200863718986,0.0331382192671299,0.0299608316272497,0.0038840128108859,0.1406090259552002,0.2191173583269119,0.5006704926490784,Romance_Film
0.2010542750358581,0.108893409371376,0.0060639441944658,0.0014848080463707,0.1170948073267936,0.5581181049346924,0.0072906464338302,Romance_Film
0.0130201280117034,0.0111606745049357,0.0299439504742622,0.0118461744859814,0.4832934737205505,0.4413264691829681,0.0094091007485985,Romance_Film
0.0043349852785468,0.0415330119431018,0.0062363957986235,0.8435961008071899,0.0676780417561531,0.0201558694243431,0.0164657328277826,Romance_Film
0.0035383927170187,0.0073965135961771,0.0007833238923922,0.8591946959495544,0.0985218584537506,0.0236277412623167,0.0069374893791973,Romance_Film
0.0594325214624404,0.0567138642072677,0.0046306303702294,0.0017103808932006,0.0143451336771249,0.8599807024002075,0.0031867995858192,Romance_Film
0.0043915859423577,0.008889234624803,0.0013858563033863,0.7890646457672119,0.0497552417218685,0.1376779824495315,0.0088354479521512,Romance_Film
0.1000969484448432,0.0558503344655036,0.0043272641487419,0.0396745167672634,0.7516059875488281,0.0433113537728786,0.0051335976459085,Romance_Film
0.012342614121735,0.0205365549772977,0.1408882141113281,0.0059711919166147,0.789675772190094,0.0067476779222488,0.0238379221409559,Romance_Film
0.0096061835065484,0.0828665345907211,0.0048978552222251,0.4243096113204956,0.3900286257266998,0.0750308856368064,0.0132602909579873,Romance_Film
0.0140665033832192,0.0110086677595973,0.0573340244591236,0.0115607958287,0.8600010275840759,0.0109019028022885,0.0351270586252212,Romance_Film
0.0157659221440553,0.0941067188978195,0.0902465656399726,0.5661487579345703,0.1532976925373077,0.0306930337101221,0.0497412830591201,Romance_Film
0.0918885841965675,0.3512798845767975,0.0669213682413101,0.0279522519558668,0.1948586851358413,0.1806719899177551,0.0864271596074104,Romance_Film
0.2438185960054397,0.2924097776412964,0.2277894765138626,0.0017949400935322,0.1397974044084549,0.0291326846927404,0.0652570873498916,Romance_Film
0.0107623022049665,0.0139324944466352,0.082543171942234,0.0160005260258913,0.0244887955486774,0.846581220626831,0.0056915492750704,Romance_Film
0.015972988680005,0.0141185792163014,0.5733331441879272,0.0196914095431566,0.3308790624141693,0.0230834875255823,0.0229213759303092,Romance_Film
0.022253543138504,0.0065650003962218,0.9342576861381532,0.0008263454656116,0.0123749021440744,0.0173867382109165,0.0063357348553836,Romance_Film
0.0103651685640215,0.1388558000326156,0.1836146265268325,0.0042591961100697,0.2225886285305023,0.417630672454834,0.022685969248414,Romance_Film
0.0077755432575941,0.019424881786108,0.0049232468008995,0.159149944782257,0.6591477394104004,0.1205838695168495,0.0289948340505361,Romance_Film
0.0120362099260091,0.0906259343028068,0.1018125265836715,0.0082287210971117,0.5470277070999146,0.1380132734775543,0.102255679666996,Romance_Film
0.0197282526642084,0.2067371606826782,0.0449550673365592,0.0026902668178081,0.0163828432559967,0.2605703771114349,0.4489359855651855,Romance_Film
0.0254769418388605,0.0611713603138923,0.133623719215393,0.0020798395853489,0.0387427620589733,0.2003374248743057,0.5385679006576538,Romance_Film
0.0040821703150868,0.0221588555723428,0.0041433032602071,0.5021278262138367,0.0795116201043129,0.3791912496089935,0.0087849758565425,Romance_Film
0.0012817016104236,0.0147375660017132,0.0018623634241521,0.0015357773518189,0.0208040904253721,0.957119643688202,0.0026589464396238,Romance_Film
