anger,disgust,fear,joy,neutral,sadness,surprise,genre
0.0087971771135926,0.0115373199805617,0.0015843973960727,0.5002705454826355,0.4383732378482818,0.0192001070827245,0.0202372521162033,Sports
0.0012525625061243,0.0032703292090445,0.0015288487775251,0.001317142159678,0.0109003940597176,0.9787241816520692,0.0030065954197198,Sports
0.0833941400051117,0.1639298796653747,0.0080668861046433,0.0192569382488727,0.528183102607727,0.1611120402812957,0.0360570512712001,Sports
0.2718527019023895,0.2977873384952545,0.2493199557065963,0.0032665252219885,0.060393076390028,0.1042332276701927,0.0131471138447523,Sports
0.0227745957672595,0.1215803623199462,0.0178332757204771,0.01947289891541,0.7820764780044556,0.0324179865419864,0.0038444027304649,Sports
0.1123397499322891,0.0702593401074409,0.0055741760879755,0.0132340658456087,0.7726426124572754,0.0224855579435825,0.0034645439591258,Sports
0.4390758872032165,0.3865005373954773,0.0042819678783416,0.0041975239291787,0.1276731491088867,0.0330514758825302,0.0052194008603692,Sports
0.0084980996325612,0.0359264239668846,0.0079966336488723,0.010462905280292,0.1033991351723671,0.8314512968063354,0.0022654694039374,Sports
0.0473517775535583,0.0223105419427156,0.0032517455983906,0.0307755507528781,0.8815068602561951,0.0103290108963847,0.0044744564220309,Sports
0.1877099722623825,0.1248499080538749,0.0077017503790557,0.0149968611076474,0.5662742257118225,0.0932781025767326,0.0051891687326133,Sports
0.028995806351304,0.0129985325038433,0.004818882793188,0.0073065687902271,0.9119542837142944,0.026453198865056,0.0074726059101521,Sports
0.0163223911076784,0.0176761709153652,0.0038445373065769,0.0077686682343482,0.9269506931304932,0.0086142756044864,0.0188233684748411,Sports
0.0152206439524889,0.006626340560615,0.1423800736665725,0.0078637292608618,0.7286507487297058,0.0086128264665603,0.0906456112861633,Sports
