anger,disgust,fear,joy,neutral,sadness,surprise,genre
0.01734509319067,0.081993468105793,0.0308788791298866,0.7276071906089783,0.0744340345263481,0.0533100068569183,0.0144313061609864,Romantic_drama
0.0241731908172369,0.1207417696714401,0.0420149005949497,0.0018254127353429,0.0053246882744133,0.8022959232330322,0.0036241165362298,Romantic_drama
0.3451910614967346,0.5883907675743103,0.0294887628406286,0.0012840520357713,0.017507454380393,0.0169085320085287,0.0012294555781409,Romantic_drama
0.7225950360298157,0.0462998077273368,0.1600566506385803,0.0020902967080473,0.009700016118586,0.0583321675658226,0.000926025211811,Romantic_drama
0.0856558233499527,0.1183754131197929,0.2350107878446579,0.0022920100018382,0.0045987078920006,0.551616907119751,0.0024503236636519,Romantic_drama
0.0102460347115993,0.005869114305824,0.007369480561465,0.5857914090156555,0.2896293699741363,0.0045743486844003,0.0965202301740646,Romantic_drama
0.0157157368957996,0.0686261504888534,0.0167588777840137,0.2885360717773437,0.3470411300659179,0.0452107302844524,0.2181112617254257,Romantic_drama
0.9409613013267516,0.0121925259009003,0.0319631397724151,0.0010094351600855,0.0083217397332191,0.0039681526832282,0.0015835834201425,Romantic_drama
0.0058601824566721,0.0625101253390312,0.1226346045732498,0.0041538723744452,0.0462198890745639,0.7535006999969482,0.0051205921918153,Romantic_drama
0.0606391876935958,0.6701875925064087,0.0490445867180824,0.0056283283047378,0.0457766726613044,0.1671808660030365,0.0015427578473463,Romantic_drama
0.0038201827555894,0.0223623663187026,0.0267945230007171,0.0019419646123424,0.0181813240051269,0.9236598610877992,0.0032397082541137,Romantic_drama
0.0279262084513902,0.1692341268062591,0.022608608007431,0.0017408127896487,0.063429482281208,0.71153324842453,0.0035274256952106,Romantic_drama
0.014507551677525,0.2286727577447891,0.0154982712119817,0.3806305527687073,0.3143747746944427,0.0236216485500335,0.0226944405585527,Romantic_drama
0.0066430205479264,0.0104707535356283,0.0092841116711497,0.2379451841115951,0.4070797264575958,0.3138774931430816,0.0146997040137648,Romantic_drama
