anger,disgust,fear,joy,neutral,sadness,surprise,genre
0.0034754704684019,0.0015510591911152,0.0058900853618979,0.6729486584663391,0.1884034126996994,0.0925867408514022,0.0351445749402046,Drama
0.3686710000038147,0.1465961039066314,0.0041532982140779,0.0130311222746968,0.4243567585945129,0.0355821847915649,0.0076095485128462,Drama
0.0040635759942233,0.014330836944282,0.0012673541205003,0.0025045985821634,0.0109827732667326,0.9629921317100524,0.0038587425369769,Drama
0.0402855277061462,0.2531540095806122,0.0114806834608316,0.248426541686058,0.403822511434555,0.0246870443224906,0.0181437600404024,Drama
0.9384430050849916,0.0184965543448925,0.0067368783056735,0.0019414563430473,0.0193913783878088,0.0129607124254107,0.0020300149917602,Drama
0.0096326507627964,0.0810371935367584,0.0063454359769821,0.0997218936681747,0.676529586315155,0.1065125241875648,0.0202207062393426,Drama
0.1323029696941375,0.309406965970993,0.0585128776729106,0.0017930110916495,0.2623689472675323,0.0821007043123245,0.1535145044326782,Drama
0.2801175117492676,0.0804675370454788,0.028642987832427,0.0032512713223695,0.5665399432182312,0.0354606248438358,0.0055201021023094,Drama
0.4851605892181396,0.4733452796936035,0.024471728131175,0.0006632069707848,0.0075275539420545,0.0073066856712102,0.0015249185962602,Drama
0.0467004217207431,0.1380031853914261,0.005884766113013,0.0147749092429876,0.6582027077674866,0.1314127743244171,0.0050211949273943,Drama
0.0235953778028488,0.0559338629245758,0.002202020259574,0.0031703738495707,0.1100696176290512,0.7971855998039246,0.0078431339934468,Drama
0.6030833125114441,0.1250489503145218,0.0111688552424311,0.0035773797426372,0.2116947770118713,0.0418951883912086,0.0035313568077981,Drama
0.0115415807813405,0.942484438419342,0.0069233640097081,0.0011094842338934,0.0059195491485297,0.0291584096848964,0.002863249508664,Drama
0.1473437696695327,0.220607727766037,0.1510402411222458,0.003777070203796,0.3642683029174804,0.0711319670081138,0.0418309532105922,Drama
0.0015845609595999,0.008508606813848,0.0024139096494764,0.001338493428193,0.0120962485671043,0.971111297607422,0.002946886466816,Drama
0.1796835511922836,0.0467740446329116,0.5183908343315125,0.0068228058516979,0.2130927741527557,0.0165134370326995,0.0187225006520748,Drama
0.1146633997559547,0.0326539538800716,0.6517637372016907,0.0045876111835241,0.1600466966629028,0.0330652482807636,0.0032193765509873,Drama
0.1013720855116844,0.0959200710058212,0.050936508923769,0.0032333540730178,0.6989288330078125,0.0328200310468673,0.0167891345918178,Drama
0.0263732317835092,0.0596725642681121,0.0244191195815801,0.2274355143308639,0.6012475490570068,0.0389822199940681,0.0218697600066661,Drama
0.8668608665466309,0.0564236901700496,0.0241291895508766,0.0012730894377455,0.0408138409256935,0.0067722271196544,0.0037270972970873,Drama
0.9018269777297974,0.0702112540602684,0.0052407789044082,0.0005196490092203,0.0135952113196253,0.0071699870750308,0.0014359959168359,Drama
0.0739870965480804,0.8521935343742371,0.0019891234114766,0.000883427739609,0.0150955747812986,0.0549139156937599,0.0009372247150167,Drama
0.0770649462938308,0.3034887611865997,0.0475577116012573,0.0177048463374376,0.4677629470825195,0.0743102058768272,0.0121105527505278,Drama
0.0226661656051874,0.1326432526111602,0.0177876260131597,0.0031297185923904,0.7455028891563416,0.0667761489748954,0.0114942174404859,Drama
0.0648059397935867,0.0091316550970077,0.8714168667793274,0.0031384394969791,0.0350950062274932,0.0117933386936783,0.0046187518164515,Drama
0.036004714667797,0.0125128012150526,0.8441728353500366,0.0080893067643046,0.086740493774414,0.0095185106620192,0.0029613771475851,Drama
0.0302690900862216,0.0253896005451679,0.0009651092113927,0.33374685049057,0.5973395109176636,0.0062982807867228,0.0059915254823863,Drama
0.0032960034441202,0.0010453631402924,0.9861770272254944,0.0010048859985545,0.0040225312113761,0.0032335603609681,0.0012207222171127,Drama
0.6330153942108154,0.0769844055175781,0.1750144064426422,0.0019039548933506,0.0699648782610893,0.0395297519862651,0.0035871672444045,Drama
0.0122017981484532,0.0147071480751037,0.8375363349914551,0.003117291489616,0.1184700727462768,0.0103697022423148,0.0035977526567876,Drama
0.0464313589036464,0.0737227499485015,0.0030751656740903,0.0196173023432493,0.8308956623077393,0.0095888972282409,0.0166688896715641,Drama
0.0067484253086149,0.1574549376964569,0.2144421190023422,0.0268429704010486,0.5417348742485046,0.0482233576476573,0.0045532365329563,Drama
0.0778638795018196,0.4488602876663208,0.0035071508027613,0.0987802073359489,0.3499972820281982,0.0159215461462736,0.0050697103142738,Drama
0.0010401948820799,0.002627044217661,0.0009597421158105,0.003400545567274,0.010889433324337,0.9767786264419556,0.0043043047189712,Drama
0.0059951925650238,0.0369038246572017,0.0017873577307909,0.0350935794413089,0.8699111342430115,0.0391640178859233,0.0111448736861348,Drama
0.7936381101608276,0.0174401178956031,0.1655220836400985,0.0013276115059852,0.0144561035558581,0.0024804763961583,0.0051355063915252,Drama
0.0218978710472583,0.0532789938151836,0.0487387403845787,0.0018597804009914,0.1489956229925155,0.7135607600212097,0.011668243445456,Drama
0.8631717562675476,0.0617216452956199,0.0046168598346412,0.0016526903491467,0.0565961562097072,0.0094272634014487,0.0028137296903878,Drama
0.8586807250976562,0.0798875391483306,0.0069233230315148,0.0018530202796682,0.0445626713335514,0.0069542727433145,0.0011384693207219,Drama
