anger,disgust,fear,joy,neutral,sadness,surprise,genre
0.0233890637755393,0.0865765139460563,0.4957664310932159,0.0091246198862791,0.1227872595191001,0.2469750791788101,0.0153809487819671,Horror
0.2826694846153259,0.6603023409843445,0.0029488345608115,0.0023768274113535,0.0412623807787895,0.0089732864871621,0.0014668339863419,Horror
0.0791365578770637,0.7655042409896851,0.0075321937911212,0.0062539502978324,0.1271892189979553,0.0116039803251624,0.0027798351366072,Horror
0.120196409523487,0.8277068734169006,0.0129433218389749,0.0019317676778882,0.0297907758504152,0.0062249549664556,0.0012060779845342,Horror
0.0118370577692985,0.0138785736635327,0.0039351880550384,0.0099954698234796,0.9367957711219788,0.0052664671093225,0.0182914454489946,Horror
0.0470987632870674,0.9052138924598694,0.0104059176519513,0.0006958236335776,0.0261283013969659,0.0043771797791123,0.0060800341889262,Horror
0.1490156650543213,0.7265303730964661,0.0271751787513494,0.0014061629772186,0.0699879080057144,0.0224149022251367,0.0034697863738983,Horror
0.0491311140358448,0.8244638442993164,0.0338091701269149,0.0032860522624105,0.0636973083019256,0.0175000689923763,0.0081123122945427,Horror
0.0342548713088035,0.0324178487062454,0.004917882848531,0.0721798092126846,0.8279157280921936,0.0206144899129867,0.0076992702670395,Horror
0.0076898173429071,0.127294659614563,0.7973794937133789,0.0026125735603272,0.0412064939737319,0.0058648069389164,0.0179522335529327,Horror
0.773758053779602,0.1732183545827865,0.0028564576059579,0.0013713671360164,0.0344018302857875,0.0122029799968004,0.0021909698843955,Horror
0.2209013700485229,0.6335442066192627,0.0108643332496285,0.001375030959025,0.1147687509655952,0.0140179870650172,0.0045283534564077,Horror
0.0009842775762081,0.0028681298717856,0.0022772743832319,0.0039982642047107,0.0106442738324403,0.976443350315094,0.0027844663709402,Horror
