anger,disgust,fear,joy,neutral,sadness,surprise,genre
0.6496834754943848,0.3179411888122558,0.0088512506335973,0.0032350446563214,0.0152532625943422,0.003470676485449,0.001565069775097,Drama
0.0181839819997549,0.3101805746555328,0.0038317572325468,0.0174565687775611,0.637719452381134,0.0031810086220502,0.0094467308372259,Drama
0.005980422720313,0.0069369785487651,0.0071806898340582,0.0186986941844224,0.9165435433387756,0.0208800677210092,0.0237795244902372,Drama
0.0365739986300468,0.327690839767456,0.0988244116306305,0.0096421772614121,0.0872259140014648,0.436951220035553,0.0030914589297026,Drama
0.0314626172184944,0.1588931828737259,0.0080067124217748,0.0353760905563831,0.7308371067047119,0.0222511105239391,0.0131732011213898,Drama
0.0055051636882126,0.0095783853903412,0.0015726267592981,0.0166267696768045,0.9533762335777284,0.004036006052047,0.0093048382550477,Drama
0.0128538217395544,0.0255982782691717,0.0012874623062089,0.0113542582839727,0.9359102845191956,0.0026180949062108,0.0103778215125203,Drama
0.0470964275300502,0.0386044830083847,0.0193366892635822,0.303972989320755,0.5207672119140625,0.0123739102855324,0.0578483417630195,Drama
0.5241089463233948,0.1143268048763275,0.004320693667978,0.0109810307621955,0.1133389174938201,0.1989112347364425,0.0340123362839221,Drama
0.3539691865444183,0.2799331247806549,0.0177327115088701,0.0079676434397697,0.1096639856696128,0.0053089172579348,0.2254244983196258,Drama
0.0440272577106952,0.0479801595211029,0.0052420548163354,0.0150481145828962,0.8375394344329834,0.0238330550491809,0.0263298116624355,Drama
0.2912609875202179,0.0751026272773742,0.0643930584192276,0.0716710612177848,0.1161266267299652,0.0143708912655711,0.3670747578144073,Drama
0.0261003300547599,0.0789693221449852,0.1901164650917053,0.0318085476756095,0.5015798211097717,0.0108977193012833,0.160527765750885,Drama
0.0110096484422683,0.0969997197389602,0.0255428999662399,0.2508465647697449,0.5555480718612671,0.0204588286578655,0.0395942106842994,Drama
0.0653911381959915,0.1951241642236709,0.0204532779753208,0.0668252035975456,0.6307284832000732,0.014294852502644,0.0071828532963991,Drama
0.0182687491178512,0.4658704102039337,0.0076498063281178,0.0055281287059187,0.4634076952934265,0.0131203029304742,0.0261549465358257,Drama
0.0690847858786583,0.1844504326581955,0.0019257528474554,0.0076978667639195,0.6187575459480286,0.0479882918298244,0.0700952932238578,Drama
0.325135201215744,0.2888141870498657,0.1601332277059555,0.0034878654405474,0.192575454711914,0.0176793094724416,0.0121747683733701,Drama
0.0234157033264637,0.0666373968124389,0.0017739541362971,0.0214397478848695,0.0234212316572666,0.8580520153045654,0.0052599185146391,Drama
0.005655731074512,0.0056139421649277,0.0011242750333622,0.0027036936953663,0.0133337723091244,0.9658469557762146,0.0057215886190533,Drama
0.0700432062149047,0.2133314907550811,0.0044782552868127,0.0020798570476472,0.0410105101764202,0.6660647988319397,0.0029918537475168,Drama
0.958623230457306,0.0269133020192384,0.0021242899820208,0.0005981752183288,0.007714063860476,0.0022537894546985,0.0017731992993503,Drama
0.662696361541748,0.0335271656513214,0.0059341886080801,0.0170663967728614,0.2065531611442566,0.0089806830510497,0.0652419254183769,Drama
0.0372974760830402,0.057643823325634,0.0090964045375585,0.0085274903103709,0.5197617411613464,0.0095717357471585,0.3581013679504394,Drama
0.0148352067917585,0.0233603995293378,0.0017068036831915,0.8591688871383667,0.0910689532756805,0.0046298671513795,0.005229874048382,Drama
0.0052315071225166,0.0051655163988471,0.0020343116484582,0.012088761664927,0.04600340873003,0.9250231981277466,0.0044532637111842,Drama
0.5069106817245483,0.0035210908390581,0.4193695783615112,0.0074764159508049,0.0240961983799934,0.0300672203302383,0.0085588386282324,Drama
0.0095980083569884,0.0213734786957502,0.937102735042572,0.0010245023295283,0.0129058407619595,0.0023305874783545,0.0156648904085159,Drama
0.0043804994784295,0.0015324706910178,0.0010410250397399,0.0112802740186452,0.0129542406648397,0.002493372419849,0.9663181900978088,Drama
