anger,disgust,fear,joy,neutral,sadness,surprise,genre
0.017731599509716,0.5312445759773254,0.0067046210169792,0.0742592960596084,0.3238461017608642,0.0147520303726196,0.0314618051052093,Science_Fiction
0.0521786548197269,0.1074893325567245,0.0087790265679359,0.0152654759585857,0.6423914432525635,0.0082959728315472,0.1656000614166259,Science_Fiction
0.0833619013428688,0.0592053607106208,0.5667564272880554,0.0052363337017595,0.216437429189682,0.0565723367035388,0.0124301416799426,Science_Fiction
0.0357689149677753,0.0161213763058185,0.048881359398365,0.0324949137866497,0.1417031437158584,0.7206172347068787,0.0044130608439445,Science_Fiction
0.2101252526044845,0.5887187719345093,0.1154457107186317,0.0023744390346109,0.0332624427974224,0.0315154232084751,0.0185579899698495,Science_Fiction
0.005094725638628,0.018195241689682,0.000997727853246,0.0637682154774665,0.8970939517021179,0.009257604368031,0.0055925222113728,Science_Fiction
0.0038562482222914,0.002776788547635,0.0012048536445945,0.7054517865180969,0.2476801574230194,0.0213362332433462,0.0176940001547336,Science_Fiction
0.0132685080170631,0.0385485626757144,0.0159004610031843,0.0043187206611037,0.7886663675308228,0.0059548551216721,0.1333425194025039,Science_Fiction
0.0396702364087104,0.0228005368262529,0.0844641327857971,0.1038014665246009,0.6929951310157776,0.0044161924161016,0.0518523231148719,Science_Fiction
0.0464024133980274,0.0851603895425796,0.0042623882181942,0.0434138402342796,0.7681546807289124,0.0453422106802463,0.0072640781290829,Science_Fiction
0.0034487997181713,0.0032046195119619,0.7826417088508606,0.1495629400014877,0.0467043109238147,0.0100615201517939,0.0043760719709098,Science_Fiction
0.0205494947731494,0.932649314403534,0.0049709281884133,0.0037175680045038,0.0317417494952678,0.0035982700064778,0.0027727631386369,Science_Fiction
0.0213865637779235,0.0344737097620964,0.001948844990693,0.0169434715062379,0.8886775970458984,0.0073039713315665,0.0292659159749746,Science_Fiction
0.0048286044038832,0.0072786817327141,0.0014334700535982,0.0024732134770601,0.9429057240486144,0.003816972952336,0.037263348698616,Science_Fiction
0.6610673069953918,0.0927077084779739,0.0095692127943038,0.0033649511169642,0.1350812911987304,0.0926063284277916,0.0056031490676105,Science_Fiction
0.0119340047240257,0.0068293791264295,0.0018883234588429,0.0842508152127265,0.7980376482009888,0.0893979296088218,0.0076618986204266,Science_Fiction
0.3778221607208252,0.3010808229446411,0.0080561740323901,0.0059238695539534,0.2484983652830124,0.0539332441985607,0.0046854363754391,Science_Fiction
0.5973013043403625,0.1391771137714386,0.0912299156188964,0.0045769037678837,0.1390431076288223,0.023441195487976,0.0052304910495877,Science_Fiction
0.0406646579504013,0.0075291981920599,0.1516263633966446,0.0156733989715576,0.6577557325363159,0.078759878873825,0.0479907169938087,Science_Fiction
0.4516310095787048,0.0288212969899177,0.4436059594154358,0.0026250348892062,0.0107258362695574,0.0592969395220279,0.0032938329968601,Science_Fiction
0.0033318323548883,0.0025279312394559,0.0014922735281288,0.0441650748252868,0.907680869102478,0.0118592707440257,0.0289426855742931,Science_Fiction
0.011417000554502,0.0079605933278799,0.0024237618781626,0.2692805826663971,0.6029921770095825,0.0191696230322122,0.0867562294006347,Science_Fiction
0.0042094541713595,0.0025661936961114,0.0027580722235143,0.0042521678842604,0.9562599658966064,0.0042679882608354,0.0256861858069896,Science_Fiction
0.0206768233329057,0.1885724514722824,0.0103173507377505,0.0221983566880226,0.7461227178573608,0.0052126399241387,0.0068996250629425,Science_Fiction
0.1391488909721374,0.2321067750453949,0.4678822159767151,0.0037226839922368,0.1013432592153549,0.0166386980563402,0.0391574800014495,Science_Fiction
