anger,disgust,fear,joy,neutral,sadness,surprise,genre
0.0049935495480895,0.0102491863071918,0.0254386607557535,0.0445935502648353,0.0589455626904964,0.8503180742263794,0.0054613500833511,Period_piece
0.0006744002457708,0.0047002420760691,0.0017900598468258,0.0103309573605656,0.018317611888051,0.9553015232086182,0.0088852262124419,Period_piece
0.0080982148647308,0.0044896150939166,0.0039754435420036,0.3779686987400055,0.5733184218406677,0.0085832206532359,0.0235663522034883,Period_piece
0.016958886757493,0.0712324380874633,0.0154237626120448,0.004347903188318,0.1157899722456932,0.7514416575431824,0.0248054023832082,Period_piece
0.011975709348917,0.0539184175431728,0.0146866217255592,0.3483540415763855,0.2982956767082214,0.216825932264328,0.0559435226023197,Period_piece
0.0108587350696325,0.9053189158439636,0.0243453979492187,0.0015315014170482,0.0097475573420524,0.0468794368207454,0.0013185343705117,Period_piece
0.0530671179294586,0.0344092287123203,0.8451117277145386,0.0013279385166242,0.0086543839424848,0.0390809401869773,0.0183486230671405,Period_piece
0.0547172874212265,0.9087178707122804,0.0066966190934181,0.0013928211992606,0.0100747514516115,0.0163584109395742,0.0020422912202775,Period_piece
0.0183286368846893,0.0370351187884807,0.0411928556859493,0.0054451790638267,0.4513189792633056,0.422075480222702,0.0246038306504488,Period_piece
0.0039985957555472,0.0034020037855952,0.0015217793406918,0.1081178709864616,0.8381385207176208,0.0078525515273213,0.0369687639176845,Period_piece
0.0041174795478582,0.0068760262802243,0.0040792794898152,0.0599124021828174,0.8624452948570251,0.0212653800845146,0.0413041450083255,Period_piece
0.0017206196207553,0.0108770253136754,0.003415415296331,0.0012441300787031,0.0216261427849531,0.9585919976234436,0.0025246429722756,Period_piece
0.6354551911354065,0.2915305495262146,0.009040062315762,0.0020101023837924,0.0557750277221202,0.0045261685736477,0.0016629786696285,Period_piece
0.0015883558662608,0.0265579409897327,0.0057901451364159,0.0062199812382459,0.0494158789515495,0.9051461219787598,0.0052815433591604,Period_piece
0.0369054488837718,0.2639210820198059,0.0034321825951337,0.0030650475528091,0.6666531562805176,0.0121495742350816,0.0138735165819525,Period_piece
0.0551935099065303,0.048520591109991,0.0919344276189804,0.0583871155977249,0.7185412049293518,0.0112750194966793,0.0161482319235801,Period_piece
0.0030418438836932,0.005865701008588,0.0005145135801285,0.8257619738578796,0.1319790631532669,0.0196573156863451,0.0131796337664127,Period_piece
0.0033320435322821,0.0055488524958491,0.9017519354820251,0.0017324809450656,0.0108022531494498,0.0072590666823089,0.0695732235908508,Period_piece
0.0027627733070403,0.0099269747734069,0.0169191919267177,0.0151668768376111,0.0623691864311695,0.8782722353935242,0.0145828025415539,Period_piece
0.0048901648260653,0.0263084843754768,0.0091364504769444,0.1499160677194595,0.7818443179130554,0.0075559853576123,0.0203484818339347,Period_piece
0.0020130164921283,0.0012002697912976,0.0004613169294316,0.9843850135803224,0.0030644831713289,0.0027655002195388,0.0061102556064724,Period_piece
0.0194226875901222,0.2816056609153747,0.0291309207677841,0.002735667861998,0.0865453034639358,0.554071307182312,0.0264884009957313,Period_piece
0.0018382404232397,0.0085733868181705,0.0032657347619533,0.0494101904332637,0.1674650162458419,0.7470969557762146,0.0223504193127155,Period_piece
0.111060082912445,0.7322971224784851,0.0130648016929626,0.0010332289384678,0.0698105171322822,0.0598663426935672,0.0128679014742374,Period_piece
0.0421759933233261,0.029462931677699,0.0081147262826561,0.0841811001300811,0.710166871547699,0.1164844259619712,0.0094140600413084,Period_piece
0.0074826329946517,0.00246371794492,0.006783549208194,0.2182091325521469,0.2522806227207184,0.0762501806020736,0.436530202627182,Period_piece
0.1643004715442657,0.098389022052288,0.0770476013422012,0.0039232661947607,0.2983010411262512,0.2260513603687286,0.1319872438907623,Period_piece
0.0061760866083204,0.0288653466850519,0.9451823830604552,0.0011520180851221,0.0076181408949196,0.005621372256428,0.0053846957162022,Period_piece
0.0005811098380945,0.0028505979571491,0.0025174776092171,0.0016206252621486,0.0141357965767383,0.97368323802948,0.0046112430281937,Period_piece
0.3750563561916351,0.3212776780128479,0.0864807143807411,0.0009968501981347,0.0231986138969659,0.177556425333023,0.0154333095997571,Period_piece
0.0096052587032318,0.9198208451271056,0.0036287703551352,0.0009461335721425,0.0335390642285347,0.0308791324496269,0.0015807446325197,Period_piece
0.9318651556968688,0.0126821715384721,0.0347845703363418,0.0007728760247118,0.0081021357327699,0.0053219008259475,0.006471290718764,Period_piece
0.0103074479848146,0.0061281211674213,0.2022098153829574,0.0970422327518463,0.5182099938392639,0.1378132849931717,0.0282890945672988,Period_piece
0.0023658836726099,0.0011295274598523,0.0008780303178355,0.00288523780182,0.0035325246863067,0.9866793751716614,0.0025295014493167,Period_piece
