anger,disgust,fear,joy,neutral,sadness,surprise,genre
0.0074420631863176,0.0072537777014076,0.0126608973369002,0.0153328040614724,0.9122077822685242,0.0100257107987999,0.0350769534707069,Children_s_Family
0.0449812561273574,0.0186163336038589,0.0033211756963282,0.0996252074837684,0.4122314155101776,0.4170278906822204,0.0041967127472162,Children_s_Family
0.2158019244670868,0.1598921120166778,0.0302224121987819,0.1338289976119995,0.4428991377353668,0.0127449333667755,0.0046104891225695,Children_s_Family
0.0986373126506805,0.0780257955193519,0.1983319967985153,0.0257591139525175,0.5230898857116699,0.0712125971913337,0.0049433181993663,Children_s_Family
0.1091613471508026,0.0829780250787735,0.0177877824753522,0.0018913483945652,0.7690748572349548,0.0086962170898914,0.0104103852063417,Children_s_Family
0.1835390478372573,0.1109743788838386,0.3283401429653168,0.0162205826491117,0.2752384841442108,0.0466149859130382,0.0390723533928394,Children_s_Family
0.0051339184865355,0.0025605901610106,0.0042052483186125,0.0015991054242476,0.0071623683907091,0.0008989060879684,0.9784398674964904,Children_s_Family
0.4578864872455597,0.3874466717243194,0.0209687482565641,0.00081806210801,0.0932513922452926,0.0362077094614505,0.0034209066070616,Children_s_Family
0.0082642138004302,0.0050816088914871,0.9600343108177184,0.0010134540498256,0.0138916904106736,0.0099671659991145,0.0017477120272815,Children_s_Family
