anger,disgust,fear,joy,neutral,sadness,surprise,genre
0.0231561958789825,0.008451348170638,0.018937112763524,0.054392222315073,0.5543442368507385,0.1360745429992675,0.2046443372964859,Drama
0.0043872171081602,0.0176494047045707,0.0029975497163832,0.8203626871109009,0.03803626075387,0.1081881076097488,0.008378786034882,Drama
0.0284452848136425,0.3304830491542816,0.1727457493543625,0.025864403694868,0.0212211012840271,0.4176453948020935,0.0035949896555393,Drama
0.5420203804969788,0.2071230113506317,0.0881580710411071,0.002105705672875,0.0557291768491268,0.102342814207077,0.0025208429433405,Drama
0.0244580637663602,0.0345165804028511,0.0035042471718043,0.003262209938839,0.91139817237854,0.0165533814579248,0.0063073467463254,Drama
0.0451996847987175,0.0383826494216918,0.002646911656484,0.0208726581186056,0.8834271430969238,0.0052782488055527,0.0041927420534193,Drama
0.498487651348114,0.0508313961327075,0.0244722254574298,0.0087824640795588,0.3407445251941681,0.0698740258812904,0.0068078283220529,Drama
0.7243894934654236,0.1591288298368454,0.007571202237159,0.001198056852445,0.0437460802495479,0.0620351582765579,0.001931237289682,Drama
0.0074302614666521,0.0403675623238086,0.0027186477091163,0.3413524329662323,0.5834259986877441,0.0173268672078847,0.0073782908730208,Drama
0.4312328696250915,0.0557802952826023,0.1015925481915474,0.0317121930420398,0.2970001697540283,0.0747144371271133,0.0079675102606415,Drama
0.0124821793287992,0.0334340631961822,0.6657222509384155,0.0061187385581433,0.2508354783058166,0.026921609416604,0.0044855624437332,Drama
0.0006427901680581,0.0010238905670121,0.0013481371570378,0.0018690862925723,0.0058953263796865,0.984433650970459,0.0047871177084743,Drama
0.1702181696891784,0.1579931229352951,0.0694127827882766,0.0065955314785242,0.5571767091751099,0.0366033986210823,0.0020002550445497,Drama
0.1569661498069763,0.7219150066375732,0.0921453088521957,0.001440564636141,0.0169381946325302,0.0088645722717046,0.0017302426276728,Drama
0.0061561493203043,0.0129447458311915,0.0105562601238489,0.3757520020008087,0.5335984230041504,0.0342301130294799,0.026762256398797,Drama
0.3945045173168182,0.4362170696258545,0.007532731629908,0.0026994200889021,0.1181855872273445,0.0355622097849845,0.0052985209040343,Drama
0.1161505281925201,0.019836101680994,0.8395605087280273,0.0011458626249805,0.0144113041460514,0.0055073243565857,0.0033884062431752,Drama
0.0163054838776588,0.0057740709744393,0.0304122623056173,0.0314158238470554,0.8565828800201416,0.0531398206949234,0.0063697034493088,Drama
0.0535514950752258,0.0962185785174369,0.0019026044756174,0.3342345058917999,0.4853363037109375,0.0225438270717859,0.0062126503325998,Drama
0.0026590873021632,0.0018631300190463,0.0006095535354688,0.9081218242645264,0.0378371998667717,0.0381063297390937,0.0108029711991548,Drama
0.0797298848628997,0.1327424049377441,0.0040827360935509,0.0584719516336917,0.6343467831611633,0.083448551595211,0.00717768445611,Drama
0.2325551360845565,0.0729008466005325,0.0040421220473945,0.0871559232473373,0.5251153111457825,0.0664954558014869,0.011735207401216,Drama
