anger,disgust,fear,joy,neutral,sadness,surprise,genre
0.1121416240930557,0.8584994077682495,0.0050517879426479,0.0003380161360837,0.0082734366878867,0.0143187930807471,0.0013769958168268,B_movie
0.6506289839744568,0.252031922340393,0.0213649738579988,0.0017168613849207,0.0270586851984262,0.0430179797112941,0.0041805426590144,B_movie
0.0439605712890625,0.0572347790002822,0.0119713684543967,0.0047583472914993,0.857168972492218,0.0056662703864276,0.019239729270339,B_movie
0.2868528962135315,0.0945214331150055,0.401958167552948,0.0016120031941682,0.0304747335612773,0.1777526140213012,0.0068281614221632,B_movie
0.0089130252599716,0.1011308431625366,0.019992122426629,0.023717338219285,0.5815723538398743,0.1906256079673767,0.0740487426519393,B_movie
0.0061853425577282,0.0266675483435392,0.0047951326705515,0.0045661274343729,0.9112451076507568,0.0028940129559487,0.0436467342078685,B_movie
0.0403907634317874,0.1278031468391418,0.0165259651839733,0.0301895793527364,0.7703186869621277,0.0089471125975251,0.0058247991837561,B_movie
0.2523851096630096,0.5708414912223816,0.036598652601242,0.0010011768899857,0.0758540481328964,0.0280734803527593,0.0352461785078048,B_movie
0.0382649898529052,0.393020361661911,0.0181397777050733,0.0022851023823022,0.4868659079074859,0.0063379160128533,0.0550859197974205,B_movie
0.0091281505301594,0.0116398511454463,0.0117650488391518,0.0060155196115374,0.5103190541267395,0.0096409060060977,0.4414914548397064,B_movie
0.0121354972943663,0.0624683499336242,0.0071125086396932,0.0115058030933141,0.848901629447937,0.0287811420857906,0.0290951430797576,B_movie
0.1216542869806289,0.7499278783798218,0.0090922750532627,0.0031684127170592,0.0615099146962165,0.050212949514389,0.0044342395849525,B_movie
0.09377471357584,0.8072541952133179,0.006043832283467,0.004024002701044,0.0651813820004463,0.0195046216249465,0.0042172227986156,B_movie
0.4141672849655151,0.2489287853240966,0.0205958914011716,0.0028143546078354,0.2667126655578613,0.043340977281332,0.0034401090815663,B_movie
0.0082664526998996,0.0302425697445869,0.0032253072131425,0.0021877293474972,0.9428098201751708,0.0032550164032727,0.0100130457431077,B_movie
0.0328167378902435,0.6623422503471375,0.0033416200894862,0.0679626017808914,0.2160750478506088,0.012067912146449,0.0053937626071274,B_movie
