anger,disgust,fear,joy,neutral,sadness,surprise,genre
0.0078363763168454,0.5900935530662537,0.0948346033692359,0.1779855340719223,0.1003336906433105,0.023452378809452,0.005463883280754,Pre_Code
0.1719288975000381,0.3145307600498199,0.0031491848640143,0.3285921216011047,0.1499375700950622,0.0281469654291868,0.0037145125679671,Pre_Code
0.011559821665287,0.8280999064445496,0.0031023316550999,0.0026990072801709,0.0444873571395874,0.1067981272935867,0.003253526519984,Pre_Code
0.0893440172076225,0.1148293986916542,0.1545789390802383,0.0079445876181125,0.5348801016807556,0.0734472870826721,0.024975711479783,Pre_Code
0.0310555156320333,0.0333709903061389,0.0180306751281023,0.0179279968142509,0.1940943151712417,0.0046417680568993,0.7008787393569946,Pre_Code
0.1809972375631332,0.0656349062919616,0.5955502390861511,0.0039967950433492,0.0869309082627296,0.0385981127619743,0.0282917879521846,Pre_Code
0.0520731806755065,0.4585846662521362,0.0087439464405179,0.0011943653225898,0.0578646510839462,0.4081827104091644,0.0133563969284296,Pre_Code
0.0116341263055801,0.0098231891170144,0.0064468355849385,0.0222380720078945,0.2957943379878998,0.5287629961967468,0.1253004521131515,Pre_Code
0.1355412304401397,0.7887551188468933,0.0072094881907105,0.0010762261226773,0.0392571128904819,0.0230177026242017,0.0051431255415081,Pre_Code
0.049699779599905,0.9238075017929076,0.0013867269735783,0.0023698383010923,0.0194370280951261,0.0024377387017011,0.0008614700636826,Pre_Code
0.0632178112864494,0.0790597721934318,0.5346338152885437,0.0035899190697818,0.2786255180835724,0.0110990609973669,0.0297740790992975,Pre_Code
0.010397438891232,0.0106857577338814,0.0190144330263137,0.0097529226914048,0.9369388818740844,0.0052774427458643,0.0079331425949931,Pre_Code
0.1231712847948074,0.644099235534668,0.0429650172591209,0.002877693157643,0.1744019836187362,0.0080327065661549,0.0044521726667881,Pre_Code
0.0642816647887229,0.1095944568514823,0.0527405142784118,0.0038882701192051,0.7428587079048157,0.012468583881855,0.0141678191721439,Pre_Code
0.3679963648319244,0.0595026314258575,0.0923573523759841,0.004281657282263,0.4512327909469604,0.0214663911610841,0.003162691835314,Pre_Code
0.0317217111587524,0.0514088794589042,0.0145129906013607,0.0018887557089328,0.8788243532180786,0.0165180396288633,0.0051253158599138,Pre_Code
0.4546124637126922,0.0257043037563562,0.4588811099529266,0.0017185577889904,0.0365442782640457,0.0096970042213797,0.0128423953428864,Pre_Code
0.0371563024818897,0.0433284863829612,0.0440432652831077,0.0014165312750265,0.0331141576170921,0.8342245817184448,0.0067166909575462,Pre_Code
0.0624000765383243,0.8209721446037292,0.0369196720421314,0.0011369754793122,0.0228900536894798,0.0234404560178518,0.0322406589984893,Pre_Code
0.3609572350978851,0.5635970234870911,0.0107961324974894,0.0008675245335325,0.0199194643646478,0.04179547727108,0.0020672525279223,Pre_Code
0.0047113974578678,0.0208285860717296,0.0047980351373553,0.0408108457922935,0.9054165482521056,0.0093174455687403,0.0141172064468264,Pre_Code
0.0463593937456607,0.8526224493980408,0.0271912813186645,0.0020424197427928,0.0640462562441825,0.0063797603361308,0.0013584153493866,Pre_Code
0.0028597628697752,0.0052513885311782,0.9691768884658812,0.0013151792809367,0.0151896281167864,0.0035406716633588,0.0026665381155908,Pre_Code
0.0821470469236373,0.0833844095468521,0.0875975936651229,0.0021399674005806,0.0539429858326911,0.6751502156257629,0.0156377647072076,Pre_Code
0.0280635207891464,0.008806724101305,0.0024363345000892,0.0111923655495047,0.9421233534812928,0.0038569550961256,0.0035207662731409,Pre_Code
0.0643267259001731,0.7186424136161804,0.0398176088929176,0.0025547207333147,0.159220814704895,0.009690087288618,0.0057476805523037,Pre_Code
0.1034898087382316,0.0298750475049018,0.0974833890795707,0.0030364776030182,0.0911519825458526,0.0064203110523521,0.6685429811477661,Pre_Code
0.0513532236218452,0.1755661368370056,0.6883332133293152,0.0025935771409422,0.0469770692288875,0.0207661278545856,0.0144106457009911,Pre_Code
0.0327449329197406,0.125987246632576,0.1417775750160217,0.0063507789745926,0.6646260619163513,0.0189427640289068,0.0095705827698111,Pre_Code
0.0380989387631416,0.0244937594980001,0.0105909509584307,0.0044212830252945,0.885791540145874,0.0330804474651813,0.0035230959765613,Pre_Code
0.4705460667610168,0.0751121342182159,0.3991820812225342,0.0022763863671571,0.0338010415434837,0.014695381745696,0.0043869623914361,Pre_Code
0.0323326773941516,0.3818708658218384,0.0449920818209648,0.0010845676297321,0.0273077189922332,0.5070936679840088,0.0053183543495833,Pre_Code
0.3537992238998413,0.5769068598747253,0.0429246835410594,0.0017814750317484,0.0182818342000246,0.0046477275900542,0.0016581704840064,Pre_Code
0.0593230761587619,0.2715929448604584,0.0115658491849899,0.1080668047070503,0.4016249477863312,0.1449728906154632,0.0028533914592117,Pre_Code
0.3010337054729461,0.0550372526049613,0.470034509897232,0.0043253418989479,0.1374225169420242,0.0244848635047674,0.0076619172468781,Pre_Code
0.5425386428833008,0.0567004010081291,0.0336616970598697,0.0054994677193462,0.0945929288864135,0.2641606330871582,0.0028462470509111,Pre_Code
0.0088706742972135,0.0341269932687282,0.0041563189588487,0.1791858226060867,0.7550968527793884,0.014342219568789,0.0042211636900901,Pre_Code
0.8242087364196777,0.0587885119020938,0.0023218635469675,0.0019564374815672,0.049690693616867,0.0490228608250618,0.0140109658241271,Pre_Code
0.2888578176498413,0.0960040986537933,0.5689807534217834,0.0029340907931327,0.0345102176070213,0.0054425722919404,0.0032704721670597,Pre_Code
0.0100915720686316,0.0512077920138835,0.0287717543542385,0.0059063080698251,0.1068283170461654,0.7925341725349426,0.0046600583009421,Pre_Code
0.291885495185852,0.108106791973114,0.0097781205549836,0.0038510635495185,0.5658155083656311,0.0128794386982917,0.0076835583895444,Pre_Code
0.0051269712857902,0.0359457433223724,0.0092692552134394,0.0080775637179613,0.916221797466278,0.0159023515880107,0.0094563849270343,Pre_Code
0.0126159945502877,0.0118670407682657,0.0055618025362491,0.0030022307764738,0.9270586371421814,0.0066465642303228,0.0332476794719696,Pre_Code
0.125116229057312,0.5946168899536133,0.0158479567617177,0.0024980322923511,0.2471450865268707,0.0094739189371466,0.0053019211627542,Pre_Code
0.0106997042894363,0.0116564482450485,0.0020667419303208,0.0799522772431373,0.8496356010437012,0.0299784336239099,0.0160107593983411,Pre_Code
0.2224440276622772,0.1052524298429489,0.0495262704789638,0.0032716444693505,0.2342439889907837,0.3061479926109314,0.079113595187664,Pre_Code
0.0060337940230965,0.0613232031464576,0.0137081006541848,0.003556287381798,0.2221390902996063,0.6867297291755676,0.0065098511986434,Pre_Code
0.2021766901016235,0.1773240119218826,0.0457455739378929,0.0031040571630001,0.539137601852417,0.0198466535657644,0.0126654263585805,Pre_Code
0.2998766899108886,0.0586115047335624,0.0314386636018753,0.0010660225525498,0.0452017113566398,0.5571447610855103,0.0066606239415705,Pre_Code
0.0277931746095418,0.1116504892706871,0.080711230635643,0.0144344856962561,0.5325610637664795,0.2140698879957199,0.0187797360122203,Pre_Code
0.2511743307113647,0.3456308245658874,0.0058771986514329,0.0020481017418205,0.3723013699054718,0.0141038699075579,0.0088641755282878,Pre_Code
0.0257695820182561,0.0420549549162387,0.0009162615751847,0.5349560379981995,0.3803042471408844,0.0115292873233556,0.0044695967808365,Pre_Code
0.0213310122489929,0.1852421164512634,0.0042958599515259,0.013174932450056,0.7352473735809326,0.0280541665852069,0.012654485180974,Pre_Code
0.123816542327404,0.5334064960479736,0.039850290864706,0.0016666090814396,0.1225635334849357,0.1665683686733245,0.012128097936511,Pre_Code
0.0517768822610378,0.165458932518959,0.0100065730512142,0.0011289245449006,0.0311712007969617,0.738103449344635,0.002354072406888,Pre_Code
0.0782904401421547,0.8321850895881653,0.0785499960184097,0.0007142518879845,0.002860224340111,0.0060796891339123,0.0013201606925576,Pre_Code
0.0822479799389839,0.0910979881882667,0.2510692775249481,0.0038094921037554,0.2066560089588165,0.3567523658275604,0.0083669032901525,Pre_Code
0.5540229082107544,0.0987415760755539,0.0048108897171914,0.0024894203525036,0.067872017621994,0.2695466876029968,0.002516493666917,Pre_Code
0.0083977859467267,0.0357114449143409,0.0082620186731219,0.0054208347573876,0.9160916209220886,0.0100725488737225,0.0160437431186437,Pre_Code
0.0234886351972818,0.0941981226205825,0.0035615470260381,0.0137098068371415,0.8510041236877441,0.0077413637191057,0.0062963971868157,Pre_Code
0.0195449665188789,0.2669916152954101,0.664811372756958,0.0023775487206876,0.0342638976871967,0.0073110391385853,0.004699517507106,Pre_Code
0.0061795744113624,0.0312955938279628,0.0452794060111045,0.0021504813339561,0.047975193709135,0.8533914685249329,0.0137282889336347,Pre_Code
0.0065262042917311,0.0711428299546241,0.0482273176312446,0.0138502875342965,0.1326094418764114,0.6885392069816589,0.0391046442091465,Pre_Code
0.0083474488928914,0.2007110565900802,0.0062719108536839,0.0063678184524178,0.1829686164855957,0.5835400223731995,0.0117931682616472,Pre_Code
0.2875667512416839,0.6218345761299133,0.002993180649355,0.0013363632606342,0.071951225399971,0.0095861554145812,0.004731741733849,Pre_Code
0.063726857304573,0.6473572254180908,0.0358177050948143,0.0049494397826492,0.0680899247527122,0.0811893790960311,0.0988695621490478,Pre_Code
0.0058934157714247,0.977363109588623,0.0013301742728799,0.0003861455770675,0.0053447112441062,0.0086084799841046,0.0010738933924585,Pre_Code
0.0332917943596839,0.14328233897686,0.019034119322896,0.0034412243403494,0.3106082677841186,0.1637968868017196,0.3265453577041626,Pre_Code
0.0129242306575179,0.0813584998250007,0.2934049367904663,0.0109187979251146,0.4942890405654907,0.0797195211052894,0.0273849461227655,Pre_Code
0.098400667309761,0.0320236720144748,0.3407658338546753,0.0044692284427583,0.0455733351409435,0.4486286342144012,0.0301386378705501,Pre_Code
0.3356122076511383,0.3920018672943115,0.0541833229362964,0.0016005492070689,0.1513663530349731,0.0401818752288818,0.0250539053231477,Pre_Code
0.0020992385689169,0.0068861977197229,0.0184037201106548,0.0015571714611724,0.0243027601391077,0.9395036101341248,0.0072472407482564,Pre_Code
0.011037053540349,0.0770290121436119,0.011011442169547,0.0274757593870162,0.8481276035308838,0.0119239296764135,0.0133952684700489,Pre_Code
0.0145078655332326,0.9625809192657472,0.0017968934262171,0.0015562626067548,0.015971029177308,0.0028880950994789,0.0006989226676523,Pre_Code
0.0249518100172281,0.4484155178070068,0.0892690569162368,0.0036310609430074,0.3056362867355346,0.0084662456065416,0.1196300163865089,Pre_Code
0.1448221206665039,0.0419114455580711,0.5164194107055664,0.0011383806122466,0.008391392417252,0.2767572999000549,0.0105599761009216,Pre_Code
