anger,disgust,fear,joy,neutral,sadness,surprise,genre
0.009909096173942,0.0722087994217872,0.0067285331897437,0.5479419827461243,0.2077449858188629,0.1252612620592117,0.0302053242921829,Adventure
0.9884527325630188,0.0048214308917522,0.0023565033916383,0.0003159900661557,0.0024097098503261,0.0010387835791334,0.0006046662456355,Adventure
0.6414700150489807,0.029884185642004,0.0012013553641736,0.2439233511686325,0.0510167069733142,0.0274839382618665,0.0050204419530928,Adventure
0.0634830817580223,0.3258422613143921,0.3229746520519256,0.0782969072461128,0.1501509696245193,0.0362691134214401,0.0229829363524913,Adventure
0.2069640904664993,0.6985339522361755,0.0166735891252756,0.0038870517164468,0.0603722259402275,0.0116710681468248,0.0018980558961629,Adventure
0.458581268787384,0.327616274356842,0.1555463820695877,0.0018656934844329,0.0338607355952262,0.0168583430349826,0.0056712995283305,Adventure
0.0908289402723312,0.2792891263961792,0.0218857750296592,0.0070825843140482,0.1450900882482528,0.4441711902618408,0.0116522656753659,Adventure
0.0464372113347053,0.3630311489105224,0.0023232474923133,0.0502299778163433,0.522426187992096,0.0098168086260557,0.0057353437878191,Adventure
0.0656529068946838,0.3903456032276153,0.0175141543149948,0.0014881278621032,0.0467002689838409,0.4758912920951843,0.0024076169356703,Adventure
0.31461963057518,0.1362877935171127,0.3856848776340484,0.0015578039456158,0.1052114069461822,0.0493210107088089,0.0073174382559955,Adventure
0.0037361904978752,0.0168914645910263,0.0081424415111541,0.0014075051294639,0.0139066558331251,0.9511485695838928,0.0047672130167484,Adventure
