anger,disgust,fear,joy,neutral,sadness,surprise,genre
0.040264181792736,0.8391225934028625,0.0031961291097104,0.007192566525191,0.0243874043226242,0.0845172181725502,0.0013199795503169,Romance_Film
0.0090837310999631,0.206046462059021,0.0048734080046415,0.2864807248115539,0.4373132288455963,0.0261707212775945,0.0300318170338869,Romance_Film
0.0393950603902339,0.0214183330535888,0.0019340058788657,0.0091789783909916,0.0412413626909256,0.0396381691098213,0.8471941351890564,Romance_Film
0.0043466058559715,0.0362393520772457,0.0117807183414697,0.0083511229604482,0.2093792557716369,0.6996739506721497,0.0302289836108684,Romance_Film
0.9166905879974364,0.0333230346441268,0.0042899693362414,0.0009421174181625,0.032578706741333,0.0085398685187101,0.0036357834469527,Romance_Film
0.0044977641664445,0.0017650541849434,0.9743192195892334,0.0019040736369788,0.0120722902938723,0.0042588808573782,0.0011826395057141,Romance_Film
0.0087171662598848,0.0157334003597497,0.0185530073940753,0.0059458180330693,0.0904174372553825,0.8586452007293701,0.0019880412146449,Romance_Film
0.0185852739959955,0.0316077023744583,0.0216247458010911,0.0025004078634083,0.1196693107485771,0.7937331795692444,0.0122793419286608,Romance_Film
0.0023620394058525,0.0033383767586201,0.0009409685153514,0.0125306965783238,0.9272738695144652,0.0261976029723882,0.0273564495146274,Romance_Film
0.0190258454531431,0.8153274059295654,0.0533311516046524,0.0022173391189426,0.0720097795128822,0.0334004797041416,0.0046880943700671,Romance_Film
0.0272612962871789,0.5755889415740967,0.0188853796571493,0.0040767709724605,0.1088302433490753,0.2604338824748993,0.0049234679900109,Romance_Film
0.0060447668656706,0.0222530402243137,0.0016214716015383,0.5236915946006775,0.263496845960617,0.1706510633230209,0.012241187505424,Romance_Film
0.001027787104249,0.0018165039364248,0.0018950287485495,0.001651537255384,0.0083648357540369,0.9776756763458252,0.0075686075724661,Romance_Film
0.0098101161420345,0.1849110424518585,0.0197939351201057,0.0110644325613975,0.2543487846851349,0.5144792795181274,0.0055924481712281,Romance_Film
