anger,disgust,fear,joy,neutral,sadness,surprise,genre
0.0171135403215885,0.4279361665248871,0.030427623540163,0.005081002600491,0.4915283620357513,0.021523755043745,0.0063895587809383,Drama
0.0198013335466384,0.0180707089602947,0.0156757216900587,0.0149164460599422,0.9129839539527892,0.0078560039401054,0.0106957703828811,Drama
0.015622959472239,0.8720999956130981,0.0238965973258018,0.0011416728375479,0.0706294476985931,0.0151417581364512,0.001467530732043,Drama
0.0476070269942283,0.0401321314275264,0.0108978450298309,0.0076792705804109,0.8776546120643616,0.0102648483589291,0.0057643055915832,Drama
0.0776199102401733,0.1331660896539688,0.0114214392378926,0.0042557884007692,0.7559549808502197,0.0101385535672307,0.0074432115070521,Drama
0.0242433808743953,0.0804117321968078,0.7528332471847534,0.0134714562445878,0.0916024595499038,0.0312051549553871,0.0062325517646968,Drama
0.0805353373289108,0.4978834986686706,0.0282688718289136,0.0054745199158787,0.3659687936306,0.0142561765387654,0.0076128053478896,Drama
0.0332900620996952,0.0210392083972692,0.0661234632134437,0.0081465179100632,0.8234014511108398,0.0419286340475082,0.0060706892982125,Drama
0.4026991128921509,0.0556802041828632,0.058981779962778,0.0097656277939677,0.3903143405914306,0.0727474316954612,0.009811514057219,Drama
0.2700406014919281,0.4003311693668365,0.0341022908687591,0.0012826053425669,0.0593523755669593,0.2229415476322174,0.0119493659585714,Drama
0.2698931694030761,0.5767732262611389,0.0076747694984078,0.0014804301317781,0.1113577559590339,0.027685897424817,0.0051347580738365,Drama
0.0621620044112205,0.4563702344894409,0.0126941390335559,0.0114112729206681,0.3216730058193207,0.1298065483570099,0.0058829062618315,Drama
0.2670735716819763,0.6313251852989197,0.0089868251234292,0.0017946716398,0.0635876208543777,0.0159964822232723,0.0112356441095471,Drama
0.0890063196420669,0.009506500326097,0.1636034995317459,0.0021329666487872,0.020066387951374,0.6852037906646729,0.0304805040359497,Drama
0.0563223995268344,0.1027411594986915,0.01498703379184,0.0017239341977983,0.0834330394864082,0.7053827047348022,0.0354096964001655,Drama
0.0476991832256317,0.0094692399725317,0.0021896159742027,0.0233278591185808,0.9069095849990844,0.0041598472744226,0.0062446729280054,Drama
0.0372568108141422,0.1231367141008377,0.0087926452979445,0.0117381820455193,0.7265647649765015,0.0865202844142913,0.0059906365349888,Drama
0.0054521490819752,0.0374218448996543,0.003559211269021,0.6953141093254089,0.2227072268724441,0.0227108336985111,0.0128345033153891,Drama
0.0044451663270592,0.0071548460982739,0.0003783320426009,0.9016257524490356,0.0747436732053756,0.0065099718049168,0.0051422440446913,Drama
