anger,disgust,fear,joy,neutral,sadness,surprise,genre
0.2608418464660644,0.6189537048339844,0.0599922463297843,0.0021445236634463,0.0472946688532829,0.005038199480623,0.0057348548434674,Science_Fiction
0.0231213215738534,0.0246408078819513,0.0046466928906738,0.0597323440015316,0.87050461769104,0.0022517659235745,0.0151024870574474,Science_Fiction
0.0093747843056917,0.0884497091174125,0.0110528292134404,0.7032252550125122,0.1711278259754181,0.0081726377829909,0.0085969632491469,Science_Fiction
0.0103353466838598,0.0220946669578552,0.0043493788689374,0.0768837854266166,0.7787885069847107,0.0136604160070419,0.0938880071043968,Science_Fiction
0.058346901088953,0.0408951304852962,0.279816597700119,0.0075935721397399,0.1843479722738266,0.2884038686752319,0.1405959576368332,Science_Fiction
0.0554864518344402,0.0660228356719017,0.0469349101185798,0.008948671631515,0.5445417165756226,0.2390148490667343,0.0390505902469158,Science_Fiction
0.0212087593972682,0.0323271602392196,0.0063744224607944,0.0056312587112188,0.8631142973899841,0.030080834403634,0.0412631556391716,Science_Fiction
0.2685228586196899,0.2155905365943908,0.0839559435844421,0.003865618025884,0.3098289668560028,0.1117971688508987,0.0064389230683445,Science_Fiction
0.0023891970049589,0.0014624131144955,0.9639063477516174,0.0020593281369656,0.0200735256075859,0.0049472567625343,0.0051619331352412,Science_Fiction
0.0455736555159091,0.9306036233901978,0.0140031808987259,0.0005344622768461,0.0048669753596186,0.0037356182001531,0.0006825365708209,Science_Fiction
0.0250864345580339,0.5739383101463318,0.0097870053723454,0.0012422943254932,0.3576113879680633,0.0209872648119926,0.0113473301753401,Science_Fiction
0.0094444090500473,0.0692268311977386,0.010553965345025,0.0053085950203239,0.8673527240753174,0.0120093543082475,0.0261041186749935,Science_Fiction
0.0050539653748273,0.0208203606307506,0.017250807955861,0.0131804756820201,0.8879021406173706,0.0034633334726095,0.0523290038108825,Science_Fiction
0.006450624205172,0.0239059124141931,0.0023876894265413,0.0080345459282398,0.9380695223808287,0.0060709323734045,0.0150806931778788,Science_Fiction
0.0047955564223229,0.0120744043961167,0.001588758546859,0.0112218502908945,0.9352840185165404,0.0025007296353578,0.0325347781181335,Science_Fiction
