anger,disgust,fear,joy,neutral,sadness,surprise,genre
0.0030410564504563,0.0113750053569674,0.0016840796452015,0.8234876990318298,0.0573774613440036,0.0897377356886863,0.0132969329133629,Romance_Film
0.0070923715829849,0.7958748936653137,0.0048768566921353,0.0227138418704271,0.1040456593036651,0.0602406971156597,0.0051556532271206,Romance_Film
0.0134975062683224,0.2041790783405304,0.3087635338306427,0.0027920687571167,0.0953785628080368,0.011014929972589,0.3643743097782135,Romance_Film
0.0172232240438461,0.0203219037503004,0.0181589666754007,0.0048674345016479,0.7458345293998718,0.022666597738862,0.1709272712469101,Romance_Film
0.0038175561930984,0.005310068372637,0.0012965969508513,0.8560757040977478,0.1219872310757637,0.0050142705440521,0.006498578004539,Romance_Film
0.0182842202484607,0.0169172491878271,0.0060887648724019,0.0195767097175121,0.3002182841300964,0.5921890139579773,0.0467257723212242,Romance_Film
0.0394278429448604,0.3907505869865417,0.0142571348696947,0.0146654639393091,0.5019792318344116,0.030651656910777,0.0082680257037281,Romance_Film
0.0177345965057611,0.0468674004077911,0.1533656865358352,0.0082234684377908,0.692679762840271,0.0595033429563045,0.0216257944703102,Romance_Film
0.0184447281062603,0.8145723938941956,0.0050834571011364,0.0023423118982464,0.1419883221387863,0.0060785491950809,0.0114903030917048,Romance_Film
0.120986208319664,0.0067739333026111,0.0074124373495578,0.0015638780314475,0.0138571877032518,0.003596699796617,0.8458096385002136,Romance_Film
0.0059934998862445,0.0190125275403261,0.0343974307179451,0.2192643582820892,0.5830097794532776,0.0907918512821197,0.0475305393338203,Romance_Film
0.0787653550505638,0.6346341967582703,0.1293067783117294,0.0013754531973972,0.0295115206390619,0.1217909306287765,0.0046157715842127,Romance_Film
0.0011460068635642,0.0038648219779133,0.0035035698674619,0.0356045737862587,0.0505206361413002,0.8927767276763916,0.0125836273655295,Romance_Film
0.0122714173048734,0.0659304484724998,0.0063259401358664,0.5177304744720459,0.1049562022089958,0.2863702774047851,0.006415257230401,Romance_Film
0.0175156984478235,0.0472198128700256,0.0360831841826438,0.7155470252037048,0.1517913043498993,0.0243492163717746,0.0074937776662409,Romance_Film
