anger,disgust,fear,joy,neutral,sadness,surprise,genre
0.0146068222820758,0.924492359161377,0.0044279410503804,0.0033916565589606,0.0172419492155313,0.0351721756160259,0.0006670616567134,Drama
0.7155367136001587,0.2507032752037048,0.0083997780457139,0.0008231072570197,0.0159494429826736,0.0067737381905317,0.0018140018219128,Drama
0.0172541327774524,0.9675036668777466,0.0046779168769717,0.0003135004662908,0.0063771987333893,0.0010938704945147,0.0027796952053904,Drama
0.0221093259751796,0.0557723268866539,0.0028655175119638,0.002397789619863,0.5173721313476562,0.0185966491699218,0.3808861970901489,Drama
0.4195357859134674,0.3477224707603454,0.0058790612965822,0.0012378009269014,0.1644307225942611,0.051064271479845,0.0101299341768026,Drama
0.0918293371796608,0.0426070503890514,0.0765021070837974,0.005027474835515,0.1638940572738647,0.3218738138675689,0.29826620221138,Drama
0.3875228464603424,0.3745012283325195,0.005059340968728,0.0026508090086281,0.2085632085800171,0.0168736558407545,0.0048289019614458,Drama
0.226945087313652,0.1262585818767547,0.0063396105542778,0.0062086069956421,0.608334481716156,0.0138479257002472,0.0120655875653028,Drama
0.153277963399887,0.3118379712104797,0.0091580180451273,0.0024313740432262,0.4972558617591858,0.0194714553654193,0.0065672965720295,Drama
0.583570122718811,0.1390535086393356,0.0353587791323661,0.0151038523763418,0.14898781478405,0.0156590137630701,0.0622668042778968,Drama
0.0071003148332238,0.0060776276513934,0.0016758302226662,0.114956796169281,0.7781262993812561,0.0076964669860899,0.0843665972352027,Drama
0.1016968563199043,0.5502623915672302,0.003312055254355,0.0125805651769042,0.3131818473339081,0.0116816405206918,0.0072846980765461,Drama
0.0975507721304893,0.1401145458221435,0.0195324532687664,0.0023661500308662,0.6110408902168274,0.118970513343811,0.010424661450088,Drama
0.0267840884625911,0.0556091628968715,0.0034785298630595,0.0125019866973161,0.8602985143661499,0.0130093842744827,0.0283183567225933,Drama
0.0113238682970404,0.0153594985604286,0.0010911620920524,0.5350500345230103,0.401028424501419,0.0117692174389958,0.0243777465075254,Drama
0.0136642139405012,0.0175594110041856,0.0024324411060661,0.0027391477487981,0.9277878999710084,0.0087839802727103,0.0270330030471086,Drama
0.1477297693490982,0.1458109468221664,0.5830286145210266,0.0020036026835441,0.0691172927618026,0.0413965731859207,0.0109131950885057,Drama
0.1027039065957069,0.3566615879535675,0.1250537037849426,0.006948659196496,0.1213064640760421,0.2386049628257751,0.0487207397818565,Drama
0.1261321306228637,0.0195428784936666,0.0229005627334117,0.0500695295631885,0.4010855555534363,0.2906931042671203,0.0895762518048286,Drama
0.5376899838447571,0.3984194993972778,0.0097254253923892,0.0021305826958268,0.0267876647412776,0.022508030757308,0.0027387985028326,Drama
0.5033500790596008,0.0821895226836204,0.0741066187620163,0.0049441996961832,0.2443647235631942,0.0203332062810659,0.070711649954319,Drama
0.6441267132759094,0.2060251086950302,0.0034409703221172,0.0054387282580137,0.1225620657205581,0.0114506492391228,0.0069557465612888,Drama
0.0161360297352075,0.0741367414593696,0.0117695229128003,0.0036863088607788,0.5972225069999695,0.2859351933002472,0.0111136967316269,Drama
0.4746054708957672,0.2855027914047241,0.0031203310936689,0.0038999791722744,0.1449272185564041,0.0839504674077034,0.0039937361143529,Drama
0.0193216502666473,0.0428364276885986,0.0106823518872261,0.0055193416774272,0.5014817714691162,0.4071964025497436,0.0129620246589183,Drama
0.2338308840990066,0.5590434670448303,0.007250424940139,0.0014462344115599,0.1146291494369506,0.068433865904808,0.0153659991919994,Drama
0.9189659357070924,0.022613113746047,0.0067250938154757,0.0018320841481909,0.0318652652204036,0.0111982263624668,0.0068001761101186,Drama
0.2859569787979126,0.0728721618652343,0.0431698635220527,0.0037573401350528,0.3729672431945801,0.2069930583238601,0.0142834084108471,Drama
0.2690010070800781,0.5100420713424683,0.0056948265992105,0.0030507657211273,0.1491766721010208,0.0579987093806266,0.0050359056331217,Drama
0.0201775524765253,0.0200940277427434,0.0073151066899299,0.0037353131920099,0.879104733467102,0.0293849948793649,0.0401882417500019,Drama
0.472173660993576,0.2773691415786743,0.0070314831100404,0.0042126555927097,0.1901832520961761,0.0451934747397899,0.0038363859057426,Drama
0.1844815760850906,0.1711906790733337,0.0085258185863494,0.0147853251546621,0.1747827678918838,0.4224361479282379,0.0237976722419261,Drama
