anger,disgust,fear,joy,neutral,sadness,surprise,genre
0.0768489465117454,0.0638590008020401,0.4609747231006622,0.001438503852114,0.0504020005464553,0.2742197513580322,0.0722569972276687,Natural_horror_films
0.0774653553962707,0.1309500485658645,0.0160500165075063,0.0013357098214328,0.1131540313363075,0.6451197266578674,0.0159250870347023,Natural_horror_films
0.0563637875020504,0.4299408197402954,0.0048686065711081,0.0118845477700233,0.3927620351314544,0.0981172025203704,0.0060629891231656,Natural_horror_films
0.0211467090994119,0.0177393555641174,0.0111358584836125,0.7678881883621216,0.1687201857566833,0.0089805452153086,0.00438914867118,Natural_horror_films
0.4693228900432586,0.0539815984666347,0.0133493095636367,0.0041361469775438,0.4107241332530975,0.0369457080960273,0.0115401539951562,Natural_horror_films
0.0073304041288793,0.0075607164762914,0.0357977822422981,0.1727209091186523,0.6933146715164185,0.0420298054814338,0.0412458032369613,Natural_horror_films
0.0008738982141949,0.0011966282036155,0.991536021232605,0.0016939229099079,0.0019433134002611,0.001960533671081,0.0007955753826536,Natural_horror_films
0.020377704873681,0.0304265134036541,0.6016655564308167,0.0128327319398522,0.2455635070800781,0.0107935881242156,0.0783403664827346,Natural_horror_films
0.0034940752666443,0.0080123553052544,0.0028093974106013,0.029286541044712,0.8462249636650085,0.0056605418212711,0.1045120805501937,Natural_horror_films
0.3229961097240448,0.2437551915645599,0.0056435815058648,0.0025260087568312,0.1616677939891815,0.2545728981494903,0.0088383965194225,Natural_horror_films
0.1216861978173255,0.0797727331519126,0.4838613867759704,0.005491049028933,0.271694928407669,0.0232497099786996,0.0142440386116504,Natural_horror_films
0.1358131170272827,0.2295695394277572,0.2104980498552322,0.0022390848025679,0.2237790822982788,0.1689962446689605,0.0291048306971788,Natural_horror_films
0.9357846975326538,0.0221682395786046,0.0080527206882834,0.0006444628234021,0.0213790815323591,0.0111901815980672,0.0007805247441865,Natural_horror_films
0.3660945296287536,0.4519090950489044,0.0257090348750352,0.0014214267721399,0.1358832865953445,0.0151762533932924,0.0038064832333475,Natural_horror_films
0.5558103322982788,0.1030716150999069,0.0085588367655873,0.011775535531342,0.2754560708999634,0.0427584499120712,0.0025691364426165,Natural_horror_films
0.0065233972854912,0.0081722922623157,0.0098668094724416,0.0011023504193872,0.0083551416173577,0.0014787804102525,0.9645012617111206,Natural_horror_films
0.0046130288392305,0.9843047261238098,0.007323742378503,0.0003898167924489,0.0017868392169475,0.0007497674087062,0.0008320505148731,Natural_horror_films
0.4809288382530212,0.11028603464365,0.3674404919147491,0.0024614005815237,0.01691091991961,0.0121979732066392,0.0097742304205894,Natural_horror_films
0.108128897845745,0.6483187079429626,0.0126568162813782,0.0024557581637054,0.1988517642021179,0.0257009360939264,0.0038870414718985,Natural_horror_films
0.0373882763087749,0.0069540692493319,0.0278498530387878,0.0217576995491981,0.8063992857933044,0.0421254895627498,0.0575254186987876,Natural_horror_films
0.0415210351347923,0.0396959036588668,0.1087982878088951,0.0039976080879569,0.7771191596984863,0.0237831268459558,0.0050849509425461,Natural_horror_films
0.0269238203763961,0.2597354054450989,0.346948504447937,0.0032484496477991,0.2557718753814697,0.0982876569032669,0.009084309451282,Natural_horror_films
0.0298299305140972,0.0191195514053106,0.0341357812285423,0.0131554612889885,0.8793548941612244,0.0150632178410887,0.0093410918489098,Natural_horror_films
0.0871376767754554,0.315191775560379,0.0272508282214403,0.0170210804790258,0.526445209980011,0.0151463206857442,0.0118070766329765,Natural_horror_films
0.0529821887612342,0.2455122917890548,0.0248755756765604,0.0028993461746722,0.1136688664555549,0.5412917137145996,0.0187700875103473,Natural_horror_films
0.0083629982545971,0.1953354030847549,0.0688410252332687,0.1405232846736908,0.1088426634669303,0.4733131229877472,0.0047815605066716,Natural_horror_films
0.1074083819985389,0.7716661095619202,0.010694514028728,0.0012824155855923,0.0690775960683822,0.0365111753344535,0.0033597543369978,Natural_horror_films
0.0107537265866994,0.0351288951933383,0.0046766037121415,0.012785910628736,0.9199326038360596,0.0097811520099639,0.0069409823045134,Natural_horror_films
0.0160331521183252,0.8523723483085632,0.0165416020900011,0.0006987775559537,0.0962792932987213,0.011512229219079,0.0065626646392047,Natural_horror_films
0.033305637538433,0.3376586437225342,0.1374251842498779,0.0032933135516941,0.2562129497528076,0.2044297605752945,0.0276745874434709,Natural_horror_films
0.0306281428784132,0.266490489244461,0.0052002305164933,0.0288525149226188,0.655380129814148,0.0094995889812707,0.003948881290853,Natural_horror_films
0.0215194597840309,0.1316997706890106,0.012009291909635,0.0026055441703647,0.7623400092124939,0.050278190523386,0.0195478145033121,Natural_horror_films
0.0766054615378379,0.1223325431346893,0.0616063065826892,0.0051007848232984,0.470419704914093,0.2560465633869171,0.0078886551782488,Natural_horror_films
0.0200585033744573,0.0160419642925262,0.9487565159797668,0.0006932477117516,0.0031607195269316,0.0013395817950367,0.0099495844915509,Natural_horror_films
0.0838896110653877,0.4253068268299103,0.4342510104179382,0.0009935289854183,0.0147039629518985,0.025695851072669,0.015159242786467,Natural_horror_films
0.0886249244213104,0.0167596209794282,0.3184589743614197,0.0107060326263308,0.4991883635520935,0.0260215885937213,0.0402404405176639,Natural_horror_films
0.0298885740339756,0.0449222810566425,0.014857554808259,0.0115118790417909,0.6487177014350891,0.2366552352905273,0.013446838594973,Natural_horror_films
0.166785329580307,0.0853171795606613,0.3718938827514648,0.0055797966197133,0.2581824362277984,0.0958367884159088,0.01640460267663,Natural_horror_films
0.0462886802852153,0.8359704613685608,0.0366827733814716,0.0006648361450061,0.0608018413186073,0.011869179084897,0.0077223321422934,Natural_horror_films
0.0170402973890304,0.2921584248542785,0.009106233716011,0.0072453455068171,0.657535195350647,0.0116773573681712,0.0052370554767549,Natural_horror_films
0.5454570055007935,0.0790463760495185,0.0256664752960205,0.0014880822272971,0.1670515984296798,0.1755317598581314,0.0057587674818933,Natural_horror_films
0.0201449729502201,0.012408304028213,0.0414147116243839,0.0053814258426427,0.8980543613433838,0.0129762403666973,0.0096201365813612,Natural_horror_films
0.0081761395558714,0.0265434216707944,0.0886454060673713,0.011020210571587,0.8122304677963257,0.0444430783390998,0.0089413877576589,Natural_horror_films
0.0061795082874596,0.0048274914734065,0.8971517086029053,0.00255464669317,0.0490823239088058,0.0374549403786659,0.0027492900844663,Natural_horror_films
0.0234108958393335,0.095378965139389,0.7785844802856445,0.0023799645714461,0.0727773010730743,0.0129588413983583,0.0145094627514481,Natural_horror_films
0.0107330363243818,0.0269306879490613,0.0255149025470018,0.0357944220304489,0.8485357761383057,0.0175477676093578,0.0349433273077011,Natural_horror_films
0.1447842568159103,0.4636120200157165,0.005475050304085,0.0119744855910539,0.3163323104381561,0.0559899359941482,0.0018319297814741,Natural_horror_films
0.0076264883391559,0.0089239925146102,0.0156783163547515,0.041980180889368,0.8972160816192627,0.0094442227855324,0.0191306527704,Natural_horror_films
0.2118344753980636,0.3434236943721771,0.3598997890949249,0.0023115423973649,0.0597541816532611,0.0136986030265688,0.0090776598080992,Natural_horror_films
0.0172408167272806,0.0384627617895603,0.3991543650627136,0.0042175017297267,0.4876731336116791,0.0456956289708614,0.0075558079406619,Natural_horror_films
0.006702178157866,0.0107871862128376,0.0036109052598476,0.0125980898737907,0.9170949459075928,0.0366084314882755,0.0125982509925961,Natural_horror_films
0.3091098368167877,0.509539008140564,0.0544193610548973,0.0022072265855968,0.0695204138755798,0.0471607185900211,0.0080435033887624,Natural_horror_films
0.0297708753496408,0.0742034241557121,0.1466180980205536,0.0546116381883621,0.6707502603530884,0.0124801006168127,0.0115656200796365,Natural_horror_films
0.1161985546350479,0.2174289375543594,0.4916767477989197,0.001898888265714,0.057763148099184,0.1079137101769447,0.0071200467646121,Natural_horror_films
0.0186198968440294,0.0146925039589405,0.2925650179386139,0.0065152030438184,0.5728001594543457,0.074483536183834,0.0203236881643533,Natural_horror_films
0.5077933073043823,0.1039680987596511,0.2631415128707886,0.002076098229736,0.0726863443851471,0.0239270646125078,0.0264075435698032,Natural_horror_films
0.1014254465699195,0.0111846216022968,0.4434031844139099,0.006324746645987,0.2177258729934692,0.0920496806502342,0.1278863847255706,Natural_horror_films
0.0598953776061534,0.8610227704048157,0.0074855047278106,0.0019577583298087,0.0602880604565143,0.0055790729820728,0.0037714776117354,Natural_horror_films
0.1719494014978408,0.0245491154491901,0.5037969946861267,0.0032348833046853,0.2624460458755493,0.016441335901618,0.0175822302699089,Natural_horror_films
0.0182607769966125,0.0141790574416518,0.621243417263031,0.0155359068885445,0.3048240840435028,0.0088855531066656,0.0170711446553468,Natural_horror_films
0.1836589872837066,0.4375499486923218,0.0626117438077926,0.0032350623514503,0.253777801990509,0.0555661842226982,0.0036002686247229,Natural_horror_films
0.006454050540924,0.0076084365136921,0.9467723965644836,0.0007531949086114,0.021021582186222,0.0145492972806096,0.002841041656211,Natural_horror_films
0.0149316359311342,0.0099511304870247,0.0204855576157569,0.0016700454289093,0.026045523583889,0.006483759265393,0.9204323887825012,Natural_horror_films
0.0395014062523841,0.1514137834310531,0.2893727123737335,0.0034724639263004,0.266161173582077,0.2401452660560608,0.009933209978044,Natural_horror_films
0.0325322374701499,0.059157907962799,0.0768368765711784,0.0011920143151655,0.037247996777296,0.7729702591896057,0.0200626477599143,Natural_horror_films
0.06255404651165,0.2959878742694855,0.0132732726633548,0.0032438836060464,0.5603016018867493,0.0111988736316561,0.0534404702484607,Natural_horror_films
0.3935568034648895,0.1052053272724151,0.2179140746593475,0.0019798763096332,0.1000445559620857,0.1395303457975387,0.0417689941823482,Natural_horror_films
0.0434006676077842,0.7976912260055542,0.009514139033854,0.0014310055412352,0.1129558086395263,0.0255031343549489,0.009503936395049,Natural_horror_films
0.0705836489796638,0.0920692756772041,0.4799416363239288,0.0076734432950615,0.3210813105106354,0.0161799825727939,0.0124706849455833,Natural_horror_films
