anger,disgust,fear,joy,neutral,sadness,surprise,genre
0.0055143372155725,0.0146710434928536,0.0030916426330804,0.0079978220164775,0.9485717415809632,0.0094341486692428,0.0107192788273096,Epic
0.010115660727024,0.0304266419261693,0.0024789460003376,0.017984852194786,0.9019100069999696,0.0280254557728767,0.0090584279969334,Epic
0.0197080615907907,0.1033108979463577,0.0030497026164084,0.0125477155670523,0.8429803848266602,0.0096495198085904,0.0087536992505192,Epic
0.2209032773971557,0.0804108455777168,0.114239327609539,0.0391107387840747,0.5321174263954163,0.0086880149319767,0.0045304400846362,Epic
0.0644740164279937,0.2119673639535904,0.0166736487299203,0.076065108180046,0.6117401719093323,0.007575484458357,0.0115042580291628,Epic
0.0297607760876417,0.0823394358158111,0.0077765062451362,0.0343197770416736,0.8130084276199341,0.029073541983962,0.0037215277552604,Epic
0.0207727719098329,0.1277582049369812,0.0090522607788443,0.0621253810822963,0.7592014670372009,0.0097996899858117,0.0112902261316776,Epic
0.3120837211608886,0.288750946521759,0.0646339952945709,0.00652058981359,0.2858717143535614,0.0333780124783515,0.0087610241025686,Epic
0.0380349569022655,0.8325495719909668,0.0450390689074993,0.0011455534258857,0.0577503256499767,0.0224627051502466,0.0030178593005985,Epic
0.0048679737374186,0.0507356114685535,0.0024655063170939,0.001963741146028,0.021269254386425,0.9140684604644777,0.0046295085921883,Epic
0.0010766274062916,0.0009499159641563,0.0002675510477274,0.990433931350708,0.0022544662933796,0.0023776704911142,0.0026399050839245,Epic
0.0271879937499761,0.0409514717757701,0.3305046260356903,0.0094981035217642,0.5059074759483337,0.067535251379013,0.0184150785207748,Epic
0.0604625307023525,0.0303793922066688,0.0117662325501441,0.0183195136487483,0.7784596681594849,0.0252062734216451,0.0754065066576004,Epic
0.4616371989250183,0.2733761370182037,0.0150396255776286,0.0024334250483661,0.0589741691946983,0.1866120100021362,0.0019272845238447,Epic
0.7161197662353516,0.0751062259078025,0.0514855422079563,0.0024843118153512,0.1180681064724922,0.032923724502325,0.0038124087732285,Epic
0.0076475446112453,0.0623038075864315,0.0025011396501213,0.3843267560005188,0.4978393614292145,0.0383688956499099,0.0070124897174537,Epic
0.1039547249674797,0.0388868413865566,0.0133388442918658,0.0123942252248525,0.14785997569561,0.6765633821487427,0.0070019429549574,Epic
0.0951697528362274,0.0213143844157457,0.8179737329483032,0.001263536629267,0.0502407737076282,0.0081130946055054,0.0059246444143354,Epic
0.0205789171159267,0.3527937829494476,0.0466211140155792,0.0583885833621025,0.4998078346252441,0.0110056558623909,0.010804153047502,Epic
0.005056177265942,0.0051159705035388,0.0014958993997424,0.0437170080840587,0.9074928760528564,0.0188507493585348,0.0182712823152542,Epic
0.0038082704413682,0.0137951262295246,0.0034562572836875,0.0030982578173279,0.9522133469581604,0.0048671877011656,0.0187616385519504,Epic
0.0693121328949928,0.0250998418778181,0.1135509982705116,0.0041452245786786,0.7507904767990112,0.0148422978818416,0.0222590211778879,Epic
0.0382469519972801,0.1467587649822235,0.0087280059233307,0.0047962861135602,0.4209578931331634,0.3494056463241577,0.0311064887791872,Epic
0.005049442872405,0.0022232334595173,0.0019140728982165,0.0642915368080139,0.8281375169754028,0.0147677166387438,0.0836165398359298,Epic
