anger,disgust,fear,joy,neutral,sadness,surprise,genre
0.0316343568265438,0.0218242108821868,0.016571344807744,0.0010527406120672,0.0070089334622025,0.913133144378662,0.0087752770632505,Horror
0.2768838703632355,0.1934385001659393,0.0920086354017257,0.0013700264971703,0.0072306152433156,0.4182126522064209,0.010855795815587,Horror
0.0841938257217407,0.3071459233760834,0.3949282467365265,0.0067050522193312,0.1526415199041366,0.0407748483121395,0.0136105408892035,Horror
0.2184699773788452,0.0220015086233615,0.2976864278316498,0.0072485706768929,0.411027044057846,0.017956955358386,0.0256095677614212,Horror
0.0112637393176555,0.0536090061068534,0.0046636369079351,0.0719608962535858,0.7212175726890564,0.0165614541620016,0.1207236945629119,Horror
0.0647441148757934,0.4630017876625061,0.2406312674283981,0.0031543022487312,0.0211494099348783,0.2053479850292205,0.001971217803657,Horror
0.3701230585575104,0.073514424264431,0.5335560441017151,0.0010520663345232,0.0086860572919249,0.0105883991345763,0.0024798915255814,Horror
0.0898151397705078,0.2326020300388336,0.005824560765177,0.273512601852417,0.3191583752632141,0.0074564339593052,0.0716308131814003,Horror
0.3011517822742462,0.230369284749031,0.0092298267409205,0.0324857309460639,0.3968359529972076,0.0040566977113485,0.0258706863969564,Horror
0.2572630047798157,0.3231192529201507,0.3817127645015716,0.0012376017402857,0.0203556530177593,0.0114164613187313,0.0048952721990644,Horror
0.0930613353848457,0.6531221866607666,0.1403845697641372,0.0020236775744706,0.0586518421769142,0.0463371574878692,0.0064192544668912,Horror
0.5277590155601501,0.3731433749198913,0.0334682390093803,0.0012612155405804,0.0459298528730869,0.0138544468209147,0.0045838891528546,Horror
0.0188739299774169,0.0617922246456146,0.0045307874679565,0.1979532390832901,0.6733705401420593,0.02818363904953,0.0152956238016486,Horror
0.0241478197276592,0.1810105144977569,0.0426700226962566,0.0144780986011028,0.7129748463630676,0.017310382798314,0.0074083576910197,Horror
0.0094529055058956,0.0079216007143259,0.0035304648336023,0.3878938555717468,0.3946508169174194,0.0123971989378333,0.1841530501842498,Horror
0.0047859838232398,0.0050217970274388,0.0012424574233591,0.0089514413848519,0.9399200677871704,0.0066948123276233,0.0333834327757358,Horror
0.3019375205039978,0.2693400681018829,0.1956509351730346,0.003886918304488,0.1788041889667511,0.0447709336876869,0.0056095561012625,Horror
0.0045829499140381,0.0075506847351789,0.0046930550597608,0.0584995970129966,0.9010351896286012,0.005041925702244,0.0185965895652771,Horror
0.1123204082250595,0.1131365373730659,0.0256348308175802,0.0067221312783658,0.6107279062271118,0.1259105950593948,0.0055475593544542,Horror
0.1134474426507949,0.1970633417367935,0.0291186347603797,0.0014945425791665,0.5980873703956604,0.053451158106327,0.0073376041837036,Horror
0.8347510099411011,0.1319145262241363,0.0042027425952255,0.001121707027778,0.017925426363945,0.0042768968269228,0.0058077294379472,Horror
0.0614218898117542,0.0259753596037626,0.0161456186324358,0.0009022689773701,0.0097905388101935,0.8810086846351624,0.0047556050121784,Horror
0.531413733959198,0.1561142057180404,0.0301070529967546,0.0022255470976233,0.2179987430572509,0.0544610768556594,0.0076796119101345,Horror
0.033240407705307,0.1041323766112327,0.0046456749550998,0.0051944334991276,0.099136397242546,0.7447282075881958,0.0089224949479103,Horror
0.05504946783185,0.4810835719108581,0.0266174990683794,0.0032179371919482,0.0499814264476299,0.3810678720474243,0.0029821428470313,Horror
0.0258540641516447,0.0447365902364254,0.0077995951287448,0.0012446475448086,0.0630041360855102,0.8486340045928955,0.0087268725037574,Horror
0.2777573764324188,0.0895960330963134,0.1511130928993225,0.001959980931133,0.0411901660263538,0.4176540374755859,0.020729437470436,Horror
