anger,disgust,fear,joy,neutral,sadness,surprise,genre
0.0032875712495297,0.0102860443294048,0.0313510410487651,0.2007929682731628,0.4281210899353027,0.3077812492847442,0.0183800812810659,War_film
0.00169693690259,0.0011804462410509,0.0006785452715121,0.9829761981964112,0.0027345702983438,0.001516206539236,0.0092170229181647,War_film
0.007178024854511,0.8236410617828369,0.0029499640222638,0.0112287690863013,0.0867610946297645,0.0664493963122367,0.0017915710341185,War_film
0.2793336510658264,0.625180721282959,0.0318769067525863,0.0019117604242637,0.0445580780506134,0.0158654488623142,0.001273400732316,War_film
0.0076202279888093,0.0132845472544431,0.002025423804298,0.831378161907196,0.1089606583118438,0.0336761251091957,0.0030549534130841,War_film
0.0737580880522728,0.0422440133988857,0.0093372082337737,0.4175105988979339,0.114432156085968,0.3221282064914703,0.0205896813422441,War_film
0.4977952837944031,0.1711165904998779,0.0037068261299282,0.0070302686654031,0.2127136141061782,0.1001723185181617,0.0074650491587817,War_film
0.6386579871177673,0.1424165517091751,0.0042624813504517,0.0021737285424023,0.0348347090184688,0.1761813014745712,0.0014731723349541,War_film
0.5082641839981079,0.068056896328926,0.0072746174409985,0.0105731412768363,0.1612795293331146,0.2408573776483535,0.0036942041479051,War_film
0.0980187803506851,0.4680163860321045,0.0305639822036027,0.0016656775260344,0.0567651391029357,0.3412151336669922,0.0037549389526247,War_film
0.0346130393445491,0.1369947642087936,0.0217966940253973,0.0194877125322818,0.6979953050613403,0.0856203585863113,0.0034920154139399,War_film
0.1950747966766357,0.1273773461580276,0.0083501432090997,0.0790346339344978,0.5302958488464355,0.0548567697405815,0.0050104223191738,War_film
0.045508824288845,0.128700241446495,0.0050127631984651,0.0026437644846737,0.7780081033706665,0.0232413541525602,0.0168849509209394,War_film
0.5246345400810242,0.2273542433977127,0.005070636048913,0.005066146608442,0.1699427515268325,0.065637968480587,0.0022936868481338,War_film
0.0044870912097394,0.0186024345457553,0.0032476976048201,0.0040952800773084,0.9475377798080444,0.0187125504016876,0.0033171216491609,War_film
