anger,disgust,fear,joy,neutral,sadness,surprise,genre
0.0165412314236164,0.0640052631497383,0.4000930488109588,0.0961434990167617,0.2144217640161514,0.2035965919494629,0.005198661237955,Horror
0.0724670365452766,0.5579202771186829,0.051969040185213,0.011368085630238,0.2738592028617859,0.020473625510931,0.0119427051395177,Horror
0.3005494475364685,0.2357077598571777,0.0265203304588794,0.0058269347064197,0.4013324081897735,0.021830478683114,0.0082326736301183,Horror
0.3066138625144958,0.4847238659858703,0.0834789499640464,0.0024575504940003,0.0733365565538406,0.0456112027168273,0.003778047626838,Horror
0.7188906073570251,0.1282789856195449,0.0521746128797531,0.0019245775183662,0.041890375316143,0.0548365451395511,0.0020043342374265,Horror
0.1356257647275924,0.1200911775231361,0.0104938605800271,0.0040782522410154,0.7033295631408691,0.0210288036614656,0.005352659150958,Horror
0.3525786995887756,0.4298227727413177,0.1364007741212844,0.0011254989076405,0.0310789141803979,0.0432120077311992,0.0057813106104731,Horror
0.0089056165888905,0.1070333197712898,0.0027644992806017,0.1016763374209404,0.7480353116989136,0.0223889537155628,0.0091959508135914,Horror
0.9635883569717408,0.0158814862370491,0.0022709898184984,0.0005868989392183,0.0120695177465677,0.0028715161606669,0.0027313877362757,Horror
0.9496374130249025,0.0202634818851947,0.0018564752535894,0.0015138511080294,0.0203126333653926,0.0045408951118588,0.0018753045005723,Horror
0.1114692240953445,0.1934043765068054,0.1217352375388145,0.0069173998199403,0.5241661667823792,0.0386076346039772,0.003699978813529,Horror
0.2189144343137741,0.2165217846632003,0.3210783302783966,0.0024569986853748,0.1485053449869156,0.0643757805228233,0.0281473342329263,Horror
0.6089213490486145,0.0932771265506744,0.0036255368031561,0.0028856589924544,0.2593388259410858,0.0245580077171325,0.0073935617692768,Horror
0.4360244572162628,0.0361634269356727,0.25185427069664,0.0041406536474823,0.1344604939222335,0.0758046805858612,0.0615520477294921,Horror
0.0133741097524762,0.4352104961872101,0.0144125586375594,0.0086484719067811,0.4512219130992889,0.0693908929824829,0.0077414326369762,Horror
0.0306875221431255,0.945134460926056,0.0024343230761587,0.0006309103337116,0.0161601938307285,0.0039655151776969,0.0009870961075648,Horror
