anger,disgust,fear,joy,neutral,sadness,surprise,genre
0.0456184707581996,0.0244355462491512,0.0207393541932106,0.0243243109434843,0.8711292743682861,0.008795547299087,0.004957552999258,Action
0.0091475872322916,0.009327526204288,0.7523226141929626,0.0041242432780563,0.1644677519798278,0.01148362737149,0.0491266325116157,Action
0.0050258915871381,0.0157142728567123,0.0022601010277867,0.0358056314289569,0.906199276447296,0.0053326683118939,0.0296621657907962,Action
0.0036734093446284,0.0115006938576698,0.0046880384907126,0.0561649687588214,0.8873570561408997,0.005532534327358,0.0310832820832729,Action
0.0062937061302363,0.0040774564258754,0.0068202181719243,0.1847877204418182,0.2414745092391967,0.0036999250296503,0.5528464317321777,Action
0.013543757610023,0.9171475172042848,0.0020642736926674,0.0008125991444103,0.0610566474497318,0.003207336179912,0.0021678663324564,Action
0.0130102504044771,0.4560771882534027,0.0060428073629736,0.0087719317525625,0.4965485632419586,0.0089934803545475,0.0105557581409811,Action
0.023176459595561,0.5157780647277832,0.0062911524437367,0.0041145929135382,0.4182786345481872,0.0144839715212583,0.0178770329803228,Action
0.0086457869037985,0.0195185244083404,0.0067172925919294,0.0233547277748584,0.8999649882316589,0.0043694772757589,0.0374291650950908,Action
0.028331084176898,0.3255345225334167,0.0071392389945685,0.0056444886140525,0.5748860836029053,0.0475903376936912,0.0108742946758866,Action
