anger,disgust,fear,joy,neutral,sadness,surprise,genre
0.0010948426788672,0.0012606892269104,0.9906046986579896,0.0008937476668506,0.003019638126716,0.0017026262357831,0.0014238243456929,Psychological_thriller
0.0100817661732435,0.0662554875016212,0.0027021390851587,0.0068256864324212,0.89117431640625,0.0089976359158754,0.0139629021286964,Psychological_thriller
0.018104076385498,0.2174226194620132,0.3668613135814667,0.0030772744212299,0.2533133327960968,0.0160097908228635,0.1252115666866302,Psychological_thriller
0.0074702952988445,0.0195496398955583,0.0883378535509109,0.5613844394683838,0.1435035467147827,0.1267435401678085,0.0530106350779533,Psychological_thriller
0.0367119088768959,0.0136662814766168,0.1080080419778823,0.3586690723896026,0.4556624591350555,0.0147609831765294,0.0125212054699659,Psychological_thriller
0.0110502177849411,0.0456808917224407,0.0114203272387385,0.0017181258881464,0.0755142495036125,0.8425452709197998,0.0120710097253322,Psychological_thriller
0.0386861562728881,0.5199728608131409,0.0279214121401309,0.0014091882621869,0.0521059818565845,0.3475572168827057,0.0123472390696406,Psychological_thriller
0.0308373495936393,0.0235904809087514,0.0046774456277489,0.0050270156934857,0.9196416735649108,0.0077864183112978,0.0084396041929721,Psychological_thriller
0.0105332061648368,0.0315581187605857,0.004115012474358,0.0136579442769289,0.8427706956863403,0.0086142905056476,0.0887507200241088,Psychological_thriller
0.3837863802909851,0.5519660115242004,0.0304914787411689,0.0006855227984488,0.0117709906771779,0.018789742141962,0.0025098288897424,Psychological_thriller
0.1320133954286575,0.3695146143436432,0.0288691855967044,0.0024551493115723,0.1220896020531654,0.3360351622104645,0.0090228551998734,Psychological_thriller
0.2569448351860046,0.2686931192874908,0.0377841331064701,0.0030288707930594,0.3354816436767578,0.0855317637324333,0.0125355757772922,Psychological_thriller
0.0121824983507394,0.0536744706332683,0.0280173420906066,0.0027499920688569,0.144559621810913,0.7377012372016907,0.0211148336529731,Psychological_thriller
0.1515256464481353,0.2373951971530914,0.0183958131819963,0.0038859979249536,0.4973140060901642,0.0830339267849922,0.0084494724869728,Psychological_thriller
0.5545924305915833,0.1521820127964019,0.2642641961574554,0.001300057163462,0.0103073511272668,0.0091740665957331,0.00817999150604,Psychological_thriller
0.0456909798085689,0.0649392157793045,0.0298095270991325,0.0148388817906379,0.7911176681518555,0.0389536991715431,0.0146500719711184,Psychological_thriller
0.060766439884901,0.1696855872869491,0.2311874032020568,0.0033986154012382,0.2690642178058624,0.21381875872612,0.0520788803696632,Psychological_thriller
