anger,disgust,fear,joy,neutral,sadness,surprise,genre
0.0035261327866464,0.0063640950247645,0.1948522180318832,0.0021545113995671,0.0325058475136756,0.7476397156715393,0.0129575626924633,Natural_horror_films
0.0171441920101642,0.0125687839463353,0.0042775305919349,0.1296047568321228,0.4022029936313629,0.402946263551712,0.0312554277479648,Natural_horror_films
0.0126746837049722,0.0231136046350002,0.0256466791033744,0.0230998750776052,0.8828164339065552,0.0188147388398647,0.0138339763507246,Natural_horror_films
0.2311006188392639,0.3685627281665802,0.3157457709312439,0.0017564381705597,0.045054517686367,0.02093574590981,0.0168440137058496,Natural_horror_films
0.0648400485515594,0.0978280901908874,0.3652319014072418,0.007423210889101,0.4012955725193023,0.0275013651698827,0.035879909992218,Natural_horror_films
0.0144775928929448,0.0118190674111247,0.0034981013741344,0.2472539544105529,0.3148380219936371,0.3902306258678436,0.017882652580738,Natural_horror_films
0.0053462712094187,0.0075195995159447,0.0007984249386936,0.498467743396759,0.4711459279060364,0.006027141585946,0.0106949107721447,Natural_horror_films
0.0096419109031558,0.002249640179798,0.0033380105160176,0.1534741520881652,0.7284832000732422,0.0397894829511642,0.0630235821008682,Natural_horror_films
0.073920838534832,0.1063163951039314,0.4659806489944458,0.0019232941558584,0.2209999561309814,0.0404108352959156,0.0904480516910553,Natural_horror_films
0.0505331382155418,0.1750615984201431,0.1586124002933502,0.0034199254587292,0.5700963735580444,0.0385764837265014,0.0037000381853431,Natural_horror_films
0.0064271679148077,0.0099989641457796,0.9217013716697692,0.0014617240522056,0.0227990001440048,0.0075708702206611,0.0300409588962793,Natural_horror_films
0.0318884663283824,0.2294522374868393,0.0299131255596876,0.0028906271327286,0.6803039908409119,0.0120141897350549,0.0135374041274189,Natural_horror_films
0.1390989422798156,0.8118093609809875,0.0074245794676244,0.0009681921219453,0.0308818761259317,0.0080395648255944,0.0017774286679923,Natural_horror_films
0.0173446927219629,0.0051749148406088,0.8921549916267395,0.003779825521633,0.0585037060081958,0.0109772253781557,0.0120646180585026,Natural_horror_films
0.0090044988319277,0.0263803079724311,0.9440162777900696,0.0009481499437242,0.011002954095602,0.0026499140076339,0.0059980573132634,Natural_horror_films
0.3245285749435425,0.2330656945705413,0.021138546988368,0.0066144913434982,0.1958878487348556,0.2173113375902176,0.0014535271329805,Natural_horror_films
0.0248562358319759,0.063464418053627,0.0139633314684033,0.0061699799261987,0.3742856681346893,0.503514289855957,0.0137460781261324,Natural_horror_films
0.0245938189327716,0.0071100881323218,0.8822828531265259,0.0030716867186129,0.0630591139197349,0.0073301210068166,0.0125522706657648,Natural_horror_films
0.0935632586479187,0.0250297915190458,0.3165695965290069,0.0389103181660175,0.3915697336196899,0.1088358014822006,0.0255215167999267,Natural_horror_films
0.0044901296496391,0.0035992809571325,0.0085860593244433,0.0076046218164265,0.0769072324037551,0.0044237137772142,0.8943889141082764,Natural_horror_films
0.3115565180778503,0.0515908375382423,0.3190616965293884,0.0061778808012604,0.2072899788618087,0.0078540248796343,0.0964690223336219,Natural_horror_films
0.5514479279518127,0.1907907873392105,0.1456820219755172,0.0014160571154206,0.0804294198751449,0.0221789199858903,0.0080548226833343,Natural_horror_films
0.0473984777927398,0.8714369535446167,0.045381985604763,0.0007028348045423,0.0204931236803531,0.0095828175544738,0.005003887694329,Natural_horror_films
0.0389415025711059,0.5124553442001343,0.0760165080428123,0.0091352155432105,0.2472302168607711,0.1089031174778938,0.0073180277831852,Natural_horror_films
0.0049443328753113,0.0204895958304405,0.0060890214517712,0.5540612936019897,0.3613573908805847,0.041580494493246,0.0114778112620115,Natural_horror_films
