anger,disgust,fear,joy,neutral,sadness,surprise,genre
0.027851877734065,0.1545208990573883,0.0331447087228298,0.2837144434452057,0.4011527299880981,0.0140908453613519,0.0855244547128677,Drama
0.0202632807195186,0.0100869862362742,0.0049490230157971,0.5041054487228394,0.4469604790210724,0.0033104035537689,0.0103243254125118,Drama
0.0139282131567597,0.0193939879536628,0.0021616960875689,0.0099744424223899,0.1462924182415008,0.7636898756027222,0.0445594079792499,Drama
0.9790634512901306,0.0084401750937104,0.0011558663100004,0.000724428158719,0.0051893009804189,0.002251923084259,0.0031749724876135,Drama
0.0055787321180105,0.0027656080201268,0.0035485837142914,0.0892480462789535,0.8074244260787964,0.0269954930990934,0.0644391477108001,Drama
0.002166504273191,0.0015670631546527,0.0002624524349812,0.9778872132301332,0.0086400965228676,0.005617493763566,0.0038591539487242,Drama
0.0089839128777384,0.0523094907402992,0.8923083543777466,0.0022855296265333,0.0159286875277757,0.0084515213966369,0.0197325125336647,Drama
0.0079595996066927,0.0206165593117475,0.0023481021635234,0.0128074074164032,0.9415062665939332,0.0069963624700903,0.0077657080255448,Drama
0.0376219004392623,0.1734083592891693,0.006365839857608,0.0125536555424332,0.6898288130760193,0.0750337541103363,0.0051876162178814,Drama
0.062636911869049,0.0947888270020484,0.0185455791652202,0.0161025617271661,0.7278667688369751,0.0729295685887336,0.0071297823451459,Drama
0.0043053743429481,0.0186492018401622,0.0033254351001232,0.3385363817214966,0.331047773361206,0.2511044144630432,0.0530313849449157,Drama
0.0519827418029308,0.2248153537511825,0.0128991333767771,0.005108090583235,0.2434883266687393,0.4565949440002441,0.0051114601083099,Drama
0.6633201241493225,0.2096732407808303,0.0019869261886924,0.001671080244705,0.0765327289700508,0.0423530861735343,0.0044628609903156,Drama
0.0006457591080106,0.0019424305064603,0.0039866771548986,0.0018461310537531,0.0126133151352405,0.9694895148277284,0.0094760581851005,Drama
0.0273159947246313,0.1137004196643829,0.023576570674777,0.0096334163099527,0.7969896197319031,0.0107368091121315,0.0180471520870924,Drama
0.0018950726371258,0.0016046946402639,0.9486503005027772,0.006129746325314,0.0350247733294963,0.002853567013517,0.0038419489283114,Drama
0.3125582337379455,0.3280494511127472,0.1131329610943794,0.0028209686279296,0.1945079714059829,0.0448125600814819,0.0041178194805979,Drama
0.0256558433175086,0.0290345642715692,0.0631010010838508,0.0076715494506061,0.4703675806522369,0.3457085192203522,0.0584609918296337,Drama
0.0086219375953078,0.0526652485132217,0.0527021773159503,0.0040727737359702,0.1999369859695434,0.6241466403007507,0.0578541681170463,Drama
0.0119449868798255,0.040930226445198,0.0104473792016506,0.4663298428058624,0.4001548290252685,0.0376165471971035,0.0325762256979942,Drama
0.0036508371122181,0.0054763676598668,0.0017419303767383,0.7355114817619324,0.0613500252366066,0.1802473813295364,0.0120219336822628,Drama
0.0095410766080021,0.0216453839093446,0.0130668962374329,0.0438024774193763,0.545566201210022,0.3533506989479065,0.0130272777751088,Drama
0.0043486775830388,0.023456746712327,0.0031981356441974,0.0284227225929498,0.8525056838989258,0.0402427166700363,0.0478253401815891,Drama
0.3008372485637665,0.2426933050155639,0.0564542487263679,0.0022528755944222,0.2995124757289886,0.0939612314105033,0.0042885639704763,Drama
0.0073906364850699,0.0091420672833919,0.0212202556431293,0.0009927515638992,0.0165665913373231,0.922789752483368,0.0218979250639677,Drama
0.0299722012132406,0.0059350561350584,0.0041806627996265,0.1100209802389144,0.764775276184082,0.0242260005325078,0.0608898662030696,Drama
0.005918885115534,0.0066163796000182,0.0257254652678966,0.5259769558906555,0.2423009127378463,0.0121516855433583,0.1813096851110458,Drama
0.0092245321720838,0.0220136325806379,0.002189440652728,0.0576499961316585,0.8216712474822998,0.081793837249279,0.0054572536610066,Drama
0.0077352100051939,0.0021901216823607,0.0012185068335384,0.6598210334777832,0.2535056471824646,0.0124281635507941,0.0631012544035911,Drama
0.0063561736606061,0.022398117929697,0.0025154098402708,0.4656727313995361,0.2898952066898346,0.2068428844213485,0.0063195852562785,Drama
0.0035258748102933,0.0097421901300549,0.0034271241165697,0.4409549534320831,0.5215081572532654,0.0077416384592652,0.0131000941619277,Drama
0.0082105016335845,0.0352627448737621,0.0016046095406636,0.0290937703102827,0.9059385657310486,0.0068316324613988,0.0130581110715866,Drama
