anger,disgust,fear,joy,neutral,sadness,surprise,genre
0.0085766185075044,0.0197783056646585,0.002867387374863,0.7989912033081055,0.1437218785285949,0.0160520579665899,0.0100124767050147,Black_comedy
0.0628616139292717,0.0135870603844523,0.5416659712791443,0.0029644635505974,0.2604893147945404,0.0340112000703811,0.0844203531742096,Black_comedy
0.0489190891385078,0.1217867359519004,0.8178564310073853,0.0009424302261322,0.0030075695831328,0.0055167884565889,0.00197095121257,Black_comedy
0.1432214081287384,0.0440996922552585,0.1031562834978103,0.006763759534806,0.1619267463684082,0.5315187573432922,0.0093133598566055,Black_comedy
0.0032305745407938,0.0033765439875423,0.92177015542984,0.0060135079547762,0.0525193735957145,0.0090779447928071,0.0040119714103639,Black_comedy
0.023647641763091,0.0398251041769981,0.0040995217859745,0.0054656229913234,0.8274911642074585,0.077289342880249,0.0221816543489694,Black_comedy
0.3293723165988922,0.4568068981170654,0.0023511499166488,0.0046418593265116,0.140169158577919,0.0621810480952262,0.0044775190763175,Black_comedy
0.0068682157434523,0.0525619946420192,0.0049674245528876,0.0015202733920887,0.0762207061052322,0.8546707630157471,0.0031905872747302,Black_comedy
0.0869690850377082,0.2045316845178604,0.0128259342163801,0.0098729208111763,0.6485623121261597,0.0163753889501094,0.0208626464009284,Black_comedy
0.1180209293961525,0.0530496537685394,0.0219165496528148,0.0080738617107272,0.7731399536132812,0.0082754045724868,0.0175235662609338,Black_comedy
0.0352550745010376,0.7549160122871399,0.1026752144098281,0.0015196745516732,0.0788711234927177,0.0143861854448914,0.0123766073957085,Black_comedy
0.6258012056350708,0.2072446495294571,0.0159440115094184,0.0096022775396704,0.102133959531784,0.0345146991312503,0.0047592259943485,Black_comedy
0.8636034727096558,0.0629455298185348,0.0051509626209735,0.0028912802226841,0.0567442625761032,0.0043883882462978,0.0042761089280247,Black_comedy
0.0089129926636815,0.0468829907476902,0.0027896754909306,0.8175411820411682,0.1072840541601181,0.0045718592591583,0.0120172426104545,Black_comedy
0.0086408499628305,0.0223714988678693,0.0160912536084651,0.0049030818045139,0.8537991046905518,0.0598116517066955,0.034382477402687,Black_comedy
0.0875613093376159,0.0898998379707336,0.0098430830985307,0.0249482709914445,0.7442452311515808,0.0364523753523826,0.0070498804561793,Black_comedy
0.0383859947323799,0.0674359202384948,0.0115137910470366,0.0029109786264598,0.0656822100281715,0.8085921406745911,0.0054790186695754,Black_comedy
0.0031176798511296,0.0350545831024646,0.0030065341852605,0.0078919259831309,0.92743319272995,0.0073618344031274,0.0161342248320579,Black_comedy
