anger,disgust,fear,joy,neutral,sadness,surprise,genre
0.1168244630098342,0.0079836444929242,0.8617128133773804,0.0007904100930318,0.0039067012257874,0.004432856105268,0.0043491325341165,Indie
0.0181769412010908,0.4325350224971771,0.4545128345489502,0.0030372750479727,0.0336106494069099,0.054982241243124,0.0031450951937586,Indie
0.0137600479647517,0.9400466680526732,0.0024547569919377,0.0016149403527379,0.0367609709501266,0.0029485118575394,0.0024141126777976,Indie
0.0096860295161604,0.0198128055781126,0.7052821516990662,0.0061939028091728,0.2377970367670059,0.0169133841991424,0.0043147867545485,Indie
0.9698402285575868,0.0091005023568868,0.0025292616337537,0.0005962448776699,0.0122311525046825,0.0028466978110373,0.0028558447957038,Indie
0.0337015576660633,0.0255533121526241,0.0050682015717029,0.0042327977716922,0.9183316826820374,0.0060948710888624,0.0070176431909203,Indie
0.8515855073928833,0.122464083135128,0.0072316457517445,0.000810777884908,0.0131383491680026,0.0029296823777258,0.0018398615065962,Indie
0.007743913680315,0.0187641326338052,0.0109388418495655,0.0394822396337986,0.7674983143806458,0.0065803118050098,0.1489922553300857,Indie
0.9499688744544984,0.0100426077842712,0.02015832811594,0.0013887915993109,0.0145845711231231,0.0017888690344989,0.0020679146982729,Indie
0.0404455326497554,0.8020569682121277,0.0113250473514199,0.0042881788685917,0.1281445026397705,0.0105127785354852,0.0032271086238324,Indie
0.3130426406860351,0.0166570004075765,0.0318787097930908,0.0048578586429357,0.5629451870918274,0.0109849302098155,0.0596336051821708,Indie
0.0709025636315345,0.0466492623090744,0.014735460281372,0.0084926821291446,0.8421204686164856,0.0059767956845462,0.011122771538794,Indie
0.2141789048910141,0.3783603608608246,0.039356879889965,0.0104587217792868,0.3073761761188507,0.036463938653469,0.0138050131499767,Indie
0.9550910592079164,0.0111148925498127,0.0022864129859954,0.0007437670719809,0.0189572088420391,0.0075820381753146,0.0042245048098266,Indie
0.3297709226608276,0.3519840836524963,0.0264559797942638,0.0034957479219883,0.1612796187400818,0.1202679648995399,0.0067456760443747,Indie
0.1903810203075409,0.404211550951004,0.1430049836635589,0.0052845943719148,0.0979863032698631,0.156478926539421,0.0026526667643338,Indie
0.0155506934970617,0.0384157188236713,0.004359430167824,0.0022280213888734,0.911113142967224,0.0090150544419884,0.0193179734051227,Indie
0.250383198261261,0.6506360769271851,0.0234094988554716,0.0009639617055654,0.0571371726691722,0.0135032664984464,0.003966852556914,Indie
0.0090832943096756,0.0491586029529571,0.3973568975925445,0.001669266493991,0.0494021661579608,0.4825519025325775,0.0107779428362846,Indie
0.0059900656342506,0.0465382821857929,0.0049259290099143,0.1830959320068359,0.5442285537719727,0.189559519290924,0.0256617348641157,Indie
0.0445280037820339,0.1479487121105194,0.0225738584995269,0.0022271072957664,0.7252891063690186,0.0523737259209156,0.0050595779903233,Indie
0.0177151095122098,0.0245846100151538,0.0047319727018475,0.0203373860567808,0.9213749170303344,0.0077393953688442,0.0035166824236512,Indie
0.0144591508433222,0.0301686823368072,0.0036043107975274,0.073445051908493,0.8567743897438049,0.019080277532339,0.0024680537171661,Indie
0.0039064921438694,0.0043017752468585,0.0047498978674411,0.0072909668087959,0.93917578458786,0.0043760007247328,0.0361990630626678,Indie
0.1217742189764976,0.2215602099895477,0.0247041936963796,0.0022186033893376,0.2335623502731323,0.3900862336158752,0.0060941562987864,Indie
0.0049874889664351,0.9538472890853882,0.0021830210462212,0.0013074555899947,0.0324101559817791,0.0021155325230211,0.0031491566915065,Indie
0.0049255695194005,0.0054137725383043,0.0030759791843593,0.0059765223413705,0.9279277324676514,0.0048502907156944,0.0478301718831062,Indie
0.0101724481210112,0.0092049082741141,0.0099051222205162,0.0010659118415787,0.0093016913160681,0.0025119406636804,0.9578379988670348,Indie
0.1706296801567077,0.0739516168832779,0.0056694792583584,0.0141639756038784,0.7015506625175476,0.0311728157103061,0.0028617992065846,Indie
0.0209098570048809,0.0059263347648084,0.0249998774379491,0.0084102330729365,0.8780868649482727,0.0078245075419545,0.0538422167301178,Indie
0.0659243762493133,0.0253812968730926,0.0458933301270008,0.0085707493126392,0.8283756971359253,0.0074777039699256,0.0183768011629581,Indie
0.0645041465759277,0.401652455329895,0.0171029809862375,0.0015745925484225,0.3535022437572479,0.1533519625663757,0.0083115706220269,Indie
0.1137950718402862,0.0044764261692762,0.7827396988868713,0.003562910715118,0.0287432465702295,0.0196006577461957,0.0470819510519504,Indie
0.0135980593040585,0.0135420812293887,0.0020765918307006,0.0072877439670264,0.4813162684440613,0.006969453766942,0.4752098619937897,Indie
0.7687682509422302,0.0347311347723007,0.0810353532433509,0.0012371655320748,0.0786254853010177,0.0260797161608934,0.0095227351412177,Indie
0.3979465663433075,0.3447727859020233,0.0041571911424398,0.0163429342210292,0.2043538093566894,0.0301557052880525,0.0022709886543452,Indie
0.0683504864573478,0.6749882698059082,0.0471568182110786,0.0013912587892264,0.1226497292518615,0.069423034787178,0.0160404555499553,Indie
0.0058533856645226,0.0210387352854013,0.0114557398483157,0.0129153486341238,0.9308398962020874,0.0071490202099084,0.0107479067519307,Indie
