anger,disgust,fear,joy,neutral,sadness,surprise,genre
0.0547113306820392,0.1992254257202148,0.003116815816611,0.5587368011474609,0.1460690349340438,0.0256323479115962,0.0125081911683082,Parody
0.9218317270278932,0.0340497158467769,0.0105631733313202,0.0012684521498158,0.025375859811902,0.0043203341774642,0.002590708900243,Parody
0.3983176350593567,0.1227866113185882,0.0060310675762593,0.002197018591687,0.0602084659039974,0.4068056344985962,0.0036535263061523,Parody
0.142782911658287,0.2073434144258499,0.0155542129650712,0.0028785835020244,0.4378692507743835,0.1797894388437271,0.0137821808457374,Parody
0.3469034135341644,0.5271430611610413,0.0087649663910269,0.0017761720810085,0.050418023020029,0.0575080960988998,0.0074862707406282,Parody
0.206538438796997,0.0777292251586914,0.0064253592863678,0.0024958697613328,0.0317625775933265,0.6698424816131592,0.0052060820162296,Parody
0.0986197888851165,0.0638160109519958,0.0312670171260833,0.004412442445755,0.7398801445960999,0.0498405322432518,0.0121640227735042,Parody
0.0147655066102743,0.0042209541425108,0.0062582590617239,0.0177488718181848,0.1902272403240203,0.7402039170265198,0.0265752505511045,Parody
0.3294370472431183,0.0176009126007556,0.5786656141281128,0.0068883746862411,0.0491488128900527,0.0150763522833585,0.0031829294748604,Parody
0.005984635092318,0.9844930171966552,0.0011809611460193,0.0008225867641158,0.0053865434601902,0.0014023010153323,0.0007298422278836,Parody
0.0120595870539546,0.0036731357686221,0.0027716939803212,0.1629387885332107,0.7909127473831177,0.010804851539433,0.0168391913175582,Parody
0.006554561201483,0.0076759350486099,0.0054376516491174,0.0028070788830518,0.95698344707489,0.0047824764624238,0.0157587919384241,Parody
0.065804399549961,0.7558057308197021,0.1532149612903595,0.0012832880020141,0.0141538521274924,0.0077374130487442,0.0020002578385174,Parody
0.0370392017066478,0.0326241254806518,0.0091229723766446,0.1839524358510971,0.708336591720581,0.0243202298879623,0.0046044033952057,Parody
0.1189536303281784,0.0119397845119237,0.8389279246330261,0.0023565420415252,0.0180653035640716,0.0069638029672205,0.0027929972857236,Parody
0.9495012164115906,0.0231771823018789,0.0021789181046187,0.0004573687328957,0.0190638247877359,0.0027395631186664,0.0028819625731557,Parody
0.0954462811350822,0.1011722758412361,0.0564572811126709,0.0020910403691232,0.1519754827022552,0.5763390064239502,0.0165186412632465,Parody
0.0276988502591848,0.058270689100027,0.0049606342799961,0.0116270761936903,0.6510149240493774,0.2417403012514114,0.0046875686384737,Parody
0.18120077252388,0.5175836682319641,0.0317678898572921,0.0017307030502706,0.1319593638181686,0.1262170523405075,0.0095406286418437,Parody
0.0315566323697567,0.005049405619502,0.2847137153148651,0.0069594522938132,0.4950013160705566,0.0592380948364734,0.1174812987446785,Parody
0.0240422002971172,0.0096991853788495,0.0155702549964189,0.0061455029062926,0.39104825258255,0.0651925429701805,0.488302081823349,Parody
0.0137676578015089,0.9096006155014038,0.0030522812157869,0.0018226943211629,0.0575848221778869,0.0097715659067034,0.0044005801901221,Parody
0.027185820043087,0.3253020048141479,0.0110660390928387,0.2807396650314331,0.3169202208518982,0.0241688247770071,0.0146174067631363,Parody
0.0074957576580345,0.0019686662126332,0.0031047055963426,0.0848274752497673,0.746934711933136,0.0129489619284868,0.1427197456359863,Parody
0.0097656222060322,0.0042274016886949,0.0028927573002874,0.1906310766935348,0.7653601765632629,0.0114664891734719,0.0156564302742481,Parody
0.0185965858399868,0.0727864801883697,0.0010541303781792,0.3905448317527771,0.4992302656173706,0.0104406774044036,0.0073469378985464,Parody
0.0309234429150819,0.058809220790863,0.1214314103126525,0.0038001383654773,0.1942451745271682,0.5333994030952454,0.0573912188410759,Parody
0.0264902655035257,0.0492615029215812,0.0080302488058805,0.0445588454604148,0.8255815505981445,0.0188282560557127,0.0272493250668048,Parody
0.008929462172091,0.0246202480047941,0.0012571009574458,0.0045514157973229,0.9490463137626648,0.0029663280583918,0.0086292065680027,Parody
0.0486526079475879,0.0127038061618804,0.0053826756775379,0.0714945942163467,0.2259764075279235,0.6284101009368896,0.0073798410594463,Parody
0.0352577976882457,0.6264992356300354,0.0526870265603065,0.0116429198533296,0.1712026298046112,0.0191939417272806,0.0835164040327072,Parody
0.0291320774704217,0.0035745776258409,0.00154311186634,0.6233235001564026,0.2696816027164459,0.0092882374301552,0.0634568408131599,Parody
0.0085786180570721,0.766248881816864,0.0117221865803003,0.0216963868588209,0.1741197407245636,0.007206171285361,0.0104280421510338,Parody
