anger,disgust,fear,joy,neutral,sadness,surprise,genre
0.0044414019212126,0.004388656001538,0.0041881399229168,0.6612352132797241,0.2566806972026825,0.0463282205164432,0.0227376967668533,Docudrama
0.0048454464413225,0.0440433770418167,0.0013664955040439,0.7905144095420837,0.1176308915019035,0.0380678698420524,0.0035315256100147,Docudrama
0.0153873618692159,0.6942533850669861,0.0457469001412391,0.0019129966385662,0.2128143310546875,0.0055452086962759,0.0243398193269968,Docudrama
0.2874186635017395,0.1487604677677154,0.0661260411143302,0.0011153003433719,0.0589920617640018,0.4313462972640991,0.0062411758117377,Docudrama
0.0287353079766035,0.1914004832506179,0.0250806882977485,0.0055398647673428,0.7275420427322388,0.0061394143849611,0.0155621478334069,Docudrama
0.1855280697345733,0.1590513586997985,0.1717126816511154,0.0073037026450037,0.4294039011001587,0.0207382123917341,0.026262067258358,Docudrama
0.0036261880304664,0.0085591822862625,0.0031829802319407,0.8642106652259827,0.0891319960355758,0.0295298714190721,0.0017589682247489,Docudrama
0.0257356259971857,0.0299435928463935,0.0028342821169644,0.3384656608104706,0.5846772193908691,0.0045177121646702,0.0138258589431643,Docudrama
0.0227413121610879,0.7533780932426453,0.0668629333376884,0.0112795177847146,0.0591183640062809,0.0033022344578057,0.0833175405859947,Docudrama
0.4251262843608856,0.0500206276774406,0.0185750219970941,0.0251698158681392,0.2971119880676269,0.158619686961174,0.0253766383975744,Docudrama
0.1697194874286651,0.4926479458808899,0.0567485205829143,0.0042285262607038,0.0820551216602325,0.1929106563329696,0.0016897143796086,Docudrama
0.0703827589750289,0.6300689578056335,0.0720563381910324,0.0017944207647815,0.1138514876365661,0.1083446592092514,0.0035013041924685,Docudrama
0.3033380508422851,0.2388168722391128,0.0060032000765204,0.0119310310110449,0.0612418428063392,0.3741404116153717,0.0045286058448255,Docudrama
0.0413043834269046,0.1548596322536468,0.0651275664567947,0.0166745707392692,0.5866817235946655,0.018313392996788,0.1170387119054794,Docudrama
0.0168467666953802,0.0216047577559947,0.0040717483498156,0.4815368056297302,0.2378657162189483,0.2162378579378128,0.0218363348394632,Docudrama
