anger,disgust,fear,joy,neutral,sadness,surprise,genre
0.0022246427834033,0.0009881918085739,0.9680869579315186,0.0045911013148725,0.0100502083078026,0.0107971774414181,0.0032616863027215,Mystery
0.0153649970889091,0.2600189447402954,0.4988581538200378,0.0049518602900207,0.1418574303388595,0.0662914142012596,0.0126572223380208,Mystery
0.001298579503782,0.0021800936665385,0.9888362288475036,0.0005370664293877,0.001623093499802,0.0029102477710694,0.0026146261952817,Mystery
0.0058061764575541,0.0399196445941925,0.0104631492868065,0.0022469016257673,0.8492088913917542,0.0335105136036872,0.0588446371257305,Mystery
0.0090164383873343,0.9120399951934814,0.028382645919919,0.0006002114387229,0.0324880592525005,0.0029167288448661,0.0145559506490826,Mystery
0.7970324754714966,0.0796001628041267,0.0896793827414512,0.0013261816930025,0.0215593408793211,0.0052110468968749,0.0055913650430738,Mystery
0.2261907011270523,0.0781415328383445,0.0162719283252954,0.0032129688188433,0.2677498161792755,0.398355484008789,0.0100775090977549,Mystery
0.0140415048226714,0.0148925986140966,0.0061467685736715,0.5118740797042847,0.3327911794185638,0.0098565900698304,0.1103973612189292,Mystery
0.0727874338626861,0.7503013014793396,0.1128901839256286,0.0022178555373102,0.0314506478607654,0.0278384443372488,0.0025141076184809,Mystery
0.0211419742554426,0.0440714806318283,0.1568248271942138,0.0089432345703244,0.6990268230438232,0.0503547377884388,0.0196369886398315,Mystery
0.0114568648859858,0.526618242263794,0.0090369721874594,0.1043790355324745,0.3245366811752319,0.0106287114322185,0.0133434990420937,Mystery
0.0134953847154974,0.0391291119158268,0.5569149851799011,0.0017143386648967,0.1909364014863968,0.0168319176882505,0.1809778213500976,Mystery
0.196831002831459,0.4775391817092895,0.026820532977581,0.0013653023634105,0.2419790029525756,0.0394478514790535,0.0160171743482351,Mystery
0.2320818901062011,0.5197252631187439,0.0110664013773202,0.0065555851906538,0.2148123681545257,0.0098595768213272,0.0058988984674215,Mystery
0.2330016046762466,0.0674954950809478,0.0588564909994602,0.0305229071527719,0.5268278121948242,0.0675578042864799,0.0157378446310758,Mystery
0.00781509000808,0.0195768475532531,0.0940653532743454,0.0142899490892887,0.8005721569061279,0.0530035644769668,0.0106770936399698,Mystery
0.0056322901509702,0.006404148414731,0.9102413058280944,0.0019000323954969,0.057200938463211,0.0149678764864802,0.0036534934770315,Mystery
0.0235607530921697,0.0380913391709327,0.086819015443325,0.0024485359899699,0.7857469320297241,0.0482467673718929,0.0150866694748401,Mystery
0.0068558044731616,0.0367194078862667,0.0106359394267201,0.0275207329541444,0.7359780073165894,0.1234147176146507,0.0588754750788211,Mystery
