anger,disgust,fear,joy,neutral,sadness,surprise,genre
0.0047920402139425,0.0177533645182847,0.0137409996241331,0.0549308806657791,0.8525697588920593,0.0075100190006196,0.048702947795391,Action_Adventure
0.0453095994889736,0.7252305150032043,0.1089142337441444,0.0016300927381962,0.0482095032930374,0.0036943622399121,0.0670117288827896,Action_Adventure
0.0328621603548526,0.9574772715568542,0.0020155445672571,0.0005821530357934,0.0037520849145948,0.0022539987694472,0.0010568134021013,Action_Adventure
0.0390743426978588,0.5674440264701843,0.3130885660648346,0.0018411892233416,0.034922506660223,0.0083591695874929,0.0352700799703598,Action_Adventure
0.0346937216818332,0.0344486348330974,0.0936296954751014,0.0052209980785846,0.1001684740185737,0.6913982629776001,0.0404402241110801,Action_Adventure
0.2459199428558349,0.0464775040745735,0.1774734407663345,0.0020947728771716,0.032768964767456,0.4012349843978882,0.0940303206443786,Action_Adventure
0.0011393992463126,0.0075070690363645,0.0024978632573038,0.0025365927722305,0.0238062683492898,0.9517772793769836,0.0107355723157525,Action_Adventure
0.6094672083854675,0.2922325432300567,0.0655836760997772,0.0007021984783932,0.0159871187061071,0.0120713151991367,0.0039558568969368,Action_Adventure
0.0969510450959205,0.0742427185177803,0.0808922499418258,0.0050733354873955,0.6210746169090271,0.0517252422869205,0.0700408443808555,Action_Adventure
0.0241107940673828,0.2096457928419113,0.716109573841095,0.0019989756401628,0.0362732112407684,0.0044943932443857,0.0073672914877533,Action_Adventure
0.1420202553272247,0.0890052393078804,0.620945155620575,0.0048694591969251,0.0967729985713958,0.0305739920586347,0.0158128309994936,Action_Adventure
0.3982252776622772,0.1297941356897354,0.16021429002285,0.0065595572814345,0.2003844082355499,0.0299670808017253,0.0748552829027175,Action_Adventure
0.0985713750123977,0.0117900278419256,0.1010224744677543,0.0132525423541665,0.7259605526924133,0.0079975938424468,0.0414053685963153,Action_Adventure
0.110537864267826,0.010137477889657,0.3783376812934875,0.0073271691799163,0.2762730419635772,0.1183604821562767,0.0990262404084205,Action_Adventure
0.0118644973263144,0.0077363830059766,0.8938096165657043,0.0018186217639595,0.0544112771749496,0.0041859121993184,0.0261736530810594,Action_Adventure
0.1281302869319915,0.4206953048706054,0.1266808807849884,0.002870678436011,0.0637298822402954,0.1882027834653854,0.0696900933980941,Action_Adventure
0.0128396023064851,0.0550841800868511,0.8685771822929382,0.0022944305092096,0.0188147313892841,0.003036665264517,0.0393532887101173,Action_Adventure
0.6338627934455872,0.0134971588850021,0.2396388053894043,0.0019599518273025,0.0325738489627838,0.0637107565999031,0.0147567437961697,Action_Adventure
0.0208613760769367,0.0137545308098196,0.0256621483713388,0.0107661075890064,0.6377637982368469,0.021248709410429,0.2699432969093323,Action_Adventure
0.3668378591537475,0.5177144408226013,0.0078652473166584,0.0013314938405528,0.0352200008928775,0.0680834054946899,0.0029476021882146,Action_Adventure
0.001728112460114,0.0020677826832979,0.0013663123827427,0.8949202299118042,0.0639233663678169,0.0106826107949018,0.0253117177635431,Action_Adventure
0.0143607091158628,0.0315547361969947,0.008482745848596,0.0017682091565802,0.7073639631271362,0.0423109531402587,0.1941586434841156,Action_Adventure
