anger,disgust,fear,joy,neutral,sadness,surprise,genre
0.0360082760453224,0.1145031154155731,0.0325010158121585,0.0053392136469483,0.0237750187516212,0.7682839035987854,0.0195894259959459,Romance_Film
0.1749245524406433,0.7788950204849243,0.0025600907392799,0.0010783519828692,0.0293747745454311,0.0118351439014077,0.001332021318376,Romance_Film
0.1500532627105713,0.0795277506113052,0.0104848174378275,0.0065909172408282,0.726349413394928,0.0242423880845308,0.0027514556422829,Romance_Film
0.0477360412478446,0.1280425637960434,0.0100219715386629,0.07154331356287,0.7017065286636353,0.004565211944282,0.0363844744861125,Romance_Film
0.1013863608241081,0.3134934306144714,0.0078247785568237,0.0104361120611429,0.2996294200420379,0.2614453434944153,0.0057845679111778,Romance_Film
0.0386820100247859,0.1811486929655075,0.0172182135283947,0.0721983686089515,0.6639469861984253,0.0140542024746537,0.0127515858039259,Romance_Film
0.1694148331880569,0.7277370095252991,0.0031304997391998,0.004150001797825,0.067123956978321,0.0251989420503377,0.0032447359990328,Romance_Film
0.0636854022741317,0.0961389541625976,0.0111697213724255,0.0018233243608847,0.2045793682336807,0.6061540842056274,0.0164491776376962,Romance_Film
0.0135923950001597,0.0132736340165138,0.001757105346769,0.0070657776668667,0.92514967918396,0.0037275014910846,0.0354338958859443,Romance_Film
0.0788352638483047,0.1123238652944564,0.0012941836612299,0.0552095659077167,0.7392784953117371,0.0073869386687874,0.005671605002135,Romance_Film
0.7473061680793762,0.165505975484848,0.0270512029528617,0.007291090209037,0.0386547558009624,0.0105313407257199,0.0036594839766621,Romance_Film
0.1358629018068313,0.0174183771014213,0.0257823020219802,0.0057202107273042,0.5506272315979004,0.2373513430356979,0.0272375885397195,Romance_Film
0.2882847487926483,0.1617727577686309,0.0095086079090833,0.0078460313379764,0.4283440709114074,0.0955005139112472,0.0087432274594903,Romance_Film
0.1093572452664375,0.0381695441901683,0.0089772678911685,0.028514327481389,0.5327386856079102,0.2607909440994262,0.0214519817382097,Romance_Film
0.2267446219921112,0.2875668704509735,0.0159855019301176,0.0067234635353088,0.4091765582561493,0.046809334307909,0.0069936299696564,Romance_Film
