anger,disgust,fear,joy,neutral,sadness,surprise,genre
0.0042085293680429,0.0140965217724442,0.0032638804987072,0.7512285709381104,0.1914431899785995,0.0118883606046438,0.0238708909600973,Adventure
0.0110180638730525,0.065653808414936,0.028940325602889,0.0179798379540443,0.7866423726081848,0.0535721667110919,0.0361934751272201,Adventure
0.0064507178030908,0.0078664971515536,0.0011793833691626,0.0158957857638597,0.9282242059707642,0.0035726041533052,0.0368108563125133,Adventure
0.0188770722597837,0.0167046450078487,0.112910695374012,0.1223199889063835,0.6974385380744934,0.0104796914383769,0.0212694145739078,Adventure
0.0242518577724695,0.0190388448536396,0.0142992939800024,0.0184782780706882,0.7952947616577148,0.0360803939402103,0.0925564467906951,Adventure
0.0183300320059061,0.0293534491211175,0.0996526032686233,0.0035350767429918,0.2755198180675506,0.4612320065498352,0.1123770251870155,Adventure
0.715140700340271,0.0730169489979744,0.0055957953445613,0.0086430078372359,0.1162965446710586,0.0605494789779186,0.0207573994994163,Adventure
0.0076744575053453,0.0046794139780104,0.0023688473738729,0.0102899940684437,0.9171079993247986,0.0086998464539647,0.0491794310510158,Adventure
0.0101148057729005,0.0622751004993915,0.003678899956867,0.6378980875015259,0.1667775064706802,0.0590413995087146,0.0602142885327339,Adventure
0.1965496689081192,0.4681805372238159,0.0227095391601324,0.0015979188028723,0.292525440454483,0.0126354433596134,0.0058013750240206,Adventure
0.0043117702007293,0.0284202098846435,0.0061120875179767,0.0083252675831317,0.9067172408103944,0.0076051978394389,0.0385082401335239,Adventure
0.029039641842246,0.0103343250229954,0.4910410344600677,0.0068470882251858,0.0613693408668041,0.3629439771175384,0.0384245514869689,Adventure
0.024384319782257,0.0180128514766693,0.324284553527832,0.006715583615005,0.6034798622131348,0.0145807806402444,0.0085419667884707,Adventure
0.0063251852989196,0.007678423076868,0.0031477655284106,0.0044844388030469,0.9557400941848756,0.006691840942949,0.0159323271363973,Adventure
0.0346047803759574,0.0402289368212223,0.0023684941697865,0.4483370780944824,0.4000414311885834,0.0694209262728691,0.0049983253702521,Adventure
0.1298968493938446,0.0052031157538294,0.1913341581821441,0.2321050018072128,0.3353974223136902,0.0282166004180908,0.0778468549251556,Adventure
0.0518429726362228,0.0147122014313936,0.6185854077339172,0.0063607469201087,0.1128951087594032,0.0356773659586906,0.1599261313676834,Adventure
0.010808065533638,0.0025156093761324,0.0039908653125166,0.6329123377799988,0.1516890525817871,0.0119507005438208,0.1861333847045898,Adventure
0.1457955986261367,0.0249007456004619,0.0391010455787181,0.035835362970829,0.7153542637825012,0.0186584610491991,0.0203544739633798,Adventure
0.0810549259185791,0.1163758784532547,0.0726667568087577,0.0112573858350515,0.6128767728805542,0.0536086298525333,0.0521596223115921,Adventure
0.0098992781713604,0.0064511368982493,0.0140786906704306,0.0390587896108627,0.8616208434104919,0.0077721304260194,0.0611190721392631,Adventure
0.0109212901443243,0.0480315051972866,0.0115023590624332,0.6842541098594666,0.1907591074705124,0.0464271157979965,0.0081044742837548,Adventure
0.0012236993061378,0.000503568444401,0.000609879149124,0.93078351020813,0.0241947304457426,0.028132114559412,0.0145526127889752,Adventure
