anger,disgust,fear,joy,neutral,sadness,surprise,genre
0.0070593450218439,0.0093653257936239,0.0032208329066634,0.1231298297643661,0.7538119554519653,0.0063818180933594,0.0970308780670166,Musical
0.0132024008780717,0.0374066829681396,0.0023728415835648,0.0262655895203351,0.90120530128479,0.00546670332551,0.0140806278213858,Musical
0.4910078644752502,0.2257284224033355,0.0457154959440231,0.0022474704310297,0.1074266210198402,0.1241347715258598,0.0037392701487988,Musical
0.9059926867485046,0.0488665290176868,0.0037684857379645,0.0015035745454952,0.0275371428579092,0.0099013391882181,0.0024302820675075,Musical
0.0097808660939335,0.0760093703866005,0.0151914823800325,0.6239936351776123,0.2042571008205413,0.0655332505702972,0.0052342019043862,Musical
0.349927008152008,0.4001363813877105,0.0027487934567034,0.0112150786444544,0.0480888150632381,0.1833560466766357,0.0045278472825884,Musical
0.5904459953308105,0.2499886751174926,0.0086444895714521,0.0050985082052648,0.0964734777808189,0.0466674044728279,0.0026814774610102,Musical
0.974274218082428,0.0088137406855821,0.0037000544834882,0.0004566011193674,0.0096141081303358,0.001916036941111,0.0012253096792846,Musical
0.0164771284908056,0.2503630816936493,0.0616792403161525,0.033633567392826,0.5852839946746826,0.0181257706135511,0.0344372168183326,Musical
0.0257633291184902,0.0107068670913577,0.2685240507125854,0.0019574661273509,0.0275910068303346,0.2014977931976318,0.4639594554901123,Musical
0.0592424385249614,0.1489781439304351,0.0608809292316436,0.0045019080862402,0.1529321670532226,0.5705958604812622,0.0028685862198472,Musical
0.0011018324876204,0.0056681628338992,0.0021420747507363,0.0022013806737959,0.02403867803514,0.9627522826194764,0.0020955400541424,Musical
0.0037536844611167,0.0087970942258834,0.0025375178083777,0.0146567085757851,0.9564979076385498,0.0065679536201059,0.0071892254054546,Musical
0.0856634899973869,0.1688660234212875,0.0423908345401287,0.001351865241304,0.0244344882667064,0.6715083718299866,0.0057848668657243,Musical
0.8914521336555481,0.0535891950130462,0.0051565985195338,0.0015114117413759,0.0378393903374671,0.0078164376318454,0.0026348808314651,Musical
0.9318385124206544,0.0303767975419759,0.0064414972439408,0.001218142453581,0.0227878987789154,0.0066797854378819,0.0006572939455509,Musical
0.019455824047327,0.5150594115257263,0.0023203426972031,0.0403170883655548,0.3847092092037201,0.0337405353784561,0.0043975859880447,Musical
0.004426036030054,0.025325795635581,0.0211244001984596,0.1624484062194824,0.108525738120079,0.6654598116874695,0.0126898111775517,Musical
0.4209727644920349,0.0364935137331485,0.2771714031696319,0.0021341368556022,0.0434994362294673,0.2150918543338775,0.0046369689516723,Musical
0.0224973205476999,0.0440135300159454,0.0027677237521857,0.1863526701927185,0.0751017555594444,0.6632779240608215,0.0059890714474022,Musical
0.0032607205212116,0.0008728121174499,0.989340364933014,0.001199408317916,0.0029611364006996,0.0014738441677764,0.0008917544037103,Musical
0.7983096837997437,0.0837733522057533,0.0045829904265701,0.0038017923943698,0.0531653240323066,0.0545166656374931,0.0018501775339245,Musical
0.161789134144783,0.0362892411649227,0.1641255021095276,0.0058051156811416,0.2491312623023986,0.3707897365093231,0.0120700327679514,Musical
0.0209516119211912,0.5158379673957825,0.0207127649337053,0.1021097600460052,0.2942855954170227,0.0281644817441701,0.0179377757012844,Musical
0.0081544173881411,0.0211976636201143,0.0019450715044513,0.0410910360515117,0.9109171628952026,0.00706422701478,0.0096304286271333,Musical
0.0661493465304374,0.0372211933135986,0.0041059851646423,0.0178957860916852,0.8522469401359558,0.003932561725378,0.0184481255710124,Musical
0.0652148351073265,0.0342685803771019,0.0019173676846548,0.312265008687973,0.4112769961357116,0.1678194999694824,0.0072377356700599,Musical
0.0610536411404609,0.0781190246343612,0.0011958251707255,0.6384888291358948,0.1963711529970169,0.0219770222902297,0.0027945244219154,Musical
0.4380270540714264,0.0261876136064529,0.0252194292843341,0.0016774054383859,0.063112236559391,0.4346643984317779,0.011111888103187,Musical
0.2943717539310455,0.5366867184638977,0.0023500146344304,0.0155029045417904,0.1341482698917389,0.0076025761663913,0.0093376971781253,Musical
0.1311246305704116,0.0172736514359712,0.7580886483192444,0.0016153621254488,0.0288172978907823,0.0612055622041225,0.0018748393049463,Musical
0.087860032916069,0.046281062066555,0.0029309308156371,0.1525480449199676,0.6918633580207825,0.0099353305995464,0.0085811913013458,Musical
0.057070292532444,0.0394703932106494,0.713128387928009,0.0020517187658697,0.0209084954112768,0.1005305796861648,0.0668400451540947,Musical
0.7303801774978638,0.2303754538297653,0.0076149548403918,0.000828962191008,0.0145484032109379,0.0140684768557548,0.0021835535299032,Musical
0.9043017029762268,0.044348519295454,0.0261000543832778,0.0008893809281289,0.0173284411430358,0.0039805858395993,0.0030513692181557,Musical
0.1434402465820312,0.6251062154769897,0.011701569892466,0.0241462308913469,0.1333846896886825,0.0089677004143595,0.0532533302903175,Musical
0.2653446197509765,0.0529795736074447,0.5845752358436584,0.003402903676033,0.0171647444367408,0.0045823659747838,0.0719505324959755,Musical
0.0045793252065777,0.00986541621387,0.9601544141769408,0.0043104756623506,0.0110197160392999,0.0073786629363894,0.0026921040844172,Musical
0.0906053557991981,0.0099138095974922,0.8428627848625183,0.0022301266435533,0.0058952011168003,0.0236857496201992,0.0248070154339075,Musical
0.4000764489173889,0.2022503018379211,0.024353077635169,0.0034625348635017,0.3019832968711853,0.0614924766123294,0.0063818306662142,Musical
0.1064588278532028,0.0998869910836219,0.0052598500624299,0.0495403744280338,0.6871779561042786,0.0494953691959381,0.002180655254051,Musical
0.0069186193868517,0.0118513340130448,0.0954599753022193,0.0017207179917022,0.0458053164184093,0.8275372982025146,0.0107068354263901,Musical
