anger,disgust,fear,joy,neutral,sadness,surprise,genre
0.0251662600785493,0.3687342703342438,0.0529859401285648,0.0028230785392224,0.0390257462859153,0.5024932622909546,0.0087714176625013,Gangster_Film
0.3396944403648376,0.5033957958221436,0.0789784714579582,0.0018208156106993,0.0175633635371923,0.0572895631194114,0.0012575212167575,Gangster_Film
0.0054548340849578,0.0025696074590086,0.9656088352203368,0.0010126091074198,0.017835296690464,0.0051300534978508,0.0023887446150183,Gangster_Film
0.1168223023414611,0.4581494331359863,0.2617004811763763,0.0023309264797717,0.0551358275115489,0.1044362485408783,0.0014248314546421,Gangster_Film
0.5018852353096008,0.4422830045223236,0.0047974037006497,0.0060051097534596,0.0374917052686214,0.0063414894975721,0.001196012715809,Gangster_Film
0.0554102137684822,0.5251180529594421,0.0370346121490001,0.0103429537266492,0.0851489230990409,0.2715399265289306,0.0154052972793579,Gangster_Film
0.7888712882995605,0.0195612702518701,0.0395670048892498,0.0018414647784084,0.0316998325288295,0.1101607978343963,0.0082983430474996,Gangster_Film
0.972878873348236,0.0147914513945579,0.0016653647180646,0.0004753980902023,0.0058944527991116,0.0030062408186495,0.0012881914153695,Gangster_Film
0.5364346504211426,0.0468484908342361,0.0020622957963496,0.0153408888727426,0.3746655285358429,0.0208945944905281,0.0037535612937062,Gangster_Film
0.0066318814642727,0.0244524180889129,0.006071145646274,0.0060543054714798,0.9148231148719788,0.007183528970927,0.0347836837172508,Gangster_Film
0.7881486415863037,0.1614088416099548,0.0169019792228937,0.0011373462621122,0.0143645629286766,0.0159709975123405,0.0020677347201853,Gangster_Film
0.24294213950634,0.1206895932555198,0.2920379042625427,0.001607162412256,0.0197163522243499,0.3139555156230926,0.0090513005852699,Gangster_Film
0.0945049524307251,0.0837814807891845,0.0111534427851438,0.021663598716259,0.7587065100669861,0.0273131839931011,0.0028768661431968,Gangster_Film
0.0298561882227659,0.1717562079429626,0.0264553036540746,0.2048650383949279,0.5139296650886536,0.03625014051795,0.0168874450027942,Gangster_Film
0.168126031756401,0.7382210493087769,0.0045854412019252,0.0025582376401871,0.0757937505841255,0.008159034885466,0.0025564548559486,Gangster_Film
0.895357608795166,0.0602237693965435,0.0034487734083086,0.000754329492338,0.0319555178284645,0.0062652812339365,0.0019947341643273,Gangster_Film
0.0306355636566877,0.0840287879109382,0.0260973013937473,0.0279907658696174,0.7554985880851746,0.0342554189264774,0.0414935387670993,Gangster_Film
