anger,disgust,fear,joy,neutral,sadness,surprise,genre
0.4119599163532257,0.1396614015102386,0.1529272198677063,0.0057901036925613,0.0335920974612236,0.2495396733283996,0.0065295998938381,Christmas_movie
0.1543127745389938,0.0674308761954307,0.0244988910853862,0.0086176851764321,0.0468173921108245,0.6923168301582336,0.00600559823215,Christmas_movie
0.0682916790246963,0.1685849875211715,0.0215081069618463,0.0023324864450842,0.0775122642517089,0.6591197848320007,0.0026507801376283,Christmas_movie
0.76182621717453,0.1121693029999733,0.0546668991446495,0.0017533485079184,0.0239534769207239,0.0335353687405586,0.0120953880250453,Christmas_movie
0.0165741853415966,0.0249815545976161,0.0074291941709816,0.0509087331593036,0.6462920904159546,0.2324245125055313,0.0213898420333862,Christmas_movie
0.0908577814698219,0.0059625236317515,0.8740916848182678,0.0019731866195797,0.0154941836372017,0.0053270328789949,0.0062935976311564,Christmas_movie
0.127913162112236,0.1074791178107261,0.0146631160750985,0.0023264938499778,0.194358617067337,0.547259509563446,0.0059999721124768,Christmas_movie
0.5844102501869202,0.3085659444332123,0.0185470934957265,0.0014159285929054,0.0386891067028045,0.0467760451138019,0.0015957196010276,Christmas_movie
0.8892955780029297,0.0495314784348011,0.0286908559501171,0.0007507922709919,0.0054451101459562,0.0130855366587638,0.0132006118074059,Christmas_movie
0.0339281484484672,0.0837379768490791,0.0154487797990441,0.0919786617159843,0.7164579629898071,0.0539287328720092,0.0045196623541414,Christmas_movie
0.7837396264076233,0.1040011569857597,0.0030424969736486,0.0032970919273793,0.0809155032038688,0.0175256766378879,0.0074783670715987,Christmas_movie
0.0527038499712944,0.0454564429819583,0.0466245636343956,0.0276500135660171,0.7242890000343323,0.0447673797607421,0.0585088208317756,Christmas_movie
0.0228809658437967,0.0024183169007301,0.898189902305603,0.0016316549153998,0.0100253941491246,0.0314566008746624,0.033397015184164,Christmas_movie
0.051074530929327,0.0686976760625839,0.0143000353127717,0.0031939151231199,0.16944120824337,0.6671604514122009,0.02613215893507,Christmas_movie
0.0375459566712379,0.265591561794281,0.0697117894887924,0.0056524965912103,0.1615722328424453,0.4577653706073761,0.0021606399677693,Christmas_movie
0.1463292390108108,0.7550631761550903,0.0177265163511037,0.0018820925615727,0.0626576170325279,0.012605863623321,0.0037353979423642,Christmas_movie
0.0095580862835049,0.0600937791168689,0.0043086684308946,0.008279051631689,0.6043691635131836,0.2877624928951263,0.025628712028265,Christmas_movie
0.0020242994651198,0.015818128362298,0.0046144071966409,0.001909346319735,0.0171687547117471,0.9555194973945618,0.0029454715549945,Christmas_movie
0.0101370764896273,0.0059279957786202,0.0008218204020522,0.3348380327224731,0.5122783184051514,0.0071576749905943,0.1288390457630157,Christmas_movie
0.0013911474961787,0.0056455633603036,0.0038261904846876,0.0068477587774395,0.0692451298236846,0.9033936262130736,0.0096505349501967,Christmas_movie
0.0511542409658432,0.0144287925213575,0.0759791582822799,0.004190344363451,0.7244224548339844,0.0168493222445249,0.1129756793379783,Christmas_movie
0.5362854599952698,0.1464233696460724,0.119056299328804,0.0010620452230796,0.0922457873821258,0.076274074614048,0.0286529827862977,Christmas_movie
0.022625034675002,0.0906661227345466,0.0086619583889842,0.0243103597313165,0.7305737733840942,0.104512058198452,0.0186507478356361,Christmas_movie
0.0073556592687964,0.0082077803090214,0.0008692920091561,0.8231441974639893,0.1046570762991905,0.0036139402072876,0.0521521493792533,Christmas_movie
0.0394347347319126,0.1964999139308929,0.003737703198567,0.0072039212100207,0.2063800245523452,0.5433692336082458,0.0033745027612894,Christmas_movie
0.0164743606001138,0.0028028413653373,0.9496275186538696,0.0026003120001405,0.0218832287937402,0.0049086427316069,0.0017030576709657,Christmas_movie
0.0788740143179893,0.5459062457084656,0.0035631807986646,0.0016990336589515,0.0220296867191791,0.3428912460803985,0.0050365678034722,Christmas_movie
0.0071890335530042,0.0206904504448175,0.0063549936749041,0.0021496994886547,0.93588387966156,0.0178018324077129,0.0099301086738705,Christmas_movie
0.01203054189682,0.0045178276486694,0.0012471087975427,0.7206992506980896,0.1858749091625213,0.0063310372643172,0.0692992731928825,Christmas_movie
0.0113835278898477,0.0024633680004626,0.0023463787510991,0.107737235724926,0.7460275888442993,0.0429637804627418,0.087078221142292,Christmas_movie
0.0080664809793233,0.013149831444025,0.0069853560999035,0.4388948082923889,0.1719338297843933,0.3568937480449676,0.0040759835392236,Christmas_movie
