anger,disgust,fear,joy,neutral,sadness,surprise,genre
0.5304147005081177,0.3475337028503418,0.0618801042437553,0.0055277831852436,0.024847975000739,0.0264942459762096,0.0033015706576406,Action_Adventure
0.0126904435455799,0.7706663012504578,0.0032489500008523,0.017200855538249,0.1778508424758911,0.0135282445698976,0.0048143886961042,Action_Adventure
0.0563347414135932,0.1431831121444702,0.0206866282969713,0.034322652965784,0.6153314113616943,0.1132867634296417,0.0168546978384256,Action_Adventure
0.048566460609436,0.1984832882881164,0.001766805187799,0.3834690153598785,0.2531344890594482,0.0947160422801971,0.0198638513684272,Action_Adventure
0.0083012413233518,0.0080994442105293,0.003893768414855,0.7260666489601135,0.1965130269527435,0.0082991123199462,0.0488267540931701,Action_Adventure
0.0136132864281535,0.0075543443672358,0.0017648412613198,0.0016457081073895,0.0196247175335884,0.9414606094360352,0.0143364872783422,Action_Adventure
0.3004959523677826,0.647521436214447,0.0175254456698894,0.001054726075381,0.0207509752362966,0.0101790213957428,0.0024724246468394,Action_Adventure
0.112479843199253,0.108180858194828,0.0060702669434249,0.0314400792121887,0.7048728466033936,0.0337250083684921,0.003231146140024,Action_Adventure
0.3610062897205353,0.4766407907009125,0.003144921734929,0.0021539416629821,0.1187991574406623,0.0284101031720638,0.0098448703065514,Action_Adventure
0.0696751698851585,0.0731576085090637,0.0089709693565964,0.0172489620745182,0.785275399684906,0.0368489027023315,0.0088229356333613,Action_Adventure
0.1543197929859161,0.0525657013058662,0.2262057065963745,0.0044939722865819,0.5176389813423157,0.0301231909543275,0.014652675949037,Action_Adventure
0.1706633567810058,0.0707524493336677,0.003138359170407,0.0329787470400333,0.2771224081516266,0.4390340745449066,0.0063105579465627,Action_Adventure
0.144658625125885,0.007210390176624,0.8239119648933411,0.0014142341678962,0.0138010000810027,0.0055645704269409,0.0034392005763947,Action_Adventure
0.0126611730083823,0.973990261554718,0.0009044455946423,0.0006159683107398,0.0079007986932992,0.002959104720503,0.0009680564980953,Action_Adventure
0.2586425542831421,0.0391085781157016,0.5642486214637756,0.0031043887138366,0.0933578237891197,0.0349234528839588,0.0066145649179816,Action_Adventure
0.8851338028907776,0.0203234795480966,0.0746244862675666,0.0007507932023145,0.0110195754095911,0.0053526163101196,0.0027952073141932,Action_Adventure
0.9226382970809937,0.0166169628500938,0.0384346134960651,0.0009406898752786,0.0081850420683622,0.0086914310231804,0.0044929855503141,Action_Adventure
0.006910593714565,0.02778872102499,0.0095467511564493,0.0014240470482036,0.0531702488660812,0.8761147856712341,0.0250448565930128,Action_Adventure
0.0041599525138735,0.0131439659744501,0.0064995950087904,0.0335965603590011,0.3434765040874481,0.5918773412704468,0.007246121764183,Action_Adventure
