anger,disgust,fear,joy,neutral,sadness,surprise,genre
0.9573846459388732,0.0088928351178765,0.0039987810887396,0.0009509111987426,0.0171975996345281,0.0073101813904941,0.0042650876566767,Comedy
0.0138728860765695,0.0107484189793467,0.0125876320526003,0.4795673787593841,0.4407334923744201,0.0031197457574307,0.0393705554306507,Comedy
0.1679465174674987,0.0476820729672908,0.1898781508207321,0.0120273204520344,0.4958521127700805,0.0737773105502128,0.0128364842385053,Comedy
0.0060742567293345,0.0108944838866591,0.0042199078015983,0.0036072724033147,0.0580460280179977,0.9055192470550536,0.0116387559100985,Comedy
0.0104512348771095,0.0241262074559927,0.0075948042795062,0.0016165236011147,0.056574311107397,0.8947539329528809,0.0048830243758857,Comedy
0.0539828948676586,0.0087004508823156,0.2486349940299987,0.0178267862647771,0.6115918755531311,0.0389034561812877,0.0203595142811536,Comedy
0.005454424303025,0.0127085288986563,0.0017374010058119,0.0893695876002311,0.8610082864761353,0.0114663066342473,0.0182555224746465,Comedy
0.1329673677682876,0.0463001765310764,0.0481547489762306,0.0027623414061963,0.0842169597744941,0.6517858505249023,0.0338125750422477,Comedy
0.0930090770125389,0.0342586934566497,0.0016179832164198,0.0445452332496643,0.6972454786300659,0.112690232694149,0.0166332796216011,Comedy
0.3793865442276001,0.0837577655911445,0.0341898538172245,0.0101015735417604,0.4586769044399261,0.0267088059335947,0.007178564555943,Comedy
0.0444980040192604,0.1015932261943817,0.0140237342566251,0.1916847676038742,0.6009950041770935,0.012397420592606,0.0348077192902565,Comedy
