anger,disgust,fear,joy,neutral,sadness,surprise,genre
0.0017760207410901,0.0021178303286433,0.0014295403379946,0.9786348938941956,0.0082569802179932,0.0043648276478052,0.0034198798239231,Family_Drama
0.0894153416156768,0.1518511325120926,0.3953772187232971,0.009428990073502,0.3108600080013275,0.0273790843784809,0.0156882498413324,Family_Drama
0.0106670996174216,0.0081918090581893,0.0102198543027043,0.0029507684521377,0.927081823348999,0.0045771747827529,0.0363114736974239,Family_Drama
0.0018726945854723,0.0024142037145793,0.9801688194274902,0.0010918425396084,0.0095479693263769,0.0031567702535539,0.0017476447392255,Family_Drama
0.0035149585455656,0.0024316112976521,0.0006276497151702,0.9648867845535278,0.0167685840278863,0.0090821534395217,0.0026883443351835,Family_Drama
0.1499780267477035,0.7333281636238098,0.0072890645824372,0.0030333790928125,0.0712405890226364,0.0325403213500976,0.0025905158836394,Family_Drama
0.0007163957925513,0.0010348947253078,0.0007150967721827,0.003137917490676,0.0033345064148306,0.9879330992698668,0.0031280652619898,Family_Drama
0.0561441406607627,0.1855990588665008,0.0026268255896866,0.0649117678403854,0.6740230917930603,0.013549581170082,0.0031456530559808,Family_Drama
0.1016383245587349,0.224594160914421,0.004697423428297,0.0061213970184326,0.605430006980896,0.004780163988471,0.0527385734021663,Family_Drama
0.2503743171691894,0.6084865927696228,0.0017110200133174,0.0225484669208526,0.0784379988908767,0.0343660451471805,0.0040755309164524,Family_Drama
0.0054917493835091,0.5692947506904602,0.0414237938821315,0.0104058478027582,0.1960367262363433,0.1708426177501678,0.0065045389346778,Family_Drama
0.0346316434442997,0.9064522385597228,0.0067320191301405,0.0009306240244768,0.0358176343142986,0.0146946888417005,0.0007412282866425,Family_Drama
0.0037656270433217,0.0248338747769594,0.003866571933031,0.0178491026163101,0.9209564328193665,0.0036270949058234,0.0251012407243251,Family_Drama
0.0238382648676633,0.9235002398490906,0.0058845970779657,0.0026169989723712,0.0290347151458263,0.0133394300937652,0.0017857016064226,Family_Drama
0.0197209250181913,0.1702783405780792,0.0093277841806411,0.0078226737678051,0.7320931553840637,0.0133209815248847,0.04743617400527,Family_Drama
0.2224202901124954,0.6019875407218933,0.0137161770835518,0.003295509610325,0.1469563543796539,0.0094323847442865,0.0021917736157774,Family_Drama
0.015287822112441,0.0088780038058757,0.00163126795087,0.0064870682545006,0.9456892609596252,0.0094508193433284,0.0125758275389671,Family_Drama
0.0042356243357062,0.0022404296323657,0.9823457598686218,0.0011375761823728,0.006074923556298,0.0026851049624383,0.001280651660636,Family_Drama
0.0139814252033829,0.0601323209702968,0.0073093990795314,0.0045656850561499,0.7859630584716797,0.1166149899363517,0.0114331915974617,Family_Drama
0.0546427257359027,0.0417468696832656,0.0402988120913505,0.0980389267206192,0.7434857487678528,0.0160468369722366,0.0057400590740144,Family_Drama
