anger,disgust,fear,joy,neutral,sadness,surprise,genre
0.0477983355522155,0.2259226888418197,0.0172380413860082,0.0925315916538238,0.4321668446063995,0.16034996509552,0.0239925011992454,Comedy
0.4401307106018066,0.4232237339019775,0.0078809214755892,0.007972196675837,0.0659407675266265,0.0490949153900146,0.0057567236945033,Comedy
0.080382153391838,0.2500413358211517,0.0750963687896728,0.0450013093650341,0.3826318085193634,0.1256674528121948,0.0411795675754547,Comedy
0.4778832197189331,0.3773393929004669,0.0050696926191449,0.0027265471871942,0.0991013646125793,0.0320561118423938,0.0058236964978277,Comedy
0.3910272717475891,0.3913214206695556,0.0443459302186965,0.0045587415806949,0.0384587347507476,0.119776427745819,0.010511421598494,Comedy
0.0018575383583083,0.0010187607258558,0.0040243039838969,0.0023255671840161,0.0080597037449479,0.9701094031333924,0.0126046724617481,Comedy
0.0449568815529346,0.0310864504426717,0.0014001454692333,0.1477509886026382,0.7278949618339539,0.0321709513664245,0.0147397052496671,Comedy
0.4834752678871155,0.2467786818742752,0.0042908638715744,0.0044346088543534,0.2103157788515091,0.0485912859439849,0.0021135925780981,Comedy
0.0049618179909884,0.0072915651835501,0.0042821387760341,0.0562575981020927,0.8689332008361816,0.0282853320240974,0.0299883298575878,Comedy
0.0194745659828186,0.0138015002012252,0.0030100042931735,0.0424927435815334,0.8966973423957825,0.0090040601789951,0.0155198192223906,Comedy
0.042609941214323,0.5704053640365601,0.0067037330009043,0.0051095853559672,0.3488111793994903,0.023731805384159,0.0026284060440957,Comedy
0.0288978293538093,0.0655437558889389,0.0110166613012552,0.0127987125888466,0.8446406126022339,0.0203974656760692,0.016704898327589,Comedy
0.0062980256043374,0.0030743479728698,0.0006098065641708,0.9179603457450868,0.0491540767252445,0.0044458927586674,0.0184575784951448,Comedy
0.0458042286336422,0.4774387776851654,0.0018448623595759,0.0486395172774791,0.2428069561719894,0.1684452146291732,0.0150205204263329,Comedy
0.3653784692287445,0.2193828076124191,0.075484812259674,0.0051311589777469,0.2944827973842621,0.0324565023183822,0.0076834810897707,Comedy
0.058729775249958,0.0975812897086143,0.002383028389886,0.0205568447709083,0.8053421378135681,0.0093920854851603,0.0060148825868964,Comedy
0.0129179758951067,0.0285390801727771,0.0012522866018116,0.0289610736072063,0.8945231437683105,0.0160079877823591,0.0177983995527029,Comedy
