anger,disgust,fear,joy,neutral,sadness,surprise,genre
0.3288527131080627,0.5248963832855225,0.0243701934814453,0.0049520097672939,0.005034914240241,0.1100256368517875,0.0018682478694245,Docudrama
0.1117997989058494,0.1553475707769394,0.0153367910534143,0.3195803761482239,0.3523055911064148,0.030578888952732,0.0150509532541036,Docudrama
0.0186108220368623,0.1813637167215347,0.0391488447785377,0.663123369216919,0.0602505430579185,0.0324976034462451,0.0050051785074174,Docudrama
0.0384711138904094,0.3492224216461181,0.0037841014564037,0.0147568751126527,0.4726786017417907,0.1141665503382682,0.0069202501326799,Docudrama
0.0209641139954328,0.1013863906264305,0.0019315095851197,0.5513111352920532,0.3061578869819641,0.0139467604458332,0.0043022348545491,Docudrama
0.0065534198656678,0.0034995432943105,0.9710614085197448,0.0016439314931631,0.0127890286967158,0.0031805413309484,0.0012721734819933,Docudrama
0.1938254088163375,0.1036155819892883,0.0211433991789817,0.0061382628045976,0.3610097765922546,0.3088978230953216,0.0053697065450251,Docudrama
0.8521263003349304,0.0139847733080387,0.0872454866766929,0.0117295710369944,0.020666679367423,0.0131055824458599,0.0011414280161261,Docudrama
0.0604110471904277,0.1170246303081512,0.0124391624704003,0.1706038266420364,0.5622525811195374,0.0744883120059967,0.0027804642450064,Docudrama
0.062982752919197,0.283223956823349,0.4136912524700165,0.0015110413078218,0.1060326248407363,0.1197188645601272,0.0128394793719053,Docudrama
0.0152518898248672,0.062319166958332,0.0059244008734822,0.0634808540344238,0.8122035264968872,0.0325029902160167,0.0083170942962169,Docudrama
