anger,disgust,fear,joy,neutral,sadness,surprise,genre
0.0237008444964885,0.9468976855278016,0.0079498812556266,0.000348275178112,0.0159515086561441,0.0027400550898164,0.0024119396694004,Computer_Animation
0.0058810859918594,0.0638432726264,0.0020366534590721,0.1611043959856033,0.74006187915802,0.0178125891834497,0.0092600714415311,Computer_Animation
0.0608843900263309,0.5786487460136414,0.0903679281473159,0.0019680322147905,0.2035050690174102,0.0138932270929217,0.0507325790822505,Computer_Animation
0.1342156827449798,0.2218888103961944,0.0072475592605769,0.0042479718104004,0.4661635756492615,0.0050589484162628,0.1611774861812591,Computer_Animation
0.0584625080227851,0.4776611626148224,0.0651599541306495,0.003764058696106,0.3251164257526397,0.0507415123283863,0.0190943758934736,Computer_Animation
0.0083984239026904,0.004512402229011,0.0013982970267534,0.5860214233398438,0.2507561147212982,0.0979309976100921,0.0509824231266975,Computer_Animation
0.0049220034852623,0.0036315978504717,0.9056015610694884,0.0023668925277888,0.0644331648945808,0.014246167615056,0.0047985282726585,Computer_Animation
0.1718796640634536,0.1421330124139785,0.0534497238695621,0.0059403935447335,0.45320725440979,0.1581661701202392,0.015223846770823,Computer_Animation
0.059591919183731,0.0653711035847663,0.0185028240084648,0.0057016569189727,0.7835481762886047,0.0235914140939712,0.043692871928215,Computer_Animation
0.0133599424734711,0.1839261353015899,0.0102462256327271,0.2600100934505462,0.4996200799942016,0.0298768989741802,0.0029606388416141,Computer_Animation
0.7449364066123962,0.1617745459079742,0.006624283734709,0.000992881017737,0.0313845947384834,0.0511547587811946,0.0031325134914368,Computer_Animation
0.1232327371835708,0.7632848620414734,0.0086776204407215,0.0016793849645182,0.0832723528146743,0.0178198255598545,0.0020333190914243,Computer_Animation
0.1966144144535064,0.6253122091293335,0.016899412497878,0.001997816376388,0.1411162167787552,0.0136508336290717,0.0044091651216149,Computer_Animation
0.0123577266931533,0.0110449157655239,0.0012432482326403,0.0192052014172077,0.9157116413116456,0.005748416762799,0.0346888490021228,Computer_Animation
0.2264330238103866,0.1128337755799293,0.0139031969010829,0.0045858020894229,0.6083541512489319,0.0271693933755159,0.0067206821404397,Computer_Animation
0.8942163586616516,0.0660344958305358,0.0102941924706101,0.0007860181503929,0.0217390675097703,0.0054895365610718,0.0014403278473764,Computer_Animation
0.0402534119784832,0.2551726698875427,0.0131736705079674,0.0065259975381195,0.6641184687614441,0.0163365472108125,0.0044192466884851,Computer_Animation
0.040008395910263,0.0415115170180797,0.0023174209054559,0.0121503910049796,0.8840070366859436,0.0060616587288677,0.0139436097815632,Computer_Animation
0.245143860578537,0.0296411160379648,0.0330052115023136,0.0430320017039775,0.113217756152153,0.0397179536521434,0.4962420761585235,Computer_Animation
0.0682070404291153,0.0576233081519603,0.4736243486404419,0.008608317002654,0.1656457334756851,0.0377216003835201,0.1885696500539779,Computer_Animation
0.5254124999046326,0.1366339921951294,0.0076906504109501,0.0033934905659407,0.3016951084136963,0.0211186204105615,0.0040555894374847,Computer_Animation
0.1200528666377067,0.3525589108467102,0.0025370290968567,0.071924515068531,0.3824986517429352,0.0673037618398666,0.0031241995748132,Computer_Animation
0.1478047519922256,0.0446769371628761,0.011044236831367,0.112889364361763,0.6544455289840698,0.0189856123179197,0.0101536065340042,Computer_Animation
0.0165102165192365,0.0944483503699302,0.011373583227396,0.0032421851065009,0.8336842656135559,0.0100631499662995,0.0306783430278301,Computer_Animation
