anger,disgust,fear,joy,neutral,sadness,surprise,genre
0.9737551212310792,0.0058232555165886,0.0033324896357953,0.000804316077847,0.0094004496932029,0.004697979427874,0.0021864329464733,Action_Adventure
0.8632739186286926,0.0871505737304687,0.003394158091396,0.001472454634495,0.0329151302576065,0.0099047310650348,0.0018889831844717,Action_Adventure
0.08162572234869,0.4919961392879486,0.0225667636841535,0.003429892938584,0.1499234735965728,0.2408232539892196,0.0096347751095891,Action_Adventure
0.130157396197319,0.8446862697601318,0.0041818469762802,0.0010130055015906,0.0092972666025161,0.0050936993211507,0.0055705127306282,Action_Adventure
0.097280278801918,0.2066871076822281,0.0926363542675972,0.003479856532067,0.4662761986255646,0.1220869719982147,0.0115532577037811,Action_Adventure
0.0062416815198957,0.0112057914957404,0.0037655697669833,0.5112383365631104,0.3878911733627319,0.0047837244346737,0.0748737230896949,Action_Adventure
0.0083330618217587,0.0401175357401371,0.0033022537827491,0.0032122454140335,0.9254787564277648,0.0075401281937956,0.0120159862563014,Action_Adventure
0.0343011282384395,0.7580652236938477,0.0744196698069572,0.0023931115865707,0.0997121408581733,0.0167867187410593,0.0143219651654362,Action_Adventure
0.0685691460967063,0.4480536878108978,0.0115653164684772,0.0028226659633219,0.4022583067417145,0.062298484146595,0.0044323140755295,Action_Adventure
0.0078121083788573,0.0048390580341219,0.0044866916723549,0.4167401492595672,0.5101422071456909,0.0227069910615682,0.0332727879285812,Action_Adventure
0.0599975734949111,0.0272718649357557,0.1413757503032684,0.0062044016085565,0.4534212052822113,0.2633539736270904,0.0483752116560936,Action_Adventure
0.169372484087944,0.2652058899402618,0.147788718342781,0.0087889051064848,0.3715806007385254,0.0125122126191854,0.0247511081397533,Action_Adventure
0.0949770435690879,0.0528368428349494,0.0406386367976665,0.001564111909829,0.072984367609024,0.7233812212944031,0.0136177595704793,Action_Adventure
0.1534628719091415,0.155675008893013,0.0103393578901886,0.0069431574083864,0.5899962186813354,0.0614646114408969,0.0221188217401504,Action_Adventure
0.9479252099990844,0.0269343275576829,0.0026820325292646,0.0006228020065464,0.0147588225081563,0.0049898410215973,0.0020871523302048,Action_Adventure
0.3560823202133178,0.2772709429264068,0.2588382363319397,0.0025455188006162,0.0725760236382484,0.0269159413874149,0.0057709352113306,Action_Adventure
