anger,disgust,fear,joy,neutral,sadness,surprise,genre
0.0534722246229648,0.3208341002464294,0.0282300319522619,0.0012850722996518,0.0290461909025907,0.5626207590103149,0.0045116664841771,World_cinema
0.2224316000938415,0.3138919472694397,0.0066650798544287,0.0025055455043911,0.434729129076004,0.0136459982022643,0.0061306804418563,World_cinema
0.032484982162714,0.062785692512989,0.0034892426338046,0.009921065531671,0.871578574180603,0.0162599645555019,0.0034804209135472,World_cinema
0.2530408501625061,0.0244056172668933,0.0487677715718746,0.0013759386492893,0.010852568782866,0.6560012698173523,0.0055560749024152,World_cinema
0.2551412582397461,0.1207843869924545,0.006061315536499,0.0440467596054077,0.2074901014566421,0.3415437638759613,0.0249324738979339,World_cinema
0.4100132584571838,0.2950707077980041,0.0284556187689304,0.0020524978172034,0.0348408818244934,0.2199647426605224,0.0096022561192512,World_cinema
0.6786431074142456,0.1611756235361099,0.067762903869152,0.0015942913014441,0.0150772891938686,0.0743393078446388,0.0014075140934437,World_cinema
0.1021120101213455,0.1515711843967437,0.0116579523310065,0.0115881040692329,0.5484170913696289,0.1196711361408233,0.0549825131893157,World_cinema
0.3883339464664459,0.1936359852552414,0.0122778806835412,0.0143579384312033,0.3295371234416961,0.0522286929190158,0.0096284383907914,World_cinema
0.1366005390882492,0.4058574438095093,0.007575461640954,0.0056068282574415,0.2548236846923828,0.1846002787351608,0.0049357549287378,World_cinema
0.0906726121902465,0.2748412191867828,0.0125086577609181,0.0083580184727907,0.547789454460144,0.0561679787933826,0.0096620209515094,World_cinema
