anger,disgust,fear,joy,neutral,sadness,surprise,genre
0.0077484096400439,0.0390420258045196,0.0025402274914085,0.905325174331665,0.0325300507247448,0.0106343748047947,0.0021796247456222,Romantic_fantasy
0.0708449929952621,0.3322993814945221,0.024513728916645,0.007097388152033,0.5473576784133911,0.0122565682977437,0.0056302924640476,Romantic_fantasy
0.0289554670453071,0.8787246942520142,0.0213574487715959,0.0323372110724449,0.0243384465575218,0.0134162874892354,0.0008704435895197,Romantic_fantasy
0.0186394602060318,0.1409251689910888,0.2553774416446686,0.0488641001284122,0.1086655482649803,0.4163376688957214,0.0111906751990318,Romantic_fantasy
0.0025465029757469,0.0052695721387863,0.0020172430668026,0.1059281527996063,0.0312453862279653,0.8478061556816101,0.0051869405433535,Romantic_fantasy
0.019819289445877,0.2739572823047638,0.6612744331359863,0.0010581812821328,0.0092686163261532,0.0291646718978881,0.0054575148969888,Romantic_fantasy
0.8017114400863647,0.1672212034463882,0.0053484928794205,0.0007093518506735,0.0120515767484903,0.0120626222342252,0.0008953874348662,Romantic_fantasy
0.9658448696136476,0.0144387558102607,0.0012225938262417,0.0005824281251989,0.0114960502833127,0.0052017476409673,0.0012135839788243,Romantic_fantasy
0.1549404114484787,0.1934158205986023,0.1461627036333084,0.0054127685725688,0.2945187389850616,0.1731604784727096,0.0323890149593353,Romantic_fantasy
