anger,disgust,fear,joy,neutral,sadness,surprise,genre
0.0346659198403358,0.0691581219434738,0.0068203583359718,0.1870907396078109,0.6707853674888611,0.01003148406744,0.0214479807764291,Action_Adventure
0.1206328049302101,0.0404363498091697,0.0079029351472854,0.0177563112229108,0.7989221215248108,0.0094374502077698,0.0049120066687464,Action_Adventure
0.7225449085235596,0.1821445673704147,0.0160459969192743,0.0014618068234995,0.0464999824762344,0.0300495605915784,0.0012530857929959,Action_Adventure
0.0031302163843065,0.0182745493948459,0.0052384953014552,0.0107172662392258,0.9290987849235536,0.0065310751087963,0.0270097404718399,Action_Adventure
0.1806530803442001,0.0504038333892822,0.2016789466142654,0.0026998273096978,0.0727762058377265,0.3805470168590545,0.1112410873174667,Action_Adventure
0.0061343996785581,0.0169255193322896,0.0037553503643721,0.0112801603972911,0.9477800726890564,0.0083859181031584,0.0057385908439755,Action_Adventure
0.0012585854856297,0.0010601207613945,0.0004124478728044,0.9818186163902284,0.0095879305154085,0.0018121963366866,0.0040501053445041,Action_Adventure
0.0065157297067344,0.9400330781936646,0.0044082039967179,0.0018300942610949,0.0348333604633808,0.0053742416203022,0.0070052193477749,Action_Adventure
0.0168418139219284,0.0282746497541666,0.0060530425980687,0.0783032551407814,0.8325622081756592,0.0111968219280242,0.0267682150006294,Action_Adventure
0.009913551621139,0.0135796032845973,0.0012052026577293,0.0208758488297462,0.94167959690094,0.0045653744600713,0.0081807821989059,Action_Adventure
0.0127479499205946,0.0062583410181105,0.0056999013759195,0.4025586545467376,0.5445029139518738,0.005980678834021,0.0222515501081943,Action_Adventure
0.0085649639368057,0.0101198423653841,0.0061214831657707,0.0013360345037654,0.0972651317715644,0.8669555187225342,0.0096369870007038,Action_Adventure
0.0124714998528361,0.1014907211065292,0.0748052448034286,0.0021475576795637,0.1094958186149597,0.6755220293998718,0.0240671094506979,Action_Adventure
0.0031107952818274,0.030580686405301,0.0243054777383804,0.0016475097509101,0.0306662954390048,0.8975292444229126,0.0121599379926919,Action_Adventure
0.0438477210700511,0.2604730725288391,0.1735165864229202,0.0024256382603198,0.4779447913169861,0.0286522153764963,0.0131400721147656,Action_Adventure
0.0913230404257774,0.1929041594266891,0.0603315867483615,0.002432579640299,0.5843502283096313,0.0092344395816326,0.0594240128993988,Action_Adventure
0.4468872547149658,0.4236676096916199,0.0037325189914554,0.0026597478426992,0.1051282510161399,0.0160178001970052,0.0019067451357841,Action_Adventure
0.2812770009040832,0.1122206375002861,0.0591079294681549,0.0018304702825844,0.4285021722316742,0.1112762466073036,0.0057855928316712,Action_Adventure
0.4166646599769592,0.2100574523210525,0.0064236661419272,0.0091939978301525,0.3261075615882873,0.0298070777207613,0.0017455582274124,Action_Adventure
0.0441827662289142,0.043619267642498,0.0712366327643394,0.0052264486439526,0.8024016618728638,0.0171980112791061,0.0161352567374706,Action_Adventure
0.0487012341618537,0.2157997786998748,0.0039848606102168,0.0874225050210952,0.6278738379478455,0.0043130670674145,0.0119046894833445,Action_Adventure
0.0884530991315841,0.095413900911808,0.0020849371794611,0.0238255281001329,0.7722553014755249,0.0126876169815659,0.0052795154042541,Action_Adventure
0.0223137699067592,0.040296584367752,0.0480523109436035,0.0162330958992242,0.8404650092124939,0.0300568342208862,0.0025823325850069,Action_Adventure
0.0397464632987976,0.0186492577195167,0.0013029156252741,0.1921743750572204,0.7014811635017395,0.0314736329019069,0.0151721574366092,Action_Adventure
0.1569655090570449,0.2017208784818649,0.0107476292178034,0.0022509798873215,0.1605743318796157,0.4301393628120422,0.0376012288033962,Action_Adventure
0.034291923046112,0.2130342572927475,0.0024082036688923,0.3590556383132934,0.3704976439476013,0.007891927845776,0.0128204533830285,Action_Adventure
0.0908244624733924,0.4017336964607239,0.0055359969846904,0.0186998452991247,0.3011117577552795,0.1520300954580307,0.0300641953945159,Action_Adventure
0.0421957336366176,0.3567596971988678,0.0062530301511287,0.1001762077212333,0.4667388200759887,0.0107169831171631,0.0171594563871622,Action_Adventure
0.3749401867389679,0.2311723828315735,0.1111551001667976,0.0096874386072158,0.2376769632101059,0.0262256916612386,0.0091422572731971,Action_Adventure
0.0036001617554575,0.0045915525406599,0.0014589919010177,0.0063689416274428,0.8930521011352539,0.0078795067965984,0.0830486416816711,Action_Adventure
0.092172086238861,0.1522381752729416,0.0099832853302359,0.004399687051773,0.5706131458282471,0.1668917089700698,0.0037018968723714,Action_Adventure
