anger,disgust,fear,joy,neutral,sadness,surprise,genre
0.0092604458332061,0.0077973245643079,0.0053692916408181,0.2078557312488556,0.4200105965137481,0.3022971749305725,0.0474093779921531,Drama
0.0112433200702071,0.6976909637451172,0.0064851474016904,0.0048120156861841,0.2288748621940612,0.0322006940841674,0.0186929572373628,Drama
0.0129114221781492,0.3131024539470672,0.0023768423125147,0.175508826971054,0.4271923899650574,0.062921442091465,0.0059865522198379,Drama
0.0678497180342674,0.0425246246159076,0.5840429067611694,0.002792565152049,0.1271459013223648,0.0809705257415771,0.0946736857295036,Drama
0.0190636571496725,0.043226920068264,0.0140449805185198,0.0018278990173712,0.1135802716016769,0.785426676273346,0.0228296648710966,Drama
0.2572077512741089,0.2121064364910125,0.0328428260982036,0.0024000259581953,0.1105924770236015,0.3805063366889953,0.004344084765762,Drama
0.0115315522998571,0.0159319844096899,0.0020900499075651,0.0064569571986794,0.9509658813476562,0.0095313712954521,0.0034921676851809,Drama
0.0445872955024242,0.0301359854638576,0.0041086124256253,0.0164726730436086,0.8803848624229431,0.0219807047396898,0.0023298773448914,Drama
0.0082691963762044,0.0077449823729693,0.8520951867103577,0.0027132299728691,0.1122002601623535,0.0042898836545646,0.0126871820539236,Drama
0.0030277334153652,0.0049936003051698,0.0004604867426678,0.961995244026184,0.0198222864419221,0.0036663904320448,0.0060341809876263,Drama
0.0336950905621051,0.0347090251743793,0.8900303244590759,0.0017892195610329,0.0215731523931026,0.0036025966983288,0.0146004697307944,Drama
0.7716771364212036,0.1335824877023697,0.0115859471261501,0.0010008844546973,0.0644955337047576,0.0115905385464429,0.0060676126740872,Drama
0.0277082789689302,0.5523015856742859,0.1475476771593094,0.0024866051971912,0.1841562837362289,0.0641799867153167,0.0216196049004793,Drama
0.1633340865373611,0.3542053401470184,0.0098054958507418,0.0075509715825319,0.3126379549503326,0.1503186821937561,0.0021474901586771,Drama
0.2148708701133728,0.4771425127983093,0.0058883782476186,0.0028909507673233,0.264726310968399,0.0172366220504045,0.0172443687915802,Drama
0.8123877048492432,0.0604002326726913,0.077222503721714,0.0024794694036245,0.0290542524307966,0.0142379207536578,0.0042179529555141,Drama
0.1434044241905212,0.0056539177894592,0.8326464891433716,0.0009903133613988,0.0087669948115944,0.0061816684901714,0.002356206998229,Drama
0.0208703856915235,0.0292983539402484,0.0674478709697723,0.0150756603106856,0.7987008690834045,0.0316960550844669,0.0369108729064464,Drama
0.9611124992370604,0.0171501915901899,0.0034473452251404,0.0005602669552899,0.0126341870054602,0.002630689414218,0.0024649132974445,Drama
0.0131180547177791,0.0057154321111738,0.0145837506279349,0.0301170721650123,0.9230831861495972,0.0070040300488471,0.0063785039819777,Drama
0.1190104484558105,0.810659646987915,0.0163713544607162,0.0012061784509569,0.0112443957477808,0.0405968911945819,0.0009110206156037,Drama
0.0362861715257167,0.0125376032665371,0.3584146201610565,0.0041200816631317,0.3585151135921478,0.1014242991805076,0.1287021040916443,Drama
0.0202606990933418,0.0074251084588468,0.8193630576133728,0.0018443079898133,0.0535382851958274,0.0029861794319003,0.0945823937654495,Drama
0.015140775591135,0.0221615023910999,0.0142523441463708,0.0027951451484113,0.919708788394928,0.0107296509668231,0.0152117908000946,Drama
0.0410897321999073,0.0306052938103675,0.5844425559043884,0.0036895002704113,0.2878974080085754,0.0170531403273344,0.0352223180234432,Drama
0.6348884105682373,0.2349351942539215,0.0368804112076759,0.0028728966135531,0.0680460929870605,0.0147529551759362,0.0076239737682044,Drama
0.8109466433525085,0.0746100172400474,0.0229774918407201,0.0031053735874593,0.0459767505526542,0.0352044515311718,0.007179410662502,Drama
0.5685953497886658,0.2308149337768554,0.0429550111293792,0.0021562005858868,0.103095605969429,0.0502793341875076,0.0021035177633166,Drama
0.0365528911352157,0.3493968546390533,0.0325978957116603,0.0036336856428533,0.0806136801838874,0.4925552010536194,0.0046497983857989,Drama
0.0216387566179037,0.098969355225563,0.0294784475117921,0.0062575587071478,0.818132221698761,0.0089322859421372,0.0165914110839366,Drama
0.1429902017116546,0.1375092417001724,0.0072464938275516,0.039848119020462,0.623877227306366,0.0408796854317188,0.0076491092331707,Drama
0.0346673913300037,0.0468661151826381,0.0183703526854515,0.0115186832845211,0.1111138239502906,0.4929710924625397,0.2844926118850708,Drama
0.0126686925068497,0.0148600498214364,0.0045272535644471,0.0015185745432972,0.9439414143562316,0.0057230666279792,0.0167608987540006,Drama
0.0207640212029218,0.0112101314589381,0.8947393298149109,0.0019650070462375,0.0395479686558246,0.0303063541650772,0.0014671593671664,Drama
0.7153738737106323,0.1566804349422454,0.0107766538858413,0.002591140801087,0.0709351673722267,0.0370617099106311,0.0065810121595859,Drama
0.0037774897646158,0.0306308791041374,0.0047940537333488,0.0168002657592296,0.5113513469696045,0.4225552082061767,0.0100907618179917,Drama
