anger,disgust,fear,joy,neutral,sadness,surprise,genre
0.0041139139793813,0.009048344567418,0.0055985334329307,0.7776960730552673,0.0936177819967269,0.0891442075371742,0.0207811016589403,Romantic_drama
0.0399079322814941,0.0427564717829227,0.2859985828399658,0.0248138457536697,0.0231691803783178,0.0099378498271107,0.5734162330627441,Romantic_drama
0.0060982904396951,0.0159019771963357,0.0042842491529881,0.1674380302429199,0.7603803873062134,0.0039505823515355,0.0419465601444244,Romantic_drama
0.0054294378496706,0.0045540924184024,0.0006162790814414,0.9175581932067872,0.0525026805698871,0.0044932123273611,0.0148460967466235,Romantic_drama
0.0152926361188292,0.0282801296561956,0.0272809322923421,0.0257205311208963,0.5829750895500183,0.0691493302583694,0.2513014078140259,Romantic_drama
0.0035404143854975,0.0016588802682235,0.0012555677676573,0.7017154693603516,0.2485078573226928,0.0178267061710357,0.0254950802773237,Romantic_drama
0.0111697996035218,0.0498164556920528,0.0029499111697077,0.0032232801895588,0.9097647666931152,0.0161999240517616,0.0068757771514356,Romantic_drama
0.1279138177633285,0.1395110338926315,0.0028853369876742,0.0137714697048068,0.1789097785949707,0.5338836908340454,0.00312490016222,Romantic_drama
0.0085972296074032,0.0214805081486701,0.0015097295399755,0.0051745600067079,0.955168068408966,0.0045627765357494,0.0035071240272372,Romantic_drama
0.003567157080397,0.003239104989916,0.0020377973560243,0.907692551612854,0.0528428889811039,0.0250147823244333,0.0056056538596749,Romantic_drama
0.002095966367051,0.0028622969985008,0.0003309078165329,0.9326220750808716,0.0211414881050586,0.0364639423787593,0.0044834497384727,Romantic_drama
0.014314567670226,0.0511363297700881,0.0171431619673967,0.0027243923395872,0.0982573479413986,0.8139523267745972,0.0024718851782381,Romantic_drama
0.0902939662337303,0.1624272912740707,0.0508936941623687,0.0156342443078756,0.2799149453639984,0.3609756827354431,0.039860151708126,Romantic_drama
0.0944432690739631,0.0596958845853805,0.0171324498951435,0.0147037738934159,0.2361733317375183,0.3347488939762115,0.2431023567914962,Romantic_drama
0.015444966033101,0.0208504032343626,0.0061045363545417,0.4350715577602386,0.4920972287654876,0.0208715517073869,0.0095597691833972,Romantic_drama
0.0177829079329967,0.0197060331702232,0.0267699528485536,0.0047071082517504,0.080566830933094,0.1463307440280914,0.7041364312171936,Romantic_drama
0.9559646248817444,0.0072498922236263,0.0071424120105803,0.0011431156890466,0.0216014012694358,0.0032179669942706,0.0036804103292524,Romantic_drama
0.4205895960330963,0.0772663503885269,0.1448175460100174,0.0022803957108408,0.1138733699917793,0.2272733151912689,0.0138994641602039,Romantic_drama
0.0497027821838855,0.772912859916687,0.0803660601377487,0.001331303268671,0.0326194874942302,0.0593386739492416,0.0037287969607859,Romantic_drama
0.0334922857582569,0.0594080239534378,0.0524452812969684,0.0035926178097724,0.2315148115158081,0.5646935701370239,0.0548533760011196,Romantic_drama
0.0093100005760788,0.0955256223678588,0.0889227986335754,0.0034343486186116,0.2127385139465332,0.5558397173881531,0.0342289619147777,Romantic_drama
0.0289856195449829,0.0144417090341448,0.001570237101987,0.1705179959535598,0.7484323978424072,0.0291191227734088,0.0069328802637755,Romantic_drama
0.9278128147125244,0.0088233407586812,0.0027616638690233,0.0007455195300281,0.0064761051908135,0.0519664846360683,0.0014141324209049,Romantic_drama
0.0101708304136991,0.1356527954339981,0.0127384737133979,0.1692740321159362,0.6090062856674194,0.011839591898024,0.0513179674744606,Romantic_drama
0.0112106148153543,0.023804223164916,0.0038878165651112,0.1032058894634246,0.8325585126876831,0.0152180790901184,0.0101148374378681,Romantic_drama
