anger,disgust,fear,joy,neutral,sadness,surprise,genre
0.0046084658242762,0.0284858588129282,0.0034702278207987,0.0092327278107404,0.012822144664824,0.9385955929756165,0.0027849674224853,World_cinema
0.0449082292616367,0.4075874984264374,0.0265663973987102,0.0518159419298172,0.3410857915878296,0.1170721799135208,0.0109640378504991,World_cinema
0.1017846539616584,0.049458373337984,0.1635358929634094,0.0015871491050347,0.0177660509943962,0.6463416814804077,0.0195262599736452,World_cinema
0.0006934027769602,0.0018279692158102,0.0010331335943192,0.0023262272588908,0.0097458129748702,0.981734812259674,0.0026385942474007,World_cinema
0.0339125543832778,0.0591498874127864,0.004892311990261,0.0062529151327908,0.1109786629676818,0.7821006178855896,0.0027130655944347,World_cinema
0.0550080277025699,0.8634032011032104,0.0058049126528203,0.0006732172332704,0.0485125444829463,0.0245214495807886,0.002076590899378,World_cinema
0.2423795759677887,0.4196020662784576,0.0703499764204025,0.0023702904582023,0.1583617925643921,0.1021100282669067,0.0048262816853821,World_cinema
0.0157099273055791,0.0350467376410961,0.1006734892725944,0.1032162606716156,0.5183520317077637,0.2088660299777984,0.0181355532258749,World_cinema
0.1461650431156158,0.4135669767856598,0.0123144723474979,0.0036592057440429,0.2303083539009094,0.1922421008348465,0.0017438948852941,World_cinema
0.1541765332221985,0.0122296465560793,0.8096894025802612,0.0010657710954546,0.0124184926971793,0.0086263138800859,0.0017938680248335,World_cinema
0.0920426845550537,0.0250216890126466,0.2320064306259155,0.0189189426600933,0.5927315354347229,0.0236351434141397,0.0156435649842023,World_cinema
0.4546700716018677,0.4942864179611206,0.0154217379167675,0.0009491126402281,0.0191852319985628,0.0131697440519928,0.0023176493123173,World_cinema
0.0124441953375935,0.0220637898892164,0.0074933939613401,0.0436466932296752,0.2524116039276123,0.6583994626998901,0.003540834179148,World_cinema
0.0501983724534511,0.3132107555866241,0.1939533501863479,0.0049238028004765,0.4014023840427398,0.0080141937360167,0.028297234326601,World_cinema
0.0602118521928787,0.141096755862236,0.0255669988691806,0.3083043396472931,0.2925263345241546,0.164031445980072,0.0082622729241848,World_cinema
