anger,disgust,fear,joy,neutral,sadness,surprise,genre
0.0062813889235258,0.0073979441076517,0.0036256702151149,0.0145468283444643,0.9345694780349731,0.0135458018630743,0.0200328901410102,Screwball_comedy
0.04340111464262,0.0079988464713096,0.0060870759189128,0.0026645574253052,0.0549983531236648,0.8820651173591614,0.0027848966419696,Screwball_comedy
0.1003793627023696,0.6416647434234619,0.0278833303600549,0.0596775710582733,0.1414811313152313,0.025459099560976,0.0034547948744148,Screwball_comedy
0.0025787714403122,0.0045421561226248,0.0020537762902677,0.0036076088435947,0.0517980642616748,0.9196999669075012,0.0157197527587413,Screwball_comedy
0.130793422460556,0.0152492439374327,0.007923174649477,0.0052481493912637,0.7883806228637695,0.0312703289091587,0.0211350005120039,Screwball_comedy
0.0380614176392555,0.0322752930223941,0.004047735594213,0.0080142021179199,0.8918323516845703,0.0199883021414279,0.0057806824333965,Screwball_comedy
0.0331313572824001,0.0387267656624317,0.0090106585994362,0.0063482611440122,0.8844867944717407,0.0240660216659307,0.0042301579378545,Screwball_comedy
0.0080356476828455,0.0233592446893453,0.0019058809848502,0.0051376991905272,0.9358056783676147,0.021533403545618,0.0042225504294037,Screwball_comedy
0.1490387767553329,0.4865040779113769,0.0123534873127937,0.0012068533105775,0.2948411703109741,0.0460090897977352,0.0100464802235364,Screwball_comedy
0.0235087070614099,0.0063973893411457,0.0070082233287394,0.3240763247013092,0.5346486568450928,0.090770736336708,0.0135899782180786,Screwball_comedy
0.0361548848450183,0.0190551076084375,0.0395026132464408,0.0103060565888881,0.8149183392524719,0.0554470717906951,0.0246159397065639,Screwball_comedy
0.2347340583801269,0.7211235761642456,0.002356743440032,0.0019376154523342,0.0253439769148826,0.0113615021109581,0.003142453264445,Screwball_comedy
0.0698349922895431,0.1521413922309875,0.0035811879206448,0.0075468425638973,0.6275783181190491,0.132465973496437,0.0068512260913848,Screwball_comedy
0.16547791659832,0.0732814744114875,0.0052134660072624,0.0086880289018154,0.712558925151825,0.008125870488584,0.0266543179750442,Screwball_comedy
0.3226548731327057,0.0088800610974431,0.6216112971305847,0.0042158085852861,0.0302025023847818,0.0096598742529749,0.0027756462804973,Screwball_comedy
0.0102608781307935,0.0305591598153114,0.0039267470128834,0.0150324627757072,0.9170967936515808,0.0042339023202657,0.0188900642096996,Screwball_comedy
0.7452074289321899,0.0636789575219154,0.0037430773954838,0.0064485063776373,0.1574420630931854,0.020902594551444,0.0025772633962333,Screwball_comedy
0.0013554930919781,0.0008555419044569,0.000729152932763,0.0010280107380822,0.0036564371548593,0.9860605001449584,0.0063148802146315,Screwball_comedy
0.0266640186309814,0.0984095633029937,0.003771717660129,0.0138120269402861,0.3948253393173218,0.4299669861793518,0.0325504019856452,Screwball_comedy
0.1643506288528442,0.1818534135818481,0.0083856247365474,0.0031935418955981,0.2404588162899017,0.3911169767379761,0.0106409573927521,Screwball_comedy
0.1655236482620239,0.0627646446228027,0.0041524483822286,0.0076762591488659,0.7061471343040466,0.0461311675608158,0.00760466651991,Screwball_comedy
0.0539861656725406,0.0268028285354375,0.005204236600548,0.0041937669739127,0.7621661424636841,0.1301024705171585,0.0175443273037672,Screwball_comedy
0.6177821755409241,0.0097883148118853,0.3346500098705292,0.0015170504339039,0.0211429577320814,0.0104840528219938,0.0046355561353266,Screwball_comedy
0.0875857025384903,0.018162528052926,0.0252977982163429,0.0153554920107126,0.5056053400039673,0.318541944026947,0.0294511523097753,Screwball_comedy
0.014163788408041,0.0050234971567988,0.0010488533880561,0.0739652663469314,0.8750400543212891,0.0038224656600505,0.0269360840320587,Screwball_comedy
