anger,disgust,fear,joy,neutral,sadness,surprise,genre
0.0114275626838207,0.0054489891044795,0.0031423908658325,0.0096019571647048,0.0231446772813797,0.9388482570648192,0.0083862720057368,Slapstick
0.0198359340429306,0.0439463518559932,0.0016458749305456,0.7098303437232971,0.1987994164228439,0.0163233000785112,0.0096187144517898,Slapstick
0.0995258316397667,0.8337910175323486,0.0084186168387532,0.0021680779755115,0.0404057204723358,0.0120865376666188,0.0036041983403265,Slapstick
0.067623570561409,0.0820006653666496,0.0029738182201981,0.0047927070409059,0.0822774991393089,0.7536083459854126,0.0067233778536319,Slapstick
0.0093997241929173,0.0005393947358243,0.0047852164134383,0.0457042306661605,0.0947433188557624,0.030044674873352,0.8147834539413452,Slapstick
0.2546143233776092,0.1379227042198181,0.0671965479850769,0.0173544362187385,0.3915280103683471,0.0882988572120666,0.0430852212011814,Slapstick
0.1128324270248413,0.2219433039426803,0.0105792488902807,0.0084320567548275,0.5446113348007202,0.0929093062877655,0.0086922189220786,Slapstick
0.0563841313123703,0.892017662525177,0.0013945333193987,0.0013640287797898,0.0396992303431034,0.0070998608134686,0.0020405987743288,Slapstick
0.2972207963466644,0.6388428211212158,0.0034816437400877,0.001150537864305,0.0453257896006107,0.0120384283363819,0.0019400148885324,Slapstick
0.0072506060823798,0.0044498890638351,0.0043287565931677,0.1363883167505264,0.1606548875570297,0.6700894832611084,0.0168380793184041,Slapstick
0.2474912256002426,0.1028166636824607,0.0245260391384363,0.0048130415380001,0.4035181403160095,0.2139151692390442,0.0029197002295404,Slapstick
0.4441157877445221,0.2106547206640243,0.004438130185008,0.0039121340960264,0.2707521021366119,0.0553746409714221,0.0107525372877717,Slapstick
0.0267406497150659,0.0165221896022558,0.0089775156229734,0.0174031276255846,0.9046193957328796,0.0239235758781433,0.001813567825593,Slapstick
0.5192230939865112,0.3521824181079864,0.0049932240508496,0.0019014162244275,0.100918024778366,0.0162926875054836,0.0044891815632581,Slapstick
0.3826180696487427,0.156434416770935,0.058268878608942,0.0024003137368708,0.1404585391283035,0.2565018832683563,0.003317886730656,Slapstick
0.3092110753059387,0.4131165444850921,0.0024351337924599,0.0066783176735043,0.2229994088411331,0.0408483482897281,0.004711068700999,Slapstick
0.1018865033984184,0.1147147417068481,0.012821196578443,0.006733264774084,0.4338925182819366,0.327434092760086,0.0025176203344017,Slapstick
0.4295053482055664,0.0283326413482427,0.2138413935899734,0.0022872262634336,0.1639569252729416,0.1267889887094497,0.035287395119667,Slapstick
0.0108045628294348,0.0119516188278794,0.0536262579262256,0.002178396563977,0.103811003267765,0.731461763381958,0.086166463792324,Slapstick
0.0362139791250228,0.2442220896482467,0.0087117832154035,0.0240540262311697,0.5560672879219055,0.128132626414299,0.0025982067454606,Slapstick
0.045414101332426,0.0496729388833045,0.0058239707723259,0.0272494815289974,0.7358609437942505,0.1314309984445572,0.0045475498773157,Slapstick
0.0037280204705893,0.001225906307809,0.0005328236147761,0.8120775818824768,0.0480607226490974,0.0169469024986028,0.1174281165003776,Slapstick
0.0582126155495643,0.0175751317292451,0.0054267854429781,0.0462059937417507,0.7713507413864136,0.0196763556450605,0.0815523713827133,Slapstick
0.0104849888011813,0.5693093538284302,0.0065583735704422,0.0369446910917758,0.3486845791339874,0.0246674604713916,0.0033506001345813,Slapstick
0.2188562303781509,0.0549080409109592,0.0374604947865009,0.0566611401736736,0.1266918331384658,0.2292955964803695,0.2761266529560089,Slapstick
0.0209959279745817,0.0095517160370945,0.0077084759250283,0.0777300149202346,0.8605613112449646,0.0140122845768928,0.0094403009861707,Slapstick
