anger,disgust,fear,joy,neutral,sadness,surprise,genre
0.0045784530229866,0.0069716996513307,0.001736672129482,0.2080776542425155,0.6900262236595154,0.028514951467514,0.0600943304598331,Buddy_film
0.1424241214990615,0.1990013718605041,0.01123255956918,0.0171730350703001,0.6069517135620117,0.0185961779206991,0.0046209911815822,Buddy_film
0.6846398711204529,0.0487384796142578,0.0224861279129982,0.0014680827734991,0.0887631252408027,0.1482700556516647,0.0056343097239732,Buddy_film
0.0101340692490339,0.0024484989698976,0.0019236898515373,0.0587432049214839,0.7051714658737183,0.013227242976427,0.2083518952131271,Buddy_film
0.017355216667056,0.0092522539198398,0.4369125366210937,0.004182094708085,0.5010503530502319,0.0220724251121282,0.0091750277206301,Buddy_film
0.3271476328372955,0.0319177135825157,0.0310256481170654,0.0043473951518535,0.509731650352478,0.0548465512692928,0.0409833826124668,Buddy_film
0.4246419966220855,0.0761206075549125,0.0069439597427845,0.0033133514225482,0.4662069976329803,0.0160775817930698,0.0066956342197954,Buddy_film
0.2851859629154205,0.1529414504766464,0.0727202147245407,0.0032229439821094,0.2066020667552948,0.2695200443267822,0.0098073193803429,Buddy_film
0.0069426321424543,0.0106512177735567,0.0010358439758419,0.0280512925237417,0.930615484714508,0.0107601908966898,0.0119434036314487,Buddy_film
0.0090286387130618,0.0151543235406279,0.0111419763416051,0.0039849271997809,0.8819389939308167,0.0041506183333694,0.074600413441658,Buddy_film
