anger,disgust,fear,joy,neutral,sadness,surprise,genre
0.0136946458369493,0.0377726294100284,0.0880935937166214,0.0504626110196113,0.7625934481620789,0.0273421201854944,0.0200410038232803,Horror
0.9702433943748474,0.0146309426054358,0.0028054299764335,0.0007837927551008,0.0076477765105664,0.0025547980330884,0.0013339065480977,Horror
0.0039207730442285,0.0020179986022412,0.0037003788165748,0.1059711724519729,0.813952624797821,0.0153952362015843,0.0550417751073837,Horror
0.1008443906903266,0.0700124353170394,0.0290732383728027,0.0104363244026899,0.7158440947532654,0.0682531297206878,0.0055363844148814,Horror
0.1444303393363952,0.3425798416137695,0.1301442384719848,0.0122970873489975,0.32553431391716,0.0394536592066288,0.005560465157032,Horror
0.0030185200739651,0.0012911348603665,0.0020626953337341,0.7092345952987671,0.160816490650177,0.064809501171112,0.0587671138346195,Horror
0.0160453561693429,0.0113818468526005,0.0126550989225506,0.343850702047348,0.5751599073410034,0.0115428157150745,0.0293643102049827,Horror
0.1574262827634811,0.2616081535816192,0.0228229127824306,0.003224057611078,0.1887873858213424,0.3641790747642517,0.0019521405920386,Horror
0.012010945007205,0.0199150834232568,0.0318529680371284,0.0123348040506243,0.8162011504173279,0.024341644719243,0.0833434388041496,Horror
0.4741875231266022,0.2590871751308441,0.1010468080639839,0.0015529983211308,0.0505889877676963,0.0526027902960777,0.0609337612986564,Horror
0.2224167138338089,0.006510408129543,0.7479013204574585,0.0011168244527652,0.0111769139766693,0.0083965715020895,0.0024811024777591,Horror
0.0636109784245491,0.0047750743106007,0.2378973960876464,0.0111762452870607,0.4231910407543182,0.1548794209957122,0.1044698655605316,Horror
0.0459579117596149,0.0056289881467819,0.8964889049530029,0.0025956402532756,0.0105977738276124,0.0120933065190911,0.0266375634819269,Horror
0.12045369297266,0.033770702779293,0.623547375202179,0.0017453709151595,0.0898376256227493,0.1233780235052108,0.0072672283276915,Horror
0.0312176123261451,0.1833050847053527,0.0319244265556335,0.0045090508647263,0.354644775390625,0.3859612345695495,0.0084377853199839,Horror
0.6108653545379639,0.0549317337572574,0.1321675032377243,0.0034326193854212,0.1541582196950912,0.0416333675384521,0.0028112411964684,Horror
0.2518113255500793,0.1853648424148559,0.0205900054425001,0.0020270205568522,0.3102575242519378,0.2192710191011428,0.0106782922521233,Horror
0.288680225610733,0.0695283189415931,0.0046948492527008,0.0018978605512529,0.0915077701210975,0.5397486090660095,0.0039423676207661,Horror
0.0185151286423206,0.4449344873428345,0.058865413069725,0.0206357091665267,0.318637490272522,0.0060608801431953,0.1323509663343429,Horror
0.0068344213068485,0.0447167567908763,0.0026623455341905,0.0034453475382179,0.9273116588592528,0.0053351824171841,0.0096943126991391,Horror
0.0087625486776232,0.9653261303901672,0.0052042971365153,0.0003191199793945,0.0113383485004305,0.007075032684952,0.0019746199250221,Horror
0.0052582854405045,0.0130906989797949,0.001503836014308,0.0033436606172472,0.9539957642555236,0.0038759906310588,0.0189316719770431,Horror
0.1030660942196846,0.0034473564010113,0.8100048899650574,0.0025928767863661,0.0282860994338989,0.0241272114217281,0.0284755267202854,Horror
0.0402655117213726,0.0057369582355022,0.0044316812418401,0.1013229340314865,0.782047688961029,0.0082206577062606,0.0579744987189769,Horror
0.1111445650458335,0.0874041318893432,0.1247801631689071,0.0044807964004576,0.4808972477912903,0.1801759153604507,0.011117210611701,Horror
0.0260474272072315,0.2000738084316253,0.139225423336029,0.0039751613512635,0.1923195570707321,0.4274626672267914,0.0108959479257464,Horror
0.058033000677824,0.0422291085124015,0.0218227095901966,0.0113232620060443,0.7591776847839355,0.1010256633162498,0.0063885892741382,Horror
0.3279716968536377,0.2042004317045211,0.0164845678955316,0.0026573662180453,0.275061160326004,0.1431834548711776,0.0304412804543972,Horror
0.250171422958374,0.0907515957951545,0.0136987306177616,0.0062860697507858,0.5175096988677979,0.118477277457714,0.0031052308622747,Horror
0.0500691831111907,0.5895740985870361,0.0827664956450462,0.0025804885663092,0.2312099486589431,0.0333377867937088,0.0104619730263948,Horror
0.0071939411573112,0.0106631591916084,0.1395244002342224,0.085194744169712,0.6962364315986633,0.0254037007689476,0.0357836186885833,Horror
0.0313988886773586,0.0690164938569068,0.0069262785837054,0.0205034390091896,0.3984027206897735,0.4542761147022247,0.0194761753082275,Horror
0.4071629047393799,0.1289365589618683,0.2566729784011841,0.0041419412009418,0.1826260685920715,0.0143787208944559,0.0060808481648564,Horror
0.0051674512214958,0.0045038997195661,0.003461634973064,0.09296765178442,0.8590108156204224,0.0193195771425962,0.0155690563842654,Horror
0.0038198675028979,0.0037235419731587,0.0032110803294926,0.003427374176681,0.9542891383171082,0.0094002652913331,0.0221287570893764,Horror
0.0094664022326469,0.0071248989552259,0.0019045699154958,0.0125051774084568,0.9567263126373292,0.0061364145949482,0.006136305630207,Horror
0.0212780013680458,0.0347991324961185,0.3303974270820617,0.0028034003917127,0.0570770911872386,0.0483494289219379,0.5052955150604248,Horror
0.0070768394507467,0.0094250934198498,0.0023672941606491,0.0063712699338793,0.9511398077011108,0.0091237295418977,0.0144960628822445,Horror
0.019188554957509,0.0187768563628196,0.1039118245244026,0.0227503180503845,0.6551826596260071,0.1531857401132583,0.0270041283220052,Horror
0.0075612100772559,0.007264110725373,0.0093147912994027,0.0616737343370914,0.8750712275505066,0.0078045171685516,0.0313102975487709,Horror
0.2390016913414001,0.3398722112178802,0.2243705838918686,0.0040225670672953,0.170088842511177,0.0175033267587423,0.00514074601233,Horror
0.1435206681489944,0.0801883563399314,0.0269327163696289,0.0022687315940856,0.3695690929889679,0.3436916172504425,0.0338288210332393,Horror
0.2093440443277359,0.0102951610460877,0.582900881767273,0.004721044562757,0.0297917909920215,0.0032646560575813,0.1596824824810028,Horror
0.0802191346883773,0.3910278081893921,0.0242037046700716,0.0025165809784084,0.3177327215671539,0.116974264383316,0.0673258081078529,Horror
0.2807772755622864,0.0740562677383422,0.015250944532454,0.0008041487890295,0.0229518599808216,0.601870596408844,0.0042889262549579,Horror
0.0107202576473355,0.0404333174228668,0.0012530633248388,0.1756584495306015,0.7495317459106445,0.0071186018176376,0.015284570865333,Horror
0.0195285081863403,0.0463431738317012,0.0033843980636447,0.0097167110070586,0.8877450227737427,0.0306524913758039,0.0026296828873455,Horror
0.4741751551628113,0.3694778680801391,0.0687351152300834,0.0016210786998271,0.0634105578064918,0.0202693231403827,0.0023109361063688,Horror
0.0199949406087398,0.0464019998908042,0.0101745296269655,0.0928863137960434,0.5260728001594543,0.2992328405380249,0.0052365665324032,Horror
0.0809161216020584,0.0745069161057472,0.0213719513267278,0.0082618594169616,0.3790312707424164,0.3260053098201751,0.1099065989255905,Horror
0.8292542099952698,0.03449422493577,0.0117155779153108,0.0020646278280764,0.075858935713768,0.0047663357108831,0.0418461635708808,Horror
0.0104128532111644,0.0048275082372128,0.0293432399630546,0.0327350422739982,0.826209545135498,0.0793557986617088,0.0171159747987985,Horror
