anger,disgust,fear,joy,neutral,sadness,surprise,genre
0.0092491162940859,0.0340500473976135,0.1923360675573349,0.0040575456805527,0.7009894847869873,0.023632263764739,0.0356854684650898,Mystery
0.101932093501091,0.5582672953605652,0.0429726243019104,0.0012191159185022,0.0730958357453346,0.2187336087226867,0.003779403399676,Mystery
0.007717621512711,0.8448753952980042,0.0150512717664241,0.0012405149172991,0.0677814185619354,0.0566472895443439,0.0066864793188869,Mystery
0.0064609199762344,0.9817962050437928,0.001811207155697,0.000329942733515,0.0049967323429882,0.0029179109260439,0.0016871042316779,Mystery
0.0212221536785364,0.372714102268219,0.037197072058916,0.0049292161129415,0.3239966928958893,0.0725211277604103,0.1674195826053619,Mystery
0.1323295980691909,0.7773758172988892,0.0236691776663064,0.0018665882525965,0.051582358777523,0.0103667508810758,0.0028097457252442,Mystery
0.7658530473709106,0.0854686126112937,0.0067932363599538,0.0011263499036431,0.0492898225784301,0.0880776643753051,0.0033912707585841,Mystery
0.0159278661012649,0.7450705170631409,0.0036646821536123,0.0054924762807786,0.202580377459526,0.0148980626836419,0.0123660499230027,Mystery
0.1124565154314041,0.0258751939982175,0.7364208102226257,0.0081093795597553,0.1034065037965774,0.0071381176821887,0.0065933940932154,Mystery
0.0379685871303081,0.5097745656967163,0.0388817228376865,0.0049925236962735,0.204594075679779,0.1968016028404235,0.00698685599491,Mystery
0.0386769212782382,0.059028998017311,0.0178175810724496,0.0103743616491556,0.385575383901596,0.4835729002952575,0.0049537676386535,Mystery
0.1464863568544387,0.8273877501487732,0.007129066158086,0.0011617155978456,0.0127535369247198,0.0042391037568449,0.0008424870902672,Mystery
0.015191413462162,0.971146821975708,0.0037819736171513,0.0003402082365937,0.0060128346085548,0.0027756898198276,0.0007510414579883,Mystery
0.0402123741805553,0.4317803084850311,0.0447140522301197,0.0025707646273076,0.3818621337413788,0.0860175788402557,0.0128427408635616,Mystery
0.1363886296749115,0.0382887087762355,0.4894415438175201,0.0035491986200213,0.2645292282104492,0.0474568977952003,0.0203457698225975,Mystery
0.0343941114842891,0.6416549682617188,0.0093805091455578,0.0140025336295366,0.2816327512264251,0.0137263657525181,0.005208718124777,Mystery
0.047997523099184,0.0638064295053482,0.0684415102005004,0.0092059783637523,0.7407886385917664,0.0557213313877582,0.0140386056154966,Mystery
0.0038583967834711,0.0068306121975183,0.0078030810691416,0.3208444118499756,0.5574893951416016,0.0783991739153862,0.0247749295085668,Mystery
0.018645716831088,0.0841569676995277,0.0090914024040102,0.0033382382243871,0.8632895350456238,0.017737666144967,0.0037404629401862,Mystery
0.0215350594371557,0.2267136126756668,0.0052644689567387,0.3196322917938232,0.3947602808475494,0.0233062598854303,0.0087879477068781,Mystery
0.0040135961025953,0.0017230501398444,0.0028829460497945,0.670481264591217,0.2358144968748092,0.0404975675046443,0.0445871390402317,Mystery
