anger,disgust,fear,joy,neutral,sadness,surprise,genre
0.0152111006900668,0.0236495994031429,0.0299105886369943,0.0349337458610534,0.7184112668037415,0.1482720226049423,0.0296116955578327,Sports
0.0148617224767804,0.0514153651893138,0.0060437833890318,0.0183088574558496,0.8656086325645447,0.0364085510373115,0.0073531372472643,Sports
0.3005041480064392,0.5942711234092712,0.0043033566325902,0.0013102970551699,0.0543669871985912,0.0421914383769035,0.0030526861082762,Sports
0.017984939739108,0.0185828451067209,0.0181729830801486,0.004907845519483,0.4926152527332306,0.4232761561870575,0.0244600139558315,Sports
0.020281795412302,0.0075866430997848,0.0183117277920246,0.0064939195290207,0.0305657312273979,0.9021897315979004,0.014570522122085,Sports
0.9839253425598145,0.0052453624084591,0.0014146603643894,0.0007223063730634,0.0038012568838894,0.0026940582320094,0.0021970721427351,Sports
0.0148159284144639,0.0703775212168693,0.0408669114112854,0.0077782422304153,0.8320666551589966,0.0070732273161411,0.0270215272903442,Sports
0.0400199741125106,0.0066971005871891,0.0094466097652912,0.1743417382240295,0.6923099160194397,0.030868662521243,0.0463159456849098,Sports
0.0070580909959971,0.0540887638926506,0.002641593106091,0.0069420649670064,0.8914995789527893,0.013483403250575,0.0242865271866321,Sports
0.0171501096338033,0.0443986877799034,0.0036940262652933,0.0975053608417511,0.8167451620101929,0.0055360510013997,0.014970582909882,Sports
0.0663464218378067,0.1943745464086532,0.0024366418365389,0.3097115457057953,0.3784747123718261,0.0333220772445201,0.0153340920805931,Sports
0.9368100762367249,0.0162752661854028,0.0062054619193077,0.001426309114322,0.0247991569340229,0.0089273517951369,0.0055563319474458,Sports
0.0795090124011039,0.0951652377843856,0.0034749135375022,0.0037863096222281,0.1598841547966003,0.6492117643356323,0.0089686568826437,Sports
0.0074764881283044,0.1295086443424224,0.0145659931004047,0.0047137504443526,0.6374165415763855,0.1799051612615585,0.0264134593307971,Sports
0.2656608521938324,0.5712370276451111,0.00319470372051,0.0040842187590897,0.1137028634548187,0.0401712916791439,0.0019490577979013,Sports
0.070450909435749,0.2195347249507904,0.0123291034251451,0.0081581538543105,0.4419702291488647,0.2293510138988495,0.0182059220969676,Sports
0.0173556189984083,0.0400052852928638,0.0016947700642049,0.2568499743938446,0.5888515114784241,0.0695269331336021,0.025715909898281,Sports
0.0113634672015905,0.0086768344044685,0.0046826140023767,0.0180369261652231,0.940366268157959,0.0042973174713552,0.012576543726027,Sports
0.018187578767538,0.0093368925154209,0.002230871701613,0.4334348738193512,0.4485291242599487,0.0155714256688952,0.0727091431617736,Sports
0.2931353151798248,0.5518869161605835,0.0016615749336779,0.0034301849082112,0.0555797703564167,0.0909657627344131,0.0033404652494937,Sports
0.2239347696304321,0.0830011144280433,0.1891376376152038,0.0048946123570203,0.1054542735219001,0.1671343445777893,0.2264432162046432,Sports
0.0183132253587245,0.46408611536026,0.2020295113325119,0.0239858869463205,0.1516114771366119,0.0163636617362499,0.1236101239919662,Sports
0.0074991029687225,0.0028973114676773,0.0006857000407762,0.7901815176010132,0.1611117124557495,0.0033503423910588,0.0342744514346122,Sports
0.0554994978010654,0.1824551820755005,0.0209785439074039,0.0120703671127557,0.1289960592985153,0.5912247896194458,0.0087756318971514,Sports
0.230649784207344,0.3243472576141357,0.0050459951162338,0.0372191108763217,0.3809185922145843,0.0169535595923662,0.0048657678999006,Sports
