anger,disgust,fear,joy,neutral,sadness,surprise,genre
0.0038985325954854,0.0098512507975101,0.0031803862657397,0.0025029873941093,0.9582605361938475,0.0103850625455379,0.0119211338460445,Family_Film
0.0603272803127765,0.2902429401874542,0.1259430795907974,0.0041858307085931,0.4058203101158142,0.0079416623339056,0.105538934469223,Family_Film
0.4831793010234833,0.2458701431751251,0.0889923647046089,0.0009402047726325,0.1081031262874603,0.0638924911618232,0.0090223876759409,Family_Film
0.0409438647329807,0.2265052050352096,0.0493659414350986,0.0050015379674732,0.1765224039554596,0.4983124732971191,0.0033486045431345,Family_Film
0.0184490419924259,0.0846430137753486,0.0461401008069515,0.0029183679725974,0.7735875248908997,0.023562604561448,0.0506993234157562,Family_Film
0.0173346940428018,0.0134259844198822,0.0189280118793249,0.0034967202227562,0.9272180199623108,0.0060387435369193,0.0135578429326415,Family_Film
0.8181340098381042,0.0194804091006517,0.1005775779485702,0.0011048826854676,0.0141122192144393,0.0263784732669591,0.0202125310897827,Family_Film
0.0249289963394403,0.0357676148414611,0.1493670791387558,0.0677016526460647,0.659431517124176,0.0206955764442682,0.0421075373888015,Family_Film
0.0051866616122424,0.0068246396258473,0.0064863604493439,0.0022293624933809,0.9460384249687196,0.0195027366280555,0.0137317357584834,Family_Film
0.0060936999507248,0.0187960248440504,0.0067096799612045,0.0031514093279838,0.939853310585022,0.0156493131071329,0.0097466381266713,Family_Film
0.0287668649107217,0.0499232634902,0.0042698830366134,0.0105584664270281,0.1904189586639404,0.695345938205719,0.0207165945321321,Family_Film
0.1311367452144622,0.623225748538971,0.0018242788501083,0.0068204058334231,0.1280367076396942,0.107394553720951,0.0015615265583619,Family_Film
0.006512242835015,0.0236220862716436,0.0013683281140401,0.0291991643607616,0.9210434556007384,0.0081572383642196,0.0100974338129162,Family_Film
0.0075823375955224,0.0609306804835796,0.0063611837103962,0.0229116287082433,0.8857718110084534,0.0049886228516697,0.0114537877961993,Family_Film
0.0221785996109247,0.0953435525298118,0.0110693424940109,0.0073509654030203,0.8229159712791443,0.0193311851471662,0.0218103528022766,Family_Film
0.0758136361837387,0.0754059553146362,0.7837738990783691,0.0017971559427678,0.0173611100763082,0.0193149596452713,0.026533268392086,Family_Film
0.0152632128447294,0.0100614558905363,0.0710301920771598,0.0072643971070647,0.856681227684021,0.0107762515544891,0.0289232712239027,Family_Film
0.0146771539002656,0.015318052843213,0.1002578735351562,0.0074411951936781,0.7948212623596191,0.0180884841829538,0.0493959859013557,Family_Film
0.0123413456603884,0.0058770729228854,0.016617814078927,0.0111466646194458,0.9164109826087952,0.0067342370748519,0.030871907249093,Family_Film
0.0697776898741722,0.3131147027015686,0.0110782738775014,0.0075975097715854,0.5520694851875305,0.0408404730260372,0.0055219265632331,Family_Film
0.4433550238609314,0.3083668053150177,0.026090819388628,0.002089390065521,0.1966372579336166,0.0216366369277238,0.0018240041099488,Family_Film
0.048573113977909,0.668605625629425,0.0296492166817188,0.0039205304346978,0.2345698028802871,0.0081678880378603,0.0065136766061186,Family_Film
0.0016405726782977,0.004023702815175,0.0012572649866342,0.9442604780197144,0.0366658046841621,0.0076407669112086,0.004511531908065,Family_Film
0.0299296770244836,0.1447185724973678,0.0018934726249426,0.0504578128457069,0.7273181676864624,0.0408175513148307,0.0048647653311491,Family_Film
0.1247095763683319,0.0232068337500095,0.172573372721672,0.0120318522676825,0.3984338045120239,0.1793309152126312,0.0897135883569717,Family_Film
0.0276662707328796,0.0301420763134956,0.0078461077064275,0.0058235828764736,0.916107416152954,0.0046507557854056,0.0077637135982513,Family_Film
0.0085362279787659,0.2237119376659393,0.0063892249017953,0.0138988541439175,0.6747118830680847,0.0071369875222444,0.0656149163842201,Family_Film
0.0191538501530885,0.0350452959537506,0.0068053524009883,0.0208729766309261,0.90775728225708,0.0039112274535,0.0064539406448602,Family_Film
0.008043248206377,0.0241179354488849,0.0026469700969755,0.0456222593784332,0.9090418219566344,0.0057264515198767,0.0048013087362051,Family_Film
0.0188609957695007,0.0220559481531381,0.0034606230910867,0.0032557980157434,0.9340734481811525,0.0089190742000937,0.0093741584569215,Family_Film
0.0995908454060554,0.3229984939098358,0.3962187469005584,0.0022088778205215,0.1157862469553947,0.0374870523810386,0.025709792971611,Family_Film
0.4221246838569641,0.2997061908245086,0.0118121411651372,0.003684323746711,0.199747547507286,0.0585443973541259,0.0043807872571051,Family_Film
0.013104174286127,0.0157457701861858,0.0433086641132831,0.0033586679492145,0.3261840641498565,0.009565127082169,0.5887334942817688,Family_Film
0.0093966564163565,0.0110527658835053,0.0042300969362258,0.0033855633810162,0.9271059036254884,0.0092288302257657,0.0356000997126102,Family_Film
0.0308359339833259,0.0388315543532371,0.5565077066421509,0.0021170212421566,0.2859096825122833,0.0670272037386894,0.0187709741294384,Family_Film
0.0110811134800314,0.0181805342435836,0.0169278234243392,0.002101165940985,0.8219383358955383,0.0055892034433782,0.1241817623376846,Family_Film
0.0047261621803045,0.051508005708456,0.0185310151427984,0.0033341397065669,0.1168369725346565,0.7926178574562073,0.0124457729980349,Family_Film
0.0870556011795997,0.3003267049789428,0.3619695901870727,0.001703088870272,0.1294183582067489,0.09399975836277,0.0255270209163427,Family_Film
0.0086644170805811,0.344519704580307,0.0092542562633752,0.0109502840787172,0.38175830245018,0.221644714474678,0.023208288475871,Family_Film
