anger,disgust,fear,joy,neutral,sadness,surprise,genre
0.0096194259822368,0.0186769980937242,0.0027929798234254,0.4052063226699829,0.2298972755670547,0.3244722485542297,0.0093347504734992,Drama
0.0138861099258065,0.0086026033386588,0.003494928125292,0.1938444375991821,0.6733137369155884,0.0516760200262069,0.0551821216940879,Drama
0.0588516108691692,0.7296492457389832,0.0032482182141393,0.0134582538157701,0.1584702283143997,0.0315365642309188,0.0047859367914497,Drama
0.0284745246171951,0.0260836221277713,0.0079264203086495,0.0053548971191048,0.7883727550506592,0.0049173566512763,0.1388702988624572,Drama
0.0141327250748872,0.05801323056221,0.0013120502699166,0.0026642610318958,0.9008517265319824,0.0143108461052179,0.0087151387706398,Drama
0.0107551990076899,0.0067124809138476,0.0068730222992599,0.5405037999153137,0.1662454456090927,0.2249752134084701,0.0439348816871643,Drama
0.0325409285724163,0.7908990383148193,0.0058778990060091,0.0044572064653038,0.1570309549570083,0.0073918313719332,0.0018021897412836,Drama
0.007636013906449,0.0514007918536663,0.007596873678267,0.004283957183361,0.8387936949729919,0.0167437493801116,0.0735448971390724,Drama
0.0084915561601519,0.0056640175171196,0.0026152585633099,0.8709677457809448,0.0658956244587898,0.0281025394797325,0.0182632096111774,Drama
0.0084385387599468,0.0345068797469139,0.0133652435615658,0.0032885582186281,0.2335624396800995,0.6750844120979309,0.0317538976669311,Drama
0.6825493574142456,0.0386616326868534,0.0156477242708206,0.0038095633499324,0.1168796718120575,0.1386806815862655,0.0037714303471148,Drama
0.0041479133069515,0.0103754913434386,0.001180594204925,0.8331644535064697,0.1366550922393798,0.0093705831095576,0.0051059145480394,Drama
0.1081685200333595,0.0778730362653732,0.0679257586598396,0.0067438804544508,0.1954176723957061,0.2758907675743103,0.2679803669452667,Drama
0.0716937631368637,0.0402273796498775,0.0041415295563638,0.0042542070150375,0.2587796449661255,0.4410334527492523,0.1798700839281082,Drama
0.0393310375511646,0.0389257110655307,0.0158983282744884,0.0327291041612625,0.3140107095241546,0.52937912940979,0.029725944623351,Drama
0.0145320547744631,0.0060778427869081,0.0024982639588415,0.0202113036066293,0.8947561979293823,0.0055958563461899,0.0563284121453762,Drama
0.0124314688146114,0.9026134610176086,0.0121283093467354,0.0013220100663602,0.0413067042827606,0.0276831407099962,0.0025149742141366,Drama
0.3355281949043274,0.4268213212490082,0.0144399208948016,0.0023714951239526,0.1269161105155944,0.0897515416145324,0.0041713044047355,Drama
0.526363730430603,0.0287599302828311,0.3991925418376922,0.0028468184173107,0.0237954407930374,0.017697412520647,0.0013441097689792,Drama
0.07314994931221,0.3654446899890899,0.5234638452529907,0.0027309113647788,0.0124776810407638,0.009576111100614,0.0131568545475602,Drama
0.1460014283657074,0.0851313918828964,0.0129989683628082,0.0244530029594898,0.6235577464103699,0.0054931147024035,0.1023642867803573,Drama
