anger,disgust,fear,joy,neutral,sadness,surprise,genre
0.0050663668662309,0.0097010526806116,0.0038072529714554,0.0224829539656639,0.9074806571006776,0.0106159299612045,0.0408457927405834,World_cinema
0.0070629371330142,0.0207607802003622,0.02908606082201,0.0031053386628627,0.5792149305343628,0.1773955225944519,0.1833743602037429,World_cinema
0.0405384600162506,0.2811550498008728,0.0445279367268085,0.0025939620099961,0.3804835379123688,0.240857720375061,0.0098432889208197,World_cinema
0.004619431681931,0.9291016459465028,0.0534410178661346,0.0005926381563767,0.006060398183763,0.002419393742457,0.0037653546314686,World_cinema
0.0241473503410816,0.0146496873348951,0.887470006942749,0.0013578969519585,0.0433735847473144,0.0079601509496569,0.0210413355380296,World_cinema
0.0101044243201613,0.0512935332953929,0.0033200765028595,0.1080283820629119,0.80327969789505,0.0023609236814081,0.0216129478067159,World_cinema
0.0059126559644937,0.0051834532059729,0.0025475460570305,0.4914533793926239,0.4562197029590606,0.0265596788376569,0.0121236583217978,World_cinema
0.0086663616821169,0.0126376943662762,0.0041145249269902,0.2318450212478637,0.7224302887916565,0.0083413152024149,0.0119647625833749,World_cinema
0.0029952521435916,0.0583368726074695,0.0060667023062705,0.0035289144143462,0.0503315553069114,0.8753660917282104,0.0033746326807886,World_cinema
0.0049274340271949,0.0379573516547679,0.0018840201664716,0.201588824391365,0.7311241626739502,0.0110824033617973,0.0114357406273484,World_cinema
0.0247136577963829,0.6185706257820129,0.0086458912119269,0.0119862975552678,0.0710302218794822,0.2630597949028015,0.001993492944166,World_cinema
0.0112100914120674,0.3862768411636352,0.0610466003417968,0.0027490248903632,0.0965165346860885,0.435558557510376,0.0066423770040273,World_cinema
0.7174243927001953,0.0628433898091316,0.0158237311989069,0.0076792575418949,0.1310562044382095,0.0258456449955701,0.039327323436737,World_cinema
0.0080120041966438,0.5438574552536011,0.0117095680907368,0.0504352524876594,0.2549263536930084,0.1208512261509895,0.0102081671357154,World_cinema
0.0060188486240804,0.0301475431770086,0.002040940336883,0.2545083165168762,0.5816089510917664,0.1062161773443222,0.0194592326879501,World_cinema
0.196921244263649,0.504235565662384,0.1238713711500167,0.002565898001194,0.100973904132843,0.0600994825363159,0.0113325724378228,World_cinema
0.0036937780678272,0.0037887750659137,0.0016924369847401,0.0102410074323415,0.873505175113678,0.0159760192036628,0.0911028236150741,World_cinema
0.0024868932086974,0.0008629896910861,0.0015887779882177,0.9451446533203124,0.0285801105201244,0.0114719541743397,0.0098645705729722,World_cinema
0.0111252963542938,0.2748176455497741,0.041126437485218,0.0066613405942916,0.3821272253990173,0.2134875804185867,0.0706544890999794,World_cinema
0.0071377088315784,0.014900161884725,0.0231399089097976,0.1075417846441268,0.7969717383384705,0.0046268715523183,0.0456817671656608,World_cinema
0.0052832416258752,0.0126721505075693,0.0007827299996279,0.752654492855072,0.1989868879318237,0.0062777060084044,0.0233428999781608,World_cinema
0.2599559724330902,0.0506822541356086,0.0299795549362897,0.0018009456107392,0.5411471724510193,0.0359442792832851,0.0804898142814636,World_cinema
0.0174241289496421,0.9639175534248352,0.0096053089946508,0.0005114589002914,0.0050557781942188,0.0026464527472853,0.0008392948657274,World_cinema
0.5559107661247253,0.1760765761137008,0.221559002995491,0.0015585644869133,0.0129674347117543,0.0146634243428707,0.0172642581164836,World_cinema
0.1127566695213317,0.1974313557147979,0.0028792503289878,0.0056899688206613,0.5207951664924622,0.1063569188117981,0.054090641438961,World_cinema
0.0548671782016754,0.4674261510372162,0.0587109997868537,0.0040438706055283,0.3544423580169678,0.0204874463379383,0.0400220081210136,World_cinema
0.0044930386357009,0.0039889984764158,0.0028515644371509,0.1708491891622543,0.7644425630569458,0.0327775403857231,0.0205971281975507,World_cinema
0.9227306246757508,0.0084558874368667,0.0022550364956259,0.0011688621016219,0.0411913953721523,0.0177621822804212,0.0064360024407505,World_cinema
0.9528517723083496,0.0233136527240276,0.0019643714185804,0.0007448958349414,0.0135203590616583,0.0035282156895846,0.0040767365135252,World_cinema
0.0050709093920886,0.1056604534387588,0.7181292176246643,0.0049233264289796,0.1459948569536209,0.0146791758015751,0.0055420421995222,World_cinema
0.0126528292894363,0.2346530556678772,0.0037298589013516,0.0041916300542652,0.6995751261711121,0.0319241620600223,0.0132733872160315,World_cinema
0.0735102742910385,0.6370074152946472,0.0037240916863083,0.0058664591051638,0.0364286713302135,0.2401852458715438,0.0032778044696897,World_cinema
0.0053691449575126,0.9598292112350464,0.006110135000199,0.0009280228405259,0.0206873193383216,0.0050681009888648,0.0020078946836292,World_cinema
0.941152274608612,0.0176181364804506,0.0051017017103731,0.001099661225453,0.0231915451586246,0.0086009986698627,0.0032356244046241,World_cinema
0.2689078748226166,0.0401499047875404,0.6529614925384521,0.0016568683786317,0.0257668104022741,0.006102992221713,0.0044540609233081,World_cinema
0.956275999546051,0.0228533204644918,0.0027741927187889,0.0006103253690525,0.0114217577502131,0.0036375790368765,0.0024267518892884,World_cinema
0.0394377931952476,0.0106717944145202,0.0867021828889846,0.0037138969637453,0.7266727089881897,0.0934281423687934,0.0393734760582447,World_cinema
0.4563304781913757,0.4698306322097778,0.0119680697098374,0.002564962953329,0.0476119741797447,0.0069814012385904,0.004712413996458,World_cinema
0.0795856192708015,0.854324221611023,0.0210718344897031,0.0008494905778206,0.0322852805256843,0.0052510071545839,0.0066325957886874,World_cinema
0.0107338270172476,0.1189412772655487,0.0671182200312614,0.0029159628320485,0.2122806310653686,0.4639219045639038,0.1240881383419036,World_cinema
0.0288340952247381,0.6594958305358887,0.0168097410351037,0.0015131429536268,0.0787398964166641,0.2094371914863586,0.0051701804623007,World_cinema
0.0087514007464051,0.0558876357972621,0.0027834938373416,0.0448301471769809,0.8568844795227051,0.0078336866572499,0.0230291280895471,World_cinema
0.0236489754170179,0.0771888121962547,0.0115137994289398,0.0012606078526005,0.7995847463607788,0.0142117803916335,0.0725912451744079,World_cinema
0.3561663627624511,0.0114779248833656,0.004548420663923,0.0056520020589232,0.1758190989494323,0.3723108768463135,0.0740253031253814,World_cinema
0.0080894231796264,0.236305758357048,0.0190571639686822,0.057912241667509,0.6442618370056152,0.0073652155697345,0.0270083621144294,World_cinema
