anger,disgust,fear,joy,neutral,sadness,surprise,genre
0.0067858332768082,0.9154308438301086,0.0374247319996356,0.0006729641463607,0.0117690348997712,0.0235036835074424,0.0044130515307188,Drama
0.003620620816946,0.0043835546821355,0.0004053170850966,0.9525647163391112,0.0303978752344846,0.0061254743486642,0.0025023783091455,Drama
0.2434388250112533,0.0541209653019905,0.0722161382436752,0.0064913486130535,0.0523300729691982,0.5676642060279846,0.0037384228780865,Drama
0.0553493350744247,0.1020221188664436,0.047479648143053,0.0030471594072878,0.4783903360366821,0.3072539269924164,0.0064574959687888,Drama
0.1567315608263015,0.7097697257995605,0.0059504564851522,0.0017445717239752,0.0880994796752929,0.0352119132876396,0.0024922364391386,Drama
0.1222953274846077,0.5300934314727783,0.1954851448535919,0.0017707693623378,0.0871094912290573,0.0552859269082546,0.0079598641023039,Drama
0.3361471891403198,0.4443105459213257,0.12418744713068,0.0036337894853204,0.0563387908041477,0.0322558246552944,0.0031263325363397,Drama
0.1409949511289596,0.2111809998750686,0.1759901642799377,0.0063264840282499,0.3880976140499115,0.0724496990442276,0.0049600200727581,Drama
0.0097095873206853,0.0344202257692813,0.439069390296936,0.0041506732814013,0.1419167965650558,0.0113491732627153,0.359384149312973,Drama
0.0787626728415489,0.073592834174633,0.0263835340738296,0.0094588389620184,0.7583145499229431,0.0063639837317168,0.0471235439181327,Drama
0.013530901633203,0.0175115037709474,0.0168449822813272,0.2108536511659622,0.2334524691104889,0.005601602140814,0.5022048354148865,Drama
0.2815812528133392,0.4139536321163177,0.0427653715014457,0.0033985006157308,0.2085493355989456,0.0388217642903327,0.0109300538897514,Drama
0.0053402516059577,0.0071770465001463,0.0014781499048694,0.0046562603674829,0.0524722039699554,0.0016198477242141,0.9272562265396118,Drama
0.0066475574858486,0.0349065773189067,0.0397157073020935,0.1219837516546249,0.7247148752212524,0.0397284999489784,0.0323030613362789,Drama
0.0046999230980873,0.0882363989949226,0.0083919577300548,0.0601201690733432,0.7908458709716797,0.0426898151636123,0.0050158258527517,Drama
0.016732046380639,0.0089208567515015,0.5360183715820312,0.012525456957519,0.1398147493600845,0.2749664187431335,0.0110219977796077,Drama
0.0122383395209908,0.0681888982653617,0.0887513309717178,0.0037754995282739,0.3145667314529419,0.4847311079502105,0.0277481004595756,Drama
0.0671165809035301,0.00736511265859,0.6644953489303589,0.0163830406963825,0.1944521516561508,0.0109734879806637,0.039214227348566,Drama
0.2388272136449813,0.4957621693611145,0.0051684561185538,0.0028545942623168,0.2076973766088485,0.0093379793688654,0.0403521470725536,Drama
0.4439950287342071,0.4620268642902374,0.0475182719528675,0.0011402076343074,0.033228013664484,0.0048940535634756,0.0071975500322878,Drama
0.0141562400385737,0.0550060048699379,0.0793346166610717,0.3946033418178558,0.39885213971138,0.0400226861238479,0.0180248953402042,Drama
0.2935280203819275,0.2535500526428222,0.0235870033502578,0.0335161536931991,0.3236074149608612,0.0706615522503852,0.0015498306602239,Drama
