anger,disgust,fear,joy,neutral,sadness,surprise,genre
0.021531218662858,0.2774557769298553,0.006608503870666,0.0033404573332518,0.184804618358612,0.5023008584976196,0.0039585642516613,Comedy
0.0638931393623352,0.6795912384986877,0.0045687556266784,0.0104887848719954,0.2332469820976257,0.0065291794016957,0.0016819201409816,Comedy
0.0065505118109285,0.0961674079298973,0.83944171667099,0.0027148579247295,0.0236381813883781,0.0056008449755609,0.025886557996273,Comedy
0.6916980743408203,0.0601021461188793,0.1848009526729583,0.0031765021849423,0.0535229444503784,0.0039448332972824,0.0027545234188437,Comedy
0.2314982712268829,0.098495177924633,0.0071137198247015,0.0034151703584939,0.6419073343276978,0.0087596159428358,0.0088107222691178,Comedy
0.0535743236541748,0.9084999561309814,0.0013673267094418,0.0023011434823274,0.0239904019981622,0.0091397734358906,0.0011270206887274,Comedy
0.0667459964752197,0.4919993579387665,0.0072488565929234,0.0026439866051077,0.4225731790065765,0.004862627480179,0.0039260038174688,Comedy
0.0142976436764001,0.0342079885303974,0.003300764830783,0.0292158424854278,0.9068174958229064,0.0029724140185862,0.0091878781095147,Comedy
0.0059358719736337,0.0145969111472368,0.0013893664581701,0.0251824595034122,0.9200838804244996,0.0114216543734073,0.0213898047804832,Comedy
0.0060651218518614,0.0074750548228621,0.0005700179026462,0.831770122051239,0.143235832452774,0.0046986760571599,0.006185159087181,Comedy
0.0309284962713718,0.1417017132043838,0.0021837181411683,0.0091199064627289,0.8084872961044312,0.0041561312973499,0.0034227252472192,Comedy
0.0176057610660791,0.0446294359862804,0.004324993584305,0.0091776046901941,0.9105632901191713,0.0052411262877285,0.0084578255191445,Comedy
0.492167592048645,0.3146260678768158,0.0239021554589271,0.0039421967230737,0.1417880058288574,0.0196070242673158,0.0039669745601713,Comedy
0.013899341225624,0.0235549639910459,0.0047062900848686,0.0083317905664443,0.9097620844841005,0.02756192907691,0.0121835777536034,Comedy
0.0593804344534873,0.9181339740753174,0.0125067252665758,0.0005172017263248,0.0065159108489751,0.002273122780025,0.0006727278814651,Comedy
0.0113412719219923,0.0164129883050918,0.0021847658790647,0.0423724539577961,0.9104320406913756,0.0132429292425513,0.004013548605144,Comedy
0.1959194093942642,0.6171801686286926,0.0047073643654584,0.0018630960257723,0.1653563976287841,0.0126621024683117,0.0023114599753171,Comedy
0.0249126031994819,0.822532057762146,0.0212659370154142,0.0015391949564218,0.1183973774313926,0.0076697301119565,0.0036829661112278,Comedy
0.3296278715133667,0.3202046155929565,0.0057669323869049,0.0030385281424969,0.3229240775108337,0.0097927581518888,0.0086451787501573,Comedy
0.0089966626837849,0.0064985509961843,0.0010275451932102,0.0112350871786475,0.9300989508628844,0.0087181068956851,0.033425111323595,Comedy
0.0773514285683631,0.0223086327314376,0.8579850196838379,0.0021199143957346,0.0342926606535911,0.0033940998837351,0.0025482042692601,Comedy
0.3553460538387298,0.5309705138206482,0.0693961009383201,0.0010186984436586,0.018753157928586,0.0212859809398651,0.0032294716220349,Comedy
0.1345289647579193,0.6240426898002625,0.0123897930607199,0.0029984230641275,0.1928114145994186,0.0299647562205791,0.0032639421988278,Comedy
0.9409651160240172,0.0271974802017211,0.0084239598363637,0.000695749244187,0.0146600436419248,0.0053037796169519,0.002753686858341,Comedy
0.0141547126695513,0.0469417050480842,0.0071139740757644,0.0044678710401058,0.3219485282897949,0.6000178456306458,0.0053553953766822,Comedy
0.0597797930240631,0.0511089898645877,0.1420031487941742,0.0026683104224503,0.0960844010114669,0.6025243401527405,0.045831061899662,Comedy
0.0127990348264575,0.0065739774145185,0.0068081459030508,0.0199045650660991,0.9237826466560364,0.0071301655843853,0.0230014566332101,Comedy
0.0603854842483997,0.0404922999441623,0.0076391068287193,0.0023921139072626,0.0861253142356872,0.7944839596748352,0.0084817064926028,Comedy
0.059174507856369,0.361803263425827,0.011909857392311,0.0086997626349329,0.4973515570163727,0.0569021105766296,0.0041589732281863,Comedy
0.1260362714529037,0.4572677612304687,0.0196625180542469,0.002293802332133,0.070861168205738,0.3197605013847351,0.0041179559193551,Comedy
0.0117413252592086,0.0267134793102741,0.0022702275309711,0.0120339849963784,0.9368338584899902,0.003770776791498,0.0066364598460495,Comedy
0.0141555676236748,0.0296796020120382,0.0035440120846033,0.0646401271224021,0.8152965903282166,0.0245555974543094,0.0481284633278846,Comedy
0.0532706454396247,0.1292924731969833,0.0110539738088846,0.0044597564265131,0.7749108672142029,0.0192188117653131,0.0077934870496392,Comedy
0.01809105835855,0.0645399987697601,0.0010669010225683,0.4415233135223388,0.4367053806781769,0.0124400369822978,0.0256333127617836,Comedy
0.0202223639935255,0.2414478957653045,0.0101864701136946,0.0128372339531779,0.6730734705924988,0.0093723125755786,0.0328602381050586,Comedy
0.1303275376558303,0.4164652526378631,0.4078592956066131,0.00090953434119,0.0231876671314239,0.0111037325114011,0.010146964341402,Comedy
