anger,disgust,fear,joy,neutral,sadness,surprise,genre
0.1487154066562652,0.1920483112335205,0.0373571962118148,0.1463040709495544,0.3432498872280121,0.1239178702235221,0.0084072295576334,Thriller
0.0193288922309875,0.1140733510255813,0.0108347469940781,0.0827892124652862,0.3689220249652862,0.0077834967523813,0.396268367767334,Thriller
0.0696780756115913,0.3072125911712646,0.0089581003412604,0.2212837934494018,0.3346150815486908,0.011931256391108,0.0463211461901664,Thriller
0.0103327380493283,0.0180322974920272,0.0213573463261127,0.3428426682949066,0.2549023032188415,0.003667690558359,0.3488650023937225,Thriller
0.0028364297468215,0.0029871584847569,0.0074529694393277,0.0346330478787422,0.7256788611412048,0.0330142714083194,0.1933973282575607,Thriller
0.0778880566358566,0.7631210088729858,0.0696371644735336,0.0012039900757372,0.0470822304487228,0.0129955178126692,0.0280721150338649,Thriller
0.0528535656630992,0.0104715768247842,0.6731213331222534,0.0040133213624358,0.1786684393882751,0.0703821405768394,0.0104897022247314,Thriller
0.0360387489199638,0.0918311029672622,0.0947647094726562,0.0013533524470403,0.0682548806071281,0.6936448216438293,0.0141124492511153,Thriller
0.0681613534688949,0.153586134314537,0.5723508596420288,0.0052891867235302,0.1424880623817443,0.0422110222280025,0.0159133933484554,Thriller
0.5388146638870239,0.4032556116580963,0.0213900730013847,0.0019543198868632,0.0219478756189346,0.0102324075996875,0.0024050825741142,Thriller
0.2531653344631195,0.6994051933288574,0.0333499237895011,0.0016348119825124,0.0068796323612332,0.0035820147022604,0.0019831033423542,Thriller
0.745779812335968,0.0645039081573486,0.1041225492954254,0.0022325327154248,0.0587615855038166,0.0179913248866796,0.0066083511337637,Thriller
0.1421959847211837,0.1388353854417801,0.0683140009641647,0.071035549044609,0.2690879702568054,0.1177693679928779,0.1927617490291595,Thriller
0.0049851187504827,0.0024238908663392,0.0134193189442157,0.032214630395174,0.7917629480361938,0.0330017320811748,0.1221924126148223,Thriller
