anger,disgust,fear,joy,neutral,sadness,surprise,genre
0.009515787474811,0.0020821318030357,0.0148796308785676,0.0932739824056625,0.5028524398803711,0.0737686231732368,0.3036273717880249,Action
0.6599947810173035,0.2045249789953231,0.0450101904571056,0.0045482516288757,0.0717920139431953,0.0095545928925275,0.0045751128345727,Action
0.0450317412614822,0.007204454857856,0.6645456552505493,0.0074298419058322,0.084617756307125,0.1732470542192459,0.0179236307740211,Action
0.0051954113878309,0.0018399062100797,0.0028593204915523,0.7683206796646118,0.1753135174512863,0.0059576709754765,0.04051348939538,Action
0.0905260443687439,0.045540202409029,0.0183666795492172,0.014176158234477,0.8005788922309875,0.0070413020439445,0.0237706899642944,Action
0.0647203475236892,0.0214152000844478,0.0101303812116384,0.0317004695534706,0.4156888723373413,0.3624117374420166,0.093932993710041,Action
0.0069918944500386,0.0035204710438847,0.0028113261796534,0.0050668194890022,0.90664142370224,0.0060438113287091,0.0689242631196975,Action
0.1275634169578552,0.1917352229356765,0.3699609339237213,0.003653721883893,0.2202111482620239,0.0293633546680212,0.0575121790170669,Action
0.2096610069274902,0.0190716814249753,0.3917300999164581,0.0052569513209164,0.0822331607341766,0.0879912301898002,0.204055830836296,Action
0.0053792060352861,0.021952498704195,0.0336897782981395,0.0105641800910234,0.8671661615371704,0.0067699658684432,0.0544782802462577,Action
0.0211343728005886,0.0770281106233596,0.1369583010673523,0.0139678884297609,0.574607789516449,0.1069061905145645,0.0693973302841186,Action
0.6404162049293518,0.0580465570092201,0.1272279173135757,0.0023147356696426,0.0869118869304657,0.076376736164093,0.0087059643119573,Action
0.307813435792923,0.2249341905117035,0.0110517516732215,0.0117830513045191,0.3116729259490967,0.1196478679776191,0.0130968187004327,Action
0.0605444647371768,0.0093608545139431,0.3828610181808471,0.0103040281683206,0.4629286527633667,0.0388516001403331,0.0351493023335933,Action
0.0045850058086216,0.0110522452741861,0.0007325759506784,0.0455129705369472,0.8874866366386414,0.0261869430541992,0.0244436860084533,Action
0.0053738113492727,0.0067380811087787,0.0019205115968361,0.4772623181343078,0.4456923604011535,0.0173018854111433,0.0457110069692134,Action
0.0467958338558673,0.0383587591350078,0.4119492769241333,0.0182343181222677,0.3748815357685089,0.0215111095458269,0.0882691144943237,Action
0.0140287177637219,0.0348735451698303,0.0030806995928287,0.4257668852806091,0.5063231587409973,0.0082241278141736,0.0077028586529195,Action
0.3585371673107147,0.046427197754383,0.1989135444164276,0.1935110241174698,0.1610516011714935,0.0174166057258844,0.0241429023444652,Action
0.0214637536555528,0.073562815785408,0.0015448504127562,0.3019648492336273,0.5648794770240784,0.0078749740496277,0.0287093371152877,Action
0.0122075797989964,0.007418630644679,0.0125045198947191,0.017974080517888,0.8774625658988953,0.0593011491000652,0.0131315337494015,Action
0.9729401469230652,0.0128288110718131,0.0027611241675913,0.000473236606922,0.0073928316123783,0.0015006999019533,0.0021032406948506,Action
0.0783155709505081,0.0193789396435022,0.6810229420661926,0.0031675673089921,0.1504373401403427,0.0500001348555088,0.0176774226129055,Action
0.4349443018436432,0.1543001681566238,0.0719081684947013,0.0042334739118814,0.1360674500465393,0.1645457297563552,0.0340006574988365,Action
0.0290382243692874,0.0097891073673963,0.0467544719576835,0.0075818351469933,0.8654443025588989,0.0128491753712296,0.0285427942872047,Action
0.0328664444386959,0.0225419178605079,0.0031587569974362,0.010601838119328,0.1886312514543533,0.7348313927650452,0.0073684072121977,Action
0.0084119057282805,0.005206674337387,0.022560741752386,0.0040620160289108,0.9324190020561218,0.008872166275978,0.0184675529599189,Action
