anger,disgust,fear,joy,neutral,sadness,surprise,genre
0.0101520977914333,0.0034953746944665,0.0073868548497557,0.7483986616134644,0.1578255742788314,0.0113031482324004,0.0614383965730667,Domestic_Comedy
0.0057501075789332,0.001345838420093,0.0043241325765848,0.5863006711006165,0.3079011440277099,0.0153786409646272,0.0789994001388549,Domestic_Comedy
0.0343999378383159,0.0072476528584957,0.000343411200447,0.9176005721092224,0.0203752126544713,0.0165219064801931,0.0035113517660647,Domestic_Comedy
0.0070261596702039,0.031189301982522,0.0132103022187948,0.0431024692952632,0.7601297497749329,0.0626430660486221,0.0826988667249679,Domestic_Comedy
0.0025442393962293,0.0015885862521827,0.0010683326981961,0.9534817934036256,0.0187125280499458,0.0095906574279069,0.0130139328539371,Domestic_Comedy
0.0100139463320374,0.0040174419991672,0.0499521568417549,0.7366712093353271,0.1213788464665412,0.0513774491846561,0.0265889056026935,Domestic_Comedy
0.0031561215873807,0.0033694137819111,0.0020242459140717,0.8750386834144592,0.0813387781381607,0.022116620093584,0.0129561806097626,Domestic_Comedy
0.0069680269807577,0.0765074416995048,0.2025220543146133,0.0037546926178038,0.1345760524272918,0.5480744242668152,0.0275972597301006,Domestic_Comedy
0.0053055444732308,0.0053261299617588,0.0028003975749015,0.7613015174865723,0.1869343817234039,0.0234658997505903,0.0148662067949771,Domestic_Comedy
0.0016891962150111,0.0067151384428143,0.0094330832362174,0.0021611081901937,0.0364656336605548,0.939283549785614,0.0042523527517914,Domestic_Comedy
0.0045360228978097,0.0268984697759151,0.004559202119708,0.274185448884964,0.1811076402664184,0.4937666654586792,0.014946517534554,Domestic_Comedy
0.0087955463677644,0.01226507127285,0.0067744003608822,0.0190028846263885,0.8647367358207703,0.0470147281885147,0.0414105243980884,Domestic_Comedy
0.0031852864194661,0.0280158836394548,0.1408895701169967,0.0137476483359932,0.103000096976757,0.6873457431793213,0.0238157287240028,Domestic_Comedy
