anger,disgust,fear,joy,neutral,sadness,surprise,genre
0.0068263974972069,0.0206140130758285,0.0025551926810294,0.4442135989665985,0.4932191371917724,0.0044757206924259,0.0280959252268075,Drama
0.0320665910840034,0.0229344498366117,0.0522336848080158,0.5198958516120911,0.309152603149414,0.0120166484266519,0.0517001450061798,Drama
0.0113052846863865,0.4063681662082672,0.038940317928791,0.0036589973606169,0.4572462737560272,0.0414831265807151,0.0409979112446308,Drama
0.0305084697902202,0.954506516456604,0.0065731992945075,0.0003858697600662,0.0046696392819285,0.0026019944343715,0.0007543810643255,Drama
0.0210536736994981,0.8515017032623291,0.0443903319537639,0.0007290169596672,0.0345600545406341,0.036252561956644,0.0115126715973019,Drama
0.0138520970940589,0.0641578063368797,0.0834145918488502,0.0044059422798454,0.297719269990921,0.2019231021404266,0.3345271348953247,Drama
0.022752022370696,0.1389304399490356,0.0612748228013515,0.0904522389173507,0.6447586417198181,0.0328667685389518,0.0089651020243763,Drama
0.014127911068499,0.0596786588430404,0.0010708419140428,0.6964916586875916,0.2092314958572387,0.0111373104155063,0.0082621499896049,Drama
0.014694245532155,0.9447762370109558,0.0188238974660635,0.00070291175507,0.0076503781601786,0.0117112351581454,0.0016412386903539,Drama
0.0709064602851867,0.2881461679935455,0.041269477456808,0.0015891488874331,0.1453580260276794,0.0105108525604009,0.4422198832035064,Drama
0.0147313587367534,0.0763367787003517,0.0046162717044353,0.0916056632995605,0.7789145708084106,0.0149980783462524,0.0187973584979772,Drama
