anger,disgust,fear,joy,neutral,sadness,surprise,genre
0.0319845825433731,0.1610260754823684,0.0834786593914032,0.0420025214552879,0.6332695484161377,0.0174886342138052,0.0307499077171087,Science_Fiction
0.0392274037003517,0.3619566857814789,0.1522516012191772,0.0046995733864605,0.2500177025794983,0.0160509943962097,0.1757960468530655,Science_Fiction
0.0157426446676254,0.0480158776044845,0.0193207580596208,0.0041817016899585,0.7847768068313599,0.0114018786698579,0.1165602877736091,Science_Fiction
0.2434118688106537,0.1986459344625473,0.0173339061439037,0.0069125234149396,0.2183085530996322,0.313262403011322,0.0021247568074613,Science_Fiction
0.0166678540408611,0.0019203105475753,0.7976274490356445,0.0049647483974695,0.0405343174934387,0.0115664843469858,0.1267188638448715,Science_Fiction
0.0571287758648395,0.0085436636582016,0.6904754638671875,0.0032814582809805,0.0709301903843879,0.0919893756508827,0.0776510313153266,Science_Fiction
0.0915664955973625,0.0033973301760852,0.6829312443733215,0.0017355225281789,0.0070540281012654,0.1785888671875,0.0347265154123306,Science_Fiction
0.1497990787029266,0.0642366409301757,0.1357711851596832,0.0021486380137503,0.1212144494056701,0.498612105846405,0.0282178968191146,Science_Fiction
0.1319591552019119,0.0960125103592872,0.0072563285939395,0.0108326375484466,0.1915517896413803,0.5589328408241272,0.0034547562245279,Science_Fiction
0.0089913811534643,0.0132643552497029,0.0264416243880987,0.00379424309358,0.9219887852668762,0.0113516971468925,0.014167851768434,Science_Fiction
0.0516014210879802,0.1315877139568328,0.0220594573765993,0.0025158561766147,0.3478054702281952,0.4308473765850067,0.0135827399790287,Science_Fiction
0.7260726094245911,0.1291143894195556,0.0374671295285224,0.0014336722670122,0.0962278693914413,0.0051762424409389,0.004508089274168,Science_Fiction
0.5826183557510376,0.1709326207637787,0.0103278663009405,0.0039946404285728,0.2177168428897857,0.0088897291570901,0.0055199689231812,Science_Fiction
0.613703191280365,0.085996501147747,0.0604688785970211,0.0026534514036029,0.0749444812536239,0.1290982663631439,0.0331351310014724,Science_Fiction
0.0167876817286014,0.1214023306965828,0.0699727535247802,0.0023575753439217,0.7572165131568909,0.0176631417125463,0.0145999742671847,Science_Fiction
0.0095187844708561,0.0215299036353826,0.0298266764730215,0.0037615166511386,0.095078207552433,0.773102343082428,0.0671826153993606,Science_Fiction
0.2960967123508453,0.134941279888153,0.3700450658798218,0.0017437299247831,0.0566858612000942,0.0655655041337013,0.0749219432473182,Science_Fiction
0.0474218428134918,0.0071435617282986,0.3387565016746521,0.002548140939325,0.0258243344724178,0.0070984694175422,0.5712071061134338,Science_Fiction
0.0464102439582347,0.2084609270095825,0.0031824186444282,0.0082771284505724,0.7205984592437744,0.0068570245057344,0.0062137362547218,Science_Fiction
0.2177629619836807,0.0455939136445522,0.0744723528623581,0.0092031685635447,0.5984092354774475,0.0379683785140514,0.0165900066494941,Science_Fiction
0.2922710478305816,0.5608762502670288,0.0119621790945529,0.0016428341623395,0.1045809835195541,0.0102438107132911,0.0184228289872407,Science_Fiction
0.0321563296020031,0.1178913488984108,0.5428115725517273,0.0025601934175938,0.1385417282581329,0.1587303876876831,0.0073085217736661,Science_Fiction
0.0181568935513496,0.2730727791786194,0.5440333485603333,0.0040711564943194,0.0856105834245681,0.0385577380657196,0.0364975295960903,Science_Fiction
0.0195200853049755,0.0250762104988098,0.0431026592850685,0.0031892340630292,0.6931703090667725,0.2001477628946304,0.0157936811447143,Science_Fiction
0.0536033771932125,0.0684037432074546,0.1385152488946914,0.0034291858319193,0.4947757422924042,0.0535722337663173,0.187700554728508,Science_Fiction
0.0235059056431055,0.02062913402915,0.5162767767906189,0.0047592632472515,0.3883890211582184,0.0387289859354496,0.0077109960839152,Science_Fiction
0.2735603749752044,0.5705142617225647,0.0628051161766052,0.0019479901529848,0.0782483890652656,0.0082154748961329,0.0047083878889679,Science_Fiction
0.0343893468379974,0.101614274084568,0.0566233657300472,0.0061573931016027,0.727270245552063,0.0587608069181442,0.0151845458894968,Science_Fiction
0.0615644790232181,0.1900380849838256,0.0610171630978584,0.0039168554358184,0.4865899980068207,0.078944019973278,0.1179294064640998,Science_Fiction
0.0944065153598785,0.0884957090020179,0.0347511582076549,0.0052519007585942,0.7284425497055054,0.0142983077093958,0.0343537852168083,Science_Fiction
0.043153591454029,0.0828554853796958,0.0534853041172027,0.0024009405169636,0.0684178248047828,0.0039738859049975,0.7457128763198853,Science_Fiction
0.0088032474741339,0.0308272093534469,0.9032902121543884,0.002417552517727,0.0242204125970602,0.0239680409431457,0.0064733284525573,Science_Fiction
0.7210630774497986,0.1551571488380432,0.0065149324946105,0.0012651870492845,0.1046083867549896,0.0070064938627183,0.0043846666812896,Science_Fiction
0.7782940864562988,0.1445233076810836,0.022092068567872,0.0016322169685736,0.0336809940636158,0.0127509776502847,0.0070263063535094,Science_Fiction
0.0671241506934166,0.192358449101448,0.1455009132623672,0.0043100239709019,0.3659981191158294,0.1180142611265182,0.1066940277814865,Science_Fiction
0.0211855396628379,0.0212850999087095,0.6886255741119385,0.0053410017862915,0.2263956516981125,0.0099196499213576,0.0272475387901067,Science_Fiction
