anger,disgust,fear,joy,neutral,sadness,surprise,genre
0.0066159744746983,0.0462540127336978,0.0155341252684593,0.3037936091423034,0.5988443493843079,0.0086621176451444,0.0202957708388566,Comedy_film
0.0270944405347108,0.9549425840377808,0.0015811652410775,0.0011342763900756,0.0071327928453683,0.007553971838206,0.0005607244092971,Comedy_film
0.016394605860114,0.9546952247619628,0.000795479514636,0.0021480333525687,0.0215576775372028,0.0033528408966958,0.0010561834787949,Comedy_film
0.1992453634738922,0.128670334815979,0.054507840424776,0.0018409152980893,0.036300141364336,0.5623897910118103,0.0170456450432539,Comedy_film
0.5467872619628906,0.0394565090537071,0.0069280355237424,0.0040608751587569,0.095734566450119,0.2908810973167419,0.0161517392843961,Comedy_film
0.0109170144423842,0.0308338031172752,0.013449908234179,0.0113244885578751,0.900208592414856,0.0050482866354286,0.0282178539782762,Comedy_film
0.0246438775211572,0.0339416749775409,0.0035806824453175,0.0435785427689552,0.8663529753684998,0.0067935157567262,0.0211087316274642,Comedy_film
0.6461960077285767,0.0515653751790523,0.0031426020432263,0.007314040325582,0.2163195759057998,0.0452667959034442,0.0301956254988908,Comedy_film
0.0053127752617001,0.0042089838534593,0.9401035904884338,0.0014387238770723,0.0389647968113422,0.0062642763368785,0.0037068142555654,Comedy_film
0.0314685329794883,0.2249628156423568,0.16630519926548,0.1140149161219596,0.2980042994022369,0.1307617872953415,0.0344825387001037,Comedy_film
0.2883622050285339,0.022219093516469,0.015743413940072,0.0041907969862222,0.6511393189430237,0.0140110151842236,0.0043341936543583,Comedy_film
0.0355170741677284,0.0925228968262672,0.0025052046403288,0.4337143003940582,0.4205772578716278,0.0111602526158094,0.0040030824020504,Comedy_film
0.0230849757790565,0.1550614684820175,0.0044402754865586,0.0372127331793308,0.7583011388778687,0.0168518144637346,0.0050475890748202,Comedy_film
0.1665193289518356,0.6176333427429199,0.1665075272321701,0.0021234599407762,0.0387285649776458,0.0053279739804565,0.0031596687622368,Comedy_film
0.0069818519987165,0.0170832742005586,0.0046434928663074,0.0858665779232978,0.8173486590385437,0.0128480102866888,0.0552279949188232,Comedy_film
0.0114351017400622,0.0141085414215922,0.005828087683767,0.0232267398387193,0.9243778586387634,0.0077129695564508,0.0133106848224997,Comedy_film
0.1401844322681427,0.226385623216629,0.0701387599110603,0.0062789283692836,0.3344186544418335,0.2193041443824768,0.0032893863972276,Comedy_film
0.0749134719371795,0.0228671301156282,0.1064693704247474,0.0110197253525257,0.7238786816596985,0.0092991916462779,0.0515523999929428,Comedy_film
0.9312101006507874,0.0079520307481288,0.0139525020495057,0.0008641215390525,0.017569238319993,0.024897001683712,0.0035550247412174,Comedy_film
0.0317680574953556,0.0067275231704115,0.4710505604743957,0.0062315296381711,0.4411296546459198,0.0244610626250505,0.0186315197497606,Comedy_film
0.1009168475866317,0.3648217618465423,0.0069914320483803,0.0066648367792367,0.1753991991281509,0.340820848941803,0.0043850732035934,Comedy_film
0.1349608749151229,0.73013836145401,0.0054378006607294,0.008632518351078,0.1073528826236724,0.0097705079242587,0.0037070836406201,Comedy_film
0.2208175212144851,0.5319311618804932,0.0214997213333845,0.0031025861389935,0.1713942736387252,0.0461877286434173,0.0050670555792748,Comedy_film
0.0368936620652675,0.1754253506660461,0.0024339891970157,0.0079282782971858,0.5794492959976196,0.1839315295219421,0.0139378886669874,Comedy_film
0.0103701427578926,0.2444054335355758,0.0300757717341184,0.0116952247917652,0.4375728666782379,0.259299099445343,0.0065814345143735,Comedy_film
0.0096257431432604,0.0071428283117711,0.0029502366669476,0.0046276478096842,0.7266613245010376,0.0062030041590332,0.2427892386913299,Comedy_film
0.007369143422693,0.0209263172000646,0.0024026983883231,0.2778047025203705,0.6774667501449585,0.0071435356512665,0.0068867993541061,Comedy_film
0.1502324044704437,0.6278941035270691,0.0186999402940273,0.0013475172454491,0.1254276782274246,0.0727769806981086,0.0036214306019246,Comedy_film
0.0238682273775339,0.4716522395610809,0.0075585274025797,0.0040721856057643,0.4747218787670135,0.0093427943065762,0.0087842568755149,Comedy_film
0.1223464608192443,0.7916346192359924,0.0114784045144915,0.0024681789800524,0.0344601534307003,0.035232450813055,0.00237970915623,Comedy_film
0.0117495758458971,0.0984272584319114,0.0053734835237264,0.2752209007740021,0.5470136404037476,0.045902170240879,0.0163130555301904,Comedy_film
