anger,disgust,fear,joy,neutral,sadness,surprise,genre
0.0466012395918369,0.8186278939247131,0.0042076064273715,0.0571800246834754,0.0570681765675544,0.0132176857441663,0.003097235225141,Adventure
0.0311240348964929,0.0097093991935253,0.9476385116577148,0.0007530698785558,0.003771340008825,0.0045575532130897,0.0024462442379444,Adventure
0.0301758553832769,0.0175523906946182,0.2574560642242431,0.0025046456139534,0.0571299046277999,0.0099854543805122,0.6251956820487976,Adventure
0.5267833471298218,0.1400308609008789,0.1308614313602447,0.0103805493563413,0.1530883461236953,0.031985193490982,0.0068702353164553,Adventure
0.0365571491420269,0.0441860184073448,0.0115678124129772,0.0097090732306241,0.8564783930778503,0.0260036755353212,0.0154979284852743,Adventure
0.1635222882032394,0.0277607012540102,0.0118109369650483,0.0100299073383212,0.7719556093215942,0.0114810084924101,0.0034394704271107,Adventure
0.1242581903934478,0.1100445464253425,0.0060581755824387,0.0123684275895357,0.7074616551399231,0.0361355170607566,0.0036734035238623,Adventure
0.0097747957333922,0.0198264084756374,0.0226799976080656,0.2383085191249847,0.6212130188941956,0.0110306441783905,0.0771665945649147,Adventure
0.0558106154203414,0.0947493985295295,0.0302523169666528,0.0194031149148941,0.5650244355201721,0.1161225363612175,0.1186375766992569,Adventure
0.3389036357402801,0.0249766130000352,0.2315278798341751,0.0028000336606055,0.0938803553581237,0.2251001298427581,0.0828112959861755,Adventure
0.2307146191596985,0.2423763424158096,0.1276878863573074,0.0036421625409275,0.2579348683357239,0.1340854316949844,0.0035586999729275,Adventure
0.4919404089450836,0.061422623693943,0.0857530161738395,0.0056290491484105,0.3272061347961426,0.0189524833112955,0.0090962965041399,Adventure
0.01941829174757,0.0095277642831206,0.0920340418815612,0.0115610817447304,0.8236904740333557,0.0106187714263796,0.0331496000289917,Adventure
0.2938060462474823,0.0856949985027313,0.0130990762263536,0.0066865449771285,0.417447030544281,0.1780838519334793,0.005182365886867,Adventure
0.0365600176155567,0.1515351980924606,0.0228789150714874,0.0782138407230377,0.6376518607139587,0.0056365439668297,0.0675236508250236,Adventure
0.1600534617900848,0.4340898394584656,0.1252096742391586,0.0033468704205006,0.2386767119169235,0.0333527140319347,0.0052706710994243,Adventure
0.0238483473658561,0.0147098693996667,0.0216447133570909,0.0063534881919622,0.9047661423683168,0.0106959342956542,0.0179815161973238,Adventure
0.0172438696026802,0.0177216455340385,0.0056780003942549,0.0050135040655732,0.9367495179176332,0.0042600538581609,0.0133334621787071,Adventure
0.4887916445732116,0.2885088622570038,0.0834384635090828,0.0015937458956614,0.0443343557417392,0.0894538611173629,0.0038790518883615,Adventure
0.062434334307909,0.0074585094116628,0.3067332208156585,0.025356899946928,0.2495820224285125,0.2108976989984512,0.1375373154878616,Adventure
0.3762279152870178,0.2404730170965194,0.0487724728882312,0.0041603208519518,0.2336046993732452,0.0888459905982017,0.0079155508428812,Adventure
0.2138661444187164,0.0949925631284713,0.3560452759265899,0.0021382158156484,0.0883651375770568,0.2051425725221634,0.0394501015543937,Adventure
0.0542154945433139,0.0606894306838512,0.7672821879386902,0.002326805377379,0.0896709561347961,0.0146792121231555,0.0111359870061278,Adventure
0.0556210651993751,0.0237531214952468,0.0839968100190162,0.0017812027363106,0.0298436395823955,0.7831405997276306,0.0218635369092226,Adventure
0.0159945506602525,0.0230823531746864,0.0058406926691532,0.0099889375269413,0.9316442608833312,0.0116307418793439,0.0018184980144724,Adventure
0.0125422282144427,0.0206878744065761,0.8743361830711365,0.0021394430659711,0.0723271518945694,0.0096422005444765,0.0083250114694237,Adventure
0.2655020654201507,0.1016324609518051,0.2588245570659637,0.0022873445414006,0.0570022314786911,0.2704110443592071,0.0443402640521526,Adventure
0.092953436076641,0.0080890664830803,0.1780909895896911,0.0041212472133338,0.6644132733345032,0.0206565670669078,0.0316754505038261,Adventure
0.0959748029708862,0.0083796335384249,0.0807750448584556,0.0058664502575993,0.7732018232345581,0.015283421613276,0.0205188244581222,Adventure
0.0065330802462995,0.0065698460675776,0.006164061371237,0.6196587681770325,0.3240925073623657,0.0292165223509073,0.0077652302570641,Adventure
0.0549490675330162,0.0682258531451225,0.4751107692718506,0.0031608103308826,0.2751421332359314,0.064189501106739,0.0592218190431594,Adventure
0.2122109681367874,0.2142375707626342,0.2007120698690414,0.0013519012136384,0.0378813035786151,0.3096070885658264,0.0239991545677185,Adventure
0.0555516816675663,0.2196922302246093,0.1805721670389175,0.0048308176919817,0.4893877506256103,0.0110065983608365,0.0389588475227355,Adventure
0.0167850293219089,0.0221593808382749,0.1094025373458862,0.0071829543448984,0.8044995665550232,0.0069520128890872,0.0330184996128082,Adventure
0.2562883496284485,0.0374117456376552,0.1426573097705841,0.0245033800601959,0.5043979287147522,0.0047766231000423,0.0299646165221929,Adventure
0.6586933135986328,0.0757498815655708,0.1537025719881057,0.0017587203765287,0.0450377948582172,0.054818220436573,0.0102394903078675,Adventure
0.0116817029193043,0.0090398425236344,0.0122550036758184,0.0108543559908866,0.940028965473175,0.0120878806337714,0.0040522627532482,Adventure
0.0114507153630256,0.0049605085514485,0.9619320034980774,0.0025681159459054,0.0044460301287472,0.0012085649650543,0.0134341930970549,Adventure
0.0051517472602427,0.0112260626628994,0.0011427879799157,0.0222673546522855,0.9478962421417236,0.0027835040818899,0.0095323147252202,Adventure
