anger,disgust,fear,joy,neutral,sadness,surprise,genre
0.0214954391121864,0.1358685791492462,0.0844788029789924,0.1267416030168533,0.5192893147468567,0.0994551032781601,0.0126711819320917,World_cinema
0.028414137661457,0.8776757717132568,0.0140393748879432,0.0019414724083617,0.0151525093242526,0.0617731884121894,0.0010035925079137,World_cinema
0.0355231165885925,0.0378319844603538,0.0298236608505249,0.0031116181053221,0.2181887179613113,0.6555191278457642,0.0200017914175987,World_cinema
0.0086727757006883,0.8745892643928528,0.0207886192947626,0.0024810291361063,0.0296952351927757,0.0623575411736965,0.0014155647950246,World_cinema
0.0058784517459571,0.0041668666526675,0.0026970154140144,0.0089403176680207,0.9091532826423644,0.0128056202083826,0.0563584901392459,World_cinema
0.0143529176712036,0.0798411443829536,0.3546508848667145,0.0345377139747142,0.3218951523303985,0.1883497089147567,0.0063725356012582,World_cinema
0.0223172288388013,0.2436516284942627,0.0126412212848663,0.0016157845966517,0.0388460457324981,0.6784772872924805,0.0024507897906005,World_cinema
0.1125530451536178,0.3624021708965301,0.0049656061455607,0.0091560650616884,0.0266578830778598,0.4799359738826751,0.004329266026616,World_cinema
0.0678233578801155,0.1402679085731506,0.6233225464820862,0.0028805318288505,0.020412066951394,0.1426291763782501,0.0026644456665962,World_cinema
0.0200149044394493,0.0902207419276237,0.3125802278518677,0.01994039863348,0.4517028629779815,0.1031092852354049,0.0024316606577485,World_cinema
0.0241660103201866,0.1212652400135994,0.0070424298755824,0.0868254750967025,0.7171751260757446,0.0074236928485333,0.0361020639538764,World_cinema
0.0213033631443977,0.8216735124588013,0.0270440988242626,0.0556850433349609,0.0346319042146205,0.0326462909579277,0.0070157274603843,World_cinema
0.0068953377194702,0.0113334171473979,0.0030406368896365,0.7222418785095215,0.2410580217838287,0.0073840706609189,0.0080465925857424,World_cinema
0.2907814979553222,0.620151162147522,0.0028739299159497,0.0016639502719044,0.0678017660975456,0.0142063442617654,0.0025213460903614,World_cinema
0.0432299561798572,0.8764554858207703,0.0021041601430624,0.002732734195888,0.0499322712421417,0.0238986685872077,0.0016466993838548,World_cinema
0.2782203257083893,0.2631564140319824,0.0156226102262735,0.0054370793513953,0.318317711353302,0.1170340701937675,0.0022117784246802,World_cinema
0.0699211284518241,0.905207335948944,0.002407762221992,0.0012436675606295,0.0151684582233428,0.0053040068596601,0.0007475969614461,World_cinema
0.0087321102619171,0.9637611508369446,0.0064909327775239,0.0004447062674444,0.0076230764389038,0.012409103102982,0.0005389872821979,World_cinema
0.2110646367073059,0.2082570195198059,0.0096503254026174,0.0022463956847786,0.5437396168708801,0.0127992536872625,0.0122428117319941,World_cinema
0.0348671488463878,0.0296007432043552,0.0194385889917612,0.0042854868806898,0.8936812877655029,0.004604544956237,0.0135221639648079,World_cinema
0.1329169124364853,0.2762299180030823,0.0347272716462612,0.0124427592381834,0.4664393067359924,0.0704024732112884,0.0068414262495934,World_cinema
0.018228530883789,0.9398548007011414,0.02012674883008,0.0009151828708127,0.0138132302090525,0.0057692429982125,0.0012923970352858,World_cinema
0.450522631406784,0.3958162367343902,0.0245157908648252,0.0025117266923189,0.1034089773893356,0.0205434560775756,0.0026810828130692,World_cinema
0.5569718480110168,0.2543481588363647,0.0462402924895286,0.0013172186445444,0.0739660263061523,0.0646016374230384,0.0025547358673065,World_cinema
0.1787112951278686,0.0099177910014987,0.7925393581390381,0.0010965798282995,0.0093328971415758,0.0062233791686594,0.002178618684411,World_cinema
0.3279772102832794,0.5080791115760803,0.0233139246702194,0.0014099295949563,0.0389824323356151,0.0956141576170921,0.0046232766471803,World_cinema
0.0223510768264532,0.0566875487565994,0.0027233590371906,0.0705053433775901,0.8154101967811584,0.0243541914969682,0.0079682962968945,World_cinema
0.0124154146760702,0.0246518775820732,0.935006618499756,0.0015685292892158,0.0135177699849009,0.0104518318548798,0.0023879269137978,World_cinema
0.9322548508644104,0.0374663770198822,0.0075211143121123,0.0008616730920039,0.0154148414731025,0.00386543571949,0.0026156140957027,World_cinema
0.0654851421713829,0.0291919372975826,0.6168829202651978,0.0029025769326835,0.0768375843763351,0.205229565501213,0.0034701947588473,World_cinema
0.1316951513290405,0.7408769726753235,0.0091832503676414,0.0009653191082179,0.0489544346928596,0.0563963204622268,0.0119285769760608,World_cinema
0.7334843277931213,0.1648798435926437,0.0098590226843953,0.0012382871937006,0.0546812266111373,0.0345104970037937,0.0013468383112922,World_cinema
0.2621120810508728,0.504030168056488,0.0071204984560608,0.0014860206283628,0.0297427270561456,0.1932922452688217,0.0022162990644574,World_cinema
0.0967160165309906,0.7517748475074768,0.008492867462337,0.0006948408554308,0.0434248410165309,0.0971209034323692,0.0017757822060957,World_cinema
0.0273453034460544,0.0899242088198661,0.03520979732275,0.0059328568167984,0.8105520009994507,0.0176569130271673,0.0133788492530584,World_cinema
0.8469381332397461,0.1221565678715705,0.0063441079109907,0.0008371375733986,0.0181756410747766,0.0043346378952264,0.0012136796722188,World_cinema
0.3066132366657257,0.6553716659545898,0.0094352047890424,0.0014017954235896,0.0117362849414348,0.0142101002857089,0.0012316927313804,World_cinema
0.327090859413147,0.3331298530101776,0.1532236635684967,0.001490302151069,0.1449720412492752,0.0326091684401035,0.0074840728193521,World_cinema
0.0080802142620086,0.6763086318969727,0.0434361062943935,0.0027519383002072,0.1823828220367431,0.0788102373480796,0.0082299886271357,World_cinema
0.0050298450514674,0.0053055854514241,0.001874491921626,0.0553028993308544,0.8075779676437378,0.0139681221917271,0.1109411045908927,World_cinema
0.0042080651037395,0.0042268643155694,0.0022391267120838,0.0089966440573334,0.9542826414108276,0.003395530860871,0.0226512439548969,World_cinema
0.0066754813306033,0.0050681522116065,0.0032370139379054,0.0098891267552971,0.8880476355552673,0.016449274495244,0.0706332847476005,World_cinema
