anger,disgust,fear,joy,neutral,sadness,surprise,genre
0.0641146674752235,0.7451839447021484,0.0112117948010563,0.0021959184668958,0.1553434133529663,0.0187634415924549,0.0031867697834968,Adventure
0.3023475706577301,0.5920826196670532,0.0076749674044549,0.0019842728506773,0.0859100818634033,0.0065577677451074,0.00344277638942,Adventure
0.5414683818817139,0.1167915761470794,0.279806524515152,0.0019432647386565,0.0139869647100567,0.0416522808372974,0.0043508950620889,Adventure
0.7269501090049744,0.0778551250696182,0.0077491332776844,0.0030150541570037,0.1330305635929107,0.0486274361610412,0.002772600390017,Adventure
0.0164752937853336,0.2946348190307617,0.6512326598167419,0.0010760586010292,0.0211973022669553,0.0074016121216118,0.0079822428524494,Adventure
0.7355062961578369,0.1016649603843689,0.003751732641831,0.0037357592955231,0.1390272378921508,0.0130143575370311,0.0032996442168951,Adventure
0.0184860099107027,0.0537562035024166,0.0089603122323751,0.3897308707237243,0.4840219020843506,0.008484024554491,0.0365606285631656,Adventure
0.5227276086807251,0.0694241598248481,0.325770229101181,0.0014992071082815,0.0570072308182716,0.020034871995449,0.0035367691889405,Adventure
0.1173610985279083,0.0464558862149715,0.1754951030015945,0.004509693942964,0.6330786943435669,0.0135462265461683,0.0095532881096005,Adventure
0.2389067560434341,0.1528037190437317,0.4657829701900482,0.0031183245591819,0.0999808683991432,0.0233204197138547,0.0160868801176548,Adventure
0.0217096731066703,0.0973742306232452,0.0661597400903701,0.0227303393185138,0.6267229318618774,0.1215347200632095,0.0437683425843715,Adventure
0.1727605313062667,0.2046789228916168,0.5430147051811218,0.0025487507227808,0.041280772536993,0.0323647484183311,0.0033514979295432,Adventure
0.0261905640363693,0.1029640734195709,0.3078994452953338,0.0076107759959995,0.4883175492286682,0.035422209650278,0.0315953753888607,Adventure
0.0363052859902381,0.4010264277458191,0.2079903930425644,0.0032334041316062,0.3216409087181091,0.0106830662116408,0.0191206540912389,Adventure
0.0681339502334594,0.6006115078926086,0.0188292860984802,0.0026616158429533,0.2561989426612854,0.0502461530268192,0.0033185996580868,Adventure
0.0341024994850158,0.1740215420722961,0.0694874227046966,0.0037584831006824,0.6941494345664978,0.0121283903717994,0.0123521843925118,Adventure
0.4646939039230346,0.1143756434321403,0.0358158871531486,0.0056182718835771,0.1538843065500259,0.2215181589126587,0.0040938286110758,Adventure
0.1527469158172607,0.6956295371055603,0.0056143826805055,0.0030329495202749,0.1201226115226745,0.0194853190332651,0.0033682840876281,Adventure
0.6124379634857178,0.0550116002559661,0.035526230931282,0.0046256356872618,0.2161228507757187,0.0065385261550545,0.0697371512651443,Adventure
0.4595547318458557,0.1520562767982483,0.1793831884860992,0.0074836569838225,0.1724232137203216,0.0121168186888098,0.0169821083545684,Adventure
0.00370489875786,0.0017573287477716,0.0013328079367056,0.0607273988425731,0.8601268529891968,0.0092608788982033,0.063089869916439,Adventure
0.500882089138031,0.1760865300893783,0.0348968990147113,0.0033996580168604,0.2503481805324554,0.0240329224616289,0.0103537598624825,Adventure
0.0735190734267234,0.7341361045837402,0.1423387229442596,0.0011136784451082,0.0368063673377037,0.0096452059224247,0.0024407980963587,Adventure
0.3245452642440796,0.2582070529460907,0.0023035639896988,0.0917571932077407,0.3018391728401184,0.0180351845920085,0.0033125327900052,Adventure
0.1021719276905059,0.2525904774665832,0.0133242635056376,0.029868297278881,0.515178382396698,0.0846024453639984,0.0022641608957201,Adventure
