anger,disgust,fear,joy,neutral,sadness,surprise,genre
0.0074013308621943,0.0156123526394367,0.0033208080567419,0.1431295573711395,0.8045263290405273,0.0055092656984925,0.0205002930015325,Animation
0.0099064745008945,0.0486512407660484,0.0024810389149934,0.194087952375412,0.6973373293876648,0.0091377850621938,0.0383981801569461,Animation
0.7183883786201477,0.0601458176970481,0.0934508591890335,0.0046039461158216,0.0777919441461563,0.0377003662288188,0.0079186800867319,Animation
0.0286740101873874,0.04838577657938,0.0308755096048116,0.0050702397711575,0.2556910812854767,0.0218673534691333,0.60943603515625,Animation
0.1548473387956619,0.2823641300201416,0.0033289652783423,0.0086435303092002,0.0958340615034103,0.4477063119411468,0.0072755785658955,Animation
0.0171998012810945,0.6013985872268677,0.1374119222164154,0.0061295833438634,0.1393106877803802,0.0034838756546378,0.0950656309723854,Animation
0.1214938983321189,0.7900115251541138,0.0324846282601356,0.0006769904866814,0.0149927921593189,0.0369374752044677,0.0034025313798338,Animation
0.0126988692209124,0.8509234189987183,0.0152814788743853,0.0023751105181872,0.0713419392704963,0.0309772491455078,0.0164019148796796,Animation
0.2694403231143951,0.1521734148263931,0.0266774576157331,0.0580123662948608,0.2477720528841018,0.0632204934954643,0.1827039718627929,Animation
0.007295858580619,0.0104040717706084,0.0052076294086873,0.1947403103113174,0.6849825978279114,0.0456273965537548,0.051742136478424,Animation
0.0359077900648117,0.4699596762657165,0.0070766950957477,0.0163539126515388,0.1982924193143844,0.2693923413753509,0.00301721598953,Animation
0.8315919637680054,0.0713109225034713,0.0024158963933587,0.0024839725811034,0.0740087553858757,0.0167755726724863,0.001412917044945,Animation
0.4674598276615143,0.0595639608800411,0.0302962679415941,0.0091270236298441,0.2681832015514374,0.1480216383934021,0.0173481423407793,Animation
0.1118514835834503,0.0561881549656391,0.0179018769413232,0.0131885269656777,0.6144091486930847,0.0055202110670506,0.1809405982494354,Animation
