anger,disgust,fear,joy,neutral,sadness,surprise,genre
0.0094949379563331,0.0031258906237781,0.003234933828935,0.199222058057785,0.6609664559364319,0.0890020281076431,0.0349536538124084,Horror
0.0549896582961082,0.1718119829893112,0.2246804237365722,0.0032042479142546,0.2182155549526214,0.1665312498807907,0.1605669558048248,Horror
0.0012905558105558,0.0041299555450677,0.0067001283168792,0.0022596442140638,0.012961353175342,0.9597422480583192,0.0129160908982157,Horror
0.0212171655148267,0.0068614026531577,0.0888448432087898,0.0021051419898867,0.0272203907370567,0.0402886644005775,0.8134623765945435,Horror
0.0290942750871181,0.055746391415596,0.0109322555363178,0.0018855798989534,0.1203889101743698,0.7755916118621826,0.00636099698022,Horror
0.0253082942217588,0.0484765619039535,0.0008995292009785,0.5039229393005371,0.3840442895889282,0.0205594804137945,0.0167888924479484,Horror
0.0100348480045795,0.3560248911380768,0.1095011681318283,0.0028258725069463,0.2752908766269684,0.0222108010202646,0.2241115123033523,Horror
0.0525095388293266,0.0122869126498699,0.7009609937667847,0.0027245918754488,0.0408864468336105,0.1632245630025863,0.0274069588631391,Horror
0.0164495110511779,0.568511962890625,0.0270675234496593,0.0037298714742064,0.2173520922660827,0.060670506209135,0.1062185391783714,Horror
0.0119097456336021,0.0114712938666343,0.2502610981464386,0.0029769970569759,0.273231029510498,0.0607570745050907,0.3893927633762359,Horror
0.0793469548225402,0.1017527729272842,0.4317260384559631,0.001620685798116,0.1696372032165527,0.1831616312265396,0.0327546223998069,Horror
0.013799981214106,0.0241100955754518,0.1043536216020584,0.0074817058630287,0.3005571067333221,0.4932257533073425,0.056471761316061,Horror
0.0036089206114411,0.0025789209175854,0.0015502881724387,0.0012997690355405,0.0065282611176371,0.0020661938469856,0.9823676347732544,Horror
0.0063907792791724,0.0233602374792099,0.8126817345619202,0.0018491396913304,0.0648945719003677,0.0826261863112449,0.0081974491477012,Horror
0.0142082003876566,0.0101814530789852,0.0450061149895191,0.0027765166014432,0.0687459930777549,0.0132681429386138,0.8458135724067688,Horror
0.1026928648352623,0.3048457205295563,0.1611222028732299,0.0013912712456658,0.159725546836853,0.1506947427988052,0.1195277199149131,Horror
0.0304716397076845,0.1086585968732833,0.0183392222970724,0.0075107896700501,0.3237354159355163,0.0349668376147747,0.4763175249099731,Horror
0.0190393459051847,0.1042699366807937,0.0023186348844319,0.0096248295158147,0.8193344473838806,0.0116463340818881,0.0337664969265461,Horror
0.0405191779136657,0.0925950706005096,0.0126340510323643,0.0108721926808357,0.395222008228302,0.4421209692955017,0.0060365106910467,Horror
0.0082394694909453,0.0034714909270405,0.9547698497772216,0.0017590167699381,0.0142642362043261,0.006843757815659,0.0106521602720022,Horror
0.0250611323863267,0.1088984161615371,0.0029024977702647,0.3441711962223053,0.4740763306617737,0.0323082916438579,0.0125821297988295,Horror
0.0229951366782188,0.1204988807439804,0.0049222921952605,0.0621661990880966,0.6650810837745667,0.1205502524971962,0.0037860823795199,Horror
0.0492446422576904,0.0139703247696161,0.5981154441833496,0.0116402702406048,0.2637916803359985,0.0435425378382205,0.0196950584650039,Horror
