anger,disgust,fear,joy,neutral,sadness,surprise,genre
0.0385757647454738,0.13053560256958,0.1447905749082565,0.2778014540672302,0.2226637601852417,0.1503400206565857,0.0352927967905998,Comedy_drama
0.9711958765983582,0.0112763009965419,0.0041584535501897,0.0004202818090561,0.0075573353096842,0.0031037596054375,0.002288042102009,Comedy_drama
0.0133911203593015,0.0237215757369995,0.0332198217511177,0.0089833075180649,0.8234942555427551,0.0338397175073623,0.0633501559495925,Comedy_drama
0.1835788786411285,0.5642699599266052,0.0494013801217079,0.0057083046995103,0.0930853262543678,0.1030544638633728,0.0009016513940878,Comedy_drama
0.0038310158997774,0.0131440367549657,0.0023807301186025,0.0037252160254865,0.9206827878952026,0.0129675716161727,0.0432686768472194,Comedy_drama
0.0350462011992931,0.0209162048995494,0.0201796628534793,0.0638575553894043,0.7169355154037476,0.0693348571658134,0.0737299621105194,Comedy_drama
0.5560782551765442,0.388137012720108,0.0021851644851267,0.0022546460386365,0.0169777180999517,0.0315647237002849,0.0028024304192513,Comedy_drama
0.1948247551918029,0.0088022025302052,0.7769076228141785,0.0013582544634118,0.0108019905164837,0.0039651086553931,0.0033400899264961,Comedy_drama
0.0458975099027156,0.0190345775336027,0.0010886747622862,0.0557012967765331,0.8427301049232483,0.0243260487914085,0.0112216966226696,Comedy_drama
0.5329793691635132,0.1401337385177612,0.0045177149586379,0.0028893474955111,0.303890198469162,0.0120363412424921,0.0035532307811081,Comedy_drama
0.3092664778232574,0.0607565641403198,0.0093457717448472,0.054105270653963,0.5467965602874756,0.0098629584535956,0.00986641459167,Comedy_drama
0.0480549670755863,0.1270414739847183,0.0016946421237662,0.0571535676717758,0.7446705102920532,0.0175274237990379,0.0038574032951146,Comedy_drama
0.0092438543215394,0.0103044509887695,0.0029671520460397,0.5594620704650879,0.3581641912460327,0.0561339408159256,0.0037242588587105,Comedy_drama
