anger,disgust,fear,joy,neutral,sadness,surprise,genre
0.0069629470817744,0.0012221687939018,0.017072282731533,0.485412985086441,0.3868165016174316,0.0436253994703292,0.0588877499103546,Action
0.0082978047430515,0.0179931074380874,0.0072999862022697,0.1316881030797958,0.7283979058265686,0.0621137134730815,0.0442093387246131,Action
0.2328423857688903,0.0140604758635163,0.0176170207560062,0.1527202874422073,0.3901673555374145,0.0072278692387044,0.1853645592927932,Action
0.8498709797859192,0.0097572449594736,0.0930385664105415,0.0022601601667702,0.0275397207587957,0.0117567181587219,0.0057767713442444,Action
0.0092035634443163,0.0236335452646017,0.0018795378273352,0.003303394652903,0.9400226473808287,0.0154425092041492,0.0065148463472723,Action
0.2160710394382476,0.0686906427145004,0.5157447457313538,0.0029456885531544,0.1572344452142715,0.0304728765040636,0.0088405264541506,Action
0.0425054989755153,0.0312507525086402,0.3067066669464111,0.0049759820103645,0.5311428904533386,0.0127274757251143,0.0706908479332923,Action
0.0044551482424139,0.0076177027076482,0.0026827205438166,0.2320033460855484,0.6535511016845703,0.0089041162282228,0.0907858982682228,Action
0.7838783264160156,0.0372532606124877,0.0149428695440292,0.0024497376289218,0.1415406763553619,0.0141844050958752,0.0057506305165588,Action
0.0269413366913795,0.0251762401312589,0.0190025530755519,0.0153879737481474,0.8914926648139954,0.0068906582891941,0.0151087036356329,Action
0.1102005913853645,0.0116825951263308,0.6830872297286987,0.0095281396061182,0.1437985152006149,0.0372728891670703,0.0044300244189798,Action
0.7280545234680176,0.0509419031441211,0.0214776434004306,0.0008940814295783,0.0718985870480537,0.1168229579925537,0.0099103348329663,Action
0.7056760191917419,0.0210000779479742,0.009677437134087,0.0012945249909535,0.0395732372999191,0.2146984785795211,0.0080802589654922,Action
0.0495756976306438,0.0907115414738655,0.0047221449203789,0.0042214784771203,0.7732365727424622,0.0433172322809696,0.034215398132801,Action
0.0186188202351331,0.0414336025714874,0.008594574406743,0.008678751066327,0.9095445275306702,0.0087680043652653,0.0043617659248411,Action
0.0028987969271838,0.0146738812327384,0.0066443374380469,0.0110811805352568,0.9358404278755188,0.0180560834705829,0.0108052594587206,Action
0.0059775882400572,0.0248060524463653,0.0129852686077356,0.0044654957018792,0.0929735004901886,0.8559063673019409,0.002885777503252,Action
0.0061361910775303,0.0118528576567769,0.7312797904014587,0.0032185735180974,0.2011111080646515,0.0361041314899921,0.0102973571047186,Action
0.009040655568242,0.0045364731922745,0.0135754123330116,0.0068177236244082,0.8661644458770752,0.0107722636312246,0.0890930444002151,Action
0.0039015051443129,0.0014447098365053,0.0008171364897862,0.956044375896454,0.0256050582975149,0.0025248345918953,0.0096623245626688,Action
0.1142320409417152,0.0192136205732822,0.0009094303823076,0.1812758296728134,0.6251658797264099,0.0377693213522434,0.0214339643716812,Action
0.0566461980342865,0.2299744188785553,0.0029080430977046,0.0805553793907165,0.6173494458198547,0.0069701867178082,0.0055962707847356,Action
