anger,disgust,fear,joy,neutral,sadness,surprise,genre
0.0178073607385158,0.0307784546166658,0.1873282045125961,0.1337184458971023,0.5373718738555908,0.0806891322135925,0.0123064955696463,Action
0.8473061323165894,0.0584878213703632,0.0033378680236637,0.0012096602004021,0.0274766683578491,0.0599232278764247,0.002258519642055,Action
0.0076419999822974,0.0035965491551905,0.9535902738571168,0.0019854418933391,0.0103923706337809,0.0144039262086153,0.0083895055577158,Action
0.0434765182435512,0.0350110717117786,0.0970430895686149,0.0257491655647754,0.7837097644805908,0.0099347019568085,0.0050757490098476,Action
0.0670014098286628,0.221877783536911,0.0026435384061187,0.0088660512119531,0.4762943685054779,0.0081409476697444,0.2151758968830108,Action
0.2365310788154602,0.1455153822898864,0.0157366134226322,0.0216405373066663,0.5392459630966187,0.039380207657814,0.0019502479117363,Action
0.2177507430315017,0.418577492237091,0.003313782159239,0.0163876973092556,0.3003414273262024,0.041433461010456,0.0021954241674393,Action
0.038502249866724,0.0851823687553405,0.0891758874058723,0.0043184622190892,0.1060251519083976,0.0499153509736061,0.6268805265426636,Action
0.4933598339557647,0.12596395611763,0.0885263681411743,0.0073782834224402,0.2290562689304351,0.04503009095788,0.0106851551681756,Action
0.0898351296782493,0.1413604915142059,0.0752138718962669,0.0050071007572114,0.1945082247257232,0.487928032875061,0.0061471881344914,Action
0.0752995759248733,0.384312242269516,0.0937495902180671,0.0011573171941563,0.0567915812134742,0.3740677237510681,0.0146219283342361,Action
0.0144127355888485,0.974835216999054,0.0015841759741306,0.0005474123754538,0.0049636475741863,0.0031386418268084,0.0005181417218409,Action
0.0140767442062497,0.0474267974495887,0.086034819483757,0.024670535698533,0.5957937240600586,0.0179544370621442,0.2140429615974426,Action
0.0346873290836811,0.3355025947093963,0.2406734675168991,0.0058797518722712,0.2165352255105972,0.1584828495979309,0.0082388296723365,Action
0.1067433804273605,0.1840123385190963,0.0469618886709213,0.004105809610337,0.3889036178588867,0.2666105031967163,0.0026625280734151,Action
0.0126291513442993,0.0337347462773323,0.0130086997523903,0.0120884301140904,0.9016155004501344,0.0144131341949105,0.0125103807076811,Action
0.0253363065421581,0.2332462668418884,0.2674847543239593,0.0093633495271205,0.336596816778183,0.0345690883696079,0.0934033989906311,Action
0.015996778383851,0.0458125174045562,0.0856178253889083,0.0164524856954813,0.7655022144317627,0.0084974952042102,0.0621207654476165,Action
0.1091351136565208,0.012315853498876,0.8506445288658142,0.0016169396694749,0.0202449224889278,0.0034887911751866,0.0025537740439176,Action
0.0234557166695594,0.0375667102634906,0.0095735602080821,0.0158632881939411,0.7738250494003296,0.134832963347435,0.0048827300779521,Action
0.5494177341461182,0.0686275064945221,0.0500924289226532,0.0027715070173144,0.1592488288879394,0.1503516733646392,0.0194903127849102,Action
0.3603178560733795,0.0656211152672767,0.449686050415039,0.0025588576681911,0.0758916139602661,0.0433680191636085,0.0025565989781171,Action
0.0119393104687333,0.9260729551315308,0.0037476099096238,0.0015402684221044,0.0237144865095615,0.0318900793790817,0.0010952251031994,Action
0.5529699921607971,0.332868754863739,0.0067727747373282,0.0022428659722208,0.0418374463915824,0.0594889819622039,0.0038191673811525,Action
0.0212187152355909,0.5457103252410889,0.0520730800926685,0.0028028327506035,0.1277518272399902,0.2409189045429229,0.009524343535304,Action
0.0102217402309179,0.0400967597961425,0.1881342232227325,0.0159303415566682,0.2857547998428345,0.0051945182494819,0.4546676874160766,Action
0.2474453747272491,0.28216153383255,0.0643340945243835,0.0017340689664706,0.0718448311090469,0.2753519713878631,0.0571280568838119,Action
0.1067112833261489,0.1817381083965301,0.0932774916291236,0.0020860938820987,0.3073573708534241,0.3017617762088775,0.0070678871124982,Action
0.0738779678940773,0.0061903283931314,0.2897042036056518,0.0225888099521398,0.5026737451553345,0.0294969677925109,0.0754679813981056,Action
0.5928412675857544,0.145643338561058,0.0077322623692452,0.0021150866523385,0.1772333234548568,0.0659891068935394,0.0084456345066428,Action
0.0516537949442863,0.1478030383586883,0.0584849379956722,0.0046942480839788,0.4723523259162903,0.1539226174354553,0.1110890358686447,Action
0.4834114015102386,0.0716458708047866,0.0503075905144214,0.0050576888024806,0.3498300313949585,0.0171311814337968,0.0226162020117044,Action
0.08897565305233,0.1115225628018379,0.3801325559616089,0.0065350024960935,0.1620974093675613,0.201729878783226,0.0490069352090358,Action
0.0116007821634411,0.1411060839891433,0.0084271067753434,0.0079800654202699,0.7798900604248047,0.0066886916756629,0.0443071797490119,Action
0.0278437528759241,0.0126749137416481,0.0118453772738575,0.0542301461100578,0.8839802742004395,0.0049201184883713,0.0045053847134113,Action
