anger,disgust,fear,joy,neutral,sadness,surprise,genre
0.0024296373594552,0.003547703847289,0.0004757540882565,0.964143455028534,0.0182834025472402,0.0033806324936449,0.0077395108528435,Comedy
0.0202066600322723,0.0426123701035976,0.0376632027328014,0.0231590513139963,0.8412356972694397,0.0238761696964502,0.0112468302249908,Comedy
0.0362175703048706,0.0942696258425712,0.5985313057899475,0.0031680318061262,0.1016423478722572,0.1584697514772415,0.0077013801783323,Comedy
0.8130896687507629,0.06912362575531,0.0553950667381286,0.0032806585077196,0.0437226220965385,0.0079593593254685,0.0074291126802563,Comedy
0.5310441255569458,0.0199223328381776,0.1183340400457382,0.0017027703579515,0.0479345470666885,0.264855682849884,0.0162064637988805,Comedy
0.0263371355831623,0.015677535906434,0.0046597514301538,0.0063992086797952,0.1303317099809646,0.8098184466362,0.0067762113176286,Comedy
0.0229684803634881,0.9675076603889464,0.0024789308663457,0.0002604280889499,0.002257825108245,0.0036652386188507,0.0008613980025984,Comedy
0.0972382649779319,0.0729444772005081,0.0653008297085762,0.00287172710523,0.7287763357162476,0.0234267022460699,0.0094416495412588,Comedy
0.0644717812538147,0.0800469666719436,0.2581114768981933,0.003852245863527,0.0839962512254715,0.5063768625259399,0.0031443899497389,Comedy
0.9207507967948914,0.0439409129321575,0.0219249166548252,0.0008343292283825,0.0074568572454154,0.0037336153909564,0.0013583714608103,Comedy
0.0471890196204185,0.1434511989355087,0.011210024356842,0.0622712783515453,0.6363440155982971,0.0620424821972847,0.0374920293688774,Comedy
0.0196806322783231,0.8466587662696838,0.1109505519270896,0.0006508533260785,0.0123122110962867,0.0068216915242373,0.0029251414816826,Comedy
0.6465298533439636,0.231830283999443,0.0542860813438892,0.004461248870939,0.0509660765528678,0.0082012601196765,0.0037251571193337,Comedy
0.0021848606411367,0.0130671262741088,0.0019652086775749,0.005144699010998,0.0139780221506953,0.9576461911201476,0.0060138991102576,Comedy
0.0297129563987255,0.0327402427792549,0.0062912972643971,0.0437937714159488,0.8327599763870239,0.0519811026751995,0.0027206542436033,Comedy
0.5388647317886353,0.0228748731315135,0.0543818585574626,0.0028999156784266,0.3581979274749756,0.0076882964931428,0.0150924175977706,Comedy
0.1486200988292694,0.1590754687786102,0.0287027936428785,0.0028832831885665,0.0266756527125835,0.6153181195259094,0.0187245290726423,Comedy
0.945598304271698,0.021598583087325,0.0082761580124497,0.0018468109192326,0.0101929474622011,0.0109449885785579,0.0015422032447531,Comedy
0.0030685062520205,0.0012268699938431,0.000461983581772,0.9740837812423706,0.0089302128180861,0.0025987878907471,0.0096299527212977,Comedy
0.0691387802362442,0.0525747314095497,0.005443574860692,0.0016929910052567,0.0585171394050121,0.8093532919883728,0.0032794380094856,Comedy
0.5430599451065063,0.0407129526138305,0.2598762512207031,0.0136443432420492,0.0988969430327415,0.0370052829384803,0.006804306525737,Comedy
