anger,disgust,fear,joy,neutral,sadness,surprise,genre
0.0075216968543827,0.0040205544792115,0.0063185673207044,0.0327000394463539,0.8963891863822937,0.0078945318236947,0.0451553761959075,Roadshow_theatrical_release
0.007648111321032,0.0159960240125656,0.0426810160279274,0.0136906709522008,0.7165774703025818,0.0132482657209038,0.190158411860466,Roadshow_theatrical_release
0.0199036858975887,0.1307384669780731,0.1082476153969764,0.4054518640041351,0.274357408285141,0.0486130714416503,0.0126878526061773,Roadshow_theatrical_release
0.0227818991988897,0.7915559411048889,0.0242454838007688,0.0420731678605079,0.0956921279430389,0.0140894940122962,0.0095619466155767,Roadshow_theatrical_release
0.8610849976539612,0.1021094918251037,0.0018180547049269,0.0010945263784378,0.0151048824191093,0.0172167848795652,0.001571336411871,Roadshow_theatrical_release
0.1352166980504989,0.0698675885796547,0.0090617146342992,0.0111704869195818,0.5068890452384949,0.2575955688953399,0.0101989191025495,Roadshow_theatrical_release
0.023589864373207,0.0073161725886166,0.0025091022253036,0.0644081905484199,0.0750487148761749,0.0112422164529562,0.8158857822418213,Roadshow_theatrical_release
0.010463086888194,0.0031062541529536,0.0423573851585388,0.726342499256134,0.1499096900224685,0.0077395215630531,0.0600815378129482,Roadshow_theatrical_release
0.3655228316783905,0.4274763464927673,0.0494890287518501,0.001053299056366,0.0376497991383075,0.1157107949256897,0.0030977996066212,Roadshow_theatrical_release
0.0051564564928412,0.0962980091571807,0.0038645055610686,0.0042332326993346,0.0525386594235897,0.8347882032394409,0.003121004672721,Roadshow_theatrical_release
0.1869480311870575,0.2162069529294967,0.0042769275605678,0.0206934921443462,0.5348837375640869,0.032553669065237,0.0044372100383043,Roadshow_theatrical_release
0.0057493154890835,0.0697813481092453,0.0097000878304243,0.0015795133076608,0.056956697255373,0.8536867499351501,0.0025462384801357,Roadshow_theatrical_release
0.0212544668465852,0.031157137826085,0.8924004435539246,0.0008973869844339,0.0286563374102115,0.0172541495412588,0.0083800246939063,Roadshow_theatrical_release
0.1554937809705734,0.1348639279603958,0.0566289089620113,0.0041105262935161,0.4740063548088074,0.0070437048561871,0.1678527444601059,Roadshow_theatrical_release
0.2838380038738251,0.0285003054887056,0.0968597531318664,0.0131489494815468,0.0659262686967849,0.0082110399380326,0.5035156607627869,Roadshow_theatrical_release
0.2723970413208008,0.137089803814888,0.0070182788185775,0.0845294073224067,0.4790214896202087,0.013671881519258,0.0062720398418605,Roadshow_theatrical_release
0.0220559313893318,0.2033159881830215,0.5637767314910889,0.0372575633227825,0.1247742623090744,0.0100606810301542,0.0387588515877723,Roadshow_theatrical_release
0.0437355637550354,0.4074538052082062,0.0096167968586087,0.014862610027194,0.5003799796104431,0.0087262112647295,0.0152250183746218,Roadshow_theatrical_release
0.3971176147460937,0.5314744114875793,0.0047104679979383,0.0008448674343526,0.0500639788806438,0.0121913813054561,0.0035973598714917,Roadshow_theatrical_release
0.5853339433670044,0.2530790865421295,0.0020754055585712,0.005437958985567,0.1263016611337661,0.0222727544605731,0.005499159451574,Roadshow_theatrical_release
0.0398140549659729,0.5573237538337708,0.0024806489236652,0.0728165581822395,0.3079564869403839,0.0150699187070131,0.0045386189594864,Roadshow_theatrical_release
0.0047955773770809,0.0526796914637088,0.82501220703125,0.0114430338144302,0.0506590493023395,0.0419561304152011,0.0134543338790535,Roadshow_theatrical_release
0.9646834135055542,0.008846634067595,0.0156854297965765,0.0005523702129721,0.0064318720251321,0.0015857546823099,0.0022145935799926,Roadshow_theatrical_release
0.0230411943048238,0.0067015043459832,0.9445077776908876,0.0011141184950247,0.0180699042975902,0.004221967421472,0.0023435307666659,Roadshow_theatrical_release
0.0083228955045342,0.1127519160509109,0.0018667270196601,0.2077957689762115,0.6435441374778748,0.016896516084671,0.0088220629841089,Roadshow_theatrical_release
0.0217079892754554,0.0471274890005588,0.0029875750187784,0.601095974445343,0.2683956027030945,0.0553756318986415,0.0033097453415393,Roadshow_theatrical_release
0.019532635807991,0.043026365339756,0.015140701085329,0.0907978117465972,0.8095263838768005,0.0070624579675495,0.0149136129766702,Roadshow_theatrical_release
0.1120091751217842,0.0964507311582565,0.0298320651054382,0.0026238553691655,0.606689453125,0.1354424208402633,0.0169523209333419,Roadshow_theatrical_release
0.0802671015262603,0.0070872968062758,0.5361563563346863,0.0025120370555669,0.014966226182878,0.0243741627782583,0.3346367478370666,Roadshow_theatrical_release
0.0152313718572258,0.7012245059013367,0.1473078727722168,0.0115914437919855,0.097655065357685,0.0047634965740144,0.022226246073842,Roadshow_theatrical_release
0.6099377274513245,0.2587588429450989,0.0394305773079395,0.0008134339586831,0.0197195559740066,0.0676162242889404,0.0037237191572785,Roadshow_theatrical_release
0.0448682680726051,0.0555235221982002,0.0093824202194809,0.0035967116709798,0.147478312253952,0.7276811599731445,0.0114696137607097,Roadshow_theatrical_release
0.3422203660011291,0.1221881434321403,0.0196850188076496,0.007477396633476,0.3767335414886474,0.1275923103094101,0.0041032233275473,Roadshow_theatrical_release
0.7399083375930786,0.0860002636909484,0.019502080976963,0.0063604949973523,0.1164210513234138,0.0300498809665441,0.0017579660052433,Roadshow_theatrical_release
0.1583025306463241,0.430681049823761,0.0548257753252983,0.0047274902462959,0.242196723818779,0.1054552271962165,0.0038113072514533,Roadshow_theatrical_release
0.0699869021773338,0.2847667932510376,0.0076733352616429,0.0231667719781398,0.3416846394538879,0.2640129923820495,0.0087085645645856,Roadshow_theatrical_release
0.0329021103680133,0.0749953016638755,0.0033338700886815,0.0333902090787887,0.8416399955749512,0.0092442808672785,0.0044941985979676,Roadshow_theatrical_release
0.1804170310497284,0.3836127519607544,0.2206311523914337,0.0026633623056113,0.1842710673809051,0.0250826124101877,0.0033220499753952,Roadshow_theatrical_release
0.1347042769193649,0.7693319916725159,0.0530135855078697,0.000949356413912,0.0210649482905864,0.018371470272541,0.0025644176639616,Roadshow_theatrical_release
0.0654606968164444,0.2992977499961853,0.016351968050003,0.0088019631803035,0.5528945922851562,0.0361563526093959,0.021036697551608,Roadshow_theatrical_release
0.0135535905137658,0.0119271529838442,0.0016686487942934,0.0113918399438261,0.9410120844841005,0.0120493415743112,0.0083973882719874,Roadshow_theatrical_release
0.0064797424711287,0.0174587126821279,0.0552314259111881,0.0092400414869189,0.3448295295238495,0.5379942655563354,0.0287663079798221,Roadshow_theatrical_release
0.6468389630317688,0.2545094192028045,0.009324456565082,0.0019688857719302,0.057143960148096,0.0290473122149705,0.0011669440427795,Roadshow_theatrical_release
0.0035601272247731,0.0129199661314487,0.0077151292935013,0.0008901192923076,0.0138259641826152,0.9550474882125854,0.0060411989688873,Roadshow_theatrical_release
0.0241374969482421,0.0493270978331565,0.0097372541204094,0.0038932268507778,0.8809062838554382,0.0203357003629207,0.0116629470139741,Roadshow_theatrical_release
0.8601151704788208,0.0665581077337265,0.0018122416222468,0.0011118043912574,0.0491886958479881,0.0194426104426383,0.0017712472472339,Roadshow_theatrical_release
0.0125070363283157,0.0275668781250715,0.0037569527048617,0.2492042928934097,0.6718652248382568,0.0263075903058052,0.0087920036166906,Roadshow_theatrical_release
0.7375827431678772,0.0420050881803035,0.077123038470745,0.0018042792798951,0.0413184911012649,0.0974452644586563,0.0027211194392293,Roadshow_theatrical_release
0.4261203706264496,0.0947366431355476,0.0532681196928024,0.0034312789794057,0.1176753193140029,0.2990720570087433,0.0056962450034916,Roadshow_theatrical_release
0.1609698086977005,0.1408115029335022,0.0884768962860107,0.0090933395549654,0.4764505326747894,0.114590585231781,0.0096073746681213,Roadshow_theatrical_release
0.0641252323985099,0.1430691480636596,0.0140336174517869,0.003994645550847,0.0802560597658157,0.690589427947998,0.0039318515919148,Roadshow_theatrical_release
0.199805662035942,0.4088229835033417,0.0207806602120399,0.0024098276626318,0.3358432948589325,0.0253285132348537,0.0070090861991047,Roadshow_theatrical_release
0.4408838152885437,0.1167512685060501,0.0967104285955429,0.0066378614865243,0.3074711263179779,0.0272593107074499,0.004286172799766,Roadshow_theatrical_release
0.4706160128116607,0.4200507998466491,0.0034810428041964,0.0015154532156884,0.0750247985124588,0.0240675341337919,0.0052442960441112,Roadshow_theatrical_release
0.1167639940977096,0.1385388672351837,0.0162260308861732,0.0259547792375087,0.5898327231407166,0.104994349181652,0.0076892711222171,Roadshow_theatrical_release
0.3362975716590881,0.6015711426734924,0.0353655964136123,0.0009054715046659,0.0129203042015433,0.0117072444409132,0.0012327438453212,Roadshow_theatrical_release
0.0849191471934318,0.2497507631778717,0.0119299869984388,0.0141434101387858,0.6102677583694458,0.0264555979520082,0.002533377148211,Roadshow_theatrical_release
0.0466265492141246,0.1128504499793052,0.0035768377128988,0.5611315369606018,0.2420817017555236,0.0298889391124248,0.003844027640298,Roadshow_theatrical_release
0.5038282871246338,0.4448028802871704,0.0085481582209467,0.001045822747983,0.014616671949625,0.0256709940731525,0.001487168832682,Roadshow_theatrical_release
0.0120510905981063,0.0184476058930158,0.0065563772805035,0.7065443992614746,0.2220287024974823,0.030963510274887,0.0034083395730704,Roadshow_theatrical_release
0.005120565649122,0.0095544261857867,0.0028425618074834,0.4848435521125793,0.4305308163166046,0.0385124124586582,0.0285955667495727,Roadshow_theatrical_release
