anger,disgust,fear,joy,neutral,sadness,surprise,genre
0.0145921623334288,0.5066410899162292,0.0071559436619281,0.0968998372554779,0.348113477230072,0.0163672156631946,0.0102302273735404,Thriller
0.1121425032615661,0.576231062412262,0.0096805272623896,0.1250689625740051,0.1361562609672546,0.0306092835962772,0.0101114241406321,Thriller
0.0114836990833282,0.0774284079670906,0.0017903750995174,0.3398581147193908,0.529590368270874,0.0251648183912038,0.0146841621026396,Thriller
0.0103973783552646,0.0059693474322557,0.00186597998254,0.7299075126647949,0.2067733407020568,0.0096701448783278,0.0354162752628326,Thriller
0.0135020613670349,0.0036789644509553,0.0277080088853836,0.0025027066003531,0.0537347719073295,0.1722457706928253,0.7266277074813843,Thriller
0.0164147671312093,0.0173946488648653,0.0045667965896427,0.2652020156383514,0.1395856887102127,0.5458051562309265,0.0110309487208724,Thriller
0.0131866615265607,0.0132625792175531,0.004737258888781,0.3317770063877105,0.3380410671234131,0.2180568128824234,0.0809385851025581,Thriller
0.019116137176752,0.0736008286476135,0.0030172348488122,0.0375286862254142,0.8453712463378906,0.0142025519162416,0.0071632978506386,Thriller
0.0034040461760014,0.0095410076901316,0.0017461612587794,0.6909773349761963,0.1745992451906204,0.1101057305932045,0.0096265189349651,Thriller
0.0029539593961089,0.0091934725642204,0.0075529823079705,0.0534016489982605,0.1397837251424789,0.7593192458152771,0.0277949310839176,Thriller
0.0477033555507659,0.0195051543414592,0.1104275584220886,0.0030493782833218,0.0997038930654525,0.6791480183601379,0.0404626168310642,Thriller
0.0070771854370832,0.0064360513351857,0.8941045999526978,0.006945869885385,0.0659481585025787,0.0088868429884314,0.010601301677525,Thriller
