anger,disgust,fear,joy,neutral,sadness,surprise,genre
0.4765736758708954,0.3191228210926056,0.0534517802298069,0.0071774320676922,0.1231079474091529,0.0138241117820143,0.0067422008141875,Action
0.708218514919281,0.1302879601716995,0.0313353240489959,0.0019141208613291,0.0811756998300552,0.0187947340309619,0.0282736774533987,Action
0.1170767322182655,0.2938038110733032,0.0412477105855941,0.0036393168848007,0.1892954558134079,0.3372572064399719,0.0176798067986965,Action
0.0370515286922454,0.8846471309661865,0.0039761802181601,0.0013933314476162,0.0509000681340694,0.0200097803026437,0.0020219746511429,Action
0.0202287845313549,0.0166299697011709,0.0097577078267931,0.0161060243844985,0.8158244490623474,0.0379136204719543,0.0835394114255905,Action
0.0095962481573224,0.0145446397364139,0.0017723550554364,0.0047620586119592,0.8964987397193909,0.0043976451270282,0.0684282928705215,Action
0.0077201426029205,0.0058792103081941,0.0033079297281801,0.0058212918229401,0.9616215229034424,0.0033930214121937,0.0122569669038057,Action
0.0494201406836509,0.0117203425616025,0.016140803694725,0.011782175861299,0.8906168341636658,0.0101263402029871,0.0101932100951671,Action
0.0187898688018322,0.1076325178146362,0.0050913458690047,0.3267835676670074,0.5112706422805786,0.0083739729598164,0.0220580864697694,Action
0.0149398911744356,0.0209987219423055,0.0368760339915752,0.0041230833157896,0.8828189969062805,0.0054647009819746,0.0347785763442516,Action
0.4114760458469391,0.0476770997047424,0.0243765264749526,0.0221868474036455,0.409023642539978,0.0755233094096183,0.0097365584224462,Action
0.0064434697851538,0.0057279616594314,0.0135801052674651,0.1452970653772354,0.8014551401138306,0.0064957994036376,0.021000450477004,Action
0.56712806224823,0.235953152179718,0.0080187888815999,0.002245552605018,0.0881756693124771,0.0961148217320442,0.0023639528080821,Action
0.0333767980337142,0.0092373890802264,0.1176149547100067,0.0266665332019329,0.482743352651596,0.3199916779994964,0.0103693176060915,Action
0.0379876196384429,0.0437015518546104,0.0302847884595394,0.0022738005500286,0.7928832173347473,0.0789012312889099,0.0139678576961159,Action
0.004992741625756,0.0075093167833983,0.0011634670663625,0.0584537647664547,0.8418775200843811,0.0188915729522705,0.0671116188168525,Action
0.0124255111441016,0.0030478045810014,0.9579282999038696,0.0020235215779393,0.0145747559145092,0.0038474544417113,0.006152628455311,Action
0.5744237899780273,0.0227594524621963,0.3448400497436523,0.0029535684734582,0.042131807655096,0.0091850543394684,0.0037061972543597,Action
0.0388123430311679,0.0313374139368534,0.0017621335573494,0.0597982332110405,0.8388002514839172,0.0129526844248175,0.0165369920432567,Action
0.8951302170753479,0.0315763019025325,0.0074648624286055,0.0010939572239294,0.0363640859723091,0.0241912845522165,0.0041792532429099,Action
0.1412435173988342,0.0184917710721492,0.0186879076063632,0.0079646669328212,0.7957592010498047,0.0059440699405968,0.0119088552892208,Action
0.1955964863300323,0.0303799137473106,0.1441178917884826,0.005911027546972,0.5551319122314453,0.0389536023139953,0.0299091450870037,Action
0.2361714243888855,0.1119748726487159,0.0557584092020988,0.0025772773660719,0.0709843561053276,0.51642906665802,0.006104614585638,Action
0.7978063821792603,0.1102007925510406,0.0131011353805661,0.0020412886515259,0.0448454245924949,0.0203250218182802,0.0116800377145409,Action
0.0624929368495941,0.0924968868494033,0.0170977264642715,0.0083297863602638,0.736704409122467,0.0114386836066842,0.0714396014809608,Action
0.0126472022384405,0.0480307973921299,0.0043915528804063,0.0474606268107891,0.86452716588974,0.0039685480296611,0.0189741235226392,Action
0.007131403312087,0.0111170141026377,0.0158739611506462,0.1170687079429626,0.677673876285553,0.1576981842517852,0.0134367858991026,Action
