anger,disgust,fear,joy,neutral,sadness,surprise,genre
0.000857746344991,0.0014590631471946,0.9889454245567322,0.0015860268613323,0.0041787894442677,0.0011096062371507,0.0018633736763149,Zombie_Film
0.0129504334181547,0.0094960499554872,0.0086450055241584,0.2164845317602157,0.5894952416419983,0.0135872839018702,0.1493414491415023,Zombie_Film
0.0238346457481384,0.5122487545013428,0.0316448472440242,0.0023206542246043,0.401218056678772,0.0119759291410446,0.0167571529746055,Zombie_Film
0.0995368659496307,0.2279382795095443,0.0293043665587902,0.0119650792330503,0.5676537156105042,0.0410480238497257,0.0225536730140447,Zombie_Film
0.5917208790779114,0.2184411138296127,0.0477053113281726,0.0061343796551227,0.089314304292202,0.0417345874011516,0.0049493364058434,Zombie_Film
0.5257454514503479,0.1193638145923614,0.0371839664876461,0.0038421866483986,0.2477767318487167,0.0573429800570011,0.0087448880076408,Zombie_Film
0.2005029916763305,0.0352986827492713,0.1311110854148864,0.00456910347566,0.5849164128303528,0.0170004144310951,0.0266013145446777,Zombie_Film
0.0493185445666313,0.0070877564139664,0.0108965411782264,0.0090313628315925,0.9116391539573668,0.0064791594631969,0.0055474424734711,Zombie_Film
0.0774720609188079,0.0139091303572058,0.2814029455184936,0.0078030214644968,0.5444567203521729,0.0340123325586319,0.0409438237547874,Zombie_Film
0.0780227705836296,0.0366348214447498,0.0300519969314336,0.0153602454811334,0.7397974729537964,0.0246433615684509,0.0754892975091934,Zombie_Film
0.2974393963813782,0.1281585395336151,0.0094499215483665,0.0028066840022802,0.4667475819587707,0.0770213454961776,0.0183765534311532,Zombie_Film
0.0426692627370357,0.0633979216217994,0.0084223337471485,0.0039989715442061,0.8519842624664307,0.0205812770873308,0.0089459437876939,Zombie_Film
0.0205140672624111,0.0651862844824791,0.0078805712983012,0.002226494019851,0.6352728605270386,0.2207774072885513,0.0481422506272792,Zombie_Film
0.0074879042804241,0.0053894687443971,0.0044679366983473,0.0026050000451505,0.8852465748786926,0.0084157539531588,0.0863874033093452,Zombie_Film
0.1202645078301429,0.684266984462738,0.0369185283780097,0.0009167144889943,0.0427002236247062,0.1118458211421966,0.003087316872552,Zombie_Film
0.014190268702805,0.4741271734237671,0.1956718564033508,0.0055731837637722,0.1294132769107818,0.0072244340553879,0.1737998127937317,Zombie_Film
0.2303725481033325,0.6961545944213867,0.0133121078833937,0.0070641669444739,0.0322140790522098,0.0177288297563791,0.0031536079477518,Zombie_Film
0.0421471856534481,0.18059803545475,0.4773612022399902,0.0025670442264527,0.1260068267583847,0.0895522162318229,0.0817675292491912,Zombie_Film
0.009381822310388,0.0332634523510932,0.155606061220169,0.0031560335773974,0.1730506271123886,0.3374893069267273,0.2880527079105377,Zombie_Film
0.0239370130002498,0.0714105367660522,0.0091115571558475,0.0127985533326864,0.3025719821453094,0.438635379076004,0.1415349394083023,Zombie_Film
0.0095015875995159,0.0112119130790233,0.0202796924859285,0.006489600520581,0.606342077255249,0.0186710935086011,0.3275040984153747,Zombie_Film
0.0177593920379877,0.0125312199816107,0.0183724574744701,0.0027136392891407,0.8577401638031006,0.0285441111773252,0.0623390525579452,Zombie_Film
0.4133362472057342,0.3820298016071319,0.0130571564659476,0.0017098693642765,0.1122732535004615,0.0750328749418258,0.0025608763098716,Zombie_Film
0.4517911076545715,0.2415373623371124,0.0100863603875041,0.0037339921109378,0.27255579829216,0.0169992372393608,0.0032961964607238,Zombie_Film
0.9146422743797302,0.017139695584774,0.0328624807298183,0.0008693966665305,0.026219418272376,0.0065258461982011,0.0017408789135515,Zombie_Film
0.8219630718231201,0.0566622912883758,0.0047727320343256,0.0019163262331858,0.0892853364348411,0.0186153911054134,0.0067850248888134,Zombie_Film
0.0249431580305099,0.0376235134899616,0.1954046636819839,0.0024378364905714,0.6980330944061279,0.0134957786649465,0.028061905875802,Zombie_Film
0.0081722987815737,0.044123601168394,0.0295259077101945,0.0186131615191698,0.558340311050415,0.2034831941127777,0.1377415210008621,Zombie_Film
0.0792321637272834,0.7122958302497864,0.0350021347403526,0.001661138026975,0.1377816796302795,0.0272056367248296,0.006821391172707,Zombie_Film
0.072116807103157,0.839134693145752,0.0273772925138473,0.0020131540950387,0.0452833324670791,0.0069795735180377,0.0070950151421129,Zombie_Film
0.3179951906204223,0.1272427290678024,0.0120528293773531,0.0031316601671278,0.033762939274311,0.5024549961090088,0.0033596302382647,Zombie_Film
0.0148509694263339,0.0040224390104413,0.0077398167923092,0.0083281248807907,0.0694247409701347,0.0052527375519275,0.8903812170028687,Zombie_Film
0.048953466117382,0.1216651126742363,0.0262127555906772,0.0169102065265178,0.7664591670036316,0.0080067701637744,0.0117925144731998,Zombie_Film
0.0122502064332365,0.0613162033259868,0.0034495051950216,0.0425499454140663,0.8501618504524231,0.0218938309699296,0.0083784852176904,Zombie_Film
0.4952078461647033,0.1055148541927337,0.1611265391111374,0.0021493507083505,0.1946472227573394,0.0176639575511217,0.0236903075128793,Zombie_Film
0.0319773070514202,0.8147763609886169,0.0142444400116801,0.0009257032652385,0.0832875669002533,0.0119834560900926,0.0428052134811878,Zombie_Film
0.6615073084831238,0.1035556048154831,0.0924111977219581,0.0032746857032179,0.1146124154329299,0.015101377852261,0.0095374314114451,Zombie_Film
0.0307232495397329,0.0347170233726501,0.2267234325408935,0.0076819802634418,0.483143150806427,0.2049752473831176,0.012035890482366,Zombie_Film
0.0699139833450317,0.0851148143410682,0.1237169057130813,0.0165018793195486,0.6228867173194885,0.0781310051679611,0.003734731581062,Zombie_Film
0.1269715875387191,0.0223998446017503,0.0880157649517059,0.0033609108068048,0.24813012778759,0.4052101969718933,0.1059116125106811,Zombie_Film
0.0250255428254604,0.097511313855648,0.0721743404865264,0.005399758927524,0.6919398307800293,0.0152875185012817,0.0926617085933685,Zombie_Film
0.0057340930216014,0.0167333949357271,0.8204041719436646,0.0027092604432255,0.1223256066441536,0.0169535558670759,0.0151398871093988,Zombie_Film
0.0385396815836429,0.0896528288722038,0.0159104038029909,0.0125138331204652,0.6847977638244629,0.1071583777666091,0.051427099853754,Zombie_Film
0.0445154942572116,0.8875088095664978,0.0241880640387535,0.0010089689167216,0.0271704066544771,0.0134433573111891,0.0021648693364113,Zombie_Film
0.0803204551339149,0.2047810107469558,0.2680431306362152,0.0028979554772377,0.2917733490467071,0.0809898003935813,0.0711942687630653,Zombie_Film
0.0927610918879509,0.1092737838625907,0.0197131540626287,0.0135870510712265,0.4213566184043884,0.1300593167543411,0.2132489681243896,Zombie_Film
0.0592613890767097,0.7873690724372864,0.0706957429647445,0.0014373493613675,0.0599506385624408,0.015878826379776,0.0054071228951215,Zombie_Film
0.0082862116396427,0.0178850945085287,0.0066929529421031,0.0049806963652372,0.3371332287788391,0.5790512561798096,0.0459705777466297,Zombie_Film
0.0102918799966573,0.0372335277497768,0.0071471971459686,0.0016042180359363,0.917146623134613,0.0051392433233559,0.0214373022317886,Zombie_Film
0.0072382679209113,0.0035142872948199,0.0016834571724757,0.0127556854858994,0.8769107460975647,0.0052037606947124,0.0926937311887741,Zombie_Film
0.0401944927871227,0.0109128141775727,0.0520437508821487,0.0039264052174985,0.8313064575195312,0.0458011738955974,0.0158149190247058,Zombie_Film
0.0238209068775177,0.048266589641571,0.0014836671762168,0.0310550779104232,0.8768301010131836,0.0158368796110153,0.0027067982591688,Zombie_Film
0.1543918997049331,0.09845732152462,0.5663446187973022,0.0029274309054017,0.1331615000963211,0.0338260605931282,0.0108911488205194,Zombie_Film
0.4552346467971802,0.1617052406072616,0.1772083044052124,0.0015650526620447,0.1021918430924415,0.085844412446022,0.0162505023181438,Zombie_Film
0.0217658132314682,0.0585158206522464,0.1938165724277496,0.0056201331317424,0.6038532257080078,0.0485243685543537,0.0679040998220443,Zombie_Film
0.0991281419992446,0.1088614538311958,0.2456893473863601,0.006112995557487,0.5225104093551636,0.0117946872487664,0.0059030354022979,Zombie_Film
0.0538836531341075,0.0253533851355314,0.0233349651098251,0.0023355765733867,0.3112918436527252,0.5391289591789246,0.0446716472506523,Zombie_Film
0.5523139238357544,0.0778926089406013,0.1056951433420181,0.0018363414565101,0.2208139151334762,0.0251973532140254,0.0162507630884647,Zombie_Film
0.3485542237758636,0.146592304110527,0.1686085015535354,0.0019086976535618,0.2710633277893066,0.0574347674846649,0.0058382172137498,Zombie_Film
0.0308083351701498,0.0138380955904722,0.0279990416020154,0.0020689598750323,0.5557414293289185,0.009267927147448,0.3602762520313263,Zombie_Film
0.7365210652351379,0.1311621218919754,0.0337347835302352,0.0010279077105224,0.0336282551288604,0.0616209618747234,0.0023049768060445,Zombie_Film
0.5130264163017273,0.0809308141469955,0.038581620901823,0.0049323672428727,0.2714868187904358,0.0293371882289648,0.061704721301794,Zombie_Film
0.6201486587524414,0.0327865704894065,0.0436828918755054,0.0019958927296102,0.1542700082063675,0.1229884251952171,0.0241275839507579,Zombie_Film
0.0283966716378927,0.6022736430168152,0.0463478565216064,0.0013337128330022,0.1390074789524078,0.144283190369606,0.038357425481081,Zombie_Film
0.139438658952713,0.1498351693153381,0.3093094825744629,0.0030899927951395,0.2605545818805694,0.0476274192333221,0.0901446789503097,Zombie_Film
0.0240881536155939,0.1540772020816803,0.0637565478682518,0.0019884789362549,0.7088636159896851,0.0316360406577587,0.0155899440869688,Zombie_Film
0.0037775093223899,0.0042273169383406,0.0016294316155835,0.0023324510548263,0.0373539850115776,0.0040119467303156,0.9466673731803894,Zombie_Film
0.0191509667783975,0.1291313171386718,0.3362894058227539,0.0047913389280438,0.4130863547325134,0.0259227212518453,0.0716279372572898,Zombie_Film
0.0406063869595527,0.1283788233995437,0.2016743421554565,0.0020181415602564,0.0666182860732078,0.5299988389015198,0.0307051762938499,Zombie_Film
0.7969656586647034,0.1157451868057251,0.0536150000989437,0.0015694171888753,0.0245517939329147,0.0047138985246419,0.0028390435036271,Zombie_Film
0.0699340626597404,0.0332050845026969,0.290998637676239,0.0054899924434721,0.2091814875602722,0.3062324821949005,0.0849582627415657,Zombie_Film
0.0404193885624408,0.624333918094635,0.0102089112624526,0.0074013224802911,0.2953200042247772,0.0155803207308053,0.0067360703833401,Zombie_Film
0.3642038106918335,0.2891183197498321,0.0616911388933658,0.0064929658547043,0.2563923597335815,0.0152352126315236,0.0068661868572235,Zombie_Film
0.931520938873291,0.0372711569070816,0.0060378704220056,0.0010325618786737,0.0168058387935161,0.005267227999866,0.0020643242169171,Zombie_Film
0.1301920264959335,0.0892988219857215,0.0394321046769619,0.0026110443286597,0.4697543978691101,0.263618528842926,0.0050930874422192,Zombie_Film
0.0256951786577701,0.0225605051964521,0.1245056763291359,0.0076849162578582,0.2942118644714355,0.0061110854148864,0.519230842590332,Zombie_Film
0.5578423142433167,0.0423358716070652,0.0685551092028617,0.0032440959475934,0.1065438687801361,0.1728060841560363,0.0486726611852645,Zombie_Film
0.1020925864577293,0.0471048355102539,0.0288673490285873,0.0053646746091544,0.7806944847106934,0.0327327065169811,0.0031433687545359,Zombie_Film
0.1343181133270263,0.2027897834777832,0.0036847486626356,0.0383393578231334,0.5213254690170288,0.0952602922916412,0.004282253794372,Zombie_Film
0.6005081534385681,0.1667446047067642,0.0188350118696689,0.0017831986770033,0.0879595875740051,0.0124157024547457,0.1117537319660186,Zombie_Film
0.3357325196266174,0.0917914733290672,0.0140491854399442,0.0017998192925006,0.4459322094917297,0.0937035009264946,0.0169912856072187,Zombie_Film
0.2076583355665207,0.6998869776725769,0.0494342111051082,0.0019723321311175,0.0305563975125551,0.008317238651216,0.0021744568366557,Zombie_Film
0.3461929261684418,0.1392804682254791,0.0032958707306534,0.0312464665621519,0.4408487379550934,0.0309589337557554,0.0081765493378043,Zombie_Film
0.1235065311193466,0.0644344016909599,0.0060706096701323,0.0081943348050117,0.7531749606132507,0.0315449014306068,0.0130743142217397,Zombie_Film
0.0090027870610356,0.1269833743572235,0.0150167429819703,0.0258021019399166,0.7875755429267883,0.0274395495653152,0.0081798266619443,Zombie_Film
0.0775522291660308,0.0157869029790163,0.0220741350203752,0.0088250404223799,0.8201145529747009,0.0087215350940823,0.046925563365221,Zombie_Film
0.015856934711337,0.0185445249080657,0.6197479963302612,0.0026204390451312,0.1168205663561821,0.0238310657441616,0.202578529715538,Zombie_Film
0.3613456487655639,0.5581557154655457,0.0132086090743541,0.0013119599316269,0.0251306015998125,0.0362047925591468,0.004642613697797,Zombie_Film
0.0118885599076747,0.0123912096023559,0.3645314574241638,0.0086975842714309,0.5408408641815186,0.0415653996169567,0.0200848840177059,Zombie_Film
0.0976940467953682,0.0377780087292194,0.010129852220416,0.4348927140235901,0.3992219865322113,0.0177810471504926,0.002502262359485,Zombie_Film
0.0110939042642712,0.0065168235450983,0.0023251071106642,0.2998412251472473,0.6072922945022583,0.0296590719372034,0.0432715602219104,Zombie_Film
