anger,disgust,fear,joy,neutral,sadness,surprise,genre
0.3921608626842499,0.0725711658596992,0.2264089435338974,0.004009548574686,0.1986553519964218,0.0778023824095726,0.0283917319029569,Science_Fiction
0.0150829413905739,0.348650187253952,0.0116810714825987,0.0037696675863116,0.4578635692596435,0.1264382451772689,0.036514263600111,Science_Fiction
0.008733769878745,0.1508572846651077,0.0036781078670173,0.0026247964706271,0.0936077237129211,0.7359641194343567,0.0045341430231928,Science_Fiction
0.0398257449269294,0.3459061682224273,0.0443386547267437,0.0014825485413894,0.2103657126426696,0.3416076600551605,0.0164735149592161,Science_Fiction
0.0387959256768226,0.065323419868946,0.0629080459475517,0.0041738632135093,0.5685626268386841,0.2416384369134903,0.0185976736247539,Science_Fiction
0.0096237538382411,0.0447039753198623,0.0073083001188933,0.2350396364927292,0.6715062260627747,0.0121624683961272,0.0196556448936462,Science_Fiction
0.3194027543067932,0.153084859251976,0.0376398339867591,0.0083703156560659,0.4565839469432831,0.0188411585986614,0.0060772658325731,Science_Fiction
0.0375716388225555,0.1024645715951919,0.0191364232450723,0.0092588840052485,0.7778774499893188,0.0385259985923767,0.0151650058105587,Science_Fiction
0.0173746850341558,0.0079169338569045,0.0079514682292938,0.041125264018774,0.6015923023223877,0.0057198666036129,0.3183194994926452,Science_Fiction
0.1157021895051002,0.3470789492130279,0.0954314693808555,0.0029514650814235,0.1399900168180465,0.2696432173252105,0.0292026400566101,Science_Fiction
0.0670939236879348,0.8638980388641357,0.0031551336869597,0.0012403920991346,0.0529862232506275,0.0102613316848874,0.001365061267279,Science_Fiction
0.0305216647684574,0.4176942408084869,0.0437559597194194,0.00531135359779,0.4241777062416076,0.0441298373043537,0.0344093032181263,Science_Fiction
0.653616726398468,0.2820001244544983,0.0249313991516828,0.0023503354750573,0.0235052853822708,0.0101963290944695,0.0033997697755694,Science_Fiction
0.4671266078948974,0.241757720708847,0.0145903853699564,0.0032868247944861,0.2624990046024322,0.0034204139374196,0.0073190149851143,Science_Fiction
0.0167675763368606,0.0080954013392329,0.6517941355705261,0.0105237672105431,0.2568341791629791,0.0516957975924015,0.0042891683988273,Science_Fiction
0.0309970453381538,0.0487385541200637,0.0049336249940097,0.0743639171123504,0.7984618544578552,0.0375958755612373,0.0049091107212007,Science_Fiction
0.1783119738101959,0.040158849209547,0.0050908215343952,0.0591973029077053,0.6172367334365845,0.090808056294918,0.0091962553560733,Science_Fiction
0.1836899667978286,0.0077382493764162,0.7826404571533203,0.0017038757214322,0.0170400813221931,0.0042832121253013,0.0029041355010122,Science_Fiction
0.060910265892744,0.0224535036832094,0.0040527926757931,0.0105882883071899,0.8896151185035706,0.008047598414123,0.0043323310092091,Science_Fiction
0.0046357614919543,0.0037257932126522,0.0037602598313242,0.0021452843211591,0.0071583613753318,0.0010476021561771,0.9775269031524658,Science_Fiction
0.6014324426651001,0.0241139791905879,0.0136160757392644,0.0034647262655198,0.1699711233377456,0.0111683858558535,0.1762332916259765,Science_Fiction
0.0425319485366344,0.0546074397861957,0.0048364950343966,0.0059874979779124,0.5023297071456909,0.2875845432281494,0.1021223440766334,Science_Fiction
0.2212937176227569,0.2181520164012909,0.005471508949995,0.0128144370391964,0.4946697652339935,0.0453971475362777,0.0022014849819242,Science_Fiction
0.0115666184574365,0.0062161949463188,0.0014447654830291,0.5867388844490051,0.3683319687843323,0.0087946215644478,0.0169069711118936,Science_Fiction
