anger,disgust,fear,joy,neutral,sadness,surprise,genre
0.0268560405820608,0.2694036960601806,0.0159246232360601,0.1853688806295395,0.4513280689716339,0.0118207950145006,0.0392978936433792,Romantic_comedy
0.5557239651679993,0.0723229423165321,0.014389076270163,0.0041872998699545,0.2703247368335724,0.0771347656846046,0.0059172501787543,Romantic_comedy
0.0131832640618085,0.0041720871813595,0.0092988209798932,0.041351567953825,0.8840685486793518,0.0084106968715786,0.0395149998366832,Romantic_comedy
0.010494583286345,0.0069437962956726,0.0017528111347928,0.011864517815411,0.9505099058151244,0.0037540725897997,0.0146804172545671,Romantic_comedy
0.0351808555424213,0.0567930340766906,0.0131455855444073,0.3016027212142944,0.3010328114032745,0.2881320714950561,0.004112999420613,Romantic_comedy
0.0076850620098412,0.049739271402359,0.0900797396898269,0.3938451707363128,0.4275175333023071,0.0181713830679655,0.0129619156941771,Romantic_comedy
0.4160093069076538,0.4927504956722259,0.0161850024014711,0.0036327578127384,0.0455704890191555,0.0168728902935981,0.0089791566133499,Romantic_comedy
0.0087358523160219,0.009605873376131,0.0026664957404136,0.0020435326732695,0.9273769855499268,0.0273432210087776,0.0222280006855726,Romantic_comedy
0.5006691217422485,0.1759454905986786,0.1947180181741714,0.0020180291030555,0.1053034663200378,0.0175454784184694,0.0038003479130566,Romantic_comedy
0.409639447927475,0.3695089519023895,0.0097084129229187,0.0017774327425286,0.1668042242527008,0.0354074910283088,0.007154141087085,Romantic_comedy
0.0087497811764478,0.0803599953651428,0.0706670135259628,0.0098558412864804,0.6309213042259216,0.0050843572244048,0.1943617016077041,Romantic_comedy
0.0061540910974144,0.003562890458852,0.0051405732519924,0.0306159798055887,0.8617991209030151,0.0138052133843302,0.0789220109581947,Romantic_comedy
0.0185709856450557,0.0607863180339336,0.0027625814545899,0.0078077586367726,0.8808253407478333,0.017714936286211,0.0115319630131125,Romantic_comedy
0.0806508436799049,0.0661494731903076,0.0082656880840659,0.0282489974051713,0.7791473865509033,0.0238771717995405,0.0136603396385908,Romantic_comedy
0.0090872719883918,0.0050343135371804,0.0097484122961759,0.0477518923580646,0.7214943766593933,0.0149859208613634,0.1918978095054626,Romantic_comedy
0.2563182413578033,0.6250025033950806,0.0126690715551376,0.0019059990299865,0.0515091381967067,0.0501983128488063,0.002396730473265,Romantic_comedy
0.0930843949317932,0.0224801655858755,0.0042222351767122,0.0110728163272142,0.806486189365387,0.038001537322998,0.024652624502778,Romantic_comedy
0.4022124111652374,0.1167575716972351,0.0055576181039214,0.0077084931544959,0.3848196864128113,0.0605498142540454,0.0223944038152694,Romantic_comedy
0.0095990318804979,0.0392065197229385,0.0027594659477472,0.3127758204936981,0.5992267727851868,0.0113927852362394,0.0250396411865949,Romantic_comedy
0.0108798742294311,0.0329004153609275,0.0037679676897823,0.0451638735830783,0.8741850256919861,0.0145405447110533,0.0185622721910476,Romantic_comedy
0.0067195841111242,0.0075876181945204,0.00265334546566,0.3633280396461487,0.3860182762145996,0.0087282145395874,0.2249648422002792,Romantic_comedy
0.0036218948662281,0.0060906666330993,0.0013188871089369,0.6134047508239746,0.2570152580738067,0.0955994874238967,0.0229490716010332,Romantic_comedy
0.047374028712511,0.0920215621590614,0.0143371988087892,0.0051990882493555,0.4982219636440277,0.309208333492279,0.0336378253996372,Romantic_comedy
0.2002392709255218,0.4247512221336365,0.0665982440114021,0.0103644551709294,0.2541486024856567,0.0255840253084898,0.0183142181485891,Romantic_comedy
0.0089875534176826,0.0085891438648104,0.0018957740394398,0.0460559129714965,0.8143151998519897,0.0051703369244933,0.1149860098958015,Romantic_comedy
0.6441914439201355,0.1875358074903488,0.0088975289836525,0.003465216839686,0.0991886556148529,0.0518325753509998,0.0048886593431234,Romantic_comedy
0.0158474668860435,0.0543648786842823,0.0105751035735011,0.3040510714054107,0.5841274857521057,0.017770143225789,0.0132638532668352,Romantic_comedy
0.0114246420562267,0.0048412983305752,0.0033511484507471,0.0761046707630157,0.8417310118675232,0.0062498110346496,0.0562974065542221,Romantic_comedy
0.0189457163214683,0.0330051407217979,0.0193755291402339,0.0047195851802825,0.8649916648864746,0.0083338525146245,0.0506284944713115,Romantic_comedy
0.2471756935119629,0.1147121116518974,0.0077877845615148,0.1242147907614708,0.4600875079631805,0.0313296280801296,0.0146924210712313,Romantic_comedy
0.1819085329771042,0.6457409262657166,0.0112197706475853,0.0038964541163295,0.0447259992361068,0.1077352911233902,0.0047729606740176,Romantic_comedy
0.1048753783106803,0.0590864084661006,0.0070213875733315,0.0462133586406707,0.7536600828170776,0.0268551371991634,0.0022883091587573,Romantic_comedy
0.0097677605226635,0.4093697071075439,0.0080553898587822,0.0249421373009681,0.4887605011463165,0.0287862289696931,0.0303182061761617,Romantic_comedy
0.0872117131948471,0.6729829907417297,0.0454007238149642,0.0083794668316841,0.1571073830127716,0.0203088540583848,0.0086089046671986,Romantic_comedy
0.014806437306106,0.8450130820274353,0.0104621145874261,0.0017338433535769,0.104143738746643,0.0167088564485311,0.0071320417337119,Romantic_comedy
0.0119338389486074,0.0194291081279516,0.0045496015809476,0.0049545988440513,0.8935236930847168,0.0121801206842064,0.0534290000796318,Romantic_comedy
0.1940927803516388,0.052948210388422,0.0523884370923042,0.0089331986382603,0.5502264499664307,0.1149736568331718,0.0264373216778039,Romantic_comedy
0.0017890001181513,0.0060205999761819,0.0009985810611397,0.0025144107639789,0.0234779529273509,0.959726333618164,0.0054730614647269,Romantic_comedy
0.2536389529705047,0.0584137327969074,0.014924912713468,0.0017958439420908,0.0986085161566734,0.5627029538154602,0.0099151153117418,Romantic_comedy
0.0410451143980026,0.0485587455332279,0.1397937685251236,0.0050248890183866,0.6165472269058228,0.0306484773755073,0.1183817684650421,Romantic_comedy
0.4533385932445526,0.1166962683200836,0.2647942006587982,0.0024206272792071,0.1215658634901046,0.0264442022889852,0.0147402100265026,Romantic_comedy
0.0045804656110703,0.0010426129447296,0.002336049452424,0.0090449377894401,0.0146867129951715,0.0023074424825608,0.9660018086433412,Romantic_comedy
0.0750583708286285,0.4384426176548004,0.0037698843516409,0.0173491705209016,0.2163577228784561,0.2382075190544128,0.0108146267011761,Romantic_comedy
0.3947408199310303,0.1344836503267288,0.0437017604708671,0.0101764723658561,0.3744948804378509,0.0311413630843162,0.0112610552459955,Romantic_comedy
0.2330220341682434,0.5405991077423096,0.0566198527812957,0.0032880674116313,0.093197576701641,0.0538498647511005,0.0194234177470207,Romantic_comedy
0.0099664935842156,0.0028470971155911,0.0018420814303681,0.0111437123268842,0.95650053024292,0.0035882452502846,0.0141119677573442,Romantic_comedy
0.1805873662233352,0.0566127486526966,0.1458771377801895,0.0066445390693843,0.5777482986450195,0.007798530627042,0.0247313696891069,Romantic_comedy
0.0450766161084175,0.0038120346143841,0.8897448778152466,0.0026911329478025,0.037682544440031,0.0107120322063565,0.01028089877218,Romantic_comedy
0.0209851469844579,0.0055210329592227,0.1225207075476646,0.0121508492156863,0.7926334738731384,0.0189476273953914,0.0272412039339542,Romantic_comedy
0.1304802298545837,0.0996133610606193,0.239795833826065,0.0035439969506114,0.423089325428009,0.031457707285881,0.0720193907618522,Romantic_comedy
0.0253360290080308,0.2110516875982284,0.0754808560013771,0.2538170516490936,0.3425069451332092,0.0097401514649391,0.0820673108100891,Romantic_comedy
0.037364587187767,0.0873110517859458,0.0517677143216133,0.0022410417441278,0.7506106495857239,0.0435377657413482,0.0271671954542398,Romantic_comedy
0.0757315531373024,0.8369434475898743,0.0098789604380726,0.0008256675791926,0.0497322306036949,0.0242133047431707,0.0026747714728116,Romantic_comedy
0.075571209192276,0.007798315025866,0.0105664394795894,0.013716678135097,0.1374089866876602,0.0101370941847562,0.7448012828826904,Romantic_comedy
0.8222609758377075,0.0660309940576553,0.008726617321372,0.001184823224321,0.0827312618494033,0.0159529857337474,0.0031124318484216,Romantic_comedy
0.2109886407852172,0.1101497337222099,0.0271301660686731,0.0164578612893819,0.5909476280212402,0.0056483880616724,0.0386775843799114,Romantic_comedy
0.0107014747336506,0.0107146371155977,0.0030340608209371,0.2965516149997711,0.6592581868171692,0.0087062707170844,0.0110337482765316,Romantic_comedy
0.0180328842252492,0.0047821421176195,0.0030592256225645,0.6116943359375,0.1930235475301742,0.0124774742871522,0.1569303721189499,Romantic_comedy
0.8952680826187134,0.0059274388477206,0.0723631381988525,0.0012558988528326,0.0102377701550722,0.0018541682511568,0.0130935329943895,Romantic_comedy
0.0295948218554258,0.0096362316980957,0.0016914943698793,0.0490887127816677,0.8936663269996643,0.0081447036936879,0.008177668787539,Romantic_comedy
0.004816367290914,0.0029570658225566,0.0017508884193375,0.4935947954654693,0.1882601678371429,0.0109488973394036,0.2976718544960022,Romantic_comedy
0.0066977888345718,0.0157426819205284,0.0320956483483314,0.6125664710998535,0.2736032009124756,0.0166377052664756,0.042656447738409,Romantic_comedy
0.0471872091293334,0.0086729191243648,0.0478760935366153,0.3031849265098572,0.1426058411598205,0.0303081814199686,0.4201647937297821,Romantic_comedy
0.0053592189215123,0.0482928976416587,0.0066731362603604,0.0397483631968498,0.8763657212257385,0.0109562845900654,0.0126043539494276,Romantic_comedy
0.0049928822554647,0.0058810925111174,0.0007359526935033,0.0159484054893255,0.0246759559959173,0.9398232698440552,0.007942447438836,Romantic_comedy
0.012033169157803,0.0512067973613739,0.0015506877098232,0.1731266230344772,0.6906533241271973,0.0449864864349365,0.0264428872615098,Romantic_comedy
0.0039844312705099,0.0015646604588255,0.0008443265687674,0.8396885395050049,0.0516030564904212,0.0520712807774543,0.0502437017858028,Romantic_comedy
0.0009433093946427,0.0019427287625148,0.0013909369008615,0.0025081639178097,0.0140884574502706,0.9767537117004396,0.0023726671934127,Romantic_comedy
0.0232727490365505,0.1865862905979156,0.0207688361406326,0.0026663697790354,0.2377713322639465,0.5133498311042786,0.0155846094712615,Romantic_comedy
0.0082751112058758,0.0050089661963284,0.0007043416262604,0.1436734050512313,0.8016551733016968,0.0066155507229268,0.0340673960745334,Romantic_comedy
0.0325798466801643,0.0023276081774383,0.0298112295567989,0.0087135108187794,0.2390234917402267,0.0050142002291977,0.6825301647186279,Romantic_comedy
0.0049206893891096,0.0047497577033936,0.0039922697469592,0.0113186873495578,0.952584743499756,0.0056611113250255,0.0167726930230855,Romantic_comedy
