anger,disgust,fear,joy,neutral,sadness,surprise,genre
0.0159688126295804,0.9507043361663818,0.0085106957703828,0.0006984742358326,0.0077801365405321,0.0152729069814085,0.0010645092697814,Thriller
0.0135710043832659,0.0098252119496464,0.0061146463267505,0.3275824785232544,0.3801048696041107,0.00508220680058,0.2577195763587951,Thriller
0.1088674142956733,0.0139934625476598,0.0085996454581618,0.0830204412341117,0.7493026256561279,0.0097033511847257,0.0265129785984754,Thriller
0.0232274029403924,0.5230384469032288,0.0411522053182125,0.0021799057722091,0.0576864331960678,0.2533823549747467,0.0993332266807556,Thriller
0.3851602971553802,0.3444655537605285,0.004098008852452,0.0127918357029557,0.2086554616689682,0.0418485887348651,0.0029802331700921,Thriller
0.007222999818623,0.0016378448344767,0.9702679514884948,0.0008054468780755,0.0100099015980958,0.0023923751432448,0.007663419470191,Thriller
0.0166353918612003,0.0656772032380104,0.0129622854292392,0.0137739917263388,0.8463026881217957,0.0110536152496933,0.0335948169231414,Thriller
0.0560690015554428,0.673058032989502,0.2237731218338012,0.0012837117537856,0.0211250633001327,0.0172418002039194,0.0074492054991424,Thriller
0.0070985029451549,0.0349212810397148,0.0066208653151988,0.003510370850563,0.9072943925857544,0.0030260873027145,0.0375285446643829,Thriller
0.3942525386810303,0.4319213926792145,0.0071631981991231,0.0033156250137835,0.0994796529412269,0.0591939017176628,0.0046737836673855,Thriller
0.0789680555462837,0.303646445274353,0.0019423146732151,0.0087709827348589,0.5525388717651367,0.0472740717232227,0.006859250832349,Thriller
0.0397618487477302,0.0863125696778297,0.0710934922099113,0.0034741000272333,0.708718478679657,0.0642532110214233,0.0263862572610378,Thriller
0.7151031494140625,0.0765931829810142,0.0452533736824989,0.0118192248046398,0.0645131692290306,0.0344089679419994,0.0523089803755283,Thriller
0.0209860578179359,0.2058977782726287,0.0233945939689874,0.0057929097674787,0.7012032270431519,0.0060667563229799,0.0366586185991764,Thriller
