anger,disgust,fear,joy,neutral,sadness,surprise,genre
0.0184674933552742,0.0475187934935092,0.017932841554284,0.0751956552267074,0.7953477501869202,0.0256358981132507,0.0199015811085701,Animation
0.0233127325773239,0.0091953789815306,0.1029336303472518,0.091775082051754,0.6028050184249878,0.0058878040872514,0.1640903949737548,Animation
0.0090341614559292,0.003569038817659,0.0055237589403986,0.0148282488808035,0.941240668296814,0.0017734790453687,0.0240306761115789,Animation
0.0722744911909103,0.3221451640129089,0.0234660468995571,0.0142135517671704,0.5213857293128967,0.023108696565032,0.0234063770622015,Animation
0.1452159732580185,0.1062764599919319,0.0269030164927244,0.0082650491967797,0.6961114406585693,0.007752944715321,0.0094751669093966,Animation
0.1543688923120498,0.0454355739057064,0.0726073309779167,0.0101480614393949,0.6804420948028564,0.0150837888941168,0.021914180368185,Animation
0.1487618237733841,0.3422344326972961,0.1025829166173935,0.0038429091218858,0.3730907738208771,0.0220440048724412,0.0074431160464882,Animation
0.4478052258491516,0.0191690977662801,0.2660690248012543,0.012860189191997,0.2157017588615417,0.0108652766793966,0.0275294370949268,Animation
0.0116330832242965,0.0041175815276801,0.0105938976630568,0.0409202501177787,0.74872225522995,0.026631835848093,0.1573811471462249,Animation
