anger,disgust,fear,joy,neutral,sadness,surprise,genre
0.0528158284723758,0.612925112247467,0.0050549223087728,0.0049484795890748,0.2051311880350113,0.111490711569786,0.0076337684877216,Psychological_thriller
0.9292725324630736,0.0315662436187267,0.0025303233414888,0.0011379636125639,0.0253659673035144,0.008526031859219,0.0016010371036827,Psychological_thriller
0.0069358120672404,0.3718999028205871,0.0123152863234281,0.5225319862365723,0.0722757950425148,0.0090762097388505,0.0049650259315967,Psychological_thriller
0.7314786911010742,0.1750098466873169,0.0049405666068196,0.0043906192295253,0.0634442269802093,0.0187193397432565,0.0020167545881122,Psychological_thriller
0.0084543088451027,0.6480206251144409,0.0212133787572383,0.1895683407783508,0.0413526408374309,0.0729303210973739,0.0184602737426757,Psychological_thriller
0.6310995221138,0.1135253086686134,0.0555845461785793,0.0056909369304776,0.1547310948371887,0.0359096862375736,0.003458980936557,Psychological_thriller
0.6106910705566406,0.0337615013122558,0.2287639826536178,0.0025245358701795,0.1010064035654068,0.020892396569252,0.0023600549902766,Psychological_thriller
0.0780780017375946,0.1231048703193664,0.0027067584451287,0.1033912226557731,0.6728916168212891,0.0155402105301618,0.004287339746952,Psychological_thriller
0.0666006207466125,0.4559213519096374,0.133346751332283,0.0072731198742985,0.3096137642860412,0.0187274366617202,0.0085169598460197,Psychological_thriller
0.0155738163739442,0.0069180564023554,0.0210600830614566,0.0136530706658959,0.821153461933136,0.042495310306549,0.0791461691260337,Psychological_thriller
0.2630480229854584,0.145300030708313,0.5204290747642517,0.0018636753084138,0.0504944026470184,0.0146422442048788,0.0042225439101457,Psychological_thriller
0.0168275237083435,0.0075773918069899,0.0076917908154428,0.0038014012388885,0.8111566305160522,0.1023218259215354,0.0506233870983123,Psychological_thriller
0.0132015151903033,0.0624893493950367,0.0233712848275899,0.0050840317271649,0.6356976628303528,0.2302541583776474,0.029902035370469,Psychological_thriller
0.7110244035720825,0.2371902614831924,0.0129306679591536,0.000809506571386,0.0119141871109604,0.0235856771469116,0.0025452610570937,Psychological_thriller
0.0619347058236599,0.0371295437216758,0.0304986108094453,0.0063292416743934,0.7172244787216187,0.1349445581436157,0.011938820593059,Psychological_thriller
0.2980851829051971,0.0780060291290283,0.0971499159932136,0.0039907051250338,0.1189962178468704,0.3925795555114746,0.0111923478543758,Psychological_thriller
0.4945040941238403,0.1617384254932403,0.1223652511835098,0.0027146686334162,0.1210789456963539,0.0939852744340896,0.0036133588291704,Psychological_thriller
0.0751015245914459,0.0538084730505943,0.0051048095338046,0.0035164279397577,0.8432042002677917,0.0063191754743456,0.0129454098641872,Psychological_thriller
0.2133750468492508,0.3229760527610779,0.0208147317171096,0.0017210452351719,0.4056584537029266,0.0085747893899679,0.0268799420446157,Psychological_thriller
0.1281891018152237,0.061426606029272,0.0225717574357986,0.0028885090723633,0.6589343547821045,0.0201221406459808,0.1058675646781921,Psychological_thriller
0.5969411730766296,0.1093857511878013,0.0195974111557006,0.0029333138372749,0.2275494784116745,0.0382453277707099,0.0053475936874747,Psychological_thriller
0.1033638939261436,0.1719161421060562,0.0081818299368023,0.0054511935450136,0.0254820249974727,0.6820012927055359,0.003603606717661,Psychological_thriller
0.299682468175888,0.1599882990121841,0.4694118797779083,0.0027075342368334,0.0236093644052743,0.0383651852607727,0.0062352204695343,Psychological_thriller
0.3161467313766479,0.1101496443152427,0.0139559088274836,0.0017870663432404,0.499943733215332,0.0480373054742813,0.0099795972928404,Psychological_thriller
0.2354554980993271,0.2348974496126175,0.0081942398101091,0.0042404322884976,0.3410854637622833,0.1085128337144851,0.0676140263676643,Psychological_thriller
0.1268909275531768,0.011712098494172,0.0044565363787114,0.0342498756945133,0.78935307264328,0.0065567600540816,0.026780754327774,Psychological_thriller
0.1036333441734314,0.0231270603835582,0.4893865883350372,0.003486726200208,0.2879237234592438,0.0110822133719921,0.0813603475689888,Psychological_thriller
0.0036458275280892,0.0053787776269018,0.0014750498812645,0.1846681833267212,0.1928622275590896,0.5846590399742126,0.0273109469562768,Psychological_thriller
0.0237952172756195,0.0300703458487987,0.0051880050450563,0.0116884671151638,0.9042232036590576,0.0192278213798999,0.0058070020750164,Psychological_thriller
0.1871853023767471,0.0723337233066558,0.0262983348220586,0.0029030363075435,0.666212260723114,0.0174845941364765,0.027582824230194,Psychological_thriller
0.0352735221385955,0.0764757543802261,0.0073479232378304,0.0025740473065525,0.7940242886543274,0.0579143948853015,0.0263900272548198,Psychological_thriller
0.5236289501190186,0.2963321805000305,0.0132591901347041,0.0022190161980688,0.0880610272288322,0.0749045461416244,0.0015951088862493,Psychological_thriller
0.1866022795438766,0.7419590950012207,0.0278945043683052,0.0008975389646366,0.0201632902026176,0.0213681049644947,0.0011151977814733,Psychological_thriller
