anger,disgust,fear,joy,neutral,sadness,surprise,genre
0.0055999555625021,0.0083908420056104,0.0015855678357183,0.084402859210968,0.8503655791282654,0.0207361597567796,0.0289190579205751,Drama
0.0052474280819296,0.0014177861157804,0.0010725675383582,0.9194446802139282,0.0443355552852153,0.0093347011134028,0.0191472452133893,Drama
0.006153245922178,0.0015528536168858,0.0040778848342597,0.0189477503299713,0.0962326973676681,0.841893196105957,0.0311423875391483,Drama
0.0152779296040534,0.4168255031108856,0.0161048099398612,0.0035116514191031,0.0652192011475563,0.4747677147388458,0.0082932375371456,Drama
0.0139380320906639,0.4943337738513946,0.0273926686495542,0.0042308545671403,0.1245003566145896,0.3244058489799499,0.0111984824761748,Drama
0.0334906317293643,0.0230077691376209,0.3538635671138763,0.0026358016766607,0.0189954563975334,0.5559022426605225,0.0121045233681797,Drama
0.0737217366695404,0.1876532584428787,0.041391335427761,0.0013359209988266,0.3742713630199432,0.3110938668251037,0.0105324629694223,Drama
0.0014122526627033,0.000853959179949,0.9890581965446472,0.00113297754433,0.0039421240799129,0.0021965908817946,0.0014038902008906,Drama
0.9580551385879515,0.0113473432138562,0.0100262220948934,0.0006308794836513,0.0140185272321105,0.0039016352966427,0.0020203674212098,Drama
0.5571144819259644,0.3064987957477569,0.0421289913356304,0.0012569479877129,0.0398278422653675,0.0498684495687484,0.0033046049065887,Drama
0.5937787294387817,0.227814719080925,0.0267071947455406,0.0014394854661077,0.1128949746489524,0.033650130033493,0.0037147749681025,Drama
0.0098062865436077,0.0242825131863355,0.0839748978614807,0.0130027895793318,0.8123218417167664,0.0525979623198509,0.004013683181256,Drama
