anger,disgust,fear,joy,neutral,sadness,surprise,genre
0.0068788114003837,0.0091464174911379,0.0084403296932578,0.6511982679367065,0.2556222379207611,0.0482664033770561,0.0204475540667772,Slasher
0.0211079977452754,0.017929408699274,0.0409075394272804,0.4602033495903015,0.2510583698749542,0.2011770606040954,0.0076162880286574,Slasher
0.0337722226977348,0.0177037995308637,0.2278021723031997,0.023300040513277,0.3699409663677215,0.0439683087170124,0.2835125029087066,Slasher
0.0027433987706899,0.0044646905735135,0.0136042134836316,0.0911330133676529,0.7467821836471558,0.014999745413661,0.1262727826833725,Slasher
0.0764516592025756,0.0418883524835109,0.8213275671005249,0.0014288105303421,0.0230638142675161,0.0214932523667812,0.0143464226275682,Slasher
0.4878959059715271,0.1125290170311927,0.2516294717788696,0.0043104481883347,0.1279055029153823,0.0060189557261765,0.0097107579931616,Slasher
0.6940712928771973,0.0220249574631452,0.0893238112330436,0.0042111440561711,0.1289324611425399,0.059074766933918,0.0023615867830812,Slasher
0.1216278597712516,0.6278266310691833,0.1948808282613754,0.0030681306961923,0.0288656968623399,0.0149405440315604,0.0087902657687664,Slasher
0.0030618426389992,0.0115271192044019,0.8819806575775146,0.0016233719652518,0.0120085161179304,0.014850566163659,0.0749480426311492,Slasher
0.0115396156907081,0.0103497467935085,0.0028244999703019,0.0183118004351854,0.8057425022125244,0.0123554887250065,0.1388764083385467,Slasher
