anger,disgust,fear,joy,neutral,sadness,surprise,genre
0.0021253360901027,0.0034833543468266,0.00064976233989,0.9483655095100404,0.0172084197402,0.0226075537502765,0.0055601079948246,Drama
0.0028991145081818,0.0182830896228551,0.9490020871162416,0.0027255536988377,0.0114914700388908,0.0137436278164386,0.0018551492830738,Drama
0.0227451734244823,0.1738875657320022,0.002316061174497,0.4573402404785156,0.3170875906944275,0.0219284705817699,0.0046949153766036,Drama
0.010182024911046,0.0241873525083065,0.0654735937714576,0.3672870397567749,0.457371175289154,0.0541087761521339,0.0213900487869977,Drama
0.0355904027819633,0.3324481248855591,0.0124381082132458,0.0019971192814409,0.5924497246742249,0.0223488863557577,0.0027276412583887,Drama
0.4004272222518921,0.5139413475990295,0.0103118503466248,0.0010909151751548,0.057030651718378,0.015420320443809,0.0017776858294382,Drama
0.1229604482650756,0.4442447125911712,0.0070169833488762,0.0490851029753685,0.3378151357173919,0.0301524102687835,0.0087251309305429,Drama
0.0007485525566153,0.0028213665354996,0.0007268143235705,0.0017894625198096,0.0065058646723628,0.9798856377601624,0.0075222705490887,Drama
0.0340824276208877,0.929846167564392,0.0180505029857158,0.0005309856496751,0.0035639000125229,0.0127922082319855,0.0011337181786075,Drama
0.0419287234544754,0.497260570526123,0.0204644575715065,0.0039759697392582,0.3899184763431549,0.043160393834114,0.0032913805916905,Drama
0.3914282023906708,0.4525250494480133,0.0583385936915874,0.0015501496382057,0.0837073624134063,0.0102745965123176,0.0021759504452347,Drama
0.0674957931041717,0.197795495390892,0.0166344102472066,0.002366768894717,0.0901375710964202,0.6228241324424744,0.0027458011172711,Drama
0.4595984816551208,0.1402089446783065,0.0407122336328029,0.0015377275412902,0.0133029501885175,0.3337705135345459,0.0108691807836294,Drama
0.1777495145797729,0.3761967122554779,0.0019958154298365,0.1258826702833175,0.2858363687992096,0.029290784150362,0.0030480900313705,Drama
0.8033435344696045,0.1226653829216957,0.00427409959957,0.0013011117698624,0.0546533055603504,0.0112999705597758,0.0024625773075968,Drama
0.2302926331758499,0.6249858140945435,0.0035017526242882,0.0065542068332433,0.1196055486798286,0.010944390669465,0.0041156192310154,Drama
0.0045357989147305,0.0440531149506568,0.0020558726973831,0.7267376780509949,0.1944180428981781,0.0143623137846589,0.013837156817317,Drama
0.9613865613937378,0.0146332029253244,0.0055304318666458,0.0008816757472231,0.0068006217479705,0.007996710948646,0.0027708057314157,Drama
0.0123981470242142,0.1463254392147064,0.0473840534687042,0.0029695492703467,0.1603535562753677,0.6250658631324768,0.0055034128017723,Drama
0.0336636193096637,0.4231221973896026,0.0333324335515499,0.0980747416615486,0.1502627581357956,0.2183473259210586,0.0431968830525875,Drama
0.0594880692660808,0.7327092289924622,0.0313690118491649,0.0018014909001067,0.0980623066425323,0.048628032207489,0.027941919863224,Drama
0.0663522481918335,0.3789121806621551,0.0092048197984695,0.0111865606158971,0.3308037519454956,0.1719473004341125,0.0315931960940361,Drama
