anger,disgust,fear,joy,neutral,sadness,surprise,genre
0.0292216744273901,0.1609841585159301,0.0218501165509223,0.1071971505880355,0.6384791135787964,0.0146046634763479,0.0276631638407707,Short_Film
0.0051108379848301,0.0050362600013613,0.0012916579144075,0.0889381095767021,0.849310040473938,0.0054311919957399,0.0448818579316139,Short_Film
0.03801154717803,0.012236219830811,0.0672254562377929,0.0165348444133996,0.6988527178764343,0.0235284976661205,0.1436107456684112,Short_Film
0.1687256842851638,0.0406122393906116,0.2421689331531524,0.0063101942650973,0.3942978680133819,0.0323804095387458,0.1155047267675399,Short_Film
0.06874980032444,0.0651677921414375,0.1956552118062973,0.0128023205325007,0.4801312386989593,0.0542213432490825,0.1232722699642181,Short_Film
0.1190127581357956,0.1662173569202423,0.0067628831602633,0.0021782647818326,0.613444447517395,0.0714332163333892,0.0209510028362274,Short_Film
0.0301651023328304,0.005732987076044,0.9222897291183472,0.0015944128390401,0.0073164217174053,0.0069361375644803,0.0259652137756347,Short_Film
0.227450430393219,0.1704211682081222,0.0518107861280441,0.0068778498098254,0.4582577645778656,0.0152590665966272,0.0699229463934898,Short_Film
0.2567653656005859,0.4147803783416748,0.0107391327619552,0.0049807024188339,0.2629543840885162,0.0398011058568954,0.009978899732232,Short_Film
0.0199004206806421,0.0669093579053878,0.0021777295041829,0.0816468298435211,0.800584077835083,0.0218069832772016,0.0069744982756674,Short_Film
0.0275726355612278,0.4214951992034912,0.0045966608449816,0.0050682835280895,0.5203670263290405,0.0082640536129474,0.01263611856848,Short_Film
0.0098254308104515,0.0077390563674271,0.0007674067746847,0.8540334105491638,0.1037708446383476,0.0053740604780614,0.0184897556900978,Short_Film
0.0217035189270973,0.1723171025514602,0.0020707373041659,0.0146747222170233,0.7639706134796143,0.0077410475350916,0.017522282898426,Short_Film
0.0503460243344306,0.0451827533543109,0.0175909977406263,0.007191555108875,0.8347108960151672,0.0163102969527244,0.0286674499511718,Short_Film
0.0080488808453083,0.1022411212325096,0.0308175552636384,0.0192013513296842,0.7886471152305603,0.012241288088262,0.0388027057051658,Short_Film
