anger,disgust,fear,joy,neutral,sadness,surprise,genre
0.0237930584698915,0.0141754196956753,0.0860218033194542,0.256657600402832,0.424639493227005,0.1134494692087173,0.0812631472945213,Musical
0.0104019287973642,0.0148409949615597,0.0070179081521928,0.0338674969971179,0.850705087184906,0.0218979250639677,0.0612687580287456,Musical
0.0054365224204957,0.0031406646594405,0.0032656874973326,0.0266423411667346,0.9021084308624268,0.0383831039071083,0.0210232362151145,Musical
0.0067216609604656,0.0335368998348712,0.0464555323123931,0.0191038697957992,0.8063912987709045,0.0084769846871495,0.0793138593435287,Musical
0.0102210808545351,0.0260583870112895,0.1752783060073852,0.0237008687108755,0.5338668823242188,0.0305647272616624,0.2003097832202911,Musical
0.4463640451431274,0.2791110873222351,0.0087455827742815,0.0016497098840773,0.0526121482253074,0.2086278647184372,0.0028897009324282,Musical
0.8875623941421509,0.0364088006317615,0.0154644828289747,0.0006721946992911,0.0192665178328752,0.038721926510334,0.0019037743331864,Musical
0.9040679931640624,0.0127051901072263,0.054538432508707,0.0009774231584742,0.0201158802956342,0.0040607880800962,0.0035343221388757,Musical
0.4084996581077575,0.1884555667638778,0.0188135001808404,0.0092106945812702,0.3509992361068725,0.0181720927357673,0.0058493581600487,Musical
0.0020761308260262,0.0025556825567036,0.0046086246147751,0.0030542800668627,0.0191742982715368,0.9514108896255492,0.0171200409531593,Musical
0.0272354949265718,0.1235934868454933,0.0051499004475772,0.3128909468650818,0.4709392786026001,0.0515764914453029,0.0086144069209694,Musical
0.0351631678640842,0.0344078578054904,0.0043522897176444,0.1359810829162597,0.5909103155136108,0.1635424494743347,0.0356428697705268,Musical
0.1701744347810745,0.1824152022600174,0.0186805576086044,0.0603892467916011,0.3453862965106964,0.217528223991394,0.0054261749610304,Musical
0.6075903177261353,0.1768494844436645,0.0054279807955026,0.0021288797724992,0.1420453637838363,0.0639582425355911,0.0019996990449726,Musical
0.5204020738601685,0.2413243055343628,0.0246200002729892,0.0039982236921787,0.1564287692308426,0.0516000427305698,0.0016266116872429,Musical
0.0488305166363716,0.0819283574819564,0.1254464536905288,0.0038464919198304,0.4957837164402008,0.2223089635372162,0.0218555685132741,Musical
0.2425635308027267,0.5474661588668823,0.1729467213153839,0.0017754697473719,0.0138541171327233,0.0189434979110956,0.0024504954926669,Musical
0.7698559165000916,0.1568282693624496,0.007371631450951,0.0014935513027012,0.0506965517997741,0.0110895615071058,0.0026644559111446,Musical
0.0297637172043323,0.0458633415400981,0.0048303040675818,0.4322238862514496,0.3334068059921264,0.1456431299448013,0.0082688005641102,Musical
0.0373377650976181,0.0196298882365226,0.0126796066761016,0.2333885580301284,0.6342730522155762,0.0490795113146305,0.0136116733774542,Musical
0.0061011356301605,0.0087251784279942,0.0048012537881731,0.0010980210499837,0.0064746588468551,0.9706299304962158,0.0021699233911931,Musical
0.8179774880409241,0.1162904798984527,0.0112400762736797,0.0007829846581444,0.0277216359972953,0.024162633344531,0.0018247036496177,Musical
0.0277443043887615,0.0526772364974021,0.0028734907973557,0.0026323054917156,0.087995246052742,0.8115661144256592,0.0145112229511141,Musical
0.0094973687082529,0.0087708532810211,0.0714409947395324,0.0512890815734863,0.8173497915267944,0.0060090227052569,0.0356428325176239,Musical
0.0088388985022902,0.0073235961608588,0.0162016302347183,0.2424225509166717,0.5089285373687744,0.1934984177350998,0.0227863918989896,Musical
0.0058116326108574,0.0368640348315238,0.008437524549663,0.0120943766087293,0.1152484342455864,0.7991544008255005,0.022389568388462,Musical
0.0038744213525205,0.0164266787469387,0.001620550872758,0.8324410319328308,0.1266975551843643,0.0083347046747803,0.0106050064787268,Musical
0.0104618752375245,0.0078136185184121,0.0441336557269096,0.0130788786336779,0.7972612380981445,0.1111116930842399,0.0161391366273164,Musical
0.0981264412403106,0.2578617036342621,0.0090315164998173,0.0064494512043893,0.5387726426124573,0.0575588308274745,0.0321993455290794,Musical
0.0855496823787689,0.1221262961626052,0.0454894863069057,0.0076737673953175,0.3383057117462158,0.3861730694770813,0.0146820209920406,Musical
0.0076888976618647,0.0435432642698287,0.0021862722933292,0.0048694526776671,0.0448461771011352,0.8762115836143494,0.0206543356180191,Musical
0.5187020301818848,0.266733318567276,0.0095373783260583,0.0033941864967346,0.118771992623806,0.0780774503946304,0.0047836541198194,Musical
0.1169674322009086,0.1592692285776138,0.0222328044474124,0.007975329644978,0.3204360902309418,0.3552996218204498,0.0178194995969533,Musical
0.0094802761450409,0.0135233271867036,0.0038431719876825,0.781127393245697,0.1153497993946075,0.0523755326867103,0.0243005324155092,Musical
