anger,disgust,fear,joy,neutral,sadness,surprise,genre
0.0484846420586109,0.1949097514152526,0.0157757122069597,0.0383414588868618,0.63351970911026,0.0468620173633098,0.0221067443490028,Martial_Arts_Film
0.0030681914649903,0.0020356441382318,0.0022276653908193,0.0911683514714241,0.0750203132629394,0.7268326878547668,0.0996471121907234,Martial_Arts_Film
0.0654241368174552,0.8595537543296814,0.0326805599033832,0.0019931471906602,0.0180357228964567,0.0201880652457475,0.0021245016250759,Martial_Arts_Film
0.2923561036586761,0.1126748248934745,0.0166019387543201,0.0166740529239177,0.512137770652771,0.0450568869709968,0.0044984561391174,Martial_Arts_Film
0.1484279036521911,0.0232829041779041,0.8029252886772156,0.0013019904727116,0.0157182570546865,0.0049397251568734,0.0034039877355098,Martial_Arts_Film
0.0022599990479648,0.0085466941818594,0.0015412516659125,0.0040714642964303,0.0092543615028262,0.9728153347969056,0.0015108374645933,Martial_Arts_Film
0.0066988402977585,0.0096303364261984,0.0043139616027474,0.0032904758118093,0.9385582208633424,0.0223668906837701,0.0151413129642605,Martial_Arts_Film
0.4779321551322937,0.0391277968883514,0.0197925996035337,0.0045915711671113,0.3832994997501373,0.0493715219199657,0.0258848723024129,Martial_Arts_Film
0.3182815313339233,0.2870402932167053,0.0114485342055559,0.0020654797554016,0.3469100296497345,0.0308703184127807,0.0033837573137134,Martial_Arts_Film
0.0225098133087158,0.1062044203281402,0.0162221938371658,0.01428799983114,0.8089317083358765,0.0127423787489533,0.0191015359014272,Martial_Arts_Film
0.4832610189914703,0.4310079514980316,0.0054843793623149,0.0016180980019271,0.0376179441809654,0.0391175411641597,0.0018930700607597,Martial_Arts_Film
0.0406505092978477,0.4529389142990112,0.0087492214515805,0.0055200564675033,0.1648916751146316,0.3133653402328491,0.0138842649757862,Martial_Arts_Film
0.0601374767720699,0.0989048704504966,0.0229387283325195,0.0054927919991314,0.622282862663269,0.1879936754703521,0.0022495908197015,Martial_Arts_Film
0.0155236180871725,0.9648509621620178,0.0086721209809184,0.0004311696393415,0.0054571731016039,0.0040312288329005,0.001033789711073,Martial_Arts_Film
0.0291334446519613,0.0613774731755256,0.1014357954263687,0.0228122267872095,0.4577443301677704,0.2658706903457641,0.061625987291336,Martial_Arts_Film
0.3757726550102234,0.3775898814201355,0.1288759857416153,0.0047351140528917,0.0832274407148361,0.0228345617651939,0.006964479573071,Martial_Arts_Film
0.8757301568984985,0.0271020643413066,0.0587454847991466,0.0007813951233401,0.026592893525958,0.0087191388010978,0.0023288482334464,Martial_Arts_Film
0.0355288572609424,0.8697371482849121,0.0699360892176628,0.001010688021779,0.003862360259518,0.0190638657659292,0.0008609622018411,Martial_Arts_Film
0.0308219585567712,0.0199151411652565,0.2730455994606018,0.0079773254692554,0.607933521270752,0.0365174636244773,0.0237889699637889,Martial_Arts_Film
0.7099473476409912,0.2059990912675857,0.0184184741228818,0.001035813591443,0.032225526869297,0.0300655830651521,0.0023081763647496,Martial_Arts_Film
0.2505609691143036,0.0054689389653503,0.6638118028640747,0.0108442287892103,0.0463898330926895,0.0123354867100715,0.0105887465178966,Martial_Arts_Film
0.0903289839625358,0.1373323500156402,0.0301636569201946,0.0122176874428987,0.3634893894195556,0.3509434759616852,0.0155243687331676,Martial_Arts_Film
0.755290687084198,0.0627657026052475,0.0784429982304573,0.002859202446416,0.0831568613648414,0.0141934528946876,0.0032910830341279,Martial_Arts_Film
0.0889070853590965,0.0133997835218906,0.022574309259653,0.0187359321862459,0.7459436655044556,0.0862762406468391,0.0241630002856254,Martial_Arts_Film
0.0468800030648708,0.0636373609304428,0.0044831689447164,0.0042598224245011,0.845977246761322,0.0085256593301892,0.0262368451803922,Martial_Arts_Film
0.8687109351158142,0.0480794087052345,0.0019331390503793,0.0029295294079929,0.0335551127791404,0.0411152020096778,0.0036766924895346,Martial_Arts_Film
