anger,disgust,fear,joy,neutral,sadness,surprise,genre
0.0945473238825798,0.0463847853243351,0.0266590397804975,0.1817727535963058,0.553874671459198,0.0653660967946052,0.0313953943550586,Wuxia
0.0864223763346672,0.0130230374634265,0.8456758260726929,0.0014646183699369,0.0062488196417689,0.0448612421751022,0.0023040273226797,Wuxia
0.0272393003106117,0.6622672080993652,0.0055818608961999,0.0050643575377762,0.2067434936761856,0.0812066942453384,0.0118970097973942,Wuxia
0.0157541222870349,0.0079077640548348,0.0086608156561851,0.1009445935487747,0.840161144733429,0.0108092660084366,0.0157623887062072,Wuxia
0.6178644299507141,0.132603719830513,0.0096394345164299,0.0021342234686017,0.0452451594173908,0.1891897022724151,0.0033234488219022,Wuxia
0.3612084090709686,0.4148660898208618,0.0448537655174732,0.0046416646800935,0.1526756882667541,0.0155104706063866,0.0062439194880425,Wuxia
0.4145631492137909,0.145935982465744,0.3137502372264862,0.0014901942340657,0.0742005631327629,0.04254637286067,0.0075134756043553,Wuxia
0.2562816441059112,0.5235471129417419,0.015100953169167,0.0023099437821656,0.1843257397413253,0.0137483226135373,0.0046863593161106,Wuxia
0.0217277687042951,0.1033015549182891,0.0089901592582464,0.1299618631601333,0.6501240134239197,0.0829678550362587,0.0029267468489706,Wuxia
0.0440682098269462,0.0955931320786476,0.0552531741559505,0.0100627094507217,0.7702532410621643,0.0036391823086887,0.0211303737014532,Wuxia
0.0430476106703281,0.0282704439014196,0.358538806438446,0.001995520433411,0.2562289237976074,0.0443283468484878,0.2675903737545013,Wuxia
