anger,disgust,fear,joy,neutral,sadness,surprise,genre
0.081642098724842,0.3448061943054199,0.078744500875473,0.0020274443086236,0.0374245159327983,0.4503657519817352,0.0049895318225026,Horror
0.0121572185307741,0.0111809773370623,0.0061765830032527,0.0053802086040377,0.8505585193634033,0.0055408501066267,0.1090056896209716,Horror
0.0098663102835416,0.0461274869740009,0.832025945186615,0.0053170109167695,0.0892195627093315,0.0142584899440407,0.0031851513776928,Horror
0.0487129762768745,0.0546971745789051,0.1259939223527908,0.0022993686143308,0.0713432878255844,0.6610902547836304,0.0358629673719406,Horror
0.313120573759079,0.3489443063735962,0.0100286230444908,0.0031222819816321,0.2868247032165527,0.0294020511209964,0.0085575310513377,Horror
0.0017873905599117,0.0026150566991418,0.0003132973797619,0.9686702489852904,0.020523240789771,0.0018799753161147,0.0042107445187866,Horror
0.0497220531105995,0.0953470841050148,0.0188737194985151,0.0057608969509601,0.8175815343856812,0.0082275746390223,0.0044871387071907,Horror
0.0108977351337671,0.0355645045638084,0.0278924647718668,0.0894844830036163,0.7417678236961365,0.0107603669166564,0.0836325585842132,Horror
0.1107397675514221,0.8436378836631775,0.0075421002693474,0.0007946564001031,0.0133453551679849,0.0225563030689954,0.0013838034356012,Horror
0.0393934920430183,0.3024065792560577,0.007108383346349,0.0027101412415504,0.0532895810902118,0.5890671610832214,0.0060245883651077,Horror
