anger,disgust,fear,joy,neutral,sadness,surprise,genre
0.0085499780252575,0.9631581902503968,0.0143555104732513,0.0043913158588111,0.0060285967774689,0.0022131339646875,0.0013032732531428,B_movie
0.0974353924393653,0.731296718120575,0.0061079985462129,0.003018147079274,0.0596719458699226,0.0917393639683723,0.0107304668053984,B_movie
0.0751973018050193,0.6608949899673462,0.2123617529869079,0.0013199670938774,0.0210090298205614,0.0222478304058313,0.0069692265242338,B_movie
0.061273206025362,0.0109955808147788,0.50765460729599,0.0123198814690113,0.299254298210144,0.0210447628051042,0.0874576866626739,B_movie
0.0166070517152547,0.1185179501771926,0.0054762060754001,0.0061586848460137,0.816701352596283,0.0140898441895842,0.0224489625543355,B_movie
0.0280967373400926,0.9295526146888732,0.0116228917613625,0.0003338535898365,0.0104925706982612,0.0171648263931274,0.0027364792767912,B_movie
0.0351487509906291,0.0111284824088215,0.2681829333305359,0.0068868221715092,0.6476914286613464,0.0157669018954038,0.0151946209371089,B_movie
0.018772093579173,0.4916534125804901,0.0054246135987341,0.0022978174965828,0.4467235505580902,0.0091028427705168,0.0260256174951791,B_movie
0.0653480738401413,0.1387409418821334,0.0030218441970646,0.0042681777849793,0.7101656198501587,0.0108485994860529,0.0676066949963569,B_movie
0.0217178277671337,0.9451351761817932,0.002710587112233,0.0005167294293642,0.0206152200698852,0.0061396397650241,0.0031647738069295,B_movie
0.0102853579446673,0.8016090393066406,0.0262964330613613,0.0127708315849304,0.1340181827545166,0.0044033010490238,0.0106168650090694,B_movie
0.01559779047966,0.0500779710710048,0.0151025969535112,0.004388780798763,0.6040072441101074,0.0072595975361764,0.303566038608551,B_movie
0.1287745386362075,0.1299352943897247,0.037686351686716,0.0068043088540434,0.2978906035423279,0.0666203126311302,0.3322885930538177,B_movie
0.0499465465545654,0.2129354774951934,0.419809490442276,0.0101979142054915,0.2520963847637176,0.0168209727853536,0.0381931401789188,B_movie
0.0659021437168121,0.1697922646999359,0.2749487459659576,0.003157484345138,0.0881542488932609,0.3029665052890777,0.0950786247849464,B_movie
0.1103338524699211,0.404763400554657,0.0267480332404375,0.0091834729537367,0.3226304054260254,0.1045401841402053,0.02180059812963,B_movie
0.5520830154418945,0.1923516392707824,0.1151472926139831,0.0023725640494376,0.0269541181623935,0.1050341799855232,0.0060571804642677,B_movie
0.1125601306557655,0.0435092784464359,0.1243852227926254,0.008211794309318,0.5118109583854675,0.1723234206438064,0.0271991826593875,B_movie
0.0632408186793327,0.6484455466270447,0.2439046651124954,0.0024727978743612,0.0283842235803604,0.005216653458774,0.008335349150002,B_movie
