anger,disgust,fear,joy,neutral,sadness,surprise,genre
0.0121339978650212,0.914158582687378,0.0049331141635775,0.0142100052908062,0.0412586145102977,0.0107154324650764,0.0025903305504471,Black_and_white
0.0031755685340613,0.010916699655354,0.0042312741279602,0.0010066515533253,0.0254054199904203,0.9523885846138,0.0028758174739778,Black_and_white
0.0066012642346322,0.2175805866718292,0.0145267909392714,0.0040604872629046,0.639734148979187,0.1004310920834541,0.0170655976980924,Black_and_white
0.0081890141591429,0.0842173621058464,0.0050880457274615,0.307114839553833,0.5350666642189026,0.0379562750458717,0.0223677102476358,Black_and_white
0.2265237122774124,0.6963896155357361,0.0019640058744698,0.0029571501072496,0.0577370189130306,0.0125654907897114,0.0018630779813975,Black_and_white
0.131092369556427,0.0913550853729248,0.00179565011058,0.0398623533546924,0.6409066915512085,0.0679873153567314,0.0270004831254482,Black_and_white
0.0091209625825285,0.4803182780742645,0.0133433323353528,0.0031589118298143,0.2606127858161926,0.2188670635223388,0.0145786870270967,Black_and_white
0.0043226755224168,0.9868420958518982,0.0015117420116439,0.0004174686328042,0.0042985407635569,0.0019677246455103,0.0006395614473149,Black_and_white
0.0365401655435562,0.9444729089736938,0.0082277813926339,0.001063757808879,0.005550178233534,0.0032367403618991,0.0009084608172997,Black_and_white
0.0030532823875546,0.0082776630297303,0.0254467111080884,0.0088628977537155,0.117909550666809,0.8069230318069458,0.0295267924666404,Black_and_white
0.0040010721422731,0.0031775385141372,0.0015486720949411,0.8885142803192139,0.0650354400277137,0.0291091594845056,0.0086139142513275,Black_and_white
0.2191303074359893,0.7159553170204163,0.0139414723962545,0.0014343439834192,0.0317773409187793,0.0155449658632278,0.0022162259556353,Black_and_white
0.7984640002250671,0.0306247193366289,0.0063362102955579,0.0036868965253233,0.0951988771557807,0.0524545311927795,0.013234700076282,Black_and_white
0.0159779749810695,0.0675875917077064,0.0033710384741425,0.3021875917911529,0.5553444623947144,0.0459690243005752,0.0095622846856713,Black_and_white
0.0024437352549284,0.0136830052360892,0.914286196231842,0.0028488622047007,0.0418012626469135,0.0230609774589538,0.0018760674865916,Black_and_white
0.0271218623965978,0.8993741869926453,0.0095405299216508,0.0007009106921032,0.0359287150204181,0.0261250585317611,0.001208619098179,Black_and_white
0.0337080135941505,0.2280357182025909,0.0618835724890232,0.0022073797881603,0.0582389794290065,0.4058490693569183,0.2100772708654403,Black_and_white
0.1287059634923935,0.6211643218994141,0.0064919283613562,0.0017772163264453,0.0548792704939842,0.1834583431482315,0.0035229900386184,Black_and_white
0.0696483179926872,0.0256794057786464,0.0083513725548982,0.0127620855346322,0.8235344290733337,0.0563720799982547,0.0036522946320474,Black_and_white
0.023850779980421,0.5260810852050781,0.0668619945645332,0.0040264665149152,0.1799791753292083,0.1687600165605545,0.0304403863847255,Black_and_white
0.0047329319640994,0.9862702488899232,0.0014547422761097,0.0004221088311169,0.0044787810184061,0.0018911912338808,0.0007500589126721,Black_and_white
0.0082029467448592,0.0241392143070697,0.0295863859355449,0.261882871389389,0.5709982514381409,0.013541872613132,0.0916484892368316,Black_and_white
0.0418347381055355,0.3503845036029815,0.008447946049273,0.0021875197999179,0.5167889595031738,0.0154593540355563,0.0648969858884811,Black_and_white
0.0314210653305053,0.1536908149719238,0.0132222836837172,0.0441559590399265,0.1778708547353744,0.575675368309021,0.0039636474102735,Black_and_white
0.01122263725847,0.0164727009832859,0.0131147801876068,0.0076926578767597,0.2553933262825012,0.6748493909835815,0.0212545339018106,Black_and_white
0.0041989963501691,0.0228788498789072,0.0026554281357675,0.0414519198238849,0.8651222586631775,0.0051965229213237,0.0584959425032138,Black_and_white
