anger,disgust,fear,joy,neutral,sadness,surprise,genre
0.0269460007548332,0.0043174871243536,0.0080767394974827,0.7500526309013367,0.1069378331303596,0.0675037652254104,0.0361655168235302,Comedy
0.2633032500743866,0.1263351887464523,0.0082575445994734,0.0065166968852281,0.4815692603588104,0.0813084691762924,0.0327095314860343,Comedy
0.0151590034365654,0.0359732173383235,0.0102687077596783,0.5078567862510681,0.3859947621822357,0.023626884445548,0.0211206655949354,Comedy
0.1809464544057846,0.0863902494311332,0.0105311265215277,0.0045587252825498,0.1997003406286239,0.5126916170120239,0.0051814862526953,Comedy
0.011242339387536,0.0133505910634994,0.1355209350585937,0.0089023504406213,0.7467682361602783,0.0068831238895654,0.0773323327302932,Comedy
0.9635117650032043,0.0116093754768371,0.0046409098431468,0.0011216946877539,0.0136512583121657,0.002934472868219,0.0025304781738668,Comedy
0.080382153391838,0.2500413358211517,0.0750963687896728,0.0450013093650341,0.3826318085193634,0.1256674528121948,0.0411795675754547,Comedy
0.5456840395927429,0.0186652764678001,0.2251018583774566,0.0066358232870697,0.1346295624971389,0.0345899909734725,0.0346934646368026,Comedy
0.0326901189982891,0.0062915231101214,0.0624271668493747,0.0076235360465943,0.761050820350647,0.0135892694815993,0.1163276061415672,Comedy
0.0162070356309413,0.0148287694901227,0.0019147938583046,0.0108382888138294,0.9470757842063904,0.0051770899444818,0.0039582531899213,Comedy
0.021116629242897,0.0057073696516454,0.0562490709125995,0.0217286422848701,0.7891737818717957,0.0100666815415024,0.0959578603506088,Comedy
0.0361502058804035,0.011565102264285,0.0324045829474926,0.0025104677770286,0.1057977080345153,0.7512096762657166,0.0603623129427433,Comedy
