anger,disgust,fear,joy,neutral,sadness,surprise,genre
0.003497909521684,0.0031410998199135,0.0003063968906644,0.958123505115509,0.0245595127344131,0.0067542167380452,0.0036172305699437,Musical
0.1410927921533584,0.6236039400100708,0.0014956342056393,0.0711099132895469,0.1310606896877288,0.0279980152845382,0.0036390074528753,Musical
0.0112477056682109,0.0131602240726351,0.7693525552749634,0.0034057083539664,0.1796914786100387,0.0102989384904503,0.0128434626385569,Musical
0.0168069284409284,0.0287657622247934,0.0034900691825896,0.0128200631588697,0.9157364964485168,0.0100535955280065,0.0123270833864808,Musical
0.0859281346201896,0.7391602993011475,0.0036314171738922,0.0025688377209007,0.1569868326187133,0.0096453316509723,0.0020792668219655,Musical
0.0080306399613618,0.0092652207240462,0.0055143325589597,0.8502131700515747,0.0588279329240322,0.0560999065637588,0.012048895470798,Musical
0.1497911512851715,0.2270237505435943,0.0052041732706129,0.1955089718103408,0.317681074142456,0.1010482683777809,0.0037426049821078,Musical
0.4225250780582428,0.4490494728088379,0.0325774662196636,0.0028197814244776,0.0513630509376525,0.0395563766360282,0.0021086975466459,Musical
0.4201063215732574,0.3308739066123962,0.0100826472043991,0.0095353554934263,0.1763278394937515,0.0516383536159992,0.0014355306047946,Musical
0.0195075441151857,0.0256336200982332,0.0015656042378395,0.1076771169900894,0.8227240443229675,0.0018230391433462,0.0210690181702375,Musical
0.7724214792251587,0.1664651483297348,0.0120143312960863,0.0030121570453047,0.0323895812034606,0.0127874808385968,0.0009098627488128,Musical
0.8551183342933655,0.0415404625236988,0.0112089524045586,0.0011863956460729,0.0131050935015082,0.075258731842041,0.0025821914896368,Musical
0.283030092716217,0.2529534697532654,0.0650307834148407,0.0043304362334311,0.218389019370079,0.1743763387203216,0.0018898177659139,Musical
0.890613853931427,0.0423633903264999,0.0436025746166706,0.0010977733181789,0.012472728267312,0.0080967163667082,0.0017529265023767,Musical
0.0014134742086753,0.0022139763459563,0.0002797492779791,0.9658735394477844,0.0180344190448522,0.008984537795186,0.0032002651132643,Musical
