anger,disgust,fear,joy,neutral,sadness,surprise,genre
0.0074575277976691,0.333664208650589,0.0459307320415973,0.0669742375612258,0.496616005897522,0.0239294227212667,0.0254278816282749,Romance_Film
0.0326733849942684,0.9241317510604858,0.0163448974490165,0.0005045161233283,0.0120783327147364,0.0127943437546491,0.0014728306559845,Romance_Film
0.0681730732321739,0.0634254664182663,0.1475574672222137,0.003466494847089,0.6551221609115601,0.0482529215514659,0.0140023678541183,Romance_Film
0.0336535722017288,0.1482138931751251,0.2784323692321777,0.0045582014136016,0.2595268785953522,0.2638900876045227,0.0117250559851527,Romance_Film
0.5876123905181885,0.2112044543027877,0.0444939248263835,0.002958467695862,0.1300403028726577,0.0172707699239254,0.006419732235372,Romance_Film
0.0483834110200405,0.4325528442859649,0.0144374268129467,0.030847018584609,0.4202030897140503,0.0200182888656854,0.0335578173398971,Romance_Film
0.0060855178162455,0.0115775698795914,0.9394272565841676,0.0014256805879995,0.0318542048335075,0.0058771115727722,0.0037526625674217,Romance_Film
0.1098434329032898,0.6632680892944336,0.0017108533065766,0.0118649043142795,0.1977598220109939,0.0133221158757805,0.0022308223415166,Romance_Film
0.4344643354415893,0.1805821657180786,0.3416028916835785,0.0021667415276169,0.028761725872755,0.0056592212058603,0.0067628230899572,Romance_Film
0.1927426308393478,0.0606544911861419,0.2049073874950409,0.0047528934665024,0.2099900394678115,0.0508977361023426,0.2760547697544098,Romance_Film
0.053492646664381,0.3901015818119049,0.2338500171899795,0.0018212099093943,0.2345100045204162,0.0756936818361282,0.0105308629572391,Romance_Film
0.1649892479181289,0.2112351208925247,0.0058729625307023,0.041757982224226,0.5010431408882141,0.0590352155268192,0.0160663183778524,Romance_Film
0.0110289305448532,0.5885852575302124,0.1190564408898353,0.0050321514718234,0.2359451055526733,0.0230996813625097,0.0172524768859148,Romance_Film
0.0653392821550369,0.146380990743637,0.723676323890686,0.0022372868843376,0.0398185849189758,0.0055332365445792,0.0170142706483602,Romance_Film
0.117853470146656,0.0122557468712329,0.747369110584259,0.003119288245216,0.0862907096743583,0.0127157056704163,0.0203959327191114,Romance_Film
0.0332742817699909,0.3204091191291809,0.0105168968439102,0.0019612971227616,0.3147585988044739,0.2854441106319427,0.0336356163024902,Romance_Film
0.3258557915687561,0.4277968108654022,0.0110874827951192,0.0053200479596853,0.1946305036544799,0.030221089720726,0.0050881984643638,Romance_Film
0.0861315056681633,0.0257060006260871,0.0269426833838224,0.0093701360747218,0.6616883873939514,0.0451269261538982,0.1450343430042266,Romance_Film
0.0381213054060936,0.1932582557201385,0.0057764621451497,0.0044336239807307,0.7476588487625122,0.0043764347210526,0.006375094410032,Romance_Film
0.0045687812380492,0.0101141072809696,0.0014534449437633,0.4262113869190216,0.4874747693538666,0.0432548820972442,0.0269225500524044,Romance_Film
