anger,disgust,fear,joy,neutral,sadness,surprise,genre
0.0023621546570211,0.0052019287832081,0.0054712053388357,0.9089980125427246,0.0579449571669101,0.0099000977352261,0.0101217003539204,Drama
0.0118989013135433,0.0438294969499111,0.002279928419739,0.5807467699050903,0.3267664015293121,0.0235738363116979,0.0109047023579478,Drama
0.0344818346202373,0.0208211485296487,0.0021093720570206,0.7995782494544983,0.1314483433961868,0.0034602244850248,0.0081008188426494,Drama
0.028386540710926,0.0162565670907497,0.3765616416931152,0.0056830300018191,0.0489491745829582,0.465169221162796,0.0589937716722488,Drama
0.0187567844986915,0.0405272431671619,0.0052209179848432,0.0017982140416279,0.0395057089626789,0.8897871375083923,0.0044039571657776,Drama
0.01466716080904,0.0551219657063484,0.1128602176904678,0.0052005625329911,0.3918111622333526,0.3979107439517975,0.0224282350391149,Drama
0.014724088832736,0.0242460649460554,0.0240691788494586,0.03763048350811,0.7323360443115234,0.1636209040880203,0.0033732673618942,Drama
0.0225855503231287,0.0553960725665092,0.0021649245172739,0.182352676987648,0.709309458732605,0.0213275011628866,0.006863847374916,Drama
0.0049435561522841,0.0048832413740456,0.0072361044585704,0.8528866767883301,0.0504069589078426,0.0638803616166114,0.0157631728798151,Drama
0.0757972300052642,0.073629193007946,0.0029995476361364,0.0024060211144387,0.0309983119368553,0.8071361780166626,0.007033557165414,Drama
0.0835332423448562,0.0252249035984277,0.0886633843183517,0.0025668127927929,0.3795638680458069,0.3755837976932525,0.0448639877140522,Drama
0.0549031160771846,0.0236221998929977,0.0027951390948146,0.4472126960754394,0.3892191648483276,0.037751019001007,0.0444967187941074,Drama
0.0492511726915836,0.0412167124450206,0.0254017449915409,0.0076303845271468,0.1850584149360656,0.0472393631935119,0.6442022323608398,Drama
0.2438194304704666,0.3441612124443054,0.0056091756559908,0.0148465167731046,0.2051702886819839,0.1837413609027862,0.0026520846877247,Drama
0.5753589272499084,0.3443996906280517,0.0049766837619245,0.0011596366530284,0.0178001169115304,0.0539987795054912,0.0023062196560204,Drama
0.2804844975471496,0.4971648454666137,0.0123363463208079,0.0031594468746334,0.1009935587644577,0.1017682179808616,0.0040930332615971,Drama
0.0261939670890569,0.0490839779376983,0.0031140164937824,0.2340065687894821,0.3881268799304962,0.2943798005580902,0.005094829481095,Drama
0.2615209817886352,0.2737358510494232,0.041912343353033,0.0025794538669288,0.3802047073841095,0.0325349122285842,0.0075118257664144,Drama
0.2076361775398254,0.0441837534308433,0.018617233261466,0.0039329132996499,0.4569422006607055,0.260601669549942,0.0080859949812293,Drama
0.0062483185902237,0.0119131719693541,0.006728708744049,0.0077666454017162,0.8233999609947205,0.113630473613739,0.0303127635270357,Drama
0.6837789416313171,0.1637273281812667,0.0697842985391616,0.0011653926922008,0.0293235443532466,0.0475544594228267,0.0046659605577588,Drama
0.0149801149964332,0.0241297502070665,0.0178746450692415,0.0044121015816926,0.651462197303772,0.12485983222723,0.1622813493013382,Drama
0.0054688029922544,0.0058856289833784,0.0004538738867267,0.8767216801643372,0.0845648050308227,0.0222903285175561,0.0046149054542183,Drama
