anger,disgust,fear,joy,neutral,sadness,surprise,genre
0.0175037588924169,0.0152646182104945,0.0091782212257385,0.0254558604210615,0.9165906310081482,0.0046832482330501,0.0113237211480736,Mystery
0.0184293966740369,0.0382268168032169,0.014617764391005,0.0171944946050643,0.8675934076309204,0.0286434814333915,0.0152946021407842,Mystery
0.0066539552062749,0.015329485759139,0.027594581246376,0.2393525242805481,0.6709897518157959,0.0070756818167865,0.0330039858818054,Mystery
0.0053644413128495,0.1152334883809089,0.4803686141967773,0.0060259886085987,0.0963103622198104,0.1339563727378845,0.1627407521009445,Mystery
0.0067689488641917,0.0243999324738979,0.0993847697973251,0.0110885975882411,0.5681806802749634,0.2765038609504699,0.0136732272803783,Mystery
0.3310913145542145,0.1888414323329925,0.2885501682758331,0.0063086342997848,0.1040088012814521,0.0773908793926239,0.0038086662534624,Mystery
0.1668901592493057,0.1337769031524658,0.24226875603199,0.0112480986863374,0.3111999332904815,0.1153250634670257,0.0192911271005868,Mystery
0.437416672706604,0.4644107222557068,0.0660399943590164,0.000658958335407,0.0136575670912861,0.0146749224513769,0.003141182474792,Mystery
0.2605247497558594,0.1463929563760757,0.0460066422820091,0.0810431614518165,0.3202487826347351,0.1043601781129837,0.0414235219359397,Mystery
0.0268298704177141,0.0175291392952203,0.0099062304943799,0.0017682744655758,0.0260350368916988,0.9150977730751038,0.0028336429968476,Mystery
0.0398650392889976,0.0958482921123504,0.4165801703929901,0.0033439686521887,0.3765853643417358,0.0404731445014476,0.0273039359599351,Mystery
0.0046333037316799,0.96397864818573,0.0132084852084517,0.000362615857739,0.0071860658936202,0.0048706801608204,0.0057601383887231,Mystery
0.7110373973846436,0.0813629180192947,0.1578493565320968,0.0023472232278436,0.0206460263580083,0.0140885133296251,0.0126684447750449,Mystery
0.0649523511528968,0.0158842280507087,0.1034875586628913,0.009220247156918,0.5370780825614929,0.0744933858513832,0.1948841959238052,Mystery
0.2363001406192779,0.4468348324298858,0.1127587854862213,0.0064470097422599,0.1660982370376587,0.0229628775268793,0.0085981311276555,Mystery
0.0526528656482696,0.3868721723556518,0.0943263173103332,0.0019231890328228,0.2786256968975067,0.1442793756723404,0.0413203909993171,Mystery
0.0367856696248054,0.1223580241203308,0.0154589191079139,0.0058475700207054,0.7530109882354736,0.0104590440168976,0.0560796968638896,Mystery
0.0116773294284939,0.0101446276530623,0.0460045672953128,0.005878918338567,0.8787661194801331,0.0079310210421681,0.039597425609827,Mystery
0.0691992715001106,0.0121962446719408,0.7510457634925842,0.0027710425201803,0.0900307968258857,0.0711250081658363,0.0036319342907518,Mystery
0.4857059419155121,0.2347870767116546,0.0167564377188682,0.0030022202990949,0.2162275165319442,0.0230421386659145,0.0204786136746406,Mystery
0.0093888621777296,0.0119343418627977,0.0071844775229692,0.0057444828562438,0.9253640174865724,0.0099225183948874,0.0304611735045909,Mystery
0.2812851667404175,0.1048474311828613,0.003888014005497,0.1028463914990425,0.4343627393245697,0.0674144402146339,0.0053558279760181,Mystery
0.067150205373764,0.2139905244112014,0.0201818868517875,0.0085707595571875,0.5973474383354187,0.0409605167806148,0.0517987608909606,Mystery
0.3248465359210968,0.2992010116577148,0.0042575630359351,0.0018657813780009,0.3446275293827057,0.0153185212984681,0.0098829828202724,Mystery
0.0137152289971709,0.0187803860753774,0.0069764857180416,0.002326033078134,0.90679931640625,0.0278009604662656,0.0236015561968088,Mystery
0.0108994115144014,0.0056164348497986,0.0094603663310408,0.1726672798395156,0.7133463025093079,0.0252971593290567,0.0627130419015884,Mystery
