anger,disgust,fear,joy,neutral,sadness,surprise,genre
0.0333087109029293,0.0034670173190534,0.0072303102351725,0.0019113001180812,0.0083544626832008,0.9438717365264891,0.0018564474303275,Mystery
0.0324406959116458,0.0232402477413415,0.9073026180267334,0.0012791020562872,0.0179653540253639,0.0153160691261291,0.0024559567682445,Mystery
0.008634615689516,0.010325632058084,0.0065283277072012,0.0155665259808301,0.1242372691631317,0.8311604857444763,0.0035471196752041,Mystery
0.0065125175751745,0.0345652997493743,0.4604478180408478,0.0069245179183781,0.0665617436170578,0.004417938645929,0.4205701649188995,Mystery
0.5841047167778015,0.0989950820803642,0.106215201318264,0.0058932956308126,0.0336686931550502,0.0198706127703189,0.1512524485588073,Mystery
0.0210421811789274,0.0056869778782129,0.963449776172638,0.0010248706676065,0.0052629490382969,0.0021058521233499,0.0014273893320932,Mystery
0.0084684435278177,0.0054157157428562,0.9686638712882996,0.0006624262896366,0.0048199873417615,0.0015071340603753,0.0104623083025217,Mystery
0.2308260053396225,0.047243807464838,0.6422229409217834,0.0007881036726757,0.0126136243343353,0.0628228560090065,0.0034826395567506,Mystery
0.0095960674807429,0.0159115884453058,0.8976058959960938,0.0029901436064392,0.0198961459100246,0.0057223457843065,0.0482779443264007,Mystery
0.1069906204938888,0.129359558224678,0.6867412328720093,0.0021080386359244,0.0532056801021099,0.0168515555560588,0.0047432999126613,Mystery
0.0126723041757941,0.0325582362711429,0.0050516636110842,0.0050289370119571,0.094350665807724,0.8402366638183594,0.010101550258696,Mystery
0.6943605542182922,0.0667402520775795,0.0883527845144271,0.0028369163628667,0.1139351427555084,0.0184747725725173,0.0152994971722364,Mystery
0.5370232462882996,0.1884956806898117,0.0264840722084045,0.0106840748339891,0.1844680160284042,0.0501401349902153,0.0027047838084399,Mystery
0.011894135735929,0.947981297969818,0.013133518397808,0.0030859385151416,0.0166701078414917,0.0060655381530523,0.0011696626897901,Mystery
0.004927366040647,0.0011642898898571,0.9733557105064392,0.0010675576049834,0.0110124098137021,0.0018061161972582,0.0066665676422417,Mystery
0.0065330830402672,0.0040397425182163,0.9595321416854858,0.001486609573476,0.0204448290169239,0.0030700005590915,0.0048935641534626,Mystery
0.0432392098009586,0.0228651072829961,0.0833913758397102,0.0099384821951389,0.7072250247001648,0.0113555490970611,0.1219852343201637,Mystery
0.0155968759208917,0.0650661811232566,0.0750356614589691,0.0017093637725338,0.0781152322888374,0.7442265748977661,0.0202500894665718,Mystery
0.0096930535510182,0.0108893206343054,0.0178474374115467,0.0225105788558721,0.8774851560592651,0.0071480856277048,0.0544263608753681,Mystery
0.0272314716130495,0.0697614252567291,0.5036538243293762,0.0056904274970293,0.1608873754739761,0.2109845727682113,0.0217908825725317,Mystery
