anger,disgust,fear,joy,neutral,sadness,surprise,genre
0.4803294539451599,0.0704252868890762,0.2861973643302917,0.0122380433604121,0.1109541803598404,0.0150792216882109,0.0247763469815254,Buddy_film
0.0119945192709565,0.0196505766361951,0.0050472929142415,0.0425069481134414,0.8729557394981384,0.014939802698791,0.0329050756990909,Buddy_film
0.1877502351999282,0.1299978494644165,0.0068355156108736,0.0716204196214675,0.5050909519195557,0.0938877984881401,0.0048172543756663,Buddy_film
0.004497776273638,0.0026458140928298,0.0045431540347635,0.2926911115646362,0.6127234101295471,0.0175470989197492,0.0653516128659248,Buddy_film
0.1069736927747726,0.2651057243347168,0.1122775077819824,0.0102830454707145,0.4132472574710846,0.053082525730133,0.0390300936996936,Buddy_film
0.3620436787605285,0.1544257253408432,0.081993743777275,0.0031581472139805,0.3619510531425476,0.0292788390070199,0.0071487710811197,Buddy_film
0.0130294552072882,0.1086944565176963,0.1429678052663803,0.002457077614963,0.0806049853563308,0.5606644749641418,0.0915817618370056,Buddy_film
0.0012321714311838,0.0038273120298981,0.0271962620317935,0.0305254403501749,0.0543795153498649,0.8646938800811768,0.0181453600525856,Buddy_film
0.0044770846143364,0.0095348097383975,0.0106169637292623,0.0036241202615201,0.0716341882944107,0.8946295976638794,0.00548319472,Buddy_film
0.0130693214014172,0.0078342407941818,0.0046991975978016,0.4068861305713653,0.1773091107606887,0.3822474777698517,0.0079544447362422,Buddy_film
0.0802008286118507,0.0083435671404004,0.4638678729534149,0.0095383198931813,0.0255240965634584,0.4067003726959228,0.0058249155990779,Buddy_film
0.0125246122479438,0.0355866141617298,0.0139965275302529,0.010372539050877,0.4675691723823547,0.4524179399013519,0.007532590534538,Buddy_film
0.0046260408125817,0.0017963153077289,0.0004311169323045,0.917242467403412,0.0473192296922206,0.003890115302056,0.0246947910636663,Buddy_film
0.0064730653539299,0.0540310069918632,0.0273304153233766,0.0048367022536695,0.4916853308677673,0.3886347413063049,0.0270087420940399,Buddy_film
0.0054978034459054,0.0146478926762938,0.0045174793340265,0.0904469266533851,0.7958980798721313,0.0259342342615127,0.0630575120449066,Buddy_film
0.0018240044591948,0.005957091692835,0.003169362200424,0.0048270458355546,0.0442505404353141,0.9363940954208374,0.0035778782330453,Buddy_film
