anger,disgust,fear,joy,neutral,sadness,surprise,genre
0.1155340000987052,0.0971053913235664,0.0047015650197863,0.0873968750238418,0.2011082768440246,0.4863245785236358,0.0078293830156326,Adventure
0.0062577137723565,0.0074791889637708,0.007094033062458,0.056254506111145,0.659823477268219,0.2406662702560424,0.0224247872829437,Adventure
0.2472216784954071,0.2198761254549026,0.0189124420285224,0.0026535361539572,0.4315813183784485,0.0575380250811576,0.0222167540341615,Adventure
0.0565708726644516,0.0402201898396015,0.521348237991333,0.0055189398117363,0.3305017054080963,0.0375219658017158,0.0083180218935012,Adventure
0.0885377749800682,0.0073939124122262,0.7784046530723572,0.0029765940271317,0.0613924041390419,0.0159189812839031,0.0453755408525466,Adventure
0.0437632165849208,0.3391802310943603,0.0568990372121334,0.0172702353447675,0.5120536088943481,0.0162193365395069,0.0146142989397048,Adventure
0.023777849972248,0.0230967495590448,0.0016066742828115,0.0138683086261153,0.8221353888511658,0.1112648174166679,0.0042502391152083,Adventure
0.1592503041028976,0.0271377228200435,0.6977019906044006,0.0044824997894465,0.0748424306511879,0.0159591492265462,0.0206258650869131,Adventure
0.2231404185295105,0.0151929771527647,0.1457277685403823,0.0226684492081403,0.5290084481239319,0.0232688598334789,0.040993046015501,Adventure
0.3331333100795746,0.0837148502469062,0.5708034038543701,0.0012159841135144,0.0030340822413563,0.0040487041696906,0.0040496834553778,Adventure
0.0449199974536895,0.0308387372642755,0.0065614487975835,0.0011369681451469,0.0164841674268245,0.8959384560585022,0.0041202278807759,Adventure
0.0025527216494083,0.0063162031583487,0.0038627923931926,0.0127736236900091,0.945075273513794,0.0229258947074413,0.006493498571217,Adventure
