anger,disgust,fear,joy,neutral,sadness,surprise,genre
0.0300065912306308,0.4031268060207367,0.0279175192117691,0.0134567804634571,0.0459042191505432,0.4758153259754181,0.0037727309390902,Fantasy_Comedy
0.0248931869864463,0.0386747270822525,0.0232778917998075,0.0027265606913715,0.8731187582015991,0.0221264027059078,0.0151825444772839,Fantasy_Comedy
0.0557905212044715,0.5319555997848511,0.0113434186205267,0.0171070490032434,0.2699452042579651,0.0939572378993034,0.019900906831026,Fantasy_Comedy
0.124941736459732,0.7662606835365295,0.0492530018091201,0.00163453258574,0.0471254959702491,0.007999325171113,0.002785290358588,Fantasy_Comedy
0.0392203629016876,0.2904308438301086,0.0444041937589645,0.0115360300987958,0.5302531719207764,0.015301065519452,0.0688543245196342,Fantasy_Comedy
0.2045512795448303,0.0105434972792863,0.448143720626831,0.003516229102388,0.2201009392738342,0.0914550051093101,0.0216892547905445,Fantasy_Comedy
0.0059551019221544,0.0810533687472343,0.0153138013556599,0.0044159009121358,0.6270906329154968,0.0689941793680191,0.1971770524978637,Fantasy_Comedy
0.2572694718837738,0.3391547203063965,0.0057103573344647,0.0049689980223774,0.3741443753242492,0.0144367953762412,0.0043152570724487,Fantasy_Comedy
0.0027280391659587,0.0087176170200109,0.0844200402498245,0.0075714434497058,0.0212673265486955,0.8290494680404663,0.0462460108101367,Fantasy_Comedy
0.0053630010224878,0.0119325816631317,0.0020966564770787,0.0112213836982846,0.9601880311965942,0.0045834225602447,0.0046148570254445,Fantasy_Comedy
0.0102813020348548,0.0262398291379213,0.0032331780530512,0.070066288113594,0.8722462058067322,0.0094967186450958,0.0084365578368306,Fantasy_Comedy
0.0346880406141281,0.0693666115403175,0.0021878127008676,0.0709176361560821,0.8104091882705688,0.0043834270909428,0.0080472771078348,Fantasy_Comedy
0.014243802987039,0.0081498036161065,0.0015947351930662,0.0412378832697868,0.1130549386143684,0.0037356328684836,0.8179832696914673,Fantasy_Comedy
0.0071985311806201,0.1933324038982391,0.0080152545124292,0.3820186257362366,0.3433499336242676,0.0588265061378479,0.0072587714530527,Fantasy_Comedy
0.0129500310868024,0.0209992974996566,0.0038854519370943,0.0052486080676317,0.9227583408355712,0.005209881812334,0.0289483964443206,Fantasy_Comedy
0.0091701550409197,0.0104586640372872,0.0033702393993735,0.3542718887329101,0.5955082178115845,0.0124033391475677,0.014817476272583,Fantasy_Comedy
0.0185487940907478,0.0060871941968798,0.0775698497891426,0.0306167881935834,0.845474362373352,0.0083794891834259,0.0133235743269324,Fantasy_Comedy
0.0172749869525432,0.1445896923542022,0.0015790193574503,0.4810835123062134,0.3341310918331146,0.0132419327273964,0.0080998828634619,Fantasy_Comedy
0.0121286828070878,0.0528641007840633,0.0019012362463399,0.1640592068433761,0.7455427646636963,0.0094419419765472,0.0140619836747646,Fantasy_Comedy
0.0544764138758182,0.0561329200863838,0.0066654253751039,0.0026971013285219,0.0818506777286529,0.7908080816268921,0.0073693692684173,Fantasy_Comedy
0.007990681566298,0.0045395791530609,0.0161626059561967,0.0043052891269326,0.9489078521728516,0.009585260413587,0.0085088172927498,Fantasy_Comedy
0.02638391405344,0.1958774626255035,0.0052067707292735,0.098580315709114,0.5700719356536865,0.0921091958880424,0.0117703648284077,Fantasy_Comedy
0.764427125453949,0.0555323027074337,0.0331973396241664,0.0034923709463328,0.1043842285871505,0.0117658507078886,0.0272007938474416,Fantasy_Comedy
0.1018202602863311,0.2316667884588241,0.0387371331453323,0.0057347738184034,0.5889837145805359,0.0226194001734256,0.0104379840195178,Fantasy_Comedy
0.0254341550171375,0.9565898180007936,0.0051821884699165,0.0004872848512604,0.0061600874178111,0.0046408046036958,0.0015056339325383,Fantasy_Comedy
0.0089338039979338,0.0069516915827989,0.0012658135965466,0.5831878781318665,0.3321130573749542,0.0158387795090675,0.0517089888453483,Fantasy_Comedy
0.0475508607923984,0.0107944728806614,0.0027651789132505,0.0029061534442007,0.0230513401329517,0.9049137234687804,0.0080182952806353,Fantasy_Comedy
