anger,disgust,fear,joy,neutral,sadness,surprise,genre
0.001033266657032,0.0007437384338118,0.975969135761261,0.0024821208789944,0.0020127301104366,0.0118121551349759,0.005946883931756,Thriller
0.0211322326213121,0.0044286116026341,0.0063864369876682,0.3989401459693908,0.1863019615411758,0.3526182174682617,0.0301923807710409,Thriller
0.0077423583716154,0.019664803519845,0.0051115406677126,0.7791081070899963,0.1673216372728347,0.0032364055514335,0.0178151596337556,Thriller
0.0364452898502349,0.2717154026031494,0.1925768405199051,0.0049729314632713,0.333982765674591,0.0251356419175863,0.135171040892601,Thriller
0.0207446105778217,0.5023112893104553,0.2870336174964905,0.004009180702269,0.0997435450553894,0.0252325776964426,0.0609252043068409,Thriller
0.0015349275199696,0.0040969597175717,0.0125256991013884,0.0097087221220135,0.0159611925482749,0.9458836317062378,0.0102888476103544,Thriller
0.0056002205237746,0.0031318604014813,0.3051312863826751,0.0062009398825466,0.0267503429204225,0.6238780617713928,0.029307285323739,Thriller
0.008006484247744,0.0091648837551474,0.6106396317481995,0.0057895546779036,0.0945548564195633,0.0092797679826617,0.2625647783279419,Thriller
0.4756905138492584,0.2260819375514984,0.0068736379034817,0.0055176950991153,0.1127243936061859,0.1274987906217575,0.0456129349768161,Thriller
0.0274465791881084,0.0364217273890972,0.2299872189760208,0.0093030417338013,0.3770241141319275,0.2925151884555816,0.0273021608591079,Thriller
0.0050099780783057,0.0277905315160751,0.0041941152885556,0.8820270299911499,0.0634326711297035,0.0140472603961825,0.0034984324593096,Thriller
0.1532706767320633,0.0689258202910423,0.0054883179254829,0.0056910663843154,0.6894122362136841,0.0557989925146102,0.0214129034429788,Thriller
0.3209645748138428,0.0747593119740486,0.5620103478431702,0.0026586481835693,0.0295105148106813,0.0074688415043056,0.0026278218720108,Thriller
0.9540966153144836,0.0160743221640586,0.0039463937282562,0.00086231197929,0.01902836561203,0.0035076492931693,0.0024843397550284,Thriller
0.6842472553253174,0.072663277387619,0.0572798065841198,0.0019607953727245,0.1533807069063186,0.0235163681209087,0.0069517311640083,Thriller
0.0081664063036441,0.0286726970225572,0.1329806298017501,0.0064645907841622,0.1923189461231231,0.0054852236062288,0.6259114742279053,Thriller
0.0140607245266437,0.0529652088880538,0.0049276961944997,0.0298266056925058,0.8757976293563843,0.0144144818186759,0.0080076223239302,Thriller
0.0045084604062139,0.0068881260231137,0.9719635248184204,0.0009386094170622,0.0064898650161921,0.0054168333299458,0.003794694552198,Thriller
0.6944695711135864,0.1819247901439666,0.0058256150223314,0.0026235829573124,0.1024036481976509,0.0093425959348678,0.0034101177006959,Thriller
0.112551249563694,0.696968674659729,0.021946856752038,0.0073040360584855,0.1453685462474823,0.0093946354463696,0.0064660292118787,Thriller
0.0406473986804485,0.2827109694480896,0.4335174560546875,0.0039137122221291,0.030448280274868,0.2065412104129791,0.0022210171446204,Thriller
0.0034358438570052,0.0088942665606737,0.0026450192090123,0.2626947164535522,0.6866071224212646,0.023329010233283,0.0123939588665962,Thriller
0.1224040538072586,0.0818046629428863,0.0042792977765202,0.2932414710521698,0.4602862298488617,0.031605664640665,0.0063786963000893,Thriller
