anger,disgust,fear,joy,neutral,sadness,surprise,genre
0.0351849161088466,0.2553684115409851,0.6640884280204773,0.0080021200701594,0.0260348934680223,0.0086643975228071,0.0026567892637103,Drama
0.0174568146467208,0.0986613258719444,0.0019314222736284,0.0156406965106725,0.8530095815658569,0.0105007151141762,0.0027994308620691,Drama
0.0032294548582285,0.0160735137760639,0.0007045282982289,0.0031732954084873,0.0097364615648984,0.9647387266159058,0.0023440825752913,Drama
0.0024586888030171,0.026725186035037,0.0020859923679381,0.0018231822177767,0.0213789958506822,0.9422340393066406,0.0032938751392066,Drama
0.0377952829003334,0.1648438721895218,0.0017802730435505,0.2375935465097427,0.5202901363372803,0.0338545702397823,0.0038423030637204,Drama
0.0339058712124824,0.1789526343345642,0.0034454143606126,0.011052924208343,0.7211540937423706,0.0253253001719713,0.0261637866497039,Drama
0.6473882794380188,0.0911266654729843,0.0289632175117731,0.0035057319328188,0.0706870704889297,0.1566883027553558,0.0016407421790063,Drama
0.0724786520004272,0.7506386041641235,0.0168641097843647,0.0023855480831116,0.1230788081884384,0.032337486743927,0.002216822002083,Drama
0.0366438329219818,0.3194886445999145,0.0040080146864056,0.3469322919845581,0.2684170007705688,0.0112328911200165,0.0132774505764245,Drama
0.0372959896922111,0.0556169897317886,0.005841716658324,0.0046193958260118,0.850398600101471,0.0314291380345821,0.0147982155904173,Drama
0.0628227815032005,0.8602476716041565,0.0298928637057542,0.0014954322250559,0.0276948641985654,0.0165332648903131,0.0013131044106557,Drama
0.4304102063179016,0.4405104517936706,0.0079616336151957,0.0075540733523666,0.101198062300682,0.0112596731632947,0.0011058495147153,Drama
0.1180580034852027,0.2581934630870819,0.0072613451629877,0.0576669164001941,0.5351293683052063,0.01215535774827,0.011535451747477,Drama
0.0380707494914531,0.1404951363801956,0.0029160084668546,0.0816100984811782,0.1591307669878006,0.5741088390350342,0.0036683999933302,Drama
0.0082482695579528,0.0861576423048973,0.01493935380131,0.610542356967926,0.2485677003860473,0.0070490930229425,0.024495605379343,Drama
