anger,disgust,fear,joy,neutral,sadness,surprise,genre
0.0043477355502545,0.0046398164704442,0.0127040799707174,0.0218472108244895,0.777336597442627,0.0483622625470161,0.1307622790336609,Suspense
0.030320931226015,0.7165856957435608,0.0393309593200683,0.038109041750431,0.1165497079491615,0.050849437713623,0.0082542467862367,Suspense
0.0076719350181519,0.0895945504307746,0.0925856456160545,0.0370186120271682,0.7097633481025696,0.0162684507668018,0.0470974631607532,Suspense
0.0116980755701661,0.9655211567878724,0.0043876962736248,0.0002666199288796,0.0096532823517918,0.0060371286235749,0.00243606348522,Suspense
0.6382574439048767,0.0782174542546272,0.0111463367938995,0.0028459099121391,0.2173966318368911,0.0336700826883316,0.0184660907834768,Suspense
0.0036669827532023,0.009156591258943,0.0047939289361238,0.1207233965396881,0.8114094138145447,0.0317822583019733,0.0184674281626939,Suspense
0.2158468514680862,0.1273472160100937,0.0297779310494661,0.0012543201446533,0.1048344001173973,0.5056740641593933,0.0152652272954583,Suspense
0.0343962274491786,0.0168328694999218,0.0360375642776489,0.0836263298988342,0.6299300789833069,0.0249809771776199,0.1741959452629089,Suspense
0.0537052638828754,0.0631589442491531,0.009435917250812,0.4216238856315613,0.4199977815151214,0.0184307042509317,0.0136475246399641,Suspense
0.0121984034776687,0.0913668274879455,0.0786298811435699,0.0102752400562167,0.7898356318473816,0.0040966048836708,0.0135973719879984,Suspense
0.0405968278646469,0.0360715091228485,0.0060469442978501,0.0160762313753366,0.7908428311347961,0.0453542470932006,0.0650114640593528,Suspense
0.0253851357847452,0.1472001522779464,0.007001677993685,0.0070144096389412,0.7955451011657715,0.0119759533554315,0.005877595860511,Suspense
0.0034761682618409,0.012397427111864,0.0022286144085228,0.0071541857905685,0.9497639536857604,0.007793609984219,0.0171859934926033,Suspense
0.0174586344510316,0.0251143854111433,0.0348326750099659,0.0137055274099111,0.8505988717079163,0.0183869842439889,0.0399029478430748,Suspense
0.0031388751231133,0.0023205417674034,0.0024680763017386,0.0021499646827578,0.00864511821419,0.0007411550031974,0.9805362224578856,Suspense
0.0231830924749374,0.0581677258014678,0.0029741870239377,0.0024946618359535,0.8993061184883118,0.0089262463152408,0.0049479575827717,Suspense
0.0081569515168666,0.060669682919979,0.003560688579455,0.0037631634622812,0.9022011160850524,0.0063599720597267,0.0152884302660822,Suspense
0.0632418990135192,0.0580429397523403,0.0036230678670108,0.0369370579719543,0.7955315113067627,0.0351886935532093,0.0074347332119941,Suspense
0.0073189102113246,0.0300725176930427,0.0096676424145698,0.0042544957250356,0.9361582398414612,0.0024609223473817,0.0100671648979187,Suspense
0.0347901955246925,0.8530494570732117,0.026646614074707,0.0006639530183747,0.0347944684326648,0.031229343265295,0.0188260748982429,Suspense
0.0228864103555679,0.0235933307558298,0.0215854812413454,0.002120399614796,0.570186197757721,0.3482939302921295,0.0113342348486185,Suspense
0.0965986251831054,0.0938726365566253,0.0532708652317523,0.0030029870104044,0.6640499234199524,0.0245144888758659,0.0646904334425926,Suspense
0.0047170757316052,0.0015617976896464,0.0013866820372641,0.0013844171771779,0.0076447459869086,0.0017098482931032,0.9815954566001892,Suspense
0.0138375284150242,0.0053412313573062,0.938900589942932,0.0024192817509174,0.0307795796543359,0.0071710594929754,0.001550716580823,Suspense
0.0642434433102607,0.0120038036257028,0.0281167346984148,0.0139776822179555,0.7529571652412415,0.0857776850461959,0.0429234653711319,Suspense
0.0048384107649326,0.0074981478974223,0.0028412071987986,0.036843828856945,0.8507251143455505,0.0073490412905812,0.0899041891098022,Suspense
0.514476478099823,0.2771302461624145,0.0182789359241724,0.0028463480994105,0.0984100922942161,0.0854831933975219,0.0033746927510946,Suspense
0.0420086719095706,0.6429877281188965,0.0846245288848877,0.0010493182344362,0.0326953418552875,0.1732673048973083,0.0233671013265848,Suspense
0.0190393906086683,0.0822085663676261,0.0150918336585164,0.0024417119566351,0.6332340836524963,0.0109407408162951,0.2370435893535614,Suspense
0.0263287648558616,0.0430768318474292,0.0058725094422698,0.0067271017469465,0.8682061433792114,0.022470673546195,0.0273179244250059,Suspense
0.0824056267738342,0.5874865055084229,0.0231810640543699,0.0016130459262058,0.2330779731273651,0.0301889106631279,0.0420469380915164,Suspense
0.3248958885669708,0.060764193534851,0.0171265713870525,0.0038358066231012,0.5551903247833252,0.0188810471445322,0.0193062052130699,Suspense
0.4775460958480835,0.0656658858060836,0.0132390316575765,0.001689234166406,0.0740139335393905,0.3598583042621612,0.0079875634983181,Suspense
0.008944378234446,0.0031109976116567,0.001077051507309,0.0360405333340168,0.913222312927246,0.010692392475903,0.0269124582409858,Suspense
0.080382153391838,0.2500413358211517,0.0750963687896728,0.0450013093650341,0.3826318085193634,0.1256674528121948,0.0411795675754547,Suspense
0.3990955352783203,0.0294275693595409,0.2661623358726501,0.0034011991228908,0.245202898979187,0.0179392024874687,0.038771353662014,Suspense
0.262346088886261,0.292545735836029,0.0277430191636085,0.0016523867379873,0.3227675557136535,0.0874710083007812,0.005474257748574,Suspense
0.0092903124168515,0.0110074328258633,0.0011382614029571,0.1683235764503479,0.7720789313316345,0.009422711096704,0.0287387818098068,Suspense
0.0253274478018283,0.0450967140495777,0.1747684031724929,0.1187874898314476,0.5549214482307434,0.0517829544842243,0.0293155051767826,Suspense
