anger,disgust,fear,joy,neutral,sadness,surprise,genre
0.0125404065474867,0.0840656980872154,0.001430022297427,0.1323954761028289,0.7543593645095825,0.0084526855498552,0.0067564118653535,Musical
0.1755949109792709,0.7527045011520386,0.0087121110409498,0.0014787695836275,0.041894931346178,0.0166258569806814,0.0029889633879065,Musical
0.5008900761604309,0.1142309755086898,0.0873823538422584,0.0054975873790681,0.2664853036403656,0.0174316894263029,0.0080819521099329,Musical
0.043950505554676,0.0823229029774665,0.005411151330918,0.0023475387133657,0.0310158897191286,0.8304527997970581,0.0044992258772253,Musical
0.005311531946063,0.0065279644913971,0.0021571258548647,0.3106618523597717,0.4808863401412964,0.161049872636795,0.0334053374826908,Musical
0.0071029956452548,0.0078934226185083,0.0022818143479526,0.8194552659988403,0.1172924563288688,0.0198651533573865,0.0261087715625762,Musical
0.4673296213150024,0.4194052219390869,0.0022557498887181,0.0029419064521789,0.0695095062255859,0.0354823321104049,0.0030755987390875,Musical
0.0194203164428472,0.0246069990098476,0.0056584831327199,0.0074880523607134,0.9000951051712036,0.037943497300148,0.0047875177115201,Musical
0.0035646089818328,0.003791652387008,0.0024176302831619,0.0093644177541136,0.9600134491920472,0.0036234206054359,0.0172248668968677,Musical
0.0386661253869533,0.015182415023446,0.0037136788014322,0.0168125703930854,0.917261242866516,0.0053770174272358,0.0029869698919355,Musical
0.0862875431776046,0.7792767286300659,0.0218671038746833,0.0349578373134136,0.069232553243637,0.004487972240895,0.0038902887608855,Musical
0.1266485005617141,0.023124374449253,0.7447783946990967,0.0231371466070413,0.050749197602272,0.0294063948094844,0.0021559263113886,Musical
0.1000080108642578,0.0931451246142387,0.0666149258613586,0.0072713480331003,0.3962903618812561,0.310449481010437,0.0262206979095935,Musical
0.0785690546035766,0.0405156761407852,0.0577462315559387,0.0021124475169926,0.4999090731143951,0.0271856170147657,0.2939620018005371,Musical
0.0140889454632997,0.0758078768849372,0.0489460118114948,0.0038098020013421,0.79694002866745,0.0388575233519077,0.0215498115867376,Musical
0.0034513194113969,0.011171668767929,0.0037684903945773,0.0085614509880542,0.1008998081088066,0.8542529940605164,0.0178943648934364,Musical
0.065417543053627,0.7711324691772461,0.0043830745853483,0.0021396200172603,0.1448767483234405,0.0055142128840088,0.0065363948233425,Musical
0.0013936744071543,0.0022659981623291,0.0006871295627206,0.0022401884198188,0.0069456757046282,0.98384028673172,0.0026269750669598,Musical
0.1328887492418289,0.1164513230323791,0.0453901067376136,0.0037395781837403,0.6464074850082397,0.0269232392311096,0.0281994920223951,Musical
0.8939191699028015,0.0189808420836925,0.0386281721293926,0.0013638186501339,0.0299354866147041,0.0125059820711612,0.0046664839610457,Musical
0.0269336234778165,0.0284646693617105,0.07490174472332,0.022973483428359,0.7530477643013,0.053604606539011,0.0400740578770637,Musical
