anger,disgust,fear,joy,neutral,sadness,surprise,genre
0.0038260265719145,0.0113596897572278,0.0078696552664041,0.0019555271137505,0.0403157658874988,0.9261050820350648,0.0085682896897196,Film_adaptation
0.0447078347206115,0.3502677977085113,0.0142835741862654,0.005881710909307,0.4501916766166687,0.1205591335892677,0.0141083532944321,Film_adaptation
0.0250746179372072,0.0977635905146598,0.0451907962560653,0.0050642215646803,0.3994916379451751,0.10198824852705,0.3254269063472748,Film_adaptation
0.0318090580403804,0.0340189337730407,0.0039223902858793,0.004086879082024,0.8929451704025269,0.0105448486283421,0.0226727947592735,Film_adaptation
0.7615439295768738,0.0191303789615631,0.0054482934065163,0.0016446656081825,0.0286576636135578,0.1789532601833343,0.0046218349598348,Film_adaptation
0.1205423101782798,0.5385985374450684,0.0070227766409516,0.0740679576992988,0.2353107333183288,0.0210570376366376,0.003400637069717,Film_adaptation
0.037772636860609,0.3096908330917358,0.0038213580846786,0.3091597557067871,0.3061576187610626,0.0292187165468931,0.0041790842078626,Film_adaptation
0.649554431438446,0.1464117765426635,0.0146605679765343,0.0013967580161988,0.0698850154876709,0.1159162297844886,0.0021752449683845,Film_adaptation
0.0584510900080204,0.3703891932964325,0.0268775336444377,0.0194131191819906,0.4901391565799713,0.0244653187692165,0.0102646239101886,Film_adaptation
0.2581755816936493,0.3937340676784515,0.02358522079885,0.00243178778328,0.1287407130002975,0.1906654685735702,0.0026671935338526,Film_adaptation
0.158842921257019,0.113817773759365,0.0399825759232044,0.0028328506741672,0.0945441722869873,0.5864389538764954,0.0035407776013016,Film_adaptation
0.2055822759866714,0.1486949622631073,0.0121878981590271,0.0110299549996852,0.4825987219810486,0.0835696011781692,0.0563365556299686,Film_adaptation
0.0037730613257735,0.0017553529469296,0.0027679288759827,0.0019811978563666,0.0065616271458566,0.0012366354931145,0.9819242358207704,Film_adaptation
0.219678595662117,0.7378182411193848,0.004624577704817,0.0010622498812153,0.0174975506961345,0.0178733319044113,0.0014455375494435,Film_adaptation
0.8254331350326538,0.0266278684139251,0.095866359770298,0.0011699507012963,0.0409583263099193,0.0036002858541905,0.0063439947552978,Film_adaptation
0.0080499164760112,0.0068928571417927,0.0018300466472283,0.0091324271634221,0.8722342252731323,0.0202512554824352,0.081609196960926,Film_adaptation
0.0238692127168178,0.898280143737793,0.0358558446168899,0.0014594733947888,0.024007124826312,0.0143253793939948,0.0022028000093996,Film_adaptation
0.0439253002405166,0.092682659626007,0.0188131891191005,0.0019781275186687,0.7693190574645996,0.068757951259613,0.0045238095335662,Film_adaptation
0.1549960374832153,0.1626626104116439,0.3478732705116272,0.0013069012202322,0.0517722070217132,0.2731482088565826,0.00824068300426,Film_adaptation
0.0347940139472484,0.0674599856138229,0.0757776573300361,0.002095571020618,0.7535057663917542,0.041836105287075,0.0245308969169855,Film_adaptation
0.0578855611383914,0.1364125460386276,0.1375967413187027,0.0023386122193187,0.1211252212524414,0.4483082294464111,0.0963331013917923,Film_adaptation
