anger,disgust,fear,joy,neutral,sadness,surprise,genre
0.0022634791675955,0.0016121728112921,0.0010177656076848,0.8613197207450867,0.0999270230531692,0.0160215385258197,0.0178383830934762,Crime_Thriller
0.0606296323239803,0.0825375765562057,0.0836341455578804,0.0199631694704294,0.6329504251480103,0.0926910564303398,0.0275938920676708,Crime_Thriller
0.00562643725425,0.0098216524347662,0.0033357453066855,0.3207089900970459,0.2517307102680206,0.3607836067676544,0.0479928590357303,Crime_Thriller
0.0128294443711638,0.0505445040762424,0.0043843258172273,0.2974774837493896,0.4906238317489624,0.1136701479554176,0.0304703246802091,Crime_Thriller
0.0135707380250096,0.0764670744538307,0.0093376450240612,0.3502081632614136,0.1899009495973587,0.2834538221359253,0.0770616233348846,Crime_Thriller
0.005760449450463,0.0115275867283344,0.0023113116621971,0.0071193785406649,0.9389594197273254,0.0126380985602736,0.0216836910694837,Crime_Thriller
0.9548385739326476,0.0102390237152576,0.0031015507411211,0.0011235917918384,0.0213622227311134,0.005761151202023,0.0035738756414502,Crime_Thriller
0.6133966445922852,0.1208837255835533,0.0175983011722564,0.0080574275925755,0.161449134349823,0.0471339114010334,0.0314807370305061,Crime_Thriller
0.1216453537344932,0.171689361333847,0.0235998034477233,0.0190119408071041,0.5310782194137573,0.1309379041194915,0.0020374632440507,Crime_Thriller
0.0038736264687031,0.0095540452748537,0.0086807291954755,0.0046099750325083,0.0669936463236808,0.9006932973861694,0.0055947126820683,Crime_Thriller
0.1445142179727554,0.1731635183095932,0.006101032719016,0.0092918882146477,0.3794829249382019,0.2813622057437897,0.0060842605307698,Crime_Thriller
0.3032854199409485,0.2752429842948913,0.0343295894563198,0.0048392252065241,0.3167996108531952,0.0637402683496475,0.0017628903733566,Crime_Thriller
0.0020328897517174,0.010218278504908,0.0147164957597851,0.0028705655131489,0.0640001147985458,0.8964057564735413,0.0097558284178376,Crime_Thriller
0.3405678570270538,0.5047892332077026,0.093371994793415,0.0015742578543722,0.0433368720114231,0.0103712920099496,0.0059884521178901,Crime_Thriller
0.2594328820705414,0.6982752680778503,0.0096608214080333,0.0011894322233274,0.0084963515400886,0.0212976653128862,0.0016475453739985,Crime_Thriller
0.2486399412155151,0.5495728254318237,0.0221972111612558,0.0021649228874593,0.071642979979515,0.0981903448700904,0.0075917826034128,Crime_Thriller
0.013102987781167,0.0284114647656679,0.0174454096704721,0.0038211352657526,0.2286224663257599,0.6358712911605835,0.0727252587676048,Crime_Thriller
0.096091903746128,0.0777462422847747,0.0294550787657499,0.0071675977669656,0.7629067897796631,0.0177427027374506,0.0088897347450256,Crime_Thriller
0.1407727003097534,0.0664856806397438,0.0506783872842788,0.0028602664824575,0.6622598767280579,0.0689070373773574,0.0080361040309071,Crime_Thriller
0.0102985417470335,0.0061237537302076,0.0013518759515136,0.6941327452659607,0.2481959015130996,0.0041911569423973,0.0357060581445694,Crime_Thriller
0.6487720012664795,0.083226054906845,0.0245840232819318,0.0049855723045766,0.1765086352825164,0.0274909120053052,0.034432865679264,Crime_Thriller
0.722830593585968,0.1501741409301757,0.0076202163472771,0.0041460795328021,0.086759015917778,0.0192837081849575,0.0091862324625253,Crime_Thriller
0.3582359254360199,0.2258071601390838,0.0645752474665641,0.0042097019031643,0.3063990473747253,0.0191161036491394,0.0216569416224956,Crime_Thriller
0.0769860669970512,0.051632884889841,0.0668608024716377,0.0024215723387897,0.0796560570597648,0.6196778416633606,0.1027647852897644,Crime_Thriller
0.4701974391937256,0.0322271585464477,0.1537172496318817,0.0060745901428163,0.183512195944786,0.0570382662117481,0.0972331464290618,Crime_Thriller
0.0406633242964744,0.0590053908526897,0.6789711117744446,0.0032994311768561,0.1632944345474243,0.0267806891351938,0.027985718101263,Crime_Thriller
0.0978418365120887,0.7585667371749878,0.0085548125207424,0.0026623955927789,0.0327704884111881,0.0604986920952796,0.0391050018370151,Crime_Thriller
0.3775079548358917,0.4092488884925842,0.0390936471521854,0.005903142504394,0.03395551815629,0.0602737553417682,0.07401704788208,Crime_Thriller
