anger,disgust,fear,joy,neutral,sadness,surprise,genre
0.0062946588732302,0.0098358793184161,0.0084248399361968,0.0156261976808309,0.9145269393920898,0.0299292784184217,0.0153622664511203,Horror
0.0054155965335667,0.0220921710133552,0.0039358446374535,0.0036292306613177,0.9015985131263732,0.0071691959165036,0.0561594851315021,Horror
0.0577365197241306,0.4995540082454681,0.1506749540567398,0.0036832659970968,0.259864330291748,0.0168395712971687,0.01164738740772,Horror
0.0132764251902699,0.0040851198136806,0.9650518298149108,0.0004806389624718,0.0023034098558127,0.0114485854282975,0.0033540234435349,Horror
0.0229534711688756,0.052124373614788,0.0033984796609729,0.14051054418087,0.7207032442092896,0.0430828817188739,0.0172270555049181,Horror
0.1476754546165466,0.5229172706604004,0.0225945319980382,0.0021781455725431,0.0970882177352905,0.1250041872262954,0.0825421959161758,Horror
0.0207855533808469,0.0264534931629896,0.933560848236084,0.000589678005781,0.0096870949491858,0.0039959079585969,0.0049273888580501,Horror
0.1211618334054946,0.1629781424999237,0.3715440630912781,0.0019625318236649,0.0893614739179611,0.2311390191316604,0.0218528900295496,Horror
0.0137498211115598,0.214762344956398,0.0425679311156272,0.0017135706730186,0.052899096161127,0.6687571406364441,0.0055501055903732,Horror
0.1870933771133422,0.0411267951130867,0.0686976462602615,0.1010195314884185,0.542405903339386,0.0186387002468109,0.041018046438694,Horror
0.2864501774311065,0.0719516798853874,0.3293725848197937,0.0029522276017814,0.0652119740843772,0.009432210586965,0.2346291691064834,Horror
0.2225272953510284,0.5621965527534485,0.0747856423258781,0.001573157031089,0.0638225227594375,0.0650630742311477,0.0100317131727933,Horror
0.2482429146766662,0.0966676026582717,0.0918433740735054,0.0036019063554704,0.4129246175289154,0.0935200750827789,0.0531994774937629,Horror
0.0062589603476226,0.0826063752174377,0.7777808308601379,0.0016091854777187,0.0263991393148899,0.0067639625631272,0.0985815823078155,Horror
0.0764524936676025,0.6491309404373169,0.0296927262097597,0.0015520639717578,0.1348347514867782,0.0857166424393653,0.0226203314960002,Horror
0.5859799981117249,0.273810863494873,0.0262831822037696,0.0030075768008828,0.0828016251325607,0.0163913965225219,0.0117253912612795,Horror
0.0413486063480377,0.546040952205658,0.0494284778833389,0.0022383695468306,0.2832594215869903,0.0689528807997703,0.0087312990799546,Horror
0.0069309286773204,0.0134383076801896,0.0525234378874301,0.0172926057130098,0.8847922086715698,0.0140326358377933,0.0109898364171385,Horror
0.0961157158017158,0.8158328533172607,0.0563845708966255,0.0007828767993487,0.0222633946686983,0.0045584221370518,0.0040621450170874,Horror
