anger,disgust,fear,joy,neutral,sadness,surprise,genre
0.0118269985541701,0.0154788447543978,0.0095826005563139,0.0610505677759647,0.851524829864502,0.013374350965023,0.0371619202196598,War_film
0.0024935225956141,0.0029833370354026,0.9328768849372864,0.0022553994785994,0.0235504806041717,0.0318475402891635,0.0039929384365677,War_film
0.03356659039855,0.0447086133062839,0.0181060526520013,0.0022852376569062,0.2650575041770935,0.6233075857162476,0.0129684563726186,War_film
0.2662712037563324,0.3184333741664886,0.0087010590359568,0.0216593630611896,0.3118952810764313,0.0607120878994464,0.0123275443911552,War_film
0.0150663014501333,0.0197604820132255,0.2412114888429641,0.033873327076435,0.6544957756996155,0.0127882901579141,0.0228044036775827,War_film
0.0046750004403293,0.0012911389349028,0.0010960820363834,0.0036456261295825,0.0102886855602264,0.0027703952509909,0.9762331247329712,War_film
0.0292558223009109,0.0106445159763097,0.0054178577847778,0.1658504754304886,0.6313769221305847,0.0181064568459987,0.1393480151891708,War_film
0.0823482498526573,0.4799121022224426,0.011471857316792,0.0127555234357714,0.4000215530395508,0.0116972606629133,0.0017934063216671,War_film
0.0011982535943388,0.0014851577579975,0.9829817414283752,0.0014617441920563,0.0052100550383329,0.0067005371674895,0.0009624639642424,War_film
0.0095386672765016,0.0202789921313524,0.9554263353347778,0.0017236891435459,0.009293875657022,0.001707389135845,0.0020310217514634,War_film
0.2123186141252517,0.1416673958301544,0.0308434683829545,0.0136705636978149,0.571012556552887,0.0176950972527265,0.0127923423424363,War_film
0.006082434207201,0.0024907148908823,0.9730465412139891,0.0028322315774858,0.0096490997821092,0.0025970879942178,0.0033018849790096,War_film
0.1752963662147522,0.1216621026396751,0.0182480011135339,0.1509292274713516,0.4671816825866699,0.059043999761343,0.0076386611908674,War_film
0.94039124250412,0.0170317031443119,0.0045522465370595,0.0010711750946938,0.025406053289771,0.0086655542254447,0.0028818247374147,War_film
0.0538423247635364,0.1168325245380401,0.0165297053754329,0.3056772649288177,0.4308791160583496,0.0648184642195701,0.0114206690341234,War_film
0.6908872723579407,0.2071161866188049,0.0279381200671196,0.0042529269121587,0.0603900179266929,0.0063249664381146,0.0030905460007488,War_film
0.0901185870170593,0.1857941895723343,0.022021397948265,0.004388827830553,0.5433752536773682,0.1416066437959671,0.0126951104030013,War_film
0.0154424626380205,0.0078552374616265,0.0584910698235034,0.0114011615514755,0.8787630796432495,0.0198181439191102,0.0082288393750786,War_film
0.1687301695346832,0.1133130714297294,0.3831477165222168,0.0025087071117013,0.0964747965335846,0.2033211588859558,0.0325043462216854,War_film
0.0749392136931419,0.0587736703455448,0.0335553139448165,0.0090013230219483,0.7628775238990784,0.0393862575292587,0.0214666537940502,War_film
0.5642860531806946,0.3239654302597046,0.013834754936397,0.0015785897849127,0.0622062943875789,0.0311447251588106,0.0029841603245586,War_film
0.0425240583717823,0.6922171711921692,0.0033457425888627,0.0541414692997932,0.195897102355957,0.0089856209233403,0.0028889358509331,War_film
