anger,disgust,fear,joy,neutral,sadness,surprise,genre
0.0114437052980065,0.0062753781676292,0.0574518926441669,0.048630628734827,0.2079159468412399,0.5121861100196838,0.156096339225769,Romance_Film
0.0232361275702714,0.950437068939209,0.0010151161113753,0.0056805466301739,0.0136466454714536,0.0048144860193133,0.0011700049508363,Romance_Film
0.0067772804759442,0.0029252744279801,0.0164512488991022,0.0278445314615964,0.6325430274009705,0.0060354797169566,0.3074231147766113,Romance_Film
0.020195223391056,0.0746470317244529,0.0013384443009272,0.5533568263053894,0.3052209615707397,0.0353940390050411,0.0098474882543087,Romance_Film
0.3038029968738556,0.2351447492837906,0.1882999986410141,0.0019767968915402,0.0489642135798931,0.2186999917030334,0.0031112553551793,Romance_Film
0.0451958365738391,0.1473032236099243,0.0193243436515331,0.2198729217052459,0.4023486971855163,0.1578624546527862,0.0080925486981868,Romance_Film
0.2419807910919189,0.1747706979513168,0.0602301619946956,0.0139204766601324,0.4739580452442169,0.0302365776151418,0.0049032974056899,Romance_Film
0.0149521827697753,0.0446722619235515,0.0127440867945551,0.0061770468018949,0.8733084797859192,0.0442059524357318,0.0039399941451847,Romance_Film
0.004717746283859,0.0096393814310431,0.0039530238136649,0.7826159596443176,0.1526825577020645,0.0129747865721583,0.033416461199522,Romance_Film
