anger,disgust,fear,joy,neutral,sadness,surprise,genre
0.445613145828247,0.0182811263948678,0.1153257340192794,0.322693258523941,0.0463380701839923,0.0330488942563533,0.0186996012926101,Black_and_white
0.0042564459145069,0.0023710546083748,0.0023451198358088,0.0455249808728694,0.876984179019928,0.0129123870283365,0.0556057877838611,Black_and_white
0.2712562084197998,0.0482274033129215,0.1431863158941269,0.0147296860814094,0.4824556708335876,0.031581200659275,0.0085634486749768,Black_and_white
0.0975810810923576,0.2084866613149643,0.0389827191829681,0.1107147112488746,0.4196937084197998,0.1230295225977897,0.0015116480644792,Black_and_white
0.217757448554039,0.0281123183667659,0.0217743869870901,0.0111760171130299,0.6920868754386902,0.0196802988648414,0.009412582963705,Black_and_white
0.7569922804832458,0.1231406852602958,0.017541479319334,0.0010217003291472,0.0579371117055416,0.0417425483465194,0.0016241094563156,Black_and_white
0.1191799268126487,0.7827649116516113,0.0210147742182016,0.0016898668836802,0.0405961871147155,0.0337768346071243,0.0009774646023288,Black_and_white
0.5937075018882751,0.1964535266160965,0.0263961888849735,0.0027830942999571,0.1505642086267471,0.0261438451707363,0.0039515797980129,Black_and_white
0.2687002122402191,0.134748175740242,0.1189335361123085,0.0013177944347262,0.0307621303945779,0.4303900599479675,0.0151480752974748,Black_and_white
0.0908283814787864,0.0349343866109848,0.0097987009212374,0.0035251409281045,0.1328494548797607,0.7227210998535156,0.0053428220562636,Black_and_white
0.1877798438072204,0.645814836025238,0.041837427765131,0.0008977933321148,0.041251253336668,0.0798070654273033,0.0026117302477359,Black_and_white
0.148739218711853,0.5034751892089844,0.0179673060774803,0.0037149838171899,0.2784974277019501,0.0394157506525516,0.008190075866878,Black_and_white
0.0191289838403463,0.0169586613774299,0.0012930158991366,0.288216233253479,0.6625872850418091,0.0076218787580728,0.0041939308866858,Black_and_white
