anger,disgust,fear,joy,neutral,sadness,surprise,genre
0.4390429854393005,0.0879218801856041,0.1050102710723877,0.0045930352061986,0.2856962084770202,0.0704500004649162,0.0072856093756854,Thriller
0.0306644607335329,0.1177085787057876,0.0038080073427408,0.0219712611287832,0.8078583478927612,0.0081478897482156,0.0098414188250899,Thriller
0.5017034411430359,0.4466938972473144,0.0107840346172451,0.0010119336657226,0.0326842367649078,0.0060177114792168,0.0011047278530895,Thriller
0.0221156198531389,0.9309513568878174,0.0049182320944964,0.0005479741375893,0.0215834062546491,0.019061030820012,0.000822402362246,Thriller
0.0863391011953353,0.0300558321177959,0.0092584798112511,0.00757492845878,0.8445311784744263,0.0196520704776048,0.0025884420610964,Thriller
0.0204049535095691,0.2397965341806411,0.0029692593961954,0.0028237497899681,0.6992555260658264,0.0248970873653888,0.0098529150709509,Thriller
0.0218425206840038,0.0420929156243801,0.0024557719007134,0.0596023052930831,0.6952647566795349,0.1726355999708175,0.006106087937951,Thriller
0.4828059673309326,0.4773390889167785,0.019812935963273,0.0015167915262281,0.0127555066719651,0.0041123423725366,0.0016573963221162,Thriller
0.0632586628198623,0.0496431700885295,0.0156455375254154,0.006548942066729,0.8135054707527161,0.0235647596418857,0.0278334803879261,Thriller
0.5565553307533264,0.2885797917842865,0.036689281463623,0.0020484367851167,0.06397545337677,0.0498223938047885,0.0023292091209441,Thriller
0.5435528755187988,0.0857908576726913,0.0060620033182203,0.0011898826342076,0.0893951207399368,0.2685594260692596,0.0054498701356351,Thriller
0.2606990337371826,0.2255535721778869,0.0611297339200973,0.0017299195751547,0.4207328557968139,0.0102521693333983,0.0199027564376592,Thriller
0.0139026222750544,0.0199237689375877,0.0182268097996711,0.0066955569200217,0.9307815432548524,0.0079101519659161,0.0025595359038561,Thriller
0.0787135064601898,0.5352742671966553,0.1867884248495102,0.0027879308909177,0.1213559061288833,0.0073655787855386,0.067714437842369,Thriller
0.0296818129718303,0.0141042592003941,0.0056814169511199,0.0020163375884294,0.2517511248588562,0.0146305849775671,0.6821345090866089,Thriller
0.0140610979869961,0.726940393447876,0.0301050636917352,0.0012610554695129,0.1416017264127731,0.0808964818716049,0.0051340456120669,Thriller
0.0301190763711929,0.0221755299717187,0.0055543980561196,0.0014987037284299,0.9162350296974182,0.0185372550040483,0.0058800335973501,Thriller
0.3804332911968231,0.4922234714031219,0.0189183261245489,0.002132547320798,0.0927527025341987,0.0101319327950477,0.0034077309537678,Thriller
0.1404290646314621,0.0798206478357315,0.6888418197631836,0.0022547543048858,0.0690395385026931,0.0146218836307525,0.0049922377802431,Thriller
0.0236375387758016,0.0078071416355669,0.0025064470246434,0.0113355387002229,0.945859670639038,0.0040438040159642,0.0048098224215209,Thriller
