anger,disgust,fear,joy,neutral,sadness,surprise,genre
0.0350486449897289,0.5478850603103638,0.3536122739315033,0.0019643921405076,0.046999916434288,0.0034920275211334,0.0109976716339588,Science_Fiction
0.1928897053003311,0.6211791634559631,0.0537544377148151,0.0012733929324895,0.0813646465539932,0.0390919335186481,0.0104467207565903,Science_Fiction
0.0489029623568058,0.0143760871142148,0.0143110072240233,0.0017236098647117,0.0244604591280221,0.8652807474136353,0.0309450197964906,Science_Fiction
0.0067471740767359,0.0099175758659839,0.0052273138426244,0.2598554790019989,0.3314536809921264,0.3337286710739136,0.0530701130628585,Science_Fiction
0.0607647225260734,0.0409732721745967,0.0697246119379997,0.0029603675939142,0.2578644454479217,0.0911977663636207,0.4765148162841797,Science_Fiction
0.0037657101638615,0.0153623158112168,0.0088053280487656,0.0744412094354629,0.8445959687232971,0.0101210922002792,0.0429084002971649,Science_Fiction
0.0246857851743698,0.353747010231018,0.0094804372638463,0.0106227956712245,0.5084706544876099,0.0604621618986129,0.0325312055647373,Science_Fiction
0.0325645096600055,0.0817678868770599,0.1449814885854721,0.0058084619231522,0.4922768473625183,0.0139957433566451,0.2286051362752914,Science_Fiction
0.0772164165973663,0.012237885966897,0.1045103147625923,0.0090943472459912,0.7110934257507324,0.049221534281969,0.0366261079907417,Science_Fiction
0.0077192946337163,0.0164462812244892,0.0089596733450889,0.005776441656053,0.2971158027648926,0.6351917386054993,0.0287907291203737,Science_Fiction
0.0134166115894913,0.0080824447795748,0.0038316005375236,0.0128742419183254,0.8489735126495361,0.0033228574320673,0.1094987392425537,Science_Fiction
0.0084856133908033,0.0317212268710136,0.0302848387509584,0.0342473499476909,0.8645113110542297,0.0227628145366907,0.0079868640750646,Science_Fiction
0.132051020860672,0.0141672352328896,0.6454359292984009,0.0032588168978691,0.0295038726180791,0.0278636459261178,0.1477195024490356,Science_Fiction
0.0664102286100387,0.4245277345180511,0.0362819954752922,0.0027012277860194,0.1339064538478851,0.2478267252445221,0.0883456990122795,Science_Fiction
0.0816112011671066,0.169288158416748,0.1617080420255661,0.0089603904634714,0.4426792860031128,0.0140298847109079,0.1217229664325714,Science_Fiction
0.0178596377372741,0.1484551578760147,0.0190306175500154,0.0040439986623823,0.6962220072746277,0.00714265787974,0.1072459518909454,Science_Fiction
0.0707737654447555,0.0951160714030265,0.1129178628325462,0.0069250208325684,0.6170400977134705,0.0346752107143402,0.0625519901514053,Science_Fiction
0.0105441715568304,0.0270591210573911,0.0047256364487111,0.0044603268615901,0.651972770690918,0.0053448788821697,0.2958930730819702,Science_Fiction
0.0311360154300928,0.0465347990393638,0.0073868255130946,0.003421924309805,0.8771705031394958,0.0312604159116745,0.0030895532108843,Science_Fiction
0.0053233667276799,0.0101130027323961,0.0016071174759417,0.0040672770701348,0.9258824586868286,0.0030875683296471,0.0499191582202911,Science_Fiction
0.0105963964015245,0.0102013852447271,0.006516134366393,0.0163911860436201,0.8911997079849243,0.0144817354157567,0.0506135076284408,Science_Fiction
0.008516926318407,0.0318750701844692,0.0036495691165328,0.0083467550575733,0.9097835421562196,0.0169146638363599,0.0209133680909872,Science_Fiction
0.0034810500219464,0.00745215639472,0.0402428954839706,0.0060993712395429,0.2102480828762054,0.4855097234249115,0.2469667643308639,Science_Fiction
0.0372181683778762,0.1492184996604919,0.03140265122056,0.0077526434324681,0.6226816773414612,0.102965198457241,0.0487610734999179,Science_Fiction
0.0084547530859708,0.0242523085325956,0.0014022605028003,0.5104189515113831,0.3425967395305633,0.1009012460708618,0.0119737992063164,Science_Fiction
0.0137103572487831,0.1085203513503074,0.0336033925414085,0.0034805424511432,0.1762758195400238,0.6500909924507141,0.0143185695633292,Science_Fiction
0.0433784462511539,0.0242277849465608,0.0318893752992153,0.002797829452902,0.860295295715332,0.0139559898525476,0.023455187678337,Science_Fiction
0.0518786013126373,0.0467569008469581,0.438546359539032,0.0082394862547516,0.4120755195617676,0.0090847732499241,0.0334182493388652,Science_Fiction
0.2600680291652679,0.0299683790653944,0.4761369228363037,0.002061509527266,0.0435867644846439,0.1565777212381363,0.0316006503999233,Science_Fiction
0.0073516578413546,0.0187721289694309,0.0079107750207185,0.0064783995039761,0.918982744216919,0.0038682261947542,0.0366360135376453,Science_Fiction
0.0189737156033515,0.016833484172821,0.1235313937067985,0.0054552564397454,0.1748318970203399,0.0237174574285745,0.6366568207740784,Science_Fiction
0.6082395911216736,0.0963625460863113,0.0701721757650375,0.0020752551499754,0.1788018643856048,0.0415723957121372,0.0027761973906308,Science_Fiction
0.0238417442888021,0.8200855255126953,0.0076236086897552,0.0013898977776989,0.1058102026581764,0.0245602838695049,0.0166888255625963,Science_Fiction
0.0185245908796787,0.0430226288735866,0.8988945484161377,0.0012120913015678,0.0216763094067573,0.0119149032980203,0.0047549558803439,Science_Fiction
0.0375600755214691,0.1124514117836952,0.0437692999839782,0.003495427314192,0.7082633972167969,0.0163704752922058,0.078089952468872,Science_Fiction
0.0959309116005897,0.0553785264492034,0.2298818826675415,0.0041632992215454,0.4988273382186889,0.061554629355669,0.0542634464800357,Science_Fiction
0.5919860601425171,0.3579292595386505,0.0135641703382134,0.0010899711633101,0.0264669768512249,0.0070826555602252,0.0018810126930475,Science_Fiction
0.0127104688435792,0.0585420168936252,0.0063518360257148,0.0024552196264266,0.7588064074516296,0.0121450824663043,0.1489890068769455,Science_Fiction
0.2494518160820007,0.1112605258822441,0.0825475454330444,0.0056429794058203,0.2992737591266632,0.0680011212825775,0.1838222444057464,Science_Fiction
0.0378450751304626,0.0562829561531543,0.2075163125991821,0.0082273865118622,0.6158756017684937,0.0162809621542692,0.0579716302454471,Science_Fiction
0.0911453440785408,0.0247483905404806,0.4116018414497375,0.0061867823824286,0.3691951036453247,0.0233257394284009,0.0737967789173126,Science_Fiction
0.0655869394540786,0.0579848289489746,0.0118883792310953,0.0022782701998949,0.7340637445449829,0.1007043346762657,0.0274934954941272,Science_Fiction
0.0560786873102188,0.3990043699741363,0.0312149357050657,0.0043355394154787,0.2606948912143707,0.0364231765270233,0.2122483998537063,Science_Fiction
0.0197305809706449,0.092660941183567,0.0092925690114498,0.0054638828150928,0.1981186419725418,0.6531028747558594,0.0216304548084735,Science_Fiction
0.0180507767945528,0.0338548980653286,0.0009928786894306,0.0037097951862961,0.9050050973892212,0.0096607031300663,0.0287258587777614,Science_Fiction
0.0133456727489829,0.2256326079368591,0.0136030185967683,0.3006932735443115,0.4229342341423034,0.0170457009226083,0.006745452992618,Science_Fiction
0.0064501594752073,0.0040376209653913,0.0011719316244125,0.5875388383865356,0.3294658958911896,0.0154608143493533,0.0558747686445713,Science_Fiction
0.0070070018991827,0.0094663714990019,0.0030744913965463,0.1771414279937744,0.7654091715812683,0.009964563883841,0.0279369782656431,Science_Fiction
0.0115356324240565,0.0140000376850366,0.0013758862623944,0.1842883974313736,0.7239829301834106,0.0145311430096626,0.0502858757972717,Science_Fiction
0.2597923576831817,0.6345558166503906,0.0091868136078119,0.0021321782842278,0.0739344507455825,0.0182752758264541,0.0021230685524642,Science_Fiction
