anger,disgust,fear,joy,neutral,sadness,surprise,genre
0.0458781085908412,0.0463088005781173,0.0066016488708555,0.0069751846604049,0.0430021658539772,0.8453096747398376,0.0059244013391435,Coming_of_age
0.0661181956529617,0.0653402805328369,0.8358941078186035,0.0016170691233128,0.0176714565604925,0.011259195394814,0.0020996567327529,Coming_of_age
0.00379163865,0.0702167451381683,0.0036562921013683,0.0072285961359739,0.263546884059906,0.5952779650688171,0.0562818758189678,Coming_of_age
0.0092364251613616,0.0029283605981618,0.950943887233734,0.0017335199518129,0.0263495072722435,0.0063797822222113,0.0024285805411636,Coming_of_age
0.0180443990975618,0.2501738667488098,0.0103864325210452,0.033924177289009,0.4772617220878601,0.2075596004724502,0.0026497852522879,Coming_of_age
0.0108309732750058,0.0177600663155317,0.0033424641005694,0.0065823551267385,0.9382396936416626,0.01920429430902,0.0040400857105851,Coming_of_age
0.3414134383201599,0.4972342252731323,0.0248097088187932,0.0010207941522821,0.0385685004293918,0.0951011329889297,0.0018522607861086,Coming_of_age
0.011630724184215,0.0251560788601636,0.1115127205848693,0.0072404630482196,0.4287730157375335,0.3912349045276642,0.0244521275162696,Coming_of_age
0.0379681959748268,0.2217981517314911,0.2671613991260528,0.0146544128656387,0.2458751648664474,0.1978321075439453,0.0147106004878878,Coming_of_age
0.0809899643063545,0.8320508599281311,0.0082308845594525,0.0007522032829001,0.0289157852530479,0.0466023907065391,0.002458001486957,Coming_of_age
0.2963400781154632,0.1518886536359787,0.0026178986299782,0.011423846706748,0.501451313495636,0.0257790312170982,0.0104991439729928,Coming_of_age
0.0254963263869285,0.1112086325883865,0.0067052105441689,0.0059505347162485,0.2459747046232223,0.4465777277946472,0.1580868065357208,Coming_of_age
0.9565916061401368,0.0175985377281904,0.0015170844271779,0.0011492078192532,0.0166665948927402,0.0037703465204685,0.0027066241018474,Coming_of_age
0.9738805890083312,0.0075814211741089,0.0045423246920108,0.0004774418484885,0.0089702038094401,0.0029184543527662,0.0016295949462801,Coming_of_age
0.0073392135091125,0.0080926371738314,0.0074758375994861,0.0582387410104274,0.8755754232406616,0.0318076163530349,0.0114704798907041,Coming_of_age
0.0212882403284311,0.0412158258259296,0.0443770736455917,0.0021734409965574,0.0699271857738494,0.5077275037765503,0.3132907152175903,Coming_of_age
0.0169148407876491,0.0906734764575958,0.0491900891065597,0.0041082887910306,0.0416609793901443,0.795993447303772,0.0014588898047804,Coming_of_age
0.0037388247437775,0.0044184029102325,0.9656503200531006,0.0023507857695221,0.01776984333992,0.0036962053272873,0.0023756308946758,Coming_of_age
0.0357731357216835,0.0298060216009616,0.0026810769923031,0.0885839983820915,0.5939950942993164,0.0755907371640205,0.173569917678833,Coming_of_age
0.0347696430981159,0.0274098310619592,0.6891116499900818,0.0063596470281481,0.2123614251613617,0.0277195964008569,0.0022683090064674,Coming_of_age
0.7162954807281494,0.0886194929480552,0.0032015165779739,0.0118285445496439,0.0848402082920074,0.0931590571999549,0.0020557749085128,Coming_of_age
0.0962023138999939,0.1084533035755157,0.3932488262653351,0.0035509436856955,0.2985815107822418,0.0894922167062759,0.0104708792641758,Coming_of_age
0.4045117199420929,0.2922758758068084,0.0250403489917516,0.0036886818706989,0.2018033564090728,0.0712881460785865,0.0013918603071942,Coming_of_age
0.0116566587239503,0.0418225973844528,0.0201429445296525,0.371078222990036,0.4686283767223358,0.0145484749227762,0.0721226930618286,Coming_of_age
0.0099356556311249,0.0029964903369545,0.0077488808892667,0.0016549794236198,0.0148811005055904,0.0008939573308452,0.9618889093399048,Coming_of_age
0.0088246641680598,0.0539303310215473,0.0009332038462162,0.742327868938446,0.1791898310184478,0.0074397991411387,0.0073542548343539,Coming_of_age
0.3308601379394531,0.531716525554657,0.0070656482130289,0.0022667341399937,0.0427079834043979,0.0782325118780136,0.0071504297666251,Coming_of_age
0.0051284083165228,0.9786997437477112,0.0011501077096909,0.0005607056664302,0.0089129004627466,0.0025408281944692,0.0030073209200054,Coming_of_age
0.1798907071352005,0.7196388244628906,0.012897215783596,0.0008077464881353,0.0580563507974147,0.0265076886862516,0.0022014959249645,Coming_of_age
0.2659376263618469,0.1349658519029617,0.0014211151283234,0.1621588319540023,0.412759393453598,0.0112714515998959,0.0114857899025082,Coming_of_age
0.0261243134737014,0.0878992676734924,0.0040918225422501,0.1110235899686813,0.7336031794548035,0.0338345952332019,0.0034232418984174,Coming_of_age
0.2079526036977768,0.5235334634780884,0.0019546847324818,0.012381425127387,0.2424097210168838,0.0100150015205144,0.0017531859921291,Coming_of_age
0.4958294928073883,0.3532154858112335,0.0073082251474261,0.0053678867407143,0.1158473938703537,0.0178428404033184,0.0045886193402111,Coming_of_age
0.0291123632341623,0.0126188267022371,0.0226067304611206,0.0054745003581047,0.6219576001167297,0.0881710797548294,0.2200588881969452,Coming_of_age
0.0450736545026302,0.0413877964019775,0.1620424091815948,0.2651104927062988,0.472074031829834,0.0106731299310922,0.0036385273560881,Coming_of_age
0.0204851012676954,0.0215968135744333,0.0011081352131441,0.7947901487350464,0.0943294912576675,0.0404220335185527,0.0272682718932628,Coming_of_age
0.00789366196841,0.0042105591855943,0.0043729660101234,0.0911362692713737,0.8576112985610962,0.0045700632035732,0.0302053373306989,Coming_of_age
0.0128896804526448,0.1696957051753997,0.0015961868921294,0.6064315438270569,0.1938748061656952,0.0117159448564052,0.0037961422931402,Coming_of_age
0.0547980852425098,0.0729661583900451,0.227119579911232,0.0065487045794725,0.5794101357460022,0.0328953079879283,0.0262620281428098,Coming_of_age
0.7623760104179382,0.0859083086252212,0.0039819274097681,0.0032653962261974,0.0742674469947815,0.0676104351878166,0.0025904276408255,Coming_of_age
0.0266274530440568,0.0544672273099422,0.002865376882255,0.0360040366649627,0.7967126965522766,0.0810489431023597,0.0022743053268641,Coming_of_age
