anger,disgust,fear,joy,neutral,sadness,surprise,genre
0.0019271131604909,0.0103233708068728,0.0038489922881126,0.0017383570084348,0.024891722947359,0.955207884311676,0.0020624806638807,Drama
0.0143259959295392,0.0391343049705028,0.0362653099000453,0.0628827214241027,0.6879551410675049,0.0795965120196342,0.0798399746417999,Drama
0.0172561649233102,0.0177260972559452,0.0022918162867426,0.0320125482976436,0.0911528095602989,0.8327672481536865,0.0067933038808405,Drama
0.145345076918602,0.0546344183385372,0.0035476586781442,0.0053632073104381,0.0588044114410877,0.7290199398994446,0.0032852855511009,Drama
0.0049082292243838,0.0101434588432312,0.049536857753992,0.7540531754493713,0.1704506576061248,0.0070118308067321,0.0038957160431891,Drama
0.014012100175023,0.014636417850852,0.1783638894557953,0.0375583693385124,0.6079794764518738,0.1414995640516281,0.0059501752257347,Drama
0.0224283095449209,0.0298121962696313,0.0013765470357611,0.5756980180740356,0.3492611944675445,0.0166894290596246,0.0047342935577034,Drama
0.0146422963589429,0.0167389716953039,0.0269487760961055,0.0072993719950318,0.918682873249054,0.0074579766951501,0.0082297828048467,Drama
0.0861319750547409,0.2611601948738098,0.0401251390576362,0.0209273267537355,0.538141131401062,0.0357039645314216,0.017810208722949,Drama
0.0366121008992195,0.1897809952497482,0.0035656744148582,0.0133145321160554,0.7387974262237549,0.0127175925299525,0.0052116275765001,Drama
0.0233522318303585,0.0454215854406356,0.1595348417758941,0.0209937896579504,0.3492244482040405,0.0576791651546955,0.3437939286231994,Drama
0.0151647999882698,0.0560262687504291,0.3707638382911682,0.1784022897481918,0.3574470579624176,0.0076394109055399,0.0145562402904033,Drama
0.0036341985687613,0.0121917407959699,0.0018679903587326,0.7537153959274292,0.14081571996212,0.066408060491085,0.0213669650256633,Drama
0.0196072235703468,0.1526371538639068,0.0190563071519136,0.0649226084351539,0.6080443859100342,0.1137489229440689,0.0219834707677364,Drama
0.0128927174955606,0.0139624802395701,0.0046139783225953,0.3867994248867035,0.5384778380393982,0.0088372062891721,0.0344162806868553,Drama
0.2188238054513931,0.4233528077602386,0.0219674743711948,0.0083900010213255,0.3005622625350952,0.007212171331048,0.0196915622800588,Drama
0.0504018552601337,0.0697025507688522,0.0143867535516619,0.0031918147578835,0.2631378471851349,0.5521066784858704,0.0470724739134311,Drama
0.0113176088780164,0.0475280508399009,0.0145051665604114,0.041630782186985,0.8661873936653137,0.0067525128833949,0.0120784686878323,Drama
0.4709691107273102,0.1995230466127395,0.0089070061221718,0.0280053280293941,0.2093048244714737,0.0809109285473823,0.0023798728361725,Drama
0.4991185665130615,0.3886359333992004,0.0033096957486122,0.0024869148619472,0.078440248966217,0.0243380889296531,0.0036704761441797,Drama
0.2859119176864624,0.643692672252655,0.0222468879073858,0.0032511276658624,0.0259529948234558,0.0150568252429366,0.0038874759338796,Drama
0.0063555585220456,0.0739541500806808,0.0731586590409278,0.0028051091358065,0.0689406916499137,0.763373613357544,0.0114121632650494,Drama
0.6111003160476685,0.0541801489889621,0.006804171949625,0.0013599102385342,0.1121315211057663,0.2091694474220276,0.005254428833723,Drama
0.0354505069553852,0.0742152035236358,0.3607005476951599,0.0046970164403319,0.4579941034317016,0.048429187387228,0.0185134690254926,Drama
0.0263856276869773,0.0134764313697814,0.0120376674458384,0.0163028463721275,0.8986284732818604,0.0102249197661876,0.0229440312832593,Drama
0.929515540599823,0.0174650456756353,0.0053457356989383,0.0009517760481685,0.0378369390964508,0.005373103544116,0.0035118088126182,Drama
0.1804853975772857,0.5555750727653503,0.0414128452539444,0.0013353995746001,0.0505638159811496,0.167319506406784,0.0033080719877034,Drama
0.003222158178687,0.00675725704059,0.0029151584021747,0.0369368381798267,0.0153795294463634,0.0036239982582628,0.9311650395393372,Drama
0.0189128387719392,0.0315322391688823,0.0113242398947477,0.1399680972099304,0.7711235284805298,0.0173624437302351,0.0097765885293483,Drama
0.5731846690177917,0.0281672030687332,0.033173631876707,0.0016911695711314,0.1253182590007782,0.2315858304500579,0.006879192776978,Drama
0.0234694723039865,0.0082111814990639,0.6393486857414246,0.0029600870329886,0.0440318472683429,0.2767745852470398,0.0052040433511137,Drama
0.0069818492047488,0.0287034679204225,0.0061384695582091,0.0206254590302705,0.3924085795879364,0.5271221995353699,0.0180199965834617,Drama
0.0017303918721154,0.0013007572852075,0.0004047791298944,0.9864363074302672,0.0031884151976555,0.0033024952281266,0.0036369550507515,Drama
0.2246969640254974,0.7520257234573364,0.0031464649364352,0.0011678627924993,0.0109349722042679,0.0031985745299607,0.0048294956795871,Drama
0.0705162212252616,0.1463004797697067,0.3439667224884033,0.0035419091582298,0.3883513510227203,0.0322199426591396,0.0151035133749246,Drama
0.0190767664462327,0.0224361456930637,0.0021887251641601,0.207126498222351,0.7360067963600159,0.0046287542209029,0.0085362559184432,Drama
0.005410008598119,0.0048554791137576,0.0016767499037086,0.8292068243026733,0.1386873424053192,0.0092953629791736,0.0108681572601199,Drama
0.0126875387504696,0.0159322656691074,0.0084782298654317,0.0113520193845033,0.9224190711975098,0.005253950599581,0.0238769315183162,Drama
0.1165035739541053,0.006324955727905,0.8591347336769104,0.0012422215659171,0.0088684922084212,0.0041094990447163,0.0038165668956935,Drama
0.0424728691577911,0.0047769765369594,0.0124182999134063,0.8112570643424988,0.0449219085276126,0.0399677269160747,0.0441851615905761,Drama
0.6161211133003235,0.0186685360968112,0.0129568986594676,0.2777148783206939,0.0362590588629245,0.0071264756843447,0.0311529897153377,Drama
0.0301830451935529,0.0369957163929939,0.0160762928426265,0.0272570997476577,0.7855605483055115,0.0950816795229911,0.0088456328958272,Drama
0.0421261973679065,0.0598201192915439,0.007179700769484,0.0226134434342384,0.7843972444534302,0.0801393464207649,0.0037238881923258,Drama
