anger,disgust,fear,joy,neutral,sadness,surprise,genre
0.0114233866333961,0.1513166278600692,0.7238979935646057,0.0124284597113728,0.009714693762362,0.0865986198186874,0.004620261490345,Action
0.0683208480477333,0.2154314219951629,0.0441575683653354,0.0075646308250725,0.608730673789978,0.0261345729231834,0.0296602733433246,Action
0.0066067813895642,0.0034847215283662,0.0012863822048529,0.6520035266876221,0.3079744279384613,0.0038209594786167,0.0248231869190931,Action
0.0096424343064427,0.9453516602516174,0.0374623723328113,0.0005119229317642,0.0034193887840956,0.0021415853407233,0.0014706326182931,Action
0.080382153391838,0.2500413358211517,0.0750963687896728,0.0450013093650341,0.3826318085193634,0.1256674528121948,0.0411795675754547,Action
0.008037538267672,0.6700977683067322,0.0663607493042945,0.0167781077325344,0.1462606340646743,0.0814691185951232,0.0109960287809371,Action
0.0090806484222412,0.0123761743307113,0.9303901791572572,0.0014499621465802,0.0089217750355601,0.0026747360825538,0.0351064838469028,Action
0.0325582325458526,0.2832373678684234,0.441887617111206,0.0011115341912955,0.0212299209088087,0.2112897932529449,0.0086855050176382,Action
0.0362397953867912,0.0484984740614891,0.059126116335392,0.0011809522984549,0.0136797623708844,0.8290702104568481,0.0122046330943703,Action
0.0345346368849277,0.7550364136695862,0.0254607163369655,0.001196006196551,0.0828528702259063,0.081106312572956,0.0198129303753376,Action
0.8050481081008911,0.103462241590023,0.0158011242747306,0.0010789568768814,0.0355284139513969,0.035264004021883,0.0038172176573425,Action
0.3374794721603393,0.2274316102266311,0.0149663798511028,0.058138933032751,0.2608380615711212,0.0128498114645481,0.0882956907153129,Action
0.0160340368747711,0.0078086326830089,0.014670118689537,0.0024165641516447,0.0531976483762264,0.8663488626480103,0.0395241416990757,Action
0.1262227892875671,0.0652350261807441,0.4309735596179962,0.0023099579848349,0.088737778365612,0.2710477709770202,0.0154731711372733,Action
0.0351892448961734,0.8397504091262817,0.0276061687618494,0.0021509225480258,0.0841289460659027,0.0034717756789177,0.0077025406062603,Action
