anger,disgust,fear,joy,neutral,sadness,surprise,genre
0.0065003619529306,0.2181315124034881,0.0247165020555257,0.1651892364025116,0.5531342029571533,0.0186372734606266,0.0136909550055861,Black_and_white
0.0813477858901023,0.8485494256019592,0.0008390666916966,0.0018579947063699,0.0419856570661067,0.0211081821471452,0.0043117082677781,Black_and_white
0.2336653172969818,0.295495331287384,0.0042242403142154,0.0156240127980709,0.4065276682376861,0.0408397130668163,0.0036238234024494,Black_and_white
0.0100393462926149,0.8627445101737976,0.009073699824512,0.0048542981967329,0.0764303132891655,0.0281575135886669,0.0087003437802195,Black_and_white
0.0467311888933181,0.2127927392721176,0.0118089606985449,0.00386843085289,0.6406567692756653,0.0718085765838623,0.0123332971706986,Black_and_white
0.0275450944900512,0.004941870458424,0.0029700144659727,0.0117780035361647,0.9282747507095336,0.0056704697199165,0.018819760531187,Black_and_white
0.3156657516956329,0.3456924557685852,0.0101804947480559,0.0050305272452533,0.1426794230937957,0.1786208599805832,0.0021304511465132,Black_and_white
0.1363291889429092,0.6713342666625977,0.0050750724039971,0.0022442936897277,0.1062169000506401,0.076076790690422,0.0027236244641244,Black_and_white
0.0212794039398431,0.0046347505412995,0.004260454326868,0.1584019958972931,0.6147658228874207,0.0149828810244798,0.1816746741533279,Black_and_white
0.0060352166183292,0.0282915048301219,0.0049542197957634,0.0024418788962066,0.912497103214264,0.0187619850039482,0.0270181354135274,Black_and_white
0.0389651730656623,0.6598155498504639,0.0091377003118395,0.1362049132585525,0.1104904264211654,0.0373327583074569,0.0080535253509879,Black_and_white
0.014778378419578,0.0262463763356208,0.001791693852283,0.7190988659858704,0.1822997480630874,0.0051784222014248,0.0506064742803573,Black_and_white
0.0690450742840766,0.1090489476919174,0.0077100493945181,0.002449631690979,0.0688099414110183,0.734864354133606,0.0080719515681266,Black_and_white
0.0052848486229777,0.0990430265665054,0.8151307702064514,0.0015561672626063,0.0115647343918681,0.0571288093924522,0.0102915689349174,Black_and_white
0.0087695410475134,0.0599254965782165,0.0771694034337997,0.0039834338240325,0.5794569253921509,0.169647604227066,0.1010475903749466,Black_and_white
0.0138306254521012,0.0103618260473012,0.922663688659668,0.0016876948066055,0.0270247794687747,0.0026635450776666,0.0217679068446159,Black_and_white
0.0102411145344376,0.0060916361398994,0.0010686530731618,0.3195376694202423,0.535587728023529,0.0083866184577345,0.1190865933895111,Black_and_white
0.0222808346152305,0.0051477728411555,0.0159741826355457,0.001613080385141,0.019354747608304,0.0024722956586629,0.9331570863723756,Black_and_white
0.3714112341403961,0.1299649029970169,0.0035846836399286,0.005839698947966,0.4622753262519836,0.0174407809972763,0.0094834370538592,Black_and_white
0.405903160572052,0.359552651643753,0.0098700085654854,0.0022855240385979,0.1442537754774093,0.0743064880371093,0.0038282722234725,Black_and_white
0.1236363500356674,0.2165171056985855,0.0141535904258489,0.0091112777590751,0.6250172257423401,0.0074398345313966,0.0041246078908443,Black_and_white
0.2170181721448898,0.3263564705848694,0.0119922868907451,0.0012935269623994,0.0331676080822944,0.4072874784469604,0.0028843926265835,Black_and_white
0.0026485680136829,0.0191583093255758,0.0667987987399101,0.0013945943210273,0.0575342141091823,0.8431521654129028,0.0093132527545094,Black_and_white
0.9223040342330932,0.0208557415753602,0.0018715864280238,0.001595459645614,0.0260465424507856,0.0256344731897115,0.0016920925118029,Black_and_white
0.2449972182512283,0.4263122677803039,0.0199499279260635,0.0016906955279409,0.2037941664457321,0.0947798490524292,0.0084757795557379,Black_and_white
0.0042802048847079,0.0039692651480436,0.005047935526818,0.0014678427251055,0.0076296892948448,0.9762246012687684,0.0013804420595988,Black_and_white
0.0068304562009871,0.1401304751634597,0.0083996569737792,0.1949692517518997,0.5769774913787842,0.049270149320364,0.0234224926680326,Black_and_white
0.052374180406332,0.024491062387824,0.1455408632755279,0.0042497040703892,0.74162757396698,0.0099720219150185,0.0217445828020572,Black_and_white
0.7133335471153259,0.1703910380601883,0.0049956529401242,0.0015205283416435,0.0872800126671791,0.0167781691998243,0.005700962152332,Black_and_white
0.1797779351472854,0.7073440551757812,0.0052024777978658,0.0027379519306123,0.0938284397125244,0.0083449520170688,0.0027642287313938,Black_and_white
0.0500182770192623,0.0309625379741191,0.8959359526634216,0.001447582966648,0.0070087648928165,0.006050624884665,0.0085760885849595,Black_and_white
0.0126386517658829,0.0112122232094407,0.1459652483463287,0.0023469508159905,0.0229583121836185,0.0105799129232764,0.7942987084388733,Black_and_white
0.4532539844512939,0.2558472454547882,0.02649911865592,0.000991239445284,0.0734025612473487,0.1827072203159332,0.0072986641898751,Black_and_white
0.0303701981902122,0.2900307178497314,0.0101348543539643,0.0747513473033905,0.5026201605796814,0.0358406007289886,0.0562521703541278,Black_and_white
