anger,disgust,fear,joy,neutral,sadness,surprise,genre
0.0100124897435307,0.0047862329520285,0.0052440934814512,0.0916359797120094,0.0744515508413314,0.7523844242095947,0.0614851899445056,Drama
0.001295237801969,0.004249844700098,0.026932829990983,0.0025918162427842,0.028975186869502,0.917881190776825,0.0180738661438226,Drama
0.0034485314972698,0.0041523687541484,0.0012063903268426,0.9079183340072632,0.055245503783226,0.0112995700910687,0.0167292784899473,Drama
0.0210322681814432,0.0493979789316654,0.0055590854026377,0.2078633606433868,0.6554721593856812,0.0162322986871004,0.0444428585469722,Drama
0.004518115427345,0.0022449782118201,0.0010025122901424,0.7649851441383362,0.1437207758426666,0.0306163225322961,0.0529121793806552,Drama
0.0073044439777731,0.0069323224015533,0.0024302366655319,0.5974195599555969,0.3369238376617431,0.0113879349082708,0.0376016721129417,Drama
0.012268928810954,0.0052392012439668,0.020474387332797,0.1418185383081436,0.5927596688270569,0.0146192936226725,0.2128199934959411,Drama
0.0049216616898775,0.0057287006638944,0.0022291739005595,0.6179263591766357,0.3473268747329712,0.008826732635498,0.0130404895171523,Drama
0.0071427887305617,0.0205032620579004,0.001199041143991,0.7597487568855286,0.1912146061658859,0.0083358632400631,0.011855699121952,Drama
0.0458822138607502,0.0404204092919826,0.0019046451197937,0.5620885491371155,0.3172912299633026,0.0243604686111211,0.0080525064840912,Drama
0.0506575144827365,0.012488005682826,0.0219034515321254,0.0023984278086572,0.0260011292994022,0.0047108526341617,0.8818406462669373,Drama
0.0060471673496067,0.0217466261237859,0.0103777414187788,0.0023014727048575,0.9294797778129578,0.0123882237821817,0.0176590103656053,Drama
