anger,disgust,fear,joy,neutral,sadness,surprise,genre
0.186253622174263,0.2593500018119812,0.301068365573883,0.0046525057405233,0.1783519834280014,0.0497950986027717,0.0205283500254154,Short_Film
0.0339715555310249,0.5686250329017639,0.0152492588385939,0.0025689324829727,0.2644086182117462,0.0457825362682342,0.0693941488862037,Short_Film
0.2242887914180755,0.5837177038192749,0.0802138075232505,0.004226251039654,0.0731345862150192,0.02298872359097,0.0114301517605781,Short_Film
0.1913331449031829,0.2101467698812484,0.3068524301052093,0.0019894468132406,0.0690218955278396,0.1670529395341873,0.0536034703254699,Short_Film
0.0411814600229263,0.0177803952246904,0.0931518375873565,0.0092805782333016,0.5691767334938049,0.0498177967965602,0.2196111977100372,Short_Film
0.0094649801030755,0.751237154006958,0.0102238804101943,0.0017763443756848,0.1949270367622375,0.0278479866683483,0.0045226160436868,Short_Film
0.5600345730781555,0.3030602931976318,0.0062664453871548,0.0021245833486318,0.0851618349552154,0.0291061662137508,0.0142461117357015,Short_Film
0.2774518430233001,0.2534448206424713,0.2988834977149963,0.001979615073651,0.0874664112925529,0.017922194674611,0.0628516674041748,Short_Film
0.0185429267585277,0.0077986628748476,0.0021854888182133,0.1778707802295684,0.6091916561126709,0.0102928820997476,0.1741175651550293,Short_Film
0.0359106846153736,0.1063272505998611,0.0301186218857765,0.0057032997719943,0.347443014383316,0.2441075295209884,0.2303896397352218,Short_Film
0.8388802409172058,0.0866022333502769,0.0038944121915847,0.0020133210346102,0.0506339333951473,0.011436890810728,0.0065389559604227,Short_Film
0.3521045744419098,0.08091651648283,0.0264883916825056,0.0756877586245536,0.3671645820140838,0.0211553964763879,0.0764827653765678,Short_Film
0.1938537061214447,0.7403609156608582,0.0057454402558505,0.0028291281778365,0.0403174683451652,0.014321269467473,0.0025721711572259,Short_Film
0.8763598203659058,0.0245078038424253,0.0589418336749076,0.0018121047178283,0.022256588563323,0.0086986040696501,0.0074233254417777,Short_Film
