anger,disgust,fear,joy,neutral,sadness,surprise,genre
0.0335518904030323,0.1353538483381271,0.0185878053307533,0.0015477751148864,0.0880814865231514,0.7128479480743408,0.0100293103605508,Comedy
0.0465841926634311,0.0299035925418138,0.3282641768455505,0.0369882434606552,0.0912612974643707,0.4138065576553345,0.053191889077425,Comedy
0.0125627173110842,0.1028236597776413,0.0158470813184976,0.0146549902856349,0.8400030136108398,0.0076952814124524,0.0064132423140108,Comedy
0.0063660047017037,0.0038964818231761,0.0085259713232517,0.0016519153723493,0.0194798931479454,0.8876830339431763,0.0723967030644416,Comedy
0.1895474046468734,0.0177630651742219,0.5691300630569458,0.0060263643972575,0.0999213457107544,0.0928030163049697,0.0248087253421545,Comedy
0.0507960431277751,0.0084837991744279,0.0735780745744705,0.0113606676459312,0.776114284992218,0.0400772653520107,0.0395898558199405,Comedy
0.046501662582159,0.2617275714874267,0.0070898435078561,0.0942745879292488,0.5710296034812927,0.0159717183560132,0.0034050322137773,Comedy
0.0446034222841262,0.0118590127676725,0.0129204029217362,0.0475573912262916,0.4772461950778961,0.0050320522859692,0.4007814824581146,Comedy
0.0573043040931224,0.0194806940853595,0.0152706326916813,0.0232672039419412,0.8453456163406372,0.0110369669273495,0.0282945428043603,Comedy
0.0056550609879195,0.0098812710493803,0.0017093841452151,0.5536097288131714,0.2559186220169067,0.161690205335617,0.0115357032045722,Comedy
0.0011800340143963,0.0061510386876761,0.0016996223712339,0.0070740147493779,0.033853031694889,0.9471595883369446,0.0028826545458287,Comedy
0.0993984043598175,0.2384676933288574,0.0095247039571404,0.0075528407469391,0.5468456149101257,0.0942612364888191,0.0039495080709457,Comedy
