anger,disgust,fear,joy,neutral,sadness,surprise,genre
0.041600864380598,0.521011471748352,0.0739514306187629,0.0039709289558231,0.3171106576919555,0.0214278902858495,0.0209268350154161,Family_Film
0.0211689285933971,0.0176124759018421,0.0062294108793139,0.0028235749341547,0.1146355420351028,0.8349713087081909,0.0025586462579667,Family_Film
0.0083583099767565,0.0146712157875299,0.1118979007005691,0.0062236725352704,0.8367482423782349,0.0125689934939146,0.0095316218212246,Family_Film
0.0078243967145681,0.008932115510106,0.0013456615852192,0.0253874473273754,0.9346229434013368,0.0036844823043793,0.0182030368596315,Family_Film
0.0561042763292789,0.0580590143799781,0.0020229029469192,0.077472910284996,0.7506454586982727,0.0455352738499641,0.0101601453498005,Family_Film
0.0224968902766704,0.0234618782997131,0.4089394211769104,0.0032588166650384,0.0345716066658496,0.0017917297082021,0.5054796934127808,Family_Film
0.0064933882094919,0.0023290989920496,0.9208090305328368,0.0052962568588554,0.0252629481256008,0.002151656197384,0.0376577042043209,Family_Film
0.0511362366378307,0.0998650193214416,0.0055299689993262,0.0037546327803283,0.810114860534668,0.0140999425202608,0.01549934130162,Family_Film
0.296265959739685,0.1069314405322074,0.116118811070919,0.004310771357268,0.2303537875413894,0.2077547907829284,0.0382644273340702,Family_Film
0.0169128477573394,0.0105479788035154,0.8410773873329163,0.0029746463987976,0.0954360216856002,0.0256818290799856,0.0073692859150469,Family_Film
0.3555611670017242,0.2835419476032257,0.3315343260765075,0.0023600023705512,0.0110412370413541,0.0113245313987135,0.004636900499463,Family_Film
0.331917256116867,0.1766248494386673,0.020289197564125,0.0027468306943774,0.4464839398860931,0.0101293623447418,0.0118085304275155,Family_Film
0.0348210334777832,0.2676065862178802,0.0374755077064037,0.0557178221642971,0.4875238835811615,0.0113222170621156,0.1055329740047454,Family_Film
0.0304695554077625,0.0106067657470703,0.0621450245380401,0.0125831374898552,0.8371955156326294,0.0343416221439838,0.0126584051176905,Family_Film
0.0773034915328025,0.0590723752975463,0.2690058052539825,0.0013193965423852,0.0453854091465473,0.5326435565948486,0.01526999194175,Family_Film
0.2042395770549774,0.409462571144104,0.0055970926769077,0.0096379071474075,0.3284218311309814,0.0286376047879457,0.0140034416690468,Family_Film
0.7215180397033691,0.0826258361339569,0.0391525290906429,0.0291004162281751,0.0579267591238021,0.0221498887985944,0.0475266128778457,Family_Film
0.0548425987362861,0.0097245685756206,0.0096474094316363,0.0130281662568449,0.0588363111019134,0.0120522556826472,0.8418686985969543,Family_Film
0.0327221155166626,0.0769198015332222,0.0053278366103768,0.4217448532581329,0.4172030389308929,0.0432450994849205,0.0028372209053486,Family_Film
0.0051459711976349,0.0351525768637657,0.0026002929080277,0.0047300015576183,0.9350126385688782,0.006209725048393,0.0111488513648509,Family_Film
