anger,disgust,fear,joy,neutral,sadness,surprise,genre
0.0061751301400363,0.0049742576666176,0.0038095097988843,0.0051789223216474,0.913567304611206,0.0154397478327155,0.0508550852537155,Adventure
0.0280417893081903,0.0046524107456207,0.3510896861553192,0.0909096077084541,0.4125441312789917,0.0506222546100616,0.0621401891112327,Adventure
0.1601919084787368,0.0286410581320524,0.6511425375938416,0.0029398202896118,0.0543692074716091,0.0932876542210578,0.0094278883188962,Adventure
0.0558733120560646,0.9092456102371216,0.0044923173263669,0.0006270931335166,0.0041798581369221,0.0245344154536724,0.0010473354486748,Adventure
0.0086916610598564,0.0119203701615333,0.0014763385988771,0.756692111492157,0.1595202833414077,0.0448363274335861,0.016862828284502,Adventure
0.343326061964035,0.4140771627426147,0.1077301055192947,0.0014521853299811,0.0324191451072692,0.0933229178190231,0.0076724109239876,Adventure
0.0708273351192474,0.1419244259595871,0.2109144479036331,0.0445603057742118,0.4889419674873352,0.0288990121334791,0.0139323892071843,Adventure
0.5482056140899658,0.0939418599009513,0.2213075906038284,0.0029717262368649,0.0714234709739685,0.0577231906354427,0.0044265883043408,Adventure
0.0173446126282215,0.926185667514801,0.0102758966386318,0.000510691315867,0.0188704319298267,0.0233530420809984,0.0034597790800035,Adventure
0.287443608045578,0.045866273343563,0.5892439484596252,0.0019896819721907,0.0084803262725472,0.0574771016836166,0.0094990413635969,Adventure
0.0991353467106819,0.0302955787628889,0.0312475189566612,0.0045242118649184,0.1779013276100158,0.6058326363563538,0.0510633550584316,Adventure
0.0521152056753635,0.0591842047870159,0.1513648778200149,0.0034641013480722,0.6956761479377747,0.0170094147324562,0.021186014637351,Adventure
0.0151785537600517,0.0108376946300268,0.0111336354166269,0.01372941583395,0.9358591437339784,0.0052009630016982,0.0080606685951352,Adventure
0.3116077780723572,0.0251209903508424,0.3232868313789367,0.0036546604242175,0.0823132246732711,0.2067341208457946,0.0472824275493621,Adventure
0.1112408563494682,0.0682161673903465,0.0062066479586064,0.1311458945274353,0.6521919965744019,0.025892486795783,0.0051059927791357,Adventure
0.0773332491517067,0.1627824306488037,0.0016765142790973,0.1502498388290405,0.5380722284317017,0.063556931912899,0.0063287974335253,Adventure
