anger,disgust,fear,joy,neutral,sadness,surprise,genre
0.0115050533786416,0.0560646243393421,0.001286773243919,0.0415364876389503,0.8505437970161438,0.0280209332704544,0.0110423425212502,Haunted_House_Film
0.0118085481226444,0.002360088052228,0.0054825195111334,0.3673315942287445,0.4770592451095581,0.059772428125143,0.0761855021119117,Haunted_House_Film
0.04144137352705,0.0121239563450217,0.5609344244003296,0.0084981862455606,0.1570793539285659,0.1929595172405243,0.0269631240516901,Haunted_House_Film
0.1972016245126724,0.6874682307243347,0.0077373110689222,0.0014547075843438,0.0807980969548225,0.0221204292029142,0.0032195996027439,Haunted_House_Film
0.1442341953516006,0.2214775085449218,0.1801875680685043,0.0027793815825134,0.4003497064113617,0.0136759970337152,0.0372955873608589,Haunted_House_Film
0.0334135219454765,0.0702265053987503,0.7203093767166138,0.0040007000789046,0.1007778719067573,0.0042130905203521,0.0670588463544845,Haunted_House_Film
0.0102313859388232,0.0550758838653564,0.0780907943844795,0.0034986431710422,0.0928934663534164,0.0043637137860059,0.7558461427688599,Haunted_House_Film
0.1141794025897979,0.1273024529218673,0.0175085682421922,0.0011934466892853,0.7027915716171265,0.0284182913601398,0.0086063519120216,Haunted_House_Film
0.0908964201807975,0.6893609166145325,0.0700137764215469,0.0041461787186563,0.1204460933804512,0.0072911670431494,0.0178454983979463,Haunted_House_Film
0.00888826046139,0.0520970895886421,0.8142293691635132,0.0016575148329138,0.0823232755064964,0.0139729306101799,0.0268314909189939,Haunted_House_Film
0.034894622862339,0.4747926592826843,0.0180273093283176,0.0040746987797319,0.4241011440753937,0.0326943360269069,0.0114152263849973,Haunted_House_Film
0.0151315173134207,0.2071299701929092,0.0129866916686296,0.0031351787038147,0.7328389883041382,0.0097853047773242,0.0189923271536827,Haunted_House_Film
0.0131667405366897,0.0114686656743288,0.037063043564558,0.7559476494789124,0.1608862727880478,0.0100186327472329,0.0114489458501338,Haunted_House_Film
0.019986230880022,0.0385733172297477,0.0180945433676242,0.0026399153284728,0.1865312755107879,0.7259584665298462,0.0082162758335471,Haunted_House_Film
0.1426201909780502,0.0232274197041988,0.5610378980636597,0.0021366127766668,0.1856012642383575,0.0232584774494171,0.0621181540191173,Haunted_House_Film
0.0260997209697961,0.0766360089182853,0.7414400577545166,0.0034381656441837,0.1260566413402557,0.0082602258771657,0.0180692076683044,Haunted_House_Film
0.4633083939552307,0.099853478372097,0.0544315986335277,0.0115166874602437,0.3404891192913055,0.0161188244819641,0.0142818493768572,Haunted_House_Film
0.0402937233448028,0.0503302328288555,0.0028067175298929,0.003010120242834,0.8850958347320557,0.0108323404565453,0.0076310173608362,Haunted_House_Film
0.0204279534518718,0.0577852874994277,0.0039759962819516,0.2955785989761352,0.5586546659469604,0.0589792057871818,0.0045982743613421,Haunted_House_Film
0.0055569177493453,0.0035131860058754,0.0009902389720082,0.0899676084518432,0.8513488173484802,0.0148834399878978,0.03373983502388,Haunted_House_Film
